# 2.942391438462517e-07 2739842 0
  19.15881038454277
  19.87945447776029
  19.86204560061534
  19.83632590209879
  19.85642025566523
  19.84964341932784
  19.81873300386513
  19.82897525560474
  19.82299447398171
  19.80370544227086
  19.80478511205663
  19.81429697393838
  19.83246672548634
  19.82518268333191
  19.83805387247315
  19.82203078634234
  19.81714201940262
  19.81874260503801
  19.80785443520764
  19.82151167424474
  19.80555431559072
  19.81452818905953
  19.78062710630509
  19.77772573223776
  19.79115744551836
   19.7658008395719
  19.78026482195452
  19.75981652884344
  19.77592236638679
  19.74514831825796
  19.71846772563657
  19.71864163018353
   19.7134099305569
  19.68603023664458
  19.67129178473119
  19.62490602971718
  19.60676283391134
   19.5682681731778
  19.55063505695217
   19.4957224952376
  19.40364046004668
  19.25456328583586
  19.07484518987451
  18.84114038892903
  18.52039440699712
  18.15983259435475
   17.7007443672297
  17.18327452897055
    16.650807518686
  16.14331111570245
  15.76035840089238
   15.5098504993822
  15.13880950976786
  14.75197485190577
  14.34718793363431
   13.8448018815822
  13.15539049949497
   12.3815904473295
  11.42455633678479
  10.32941168075382
  9.241283471322332
  8.115948549632266
  6.928493789716567
  5.812623149336812
   4.64006613473898
  3.463806467110307
  2.321746574941136
  1.294915042489251
 0.5607653045965191
 0.1660628279684957
0.03270799408647207
                  0
 0.3747950671102832
  1.131275109598135
  2.223425433575578
  3.416473458817498
  4.608056153878071
  5.746930211849314
  6.919405515597433
   8.01555756552774
  9.135823756588982
  10.30137223244208
  11.38886859481114
  12.38238295241067
  13.25017553525549
  13.92870766050108
  14.44854627433958
  14.90667514900446
  15.26659003905174
  15.57336618911376
  15.92733479862302
  16.23756085313678
  16.71565655273956
  17.26644509263321
  17.73585260613969
  18.17425513332639
  18.56519656357954
  18.86396494384084
  19.13254376407981
  19.34426496207503
   19.5079807645105
  19.59444440834948
  19.64606242238116
  19.70772225293991
  19.72227614034086
  19.71295792428896
  19.75829155028816
   19.7694694233123
  19.79488526743624
  19.82022636696335
   19.8296429584714
   19.8609693435527
  19.86278241440678
  19.88149699145721
  19.88252499141105
   19.8945750331792
  19.90657356199101
   19.9046050220323
  19.89553268512353
  19.90387628153929
  19.91061716863098
  19.92335438369074
  19.93616308155759
  19.90657410483059
  19.91943651366556
  19.91596145431789
  19.91424421828428
  19.92095936384434
  19.93305503531717
   19.9378162828758
  19.93418583792605
  19.92924852528336
   19.9676988209474
  19.95665584891425
  19.98046873519862
  19.94580814381437
  19.94592434009055
  19.93358814151392
  19.94989711514819
  19.90678736176323
  19.24947882725446
