1000 218.000000 218.000000
2000 218.000000 218.000000
3000 218.000000 218.000000
4000 218.000000 218.000000
5000 218.000000 218.000000
6000 218.000000 218.000000
7000 218.000000 218.000000
8000 218.000000 218.000000
9000 218.000000 218.000000
10000 218.000000 218.000000
11000 218.000000 218.000000
12000 218.000000 218.000000
13000 218.000000 218.000000
14000 218.000000 218.000000
15000 218.000000 218.000000
16000 218.000000 218.000000
17000 218.000000 218.000000
18000 218.000000 218.000000
19000 218.000000 218.000000
20000 218.000000 218.000000
21000 218.000000 218.000000
22000 218.000000 218.000000
23000 218.000000 218.000000
24000 218.000000 218.000000
25000 218.000000 218.000000
26000 218.000000 218.000000
27000 218.000000 218.000000
28000 218.000000 218.000000
29000 218.000000 218.000000
30000 218.000000 218.000000
31000 218.000000 218.000000
32000 218.000000 218.000000
33000 218.000000 218.000000
34000 218.000000 218.000000
35000 218.000000 218.000000
36000 218.000000 218.000000
37000 218.000000 218.000000
38000 218.000000 218.000000
39000 218.000000 218.000000
40000 218.000000 218.000000
41000 218.000000 218.000000
42000 218.000000 218.000000
43000 218.000000 218.000000
44000 218.000000 218.000000
45000 218.000000 218.000000
46000 218.000000 218.000000
47000 218.000000 218.000000
48000 218.000000 218.000000
49000 218.000000 218.000000
50000 218.000000 218.000000
51000 218.000000 218.000000
52000 218.000000 218.000000
53000 218.000000 218.000000
54000 218.000000 218.000000
55000 218.000000 218.000000
56000 218.000000 218.000000
57000 218.000000 218.000000
58000 218.000000 218.000000
59000 218.000000 218.000000
60000 218.000000 218.000000
61000 218.000000 218.000000
62000 218.000000 218.000000
63000 218.000000 218.000000
64000 218.000000 218.000000
65000 218.000000 218.000000
66000 218.000000 218.000000
67000 218.000000 218.000000
68000 218.000000 218.000000
69000 218.000000 218.000000
70000 218.000000 218.000000
71000 218.000000 218.000000
72000 218.000000 218.000000
73000 218.000000 218.000000
74000 218.000000 218.000000
75000 218.000000 218.000000
76000 218.000000 218.000000
77000 218.000000 218.000000
78000 218.000000 218.000000
79000 218.000000 218.000000
80000 218.000000 218.000000
81000 218.000000 218.000000
82000 218.000000 218.000000
83000 218.000000 218.000000
84000 218.000000 218.000000
85000 218.000000 218.000000
86000 218.000000 218.000000
87000 218.000000 218.000000
88000 218.000000 218.000000
89000 218.000000 218.000000
90000 218.000000 218.000000
91000 218.000000 218.000000
92000 218.000000 218.000000
93000 218.000000 218.000000
94000 218.000000 218.000000
95000 218.000000 218.000000
96000 218.000000 218.000000
97000 218.000000 218.000000
98000 218.000000 218.000000
99000 218.000000 218.000000
100000 218.000000 218.000000
101000 218.000000 218.000000
102000 218.000000 218.000000
103000 218.000000 218.000000
104000 218.000000 218.000000
105000 218.000000 218.000000
106000 218.000000 218.000000
107000 218.000000 218.000000
108000 218.000000 218.000000
109000 218.000000 218.000000
110000 218.000000 218.000000
111000 218.000000 218.000000
112000 218.000000 218.000000
113000 218.000000 218.000000
114000 218.000000 218.000000
115000 218.000000 218.000000
116000 218.000000 218.000000
117000 218.000000 218.000000
118000 218.000000 218.000000
119000 218.000000 218.000000
120000 218.000000 218.000000
121000 218.000000 218.000000
122000 218.000000 218.000000
123000 218.000000 218.000000
124000 218.000000 218.000000
125000 218.000000 218.000000
126000 218.000000 218.000000
127000 218.000000 218.000000
128000 218.000000 218.000000
129000 218.000000 218.000000
130000 218.000000 218.000000
131000 218.000000 218.000000
132000 218.000000 218.000000
133000 218.000000 218.000000
134000 218.000000 218.000000
135000 218.000000 218.000000
136000 218.000000 218.000000
137000 218.000000 218.000000
138000 218.000000 218.000000
139000 218.000000 218.000000
140000 218.000000 218.000000
141000 218.000000 218.000000
142000 218.000000 218.000000
143000 218.000000 218.000000
144000 218.000000 218.000000
145000 218.000000 218.000000
146000 218.000000 218.000000
147000 218.000000 218.000000
148000 218.000000 218.000000
149000 218.000000 218.000000
150000 218.000000 218.000000
151000 218.000000 218.000000
152000 218.000000 218.000000
153000 218.000000 218.000000
154000 218.000000 218.000000
155000 218.000000 218.000000
156000 218.000000 218.000000
157000 218.000000 218.000000
158000 218.000000 218.000000
159000 218.000000 218.000000
160000 218.000000 218.000000
161000 218.000000 218.000000
162000 218.000000 218.000000
163000 218.000000 218.000000
164000 218.000000 218.000000
165000 218.000000 218.000000
166000 218.000000 218.000000
167000 218.000000 218.000000
168000 218.000000 218.000000
169000 218.000000 218.000000
170000 218.000000 218.000000
171000 218.000000 218.000000
172000 218.000000 218.000000
173000 218.000000 218.000000
174000 218.000000 218.000000
175000 218.000000 218.000000
176000 218.000000 218.000000
177000 218.000000 218.000000
178000 218.000000 218.000000
179000 218.000000 218.000000
180000 218.000000 218.000000
181000 218.000000 218.000000
182000 218.000000 218.000000
183000 218.000000 218.000000
184000 218.000000 218.000000
185000 218.000000 218.000000
186000 218.000000 218.000000
187000 218.000000 218.000000
188000 218.000000 218.000000
189000 218.000000 218.000000
190000 218.000000 218.000000
191000 218.000000 218.000000
192000 218.000000 218.000000
193000 218.000000 218.000000
194000 218.000000 218.000000
195000 218.000000 218.000000
196000 218.000000 218.000000
197000 218.000000 218.000000
198000 218.000000 218.000000
199000 218.000000 218.000000
200000 218.000000 218.000000
201000 218.000000 218.000000
202000 218.000000 218.000000
203000 218.000000 218.000000
204000 218.000000 218.000000
205000 218.000000 218.000000
206000 218.000000 218.000000
207000 218.000000 218.000000
208000 218.000000 218.000000
209000 218.000000 218.000000
210000 218.000000 218.000000
211000 218.000000 218.000000
212000 218.000000 218.000000
213000 218.000000 218.000000
214000 218.000000 218.000000
215000 218.000000 218.000000
216000 218.000000 218.000000
217000 218.000000 218.000000
218000 218.000000 218.000000
219000 218.000000 218.000000
220000 218.000000 218.000000
221000 218.000000 218.000000
222000 218.000000 218.000000
223000 218.000000 218.000000
224000 218.000000 218.000000
225000 218.000000 218.000000
226000 218.000000 218.000000
227000 218.000000 218.000000
228000 218.000000 218.000000
229000 218.000000 218.000000
230000 218.000000 218.000000
231000 218.000000 218.000000
232000 218.000000 218.000000
233000 218.000000 218.000000
234000 218.000000 218.000000
235000 218.000000 218.000000
236000 218.000000 218.000000
237000 218.000000 218.000000
238000 218.000000 218.000000
239000 218.000000 218.000000
240000 218.000000 218.000000
241000 218.000000 218.000000
242000 218.000000 218.000000
243000 218.000000 218.000000
244000 218.000000 218.000000
245000 218.000000 218.000000
246000 218.000000 218.000000
247000 218.000000 218.000000
248000 218.000000 218.000000
249000 218.000000 218.000000
250000 218.000000 218.000000
251000 218.000000 218.000000
252000 218.000000 218.000000
253000 218.000000 218.000000
254000 218.000000 218.000000
255000 218.000000 218.000000
256000 218.000000 218.000000
257000 218.000000 218.000000
258000 218.000000 218.000000
259000 218.000000 218.000000
260000 218.000000 218.000000
261000 218.000000 218.000000
262000 218.000000 218.000000
263000 218.000000 218.000000
264000 218.000000 218.000000
265000 218.000000 218.000000
266000 218.000000 218.000000
267000 218.000000 218.000000
268000 218.000000 218.000000
269000 218.000000 218.000000
270000 218.000000 218.000000
271000 218.000000 218.000000
272000 218.000000 218.000000
273000 218.000000 218.000000
274000 218.000000 218.000000
275000 218.000000 218.000000
276000 218.000000 218.000000
277000 218.000000 218.000000
278000 218.000000 218.000000
279000 218.000000 218.000000
280000 218.000000 218.000000
281000 218.000000 218.000000
282000 218.000000 218.000000
283000 218.000000 218.000000
284000 218.000000 218.000000
285000 218.000000 218.000000
286000 218.000000 218.000000
287000 218.000000 218.000000
288000 218.000000 218.000000
289000 218.000000 218.000000
290000 218.000000 218.000000
291000 218.000000 218.000000
292000 218.000000 218.000000
293000 218.000000 218.000000
294000 218.000000 218.000000
295000 218.000000 218.000000
296000 218.000000 218.000000
297000 218.000000 218.000000
298000 218.000000 218.000000
299000 218.000000 218.000000
300000 218.000000 218.000000
301000 218.000000 218.000000
302000 218.000000 218.000000
303000 218.000000 218.000000
304000 218.000000 218.000000
305000 218.000000 218.000000
306000 218.000000 218.000000
307000 218.000000 218.000000
308000 218.000000 218.000000
309000 218.000000 218.000000
310000 218.000000 218.000000
311000 218.000000 218.000000
312000 218.000000 218.000000
313000 218.000000 218.000000
314000 218.000000 218.000000
315000 218.000000 218.000000
316000 218.000000 218.000000
317000 218.000000 218.000000
318000 218.000000 218.000000
319000 218.000000 218.000000
320000 218.000000 218.000000
321000 218.000000 218.000000
322000 218.000000 218.000000
323000 218.000000 218.000000
324000 218.000000 218.000000
325000 218.000000 218.000000
326000 218.000000 218.000000
327000 218.000000 218.000000
328000 218.000000 218.000000
329000 218.000000 218.000000
330000 218.000000 218.000000
331000 218.000000 218.000000
332000 218.000000 218.000000
333000 218.000000 218.000000
334000 218.000000 218.000000
335000 218.000000 218.000000
336000 218.000000 218.000000
337000 218.000000 218.000000
338000 218.000000 218.000000
339000 218.000000 218.000000
340000 218.000000 218.000000
341000 218.000000 218.000000
342000 218.000000 218.000000
343000 218.000000 218.000000
344000 218.000000 218.000000
345000 218.000000 218.000000
346000 218.000000 218.000000
347000 218.000000 218.000000
348000 218.000000 218.000000
349000 218.000000 218.000000
350000 218.000000 218.000000
351000 218.000000 218.000000
352000 218.000000 218.000000
353000 218.000000 218.000000
354000 218.000000 218.000000
355000 218.000000 218.000000
356000 218.000000 218.000000
357000 218.000000 218.000000
358000 218.000000 218.000000
359000 218.000000 218.000000
360000 218.000000 218.000000
361000 218.000000 218.000000
362000 218.000000 218.000000
363000 218.000000 218.000000
364000 218.000000 218.000000
365000 218.000000 218.000000
366000 218.000000 218.000000
367000 218.000000 218.000000
368000 218.000000 218.000000
369000 218.000000 218.000000
370000 218.000000 218.000000
371000 218.000000 218.000000
372000 218.000000 218.000000
373000 218.000000 218.000000
374000 218.000000 218.000000
375000 218.000000 218.000000
376000 218.000000 218.000000
377000 218.000000 218.000000
378000 218.000000 218.000000
379000 218.000000 218.000000
380000 218.000000 218.000000
381000 218.000000 218.000000
382000 218.000000 218.000000
383000 218.000000 218.000000
384000 218.000000 218.000000
385000 218.000000 218.000000
386000 218.000000 218.000000
387000 218.000000 218.000000
388000 218.000000 218.000000
389000 218.000000 218.000000
390000 218.000000 218.000000
391000 218.000000 218.000000
392000 218.000000 218.000000
393000 218.000000 218.000000
394000 218.000000 218.000000
395000 218.000000 218.000000
396000 218.000000 218.000000
397000 218.000000 218.000000
398000 218.000000 218.000000
399000 218.000000 218.000000
400000 218.000000 218.000000
401000 218.000000 218.000000
402000 218.000000 218.000000
403000 218.000000 218.000000
404000 218.000000 218.000000
405000 218.000000 218.000000
406000 218.000000 218.000000
407000 218.000000 218.000000
408000 218.000000 218.000000
409000 218.000000 218.000000
410000 218.000000 218.000000
411000 218.000000 218.000000
412000 218.000000 218.000000
413000 218.000000 218.000000
414000 218.000000 218.000000
415000 218.000000 218.000000
416000 218.000000 218.000000
417000 218.000000 218.000000
418000 218.000000 218.000000
419000 218.000000 218.000000
420000 218.000000 218.000000
421000 218.000000 218.000000
422000 218.000000 218.000000
423000 218.000000 218.000000
424000 218.000000 218.000000
425000 218.000000 218.000000
426000 218.000000 218.000000
427000 218.000000 218.000000
428000 218.000000 218.000000
429000 218.000000 218.000000
430000 218.000000 218.000000
431000 218.000000 218.000000
432000 218.000000 218.000000
433000 218.000000 218.000000
434000 218.000000 218.000000
435000 218.000000 218.000000
436000 218.000000 218.000000
437000 218.000000 218.000000
438000 218.000000 218.000000
439000 218.000000 218.000000
440000 218.000000 218.000000
441000 218.000000 218.000000
442000 218.000000 218.000000
443000 218.000000 218.000000
444000 218.000000 218.000000
445000 218.000000 218.000000
446000 218.000000 218.000000
447000 218.000000 218.000000
448000 218.000000 218.000000
449000 218.000000 218.000000
450000 218.000000 218.000000
451000 218.000000 218.000000
452000 218.000000 218.000000
453000 218.000000 218.000000
454000 218.000000 218.000000
455000 218.000000 218.000000
456000 218.000000 218.000000
457000 218.000000 218.000000
458000 218.000000 218.000000
459000 218.000000 218.000000
460000 218.000000 218.000000
461000 218.000000 218.000000
462000 218.000000 218.000000
463000 218.000000 218.000000
464000 218.000000 218.000000
465000 218.000000 218.000000
466000 218.000000 218.000000
467000 218.000000 218.000000
468000 218.000000 218.000000
469000 218.000000 218.000000
470000 218.000000 218.000000
471000 218.000000 218.000000
472000 218.000000 218.000000
473000 218.000000 218.000000
474000 218.000000 218.000000
475000 218.000000 218.000000
476000 218.000000 218.000000
477000 218.000000 218.000000
478000 218.000000 218.000000
479000 218.000000 218.000000
480000 218.000000 218.000000
481000 218.000000 218.000000
482000 218.000000 218.000000
483000 218.000000 218.000000
484000 218.000000 218.000000
485000 218.000000 218.000000
486000 218.000000 218.000000
487000 218.000000 218.000000
488000 218.000000 218.000000
489000 218.000000 218.000000
490000 218.000000 218.000000
491000 218.000000 218.000000
492000 218.000000 218.000000
493000 218.000000 218.000000
494000 218.000000 218.000000
495000 218.000000 218.000000
496000 218.000000 218.000000
497000 218.000000 218.000000
498000 218.000000 218.000000
499000 218.000000 218.000000
500000 218.000000 218.000000
501000 218.000000 218.000000
502000 218.000000 218.000000
503000 218.000000 218.000000
504000 218.000000 218.000000
505000 218.000000 218.000000
506000 218.000000 218.000000
507000 218.000000 218.000000
508000 218.000000 218.000000
509000 218.000000 218.000000
510000 218.000000 218.000000
511000 218.000000 218.000000
512000 218.000000 218.000000
513000 218.000000 218.000000
514000 218.000000 218.000000
515000 218.000000 218.000000
516000 218.000000 218.000000
517000 218.000000 218.000000
518000 218.000000 218.000000
519000 218.000000 218.000000
520000 218.000000 218.000000
521000 218.000000 218.000000
522000 218.000000 218.000000
523000 218.000000 218.000000
524000 218.000000 218.000000
525000 218.000000 218.000000
526000 218.000000 218.000000
527000 218.000000 218.000000
528000 218.000000 218.000000
529000 218.000000 218.000000
530000 218.000000 218.000000
531000 218.000000 218.000000
532000 218.000000 218.000000
533000 218.000000 218.000000
534000 218.000000 218.000000
535000 218.000000 218.000000
536000 218.000000 218.000000
537000 218.000000 218.000000
538000 218.000000 218.000000
539000 218.000000 218.000000
540000 218.000000 218.000000
541000 218.000000 218.000000
542000 218.000000 218.000000
543000 218.000000 218.000000
544000 218.000000 218.000000
545000 218.000000 218.000000
546000 218.000000 218.000000
547000 218.000000 218.000000
548000 218.000000 218.000000
549000 218.000000 218.000000
550000 218.000000 218.000000
551000 218.000000 218.000000
552000 218.000000 218.000000
553000 218.000000 218.000000
554000 218.000000 218.000000
555000 218.000000 218.000000
556000 218.000000 218.000000
557000 218.000000 218.000000
558000 218.000000 218.000000
559000 218.000000 218.000000
560000 218.000000 218.000000
561000 218.000000 218.000000
562000 218.000000 218.000000
563000 218.000000 218.000000
564000 218.000000 218.000000
565000 218.000000 218.000000
566000 218.000000 218.000000
567000 218.000000 218.000000
568000 218.000000 218.000000
569000 218.000000 218.000000
570000 218.000000 218.000000
571000 218.000000 218.000000
572000 218.000000 218.000000
573000 218.000000 218.000000
574000 218.000000 218.000000
575000 218.000000 218.000000
576000 218.000000 218.000000
577000 218.000000 218.000000
578000 218.000000 218.000000
579000 218.000000 218.000000
580000 218.000000 218.000000
581000 218.000000 218.000000
582000 218.000000 218.000000
583000 218.000000 218.000000
584000 218.000000 218.000000
585000 218.000000 218.000000
586000 218.000000 218.000000
587000 218.000000 218.000000
588000 218.000000 218.000000
589000 218.000000 218.000000
590000 218.000000 218.000000
591000 218.000000 218.000000
592000 218.000000 218.000000
593000 218.000000 218.000000
594000 218.000000 218.000000
595000 218.000000 218.000000
596000 218.000000 218.000000
597000 218.000000 218.000000
598000 218.000000 218.000000
599000 218.000000 218.000000
600000 218.000000 218.000000
601000 218.000000 218.000000
602000 218.000000 218.000000
603000 218.000000 218.000000
604000 218.000000 218.000000
605000 218.000000 218.000000
606000 218.000000 218.000000
607000 218.000000 218.000000
608000 218.000000 218.000000
609000 218.000000 218.000000
610000 218.000000 218.000000
611000 218.000000 218.000000
612000 218.000000 218.000000
613000 218.000000 218.000000
614000 218.000000 218.000000
615000 218.000000 218.000000
616000 218.000000 218.000000
617000 218.000000 218.000000
618000 218.000000 218.000000
619000 218.000000 218.000000
620000 218.000000 218.000000
621000 218.000000 218.000000
622000 218.000000 218.000000
623000 218.000000 218.000000
624000 218.000000 218.000000
625000 218.000000 218.000000
626000 218.000000 218.000000
627000 218.000000 218.000000
628000 218.000000 218.000000
629000 218.000000 218.000000
630000 218.000000 218.000000
631000 218.000000 218.000000
632000 218.000000 218.000000
633000 218.000000 218.000000
634000 218.000000 218.000000
635000 218.000000 218.000000
636000 218.000000 218.000000
637000 218.000000 218.000000
638000 218.000000 218.000000
639000 218.000000 218.000000
640000 218.000000 218.000000
641000 218.000000 218.000000
642000 218.000000 218.000000
643000 218.000000 218.000000
644000 218.000000 218.000000
645000 218.000000 218.000000
646000 218.000000 218.000000
647000 218.000000 218.000000
648000 218.000000 218.000000
649000 218.000000 218.000000
650000 218.000000 218.000000
651000 218.000000 218.000000
652000 218.000000 218.000000
653000 218.000000 218.000000
654000 218.000000 218.000000
655000 218.000000 218.000000
656000 218.000000 218.000000
657000 218.000000 218.000000
658000 218.000000 218.000000
659000 218.000000 218.000000
660000 218.000000 218.000000
661000 218.000000 218.000000
662000 218.000000 218.000000
663000 218.000000 218.000000
664000 218.000000 218.000000
665000 218.000000 218.000000
666000 218.000000 218.000000
667000 218.000000 218.000000
668000 218.000000 218.000000
669000 218.000000 218.000000
670000 218.000000 218.000000
671000 218.000000 218.000000
672000 218.000000 218.000000
673000 218.000000 218.000000
674000 218.000000 218.000000
675000 218.000000 218.000000
676000 218.000000 218.000000
677000 218.000000 218.000000
678000 218.000000 218.000000
679000 218.000000 218.000000
680000 218.000000 218.000000
681000 218.000000 218.000000
682000 218.000000 218.000000
683000 218.000000 218.000000
684000 218.000000 218.000000
685000 218.000000 218.000000
686000 218.000000 218.000000
687000 218.000000 218.000000
688000 218.000000 218.000000
689000 218.000000 218.000000
690000 218.000000 218.000000
691000 218.000000 218.000000
692000 218.000000 218.000000
693000 218.000000 218.000000
694000 218.000000 218.000000
695000 218.000000 218.000000
696000 218.000000 218.000000
697000 218.000000 218.000000
698000 218.000000 218.000000
699000 218.000000 218.000000
700000 218.000000 218.000000
701000 218.000000 218.000000
702000 218.000000 218.000000
703000 218.000000 218.000000
704000 218.000000 218.000000
705000 218.000000 218.000000
706000 218.000000 218.000000
707000 218.000000 218.000000
708000 218.000000 218.000000
709000 218.000000 218.000000
710000 218.000000 218.000000
711000 218.000000 218.000000
712000 218.000000 218.000000
713000 218.000000 218.000000
714000 218.000000 218.000000
715000 218.000000 218.000000
716000 218.000000 218.000000
717000 218.000000 218.000000
718000 218.000000 218.000000
719000 218.000000 218.000000
720000 218.000000 218.000000
721000 218.000000 218.000000
722000 218.000000 218.000000
723000 218.000000 218.000000
724000 218.000000 218.000000
725000 218.000000 218.000000
726000 218.000000 218.000000
727000 218.000000 218.000000
728000 218.000000 218.000000
729000 218.000000 218.000000
730000 218.000000 218.000000
731000 218.000000 218.000000
732000 218.000000 218.000000
733000 218.000000 218.000000
734000 218.000000 218.000000
735000 218.000000 218.000000
736000 218.000000 218.000000
737000 218.000000 218.000000
738000 218.000000 218.000000
739000 218.000000 218.000000
740000 218.000000 218.000000
741000 218.000000 218.000000
742000 218.000000 218.000000
743000 218.000000 218.000000
744000 218.000000 218.000000
745000 218.000000 218.000000
746000 218.000000 218.000000
747000 218.000000 218.000000
748000 218.000000 218.000000
749000 218.000000 218.000000
750000 218.000000 218.000000
751000 218.000000 218.000000
752000 218.000000 218.000000
753000 218.000000 218.000000
754000 218.000000 218.000000
755000 218.000000 218.000000
756000 218.000000 218.000000
757000 218.000000 218.000000
758000 218.000000 218.000000
759000 218.000000 218.000000
760000 218.000000 218.000000
761000 218.000000 218.000000
762000 218.000000 218.000000
763000 218.000000 218.000000
764000 218.000000 218.000000
765000 218.000000 218.000000
766000 218.000000 218.000000
767000 218.000000 218.000000
768000 218.000000 218.000000
769000 218.000000 218.000000
770000 218.000000 218.000000
771000 218.000000 218.000000
772000 218.000000 218.000000
773000 218.000000 218.000000
774000 218.000000 218.000000
775000 218.000000 218.000000
776000 218.000000 218.000000
777000 218.000000 218.000000
778000 218.000000 218.000000
779000 218.000000 218.000000
780000 218.000000 218.000000
781000 218.000000 218.000000
782000 218.000000 218.000000
783000 218.000000 218.000000
784000 218.000000 218.000000
785000 218.000000 218.000000
786000 218.000000 218.000000
787000 218.000000 218.000000
788000 218.000000 218.000000
789000 218.000000 218.000000
790000 218.000000 218.000000
791000 218.000000 218.000000
792000 218.000000 218.000000
793000 218.000000 218.000000
794000 218.000000 218.000000
795000 218.000000 218.000000
796000 218.000000 218.000000
797000 218.000000 218.000000
798000 218.000000 218.000000
799000 218.000000 218.000000
800000 218.000000 218.000000
801000 218.000000 218.000000
802000 218.000000 218.000000
803000 218.000000 218.000000
804000 218.000000 218.000000
805000 218.000000 218.000000
806000 218.000000 218.000000
807000 218.000000 218.000000
808000 218.000000 218.000000
809000 218.000000 218.000000
810000 218.000000 218.000000
811000 218.000000 218.000000
812000 218.000000 218.000000
813000 218.000000 218.000000
814000 218.000000 218.000000
815000 218.000000 218.000000
816000 218.000000 218.000000
817000 218.000000 218.000000
818000 218.000000 218.000000
819000 218.000000 218.000000
820000 218.000000 218.000000
821000 218.000000 218.000000
822000 218.000000 218.000000
823000 218.000000 218.000000
824000 218.000000 218.000000
825000 218.000000 218.000000
826000 218.000000 218.000000
827000 218.000000 218.000000
828000 218.000000 218.000000
829000 218.000000 218.000000
830000 218.000000 218.000000
831000 218.000000 218.000000
832000 218.000000 218.000000
833000 218.000000 218.000000
834000 218.000000 218.000000
835000 218.000000 218.000000
836000 218.000000 218.000000
837000 218.000000 218.000000
838000 218.000000 218.000000
839000 218.000000 218.000000
840000 218.000000 218.000000
841000 218.000000 218.000000
842000 218.000000 218.000000
843000 218.000000 218.000000
844000 218.000000 218.000000
845000 218.000000 218.000000
846000 218.000000 218.000000
847000 218.000000 218.000000
848000 218.000000 218.000000
849000 218.000000 218.000000
850000 218.000000 218.000000
851000 218.000000 218.000000
852000 218.000000 218.000000
853000 218.000000 218.000000
854000 218.000000 218.000000
855000 218.000000 218.000000
856000 218.000000 218.000000
857000 218.000000 218.000000
858000 218.000000 218.000000
859000 218.000000 218.000000
860000 218.000000 218.000000
861000 218.000000 218.000000
862000 218.000000 218.000000
863000 218.000000 218.000000
864000 218.000000 218.000000
865000 218.000000 218.000000
866000 218.000000 218.000000
867000 218.000000 218.000000
868000 218.000000 218.000000
869000 218.000000 218.000000
870000 218.000000 218.000000
871000 218.000000 218.000000
872000 218.000000 218.000000
873000 218.000000 218.000000
874000 218.000000 218.000000
875000 218.000000 218.000000
876000 218.000000 218.000000
877000 218.000000 218.000000
878000 218.000000 218.000000
879000 218.000000 218.000000
880000 218.000000 218.000000
881000 218.000000 218.000000
882000 218.000000 218.000000
883000 218.000000 218.000000
884000 218.000000 218.000000
885000 218.000000 218.000000
886000 218.000000 218.000000
887000 218.000000 218.000000
888000 218.000000 218.000000
889000 218.000000 218.000000
890000 218.000000 218.000000
891000 218.000000 218.000000
892000 218.000000 218.000000
893000 218.000000 218.000000
894000 218.000000 218.000000
895000 218.000000 218.000000
896000 218.000000 218.000000
897000 218.000000 218.000000
898000 218.000000 218.000000
899000 218.000000 218.000000
900000 218.000000 218.000000
901000 218.000000 218.000000
902000 218.000000 218.000000
903000 218.000000 218.000000
904000 218.000000 218.000000
905000 218.000000 218.000000
906000 218.000000 218.000000
907000 218.000000 218.000000
908000 218.000000 218.000000
909000 218.000000 218.000000
910000 218.000000 218.000000
911000 218.000000 218.000000
912000 218.000000 218.000000
913000 218.000000 218.000000
914000 218.000000 218.000000
915000 218.000000 218.000000
916000 218.000000 218.000000
917000 218.000000 218.000000
918000 218.000000 218.000000
919000 218.000000 218.000000
920000 218.000000 218.000000
921000 218.000000 218.000000
922000 218.000000 218.000000
923000 218.000000 218.000000
924000 218.000000 218.000000
925000 218.000000 218.000000
926000 218.000000 218.000000
927000 218.000000 218.000000
928000 218.000000 218.000000
929000 218.000000 218.000000
930000 218.000000 218.000000
931000 218.000000 218.000000
932000 218.000000 218.000000
933000 218.000000 218.000000
934000 218.000000 218.000000
935000 218.000000 218.000000
936000 218.000000 218.000000
937000 218.000000 218.000000
938000 218.000000 218.000000
939000 218.000000 218.000000
940000 218.000000 218.000000
941000 218.000000 218.000000
942000 218.000000 218.000000
943000 218.000000 218.000000
944000 218.000000 218.000000
945000 218.000000 218.000000
946000 218.000000 218.000000
947000 218.000000 218.000000
948000 218.000000 218.000000
949000 218.000000 218.000000
950000 218.000000 218.000000
951000 218.000000 218.000000
952000 218.000000 218.000000
953000 218.000000 218.000000
954000 218.000000 218.000000
955000 218.000000 218.000000
956000 218.000000 218.000000
957000 218.000000 218.000000
958000 218.000000 218.000000
959000 218.000000 218.000000
960000 218.000000 218.000000
961000 218.000000 218.000000
962000 218.000000 218.000000
963000 218.000000 218.000000
964000 218.000000 218.000000
965000 218.000000 218.000000
966000 218.000000 218.000000
967000 218.000000 218.000000
968000 218.000000 218.000000
969000 218.000000 218.000000
970000 218.000000 218.000000
971000 218.000000 218.000000
972000 218.000000 218.000000
973000 218.000000 218.000000
974000 218.000000 218.000000
975000 218.000000 218.000000
976000 218.000000 218.000000
977000 218.000000 218.000000
978000 218.000000 218.000000
979000 218.000000 218.000000
980000 218.000000 218.000000
981000 218.000000 218.000000
982000 218.000000 218.000000
983000 218.000000 218.000000
984000 218.000000 218.000000
985000 218.000000 218.000000
986000 218.000000 218.000000
987000 218.000000 218.000000
988000 218.000000 218.000000
989000 218.000000 218.000000
990000 218.000000 218.000000
991000 218.000000 218.000000
992000 218.000000 218.000000
993000 218.000000 218.000000
994000 218.000000 218.000000
995000 218.000000 218.000000
996000 218.000000 218.000000
997000 218.000000 218.000000
998000 218.000000 218.000000
999000 218.000000 218.000000
1000000 218.000000 218.000000
1001000 218.000000 218.000000
1002000 218.000000 218.000000
1003000 218.000000 218.000000
1004000 218.000000 218.000000
1005000 218.000000 218.000000
1006000 218.000000 218.000000
1007000 218.000000 218.000000
1008000 218.000000 218.000000
1009000 218.000000 218.000000
1010000 218.000000 218.000000
1011000 218.000000 218.000000
1012000 218.000000 218.000000
1013000 218.000000 218.000000
1014000 218.000000 218.000000
1015000 218.000000 218.000000
1016000 218.000000 218.000000
1017000 218.000000 218.000000
1018000 218.000000 218.000000
1019000 218.000000 218.000000
1020000 218.000000 218.000000
1021000 218.000000 218.000000
1022000 218.000000 218.000000
1023000 218.000000 218.000000
1024000 218.000000 218.000000
1025000 218.000000 218.000000
1026000 218.000000 218.000000
1027000 218.000000 218.000000
1028000 218.000000 218.000000
1029000 218.000000 218.000000
1030000 218.000000 218.000000
1031000 218.000000 218.000000
1032000 218.000000 218.000000
1033000 218.000000 218.000000
1034000 218.000000 218.000000
1035000 218.000000 218.000000
1036000 218.000000 218.000000
1037000 218.000000 218.000000
1038000 218.000000 218.000000
1039000 218.000000 218.000000
1040000 218.000000 218.000000
1041000 218.000000 218.000000
1042000 218.000000 218.000000
1043000 218.000000 218.000000
1044000 218.000000 218.000000
1045000 218.000000 218.000000
1046000 218.000000 218.000000
1047000 218.000000 218.000000
1048000 218.000000 218.000000
1049000 218.000000 218.000000
1050000 218.000000 218.000000
1051000 218.000000 218.000000
1052000 218.000000 218.000000
1053000 218.000000 218.000000
1054000 218.000000 218.000000
1055000 218.000000 218.000000
1056000 218.000000 218.000000
1057000 218.000000 218.000000
1058000 218.000000 218.000000
1059000 218.000000 218.000000
1060000 218.000000 218.000000
1061000 218.000000 218.000000
1062000 218.000000 218.000000
1063000 218.000000 218.000000
1064000 218.000000 218.000000
1065000 218.000000 218.000000
1066000 218.000000 218.000000
1067000 218.000000 218.000000
1068000 218.000000 218.000000
1069000 218.000000 218.000000
1070000 218.000000 218.000000
1071000 218.000000 218.000000
1072000 218.000000 218.000000
1073000 218.000000 218.000000
1074000 218.000000 218.000000
1075000 218.000000 218.000000
1076000 218.000000 218.000000
1077000 218.000000 218.000000
1078000 218.000000 218.000000
1079000 218.000000 218.000000
1080000 218.000000 218.000000
1081000 218.000000 218.000000
1082000 218.000000 218.000000
1083000 218.000000 218.000000
1084000 218.000000 218.000000
1085000 218.000000 218.000000
1086000 218.000000 218.000000
1087000 218.000000 218.000000
1088000 218.000000 218.000000
1089000 218.000000 218.000000
1090000 218.000000 218.000000
1091000 218.000000 218.000000
1092000 218.000000 218.000000
1093000 218.000000 218.000000
1094000 218.000000 218.000000
1095000 218.000000 218.000000
1096000 218.000000 218.000000
1097000 218.000000 218.000000
1098000 218.000000 218.000000
1099000 218.000000 218.000000
1100000 218.000000 218.000000
1101000 218.000000 218.000000
1102000 218.000000 218.000000
1103000 218.000000 218.000000
1104000 218.000000 218.000000
1105000 218.000000 218.000000
1106000 218.000000 218.000000
1107000 218.000000 218.000000
1108000 218.000000 218.000000
1109000 218.000000 218.000000
1110000 218.000000 218.000000
1111000 218.000000 218.000000
1112000 218.000000 218.000000
1113000 218.000000 218.000000
1114000 218.000000 218.000000
1115000 218.000000 218.000000
1116000 218.000000 218.000000
1117000 218.000000 218.000000
1118000 218.000000 218.000000
1119000 218.000000 218.000000
1120000 218.000000 218.000000
1121000 218.000000 218.000000
1122000 218.000000 218.000000
1123000 218.000000 218.000000
1124000 218.000000 218.000000
1125000 218.000000 218.000000
1126000 218.000000 218.000000
1127000 218.000000 218.000000
1128000 218.000000 218.000000
1129000 218.000000 218.000000
1130000 218.000000 218.000000
1131000 218.000000 218.000000
1132000 218.000000 218.000000
1133000 218.000000 218.000000
1134000 218.000000 218.000000
1135000 218.000000 218.000000
1136000 218.000000 218.000000
1137000 218.000000 218.000000
1138000 218.000000 218.000000
1139000 218.000000 218.000000
1140000 218.000000 218.000000
1141000 218.000000 218.000000
1142000 218.000000 218.000000
1143000 218.000000 218.000000
1144000 218.000000 218.000000
1145000 218.000000 218.000000
1146000 218.000000 218.000000
1147000 218.000000 218.000000
1148000 218.000000 218.000000
1149000 218.000000 218.000000
1150000 218.000000 218.000000
1151000 218.000000 218.000000
1152000 218.000000 218.000000
1153000 218.000000 218.000000
1154000 218.000000 218.000000
1155000 218.000000 218.000000
1156000 218.000000 218.000000
1157000 218.000000 218.000000
1158000 218.000000 218.000000
1159000 218.000000 218.000000
1160000 218.000000 218.000000
1161000 218.000000 218.000000
1162000 218.000000 218.000000
1163000 218.000000 218.000000
1164000 218.000000 218.000000
1165000 218.000000 218.000000
1166000 218.000000 218.000000
1167000 218.000000 218.000000
1168000 218.000000 218.000000
1169000 218.000000 218.000000
1170000 218.000000 218.000000
1171000 218.000000 218.000000
1172000 218.000000 218.000000
1173000 218.000000 218.000000
1174000 218.000000 218.000000
1175000 218.000000 218.000000
1176000 218.000000 218.000000
1177000 218.000000 218.000000
1178000 218.000000 218.000000
1179000 218.000000 218.000000
1180000 218.000000 218.000000
1181000 218.000000 218.000000
1182000 218.000000 218.000000
1183000 218.000000 218.000000
1184000 218.000000 218.000000
1185000 218.000000 218.000000
1186000 218.000000 218.000000
1187000 218.000000 218.000000
1188000 218.000000 218.000000
1189000 218.000000 218.000000
1190000 218.000000 218.000000
1191000 218.000000 218.000000
1192000 218.000000 218.000000
1193000 218.000000 218.000000
1194000 218.000000 218.000000
1195000 218.000000 218.000000
1196000 218.000000 218.000000
1197000 218.000000 218.000000
1198000 218.000000 218.000000
1199000 218.000000 218.000000
1200000 218.000000 218.000000
1201000 218.000000 218.000000
1202000 218.000000 218.000000
1203000 218.000000 218.000000
1204000 218.000000 218.000000
1205000 218.000000 218.000000
1206000 218.000000 218.000000
1207000 218.000000 218.000000
1208000 218.000000 218.000000
1209000 218.000000 218.000000
1210000 218.000000 218.000000
1211000 218.000000 218.000000
1212000 218.000000 218.000000
1213000 218.000000 218.000000
1214000 218.000000 218.000000
1215000 218.000000 218.000000
1216000 218.000000 218.000000
1217000 218.000000 218.000000
1218000 218.000000 218.000000
1219000 218.000000 218.000000
1220000 218.000000 218.000000
1221000 218.000000 218.000000
1222000 218.000000 218.000000
1223000 218.000000 218.000000
1224000 218.000000 218.000000
1225000 218.000000 218.000000
1226000 218.000000 218.000000
1227000 218.000000 218.000000
1228000 218.000000 218.000000
1229000 218.000000 218.000000
1230000 218.000000 218.000000
1231000 218.000000 218.000000
1232000 218.000000 218.000000
1233000 218.000000 218.000000
1234000 218.000000 218.000000
1235000 218.000000 218.000000
1236000 218.000000 218.000000
1237000 218.000000 218.000000
1238000 218.000000 218.000000
1239000 218.000000 218.000000
1240000 218.000000 218.000000
1241000 218.000000 218.000000
1242000 218.000000 218.000000
1243000 218.000000 218.000000
1244000 218.000000 218.000000
1245000 218.000000 218.000000
1246000 218.000000 218.000000
1247000 218.000000 218.000000
1248000 218.000000 218.000000
1249000 218.000000 218.000000
1250000 218.000000 218.000000
1251000 218.000000 218.000000
1252000 218.000000 218.000000
1253000 218.000000 218.000000
1254000 218.000000 218.000000
1255000 218.000000 218.000000
1256000 218.000000 218.000000
1257000 218.000000 218.000000
1258000 218.000000 218.000000
1259000 218.000000 218.000000
1260000 218.000000 218.000000
1261000 218.000000 218.000000
1262000 218.000000 218.000000
1263000 218.000000 218.000000
1264000 218.000000 218.000000
1265000 218.000000 218.000000
1266000 218.000000 218.000000
1267000 218.000000 218.000000
1268000 218.000000 218.000000
1269000 218.000000 218.000000
1270000 218.000000 218.000000
1271000 218.000000 218.000000
1272000 218.000000 218.000000
1273000 218.000000 218.000000
1274000 218.000000 218.000000
1275000 218.000000 218.000000
1276000 218.000000 218.000000
1277000 218.000000 218.000000
1278000 218.000000 218.000000
1279000 218.000000 218.000000
1280000 218.000000 218.000000
1281000 218.000000 218.000000
1282000 218.000000 218.000000
1283000 218.000000 218.000000
1284000 218.000000 218.000000
1285000 218.000000 218.000000
1286000 218.000000 218.000000
1287000 218.000000 218.000000
1288000 218.000000 218.000000
1289000 218.000000 218.000000
1290000 218.000000 218.000000
1291000 218.000000 218.000000
1292000 218.000000 218.000000
1293000 218.000000 218.000000
1294000 218.000000 218.000000
1295000 218.000000 218.000000
1296000 218.000000 218.000000
1297000 218.000000 218.000000
1298000 218.000000 218.000000
1299000 218.000000 218.000000
1300000 218.000000 218.000000
1301000 218.000000 218.000000
1302000 218.000000 218.000000
1303000 218.000000 218.000000
1304000 218.000000 218.000000
1305000 218.000000 218.000000
1306000 218.000000 218.000000
1307000 218.000000 218.000000
1308000 218.000000 218.000000
1309000 218.000000 218.000000
1310000 218.000000 218.000000
1311000 218.000000 218.000000
1312000 218.000000 218.000000
1313000 218.000000 218.000000
1314000 218.000000 218.000000
1315000 218.000000 218.000000
1316000 218.000000 218.000000
1317000 218.000000 218.000000
1318000 218.000000 218.000000
1319000 218.000000 218.000000
1320000 218.000000 218.000000
1321000 218.000000 218.000000
1322000 218.000000 218.000000
1323000 218.000000 218.000000
1324000 218.000000 218.000000
1325000 218.000000 218.000000
1326000 218.000000 218.000000
1327000 218.000000 218.000000
1328000 218.000000 218.000000
1329000 218.000000 218.000000
1330000 218.000000 218.000000
1331000 218.000000 218.000000
1332000 218.000000 218.000000
1333000 218.000000 218.000000
1334000 218.000000 218.000000
1335000 218.000000 218.000000
1336000 218.000000 218.000000
1337000 218.000000 218.000000
1338000 218.000000 218.000000
1339000 218.000000 218.000000
1340000 218.000000 218.000000
1341000 218.000000 218.000000
1342000 218.000000 218.000000
1343000 218.000000 218.000000
1344000 218.000000 218.000000
1345000 218.000000 218.000000
1346000 218.000000 218.000000
1347000 218.000000 218.000000
1348000 218.000000 218.000000
1349000 218.000000 218.000000
1350000 218.000000 218.000000
1351000 218.000000 218.000000
1352000 218.000000 218.000000
1353000 218.000000 218.000000
1354000 218.000000 218.000000
1355000 218.000000 218.000000
1356000 218.000000 218.000000
1357000 218.000000 218.000000
1358000 218.000000 218.000000
1359000 218.000000 218.000000
1360000 218.000000 218.000000
1361000 218.000000 218.000000
1362000 218.000000 218.000000
1363000 218.000000 218.000000
1364000 218.000000 218.000000
1365000 218.000000 218.000000
1366000 218.000000 218.000000
1367000 218.000000 218.000000
1368000 218.000000 218.000000
1369000 218.000000 218.000000
1370000 218.000000 218.000000
1371000 218.000000 218.000000
1372000 218.000000 218.000000
1373000 218.000000 218.000000
1374000 218.000000 218.000000
1375000 218.000000 218.000000
1376000 218.000000 218.000000
1377000 218.000000 218.000000
1378000 218.000000 218.000000
1379000 218.000000 218.000000
1380000 218.000000 218.000000
1381000 218.000000 218.000000
1382000 218.000000 218.000000
1383000 218.000000 218.000000
1384000 218.000000 218.000000
1385000 218.000000 218.000000
1386000 218.000000 218.000000
1387000 218.000000 218.000000
1388000 218.000000 218.000000
1389000 218.000000 218.000000
1390000 218.000000 218.000000
1391000 218.000000 218.000000
1392000 218.000000 218.000000
1393000 218.000000 218.000000
1394000 218.000000 218.000000
1395000 218.000000 218.000000
1396000 218.000000 218.000000
1397000 218.000000 218.000000
1398000 218.000000 218.000000
1399000 218.000000 218.000000
1400000 218.000000 218.000000
1401000 218.000000 218.000000
1402000 218.000000 218.000000
1403000 218.000000 218.000000
1404000 218.000000 218.000000
1405000 218.000000 218.000000
1406000 218.000000 218.000000
1407000 218.000000 218.000000
1408000 218.000000 218.000000
1409000 218.000000 218.000000
1410000 218.000000 218.000000
1411000 218.000000 218.000000
1412000 218.000000 218.000000
1413000 218.000000 218.000000
1414000 218.000000 218.000000
1415000 218.000000 218.000000
1416000 218.000000 218.000000
1417000 218.000000 218.000000
1418000 218.000000 218.000000
1419000 218.000000 218.000000
1420000 218.000000 218.000000
1421000 218.000000 218.000000
1422000 218.000000 218.000000
1423000 218.000000 218.000000
1424000 218.000000 218.000000
1425000 218.000000 218.000000
1426000 218.000000 218.000000
1427000 218.000000 218.000000
1428000 218.000000 218.000000
1429000 218.000000 218.000000
1430000 218.000000 218.000000
1431000 218.000000 218.000000
1432000 218.000000 218.000000
1433000 218.000000 218.000000
1434000 218.000000 218.000000
1435000 218.000000 218.000000
1436000 218.000000 218.000000
1437000 218.000000 218.000000
1438000 218.000000 218.000000
1439000 218.000000 218.000000
1440000 218.000000 218.000000
1441000 218.000000 218.000000
1442000 218.000000 218.000000
1443000 218.000000 218.000000
1444000 218.000000 218.000000
1445000 218.000000 218.000000
1446000 218.000000 218.000000
1447000 218.000000 218.000000
1448000 218.000000 218.000000
1449000 218.000000 218.000000
1450000 218.000000 218.000000
1451000 218.000000 218.000000
1452000 218.000000 218.000000
1453000 218.000000 218.000000
1454000 218.000000 218.000000
1455000 218.000000 218.000000
1456000 218.000000 218.000000
1457000 218.000000 218.000000
1458000 218.000000 218.000000
1459000 218.000000 218.000000
1460000 218.000000 218.000000
1461000 218.000000 218.000000
1462000 218.000000 218.000000
1463000 218.000000 218.000000
1464000 218.000000 218.000000
1465000 218.000000 218.000000
1466000 218.000000 218.000000
1467000 218.000000 218.000000
1468000 218.000000 218.000000
1469000 218.000000 218.000000
1470000 218.000000 218.000000
1471000 218.000000 218.000000
1472000 218.000000 218.000000
1473000 218.000000 218.000000
1474000 218.000000 218.000000
1475000 218.000000 218.000000
1476000 218.000000 218.000000
1477000 218.000000 218.000000
1478000 218.000000 218.000000
1479000 218.000000 218.000000
1480000 218.000000 218.000000
1481000 218.000000 218.000000
1482000 218.000000 218.000000
1483000 218.000000 218.000000
1484000 218.000000 218.000000
1485000 218.000000 218.000000
1486000 218.000000 218.000000
1487000 218.000000 218.000000
1488000 218.000000 218.000000
1489000 218.000000 218.000000
1490000 218.000000 218.000000
1491000 218.000000 218.000000
1492000 218.000000 218.000000
1493000 218.000000 218.000000
1494000 218.000000 218.000000
1495000 218.000000 218.000000
1496000 218.000000 218.000000
1497000 218.000000 218.000000
1498000 218.000000 218.000000
1499000 218.000000 218.000000
1500000 218.000000 218.000000
1501000 218.000000 218.000000
1502000 218.000000 218.000000
1503000 218.000000 218.000000
1504000 218.000000 218.000000
1505000 218.000000 218.000000
1506000 218.000000 218.000000
1507000 218.000000 218.000000
1508000 218.000000 218.000000
1509000 218.000000 218.000000
1510000 218.000000 218.000000
1511000 218.000000 218.000000
1512000 218.000000 218.000000
1513000 218.000000 218.000000
1514000 218.000000 218.000000
1515000 218.000000 218.000000
1516000 218.000000 218.000000
1517000 218.000000 218.000000
1518000 218.000000 218.000000
1519000 218.000000 218.000000
1520000 218.000000 218.000000
1521000 218.000000 218.000000
1522000 218.000000 218.000000
1523000 218.000000 218.000000
1524000 218.000000 218.000000
1525000 218.000000 218.000000
1526000 218.000000 218.000000
1527000 218.000000 218.000000
1528000 218.000000 218.000000
1529000 218.000000 218.000000
1530000 218.000000 218.000000
1531000 218.000000 218.000000
1532000 218.000000 218.000000
1533000 218.000000 218.000000
1534000 218.000000 218.000000
1535000 218.000000 218.000000
1536000 218.000000 218.000000
1537000 218.000000 218.000000
1538000 218.000000 218.000000
1539000 218.000000 218.000000
1540000 218.000000 218.000000
1541000 218.000000 218.000000
1542000 218.000000 218.000000
1543000 218.000000 218.000000
1544000 218.000000 218.000000
1545000 218.000000 218.000000
1546000 218.000000 218.000000
1547000 218.000000 218.000000
1548000 218.000000 218.000000
1549000 218.000000 218.000000
1550000 218.000000 218.000000
1551000 218.000000 218.000000
1552000 218.000000 218.000000
1553000 218.000000 218.000000
1554000 218.000000 218.000000
1555000 218.000000 218.000000
1556000 218.000000 218.000000
1557000 218.000000 218.000000
1558000 218.000000 218.000000
1559000 218.000000 218.000000
1560000 218.000000 218.000000
1561000 218.000000 218.000000
1562000 218.000000 218.000000
1563000 218.000000 218.000000
1564000 218.000000 218.000000
1565000 218.000000 218.000000
1566000 218.000000 218.000000
1567000 218.000000 218.000000
1568000 218.000000 218.000000
1569000 218.000000 218.000000
1570000 218.000000 218.000000
1571000 218.000000 218.000000
1572000 218.000000 218.000000
1573000 218.000000 218.000000
1574000 218.000000 218.000000
1575000 218.000000 218.000000
1576000 218.000000 218.000000
1577000 218.000000 218.000000
1578000 218.000000 218.000000
1579000 218.000000 218.000000
1580000 218.000000 218.000000
1581000 218.000000 218.000000
1582000 218.000000 218.000000
1583000 218.000000 218.000000
1584000 218.000000 218.000000
1585000 218.000000 218.000000
1586000 218.000000 218.000000
1587000 218.000000 218.000000
1588000 218.000000 218.000000
1589000 218.000000 218.000000
1590000 218.000000 218.000000
1591000 218.000000 218.000000
1592000 218.000000 218.000000
1593000 218.000000 218.000000
1594000 218.000000 218.000000
1595000 218.000000 218.000000
1596000 218.000000 218.000000
1597000 218.000000 218.000000
1598000 218.000000 218.000000
1599000 218.000000 218.000000
1600000 218.000000 218.000000
1601000 218.000000 218.000000
1602000 218.000000 218.000000
1603000 218.000000 218.000000
1604000 218.000000 218.000000
1605000 218.000000 218.000000
1606000 218.000000 218.000000
1607000 218.000000 218.000000
1608000 218.000000 218.000000
1609000 218.000000 218.000000
1610000 218.000000 218.000000
1611000 218.000000 218.000000
1612000 218.000000 218.000000
1613000 218.000000 218.000000
1614000 218.000000 218.000000
1615000 218.000000 218.000000
1616000 218.000000 218.000000
1617000 218.000000 218.000000
1618000 218.000000 218.000000
1619000 218.000000 218.000000
1620000 218.000000 218.000000
1621000 218.000000 218.000000
1622000 218.000000 218.000000
1623000 218.000000 218.000000
1624000 218.000000 218.000000
1625000 218.000000 218.000000
1626000 218.000000 218.000000
1627000 218.000000 218.000000
1628000 218.000000 218.000000
1629000 218.000000 218.000000
1630000 218.000000 218.000000
1631000 218.000000 218.000000
1632000 218.000000 218.000000
1633000 218.000000 218.000000
1634000 218.000000 218.000000
1635000 218.000000 218.000000
1636000 218.000000 218.000000
1637000 218.000000 218.000000
1638000 218.000000 218.000000
1639000 218.000000 218.000000
1640000 218.000000 218.000000
1641000 218.000000 218.000000
1642000 218.000000 218.000000
1643000 218.000000 218.000000
1644000 218.000000 218.000000
1645000 218.000000 218.000000
1646000 218.000000 218.000000
1647000 218.000000 218.000000
1648000 218.000000 218.000000
1649000 218.000000 218.000000
1650000 218.000000 218.000000
1651000 218.000000 218.000000
1652000 218.000000 218.000000
1653000 218.000000 218.000000
1654000 218.000000 218.000000
1655000 218.000000 218.000000
1656000 218.000000 218.000000
1657000 218.000000 218.000000
1658000 218.000000 218.000000
1659000 218.000000 218.000000
1660000 218.000000 218.000000
1661000 218.000000 218.000000
1662000 218.000000 218.000000
1663000 218.000000 218.000000
1664000 218.000000 218.000000
1665000 218.000000 218.000000
1666000 218.000000 218.000000
1667000 218.000000 218.000000
1668000 218.000000 218.000000
1669000 218.000000 218.000000
1670000 218.000000 218.000000
1671000 218.000000 218.000000
1672000 218.000000 218.000000
1673000 218.000000 218.000000
1674000 218.000000 218.000000
1675000 218.000000 218.000000
1676000 218.000000 218.000000
1677000 218.000000 218.000000
1678000 218.000000 218.000000
1679000 218.000000 218.000000
1680000 218.000000 218.000000
1681000 218.000000 218.000000
1682000 218.000000 218.000000
1683000 218.000000 218.000000
1684000 218.000000 218.000000
1685000 218.000000 218.000000
1686000 218.000000 218.000000
1687000 218.000000 218.000000
1688000 218.000000 218.000000
1689000 218.000000 218.000000
1690000 218.000000 218.000000
1691000 218.000000 218.000000
1692000 218.000000 218.000000
1693000 218.000000 218.000000
1694000 218.000000 218.000000
1695000 218.000000 218.000000
1696000 218.000000 218.000000
1697000 218.000000 218.000000
1698000 218.000000 218.000000
1699000 218.000000 218.000000
1700000 218.000000 218.000000
1701000 218.000000 218.000000
1702000 218.000000 218.000000
1703000 218.000000 218.000000
1704000 218.000000 218.000000
1705000 218.000000 218.000000
1706000 218.000000 218.000000
1707000 218.000000 218.000000
1708000 218.000000 218.000000
1709000 218.000000 218.000000
1710000 218.000000 218.000000
1711000 218.000000 218.000000
1712000 218.000000 218.000000
1713000 218.000000 218.000000
1714000 218.000000 218.000000
1715000 218.000000 218.000000
1716000 218.000000 218.000000
1717000 218.000000 218.000000
1718000 218.000000 218.000000
1719000 218.000000 218.000000
1720000 218.000000 218.000000
1721000 218.000000 218.000000
1722000 218.000000 218.000000
1723000 218.000000 218.000000
1724000 218.000000 218.000000
1725000 218.000000 218.000000
1726000 218.000000 218.000000
1727000 218.000000 218.000000
1728000 218.000000 218.000000
1729000 218.000000 218.000000
1730000 218.000000 218.000000
1731000 218.000000 218.000000
1732000 218.000000 218.000000
1733000 218.000000 218.000000
1734000 218.000000 218.000000
1735000 218.000000 218.000000
1736000 218.000000 218.000000
1737000 218.000000 218.000000
1738000 218.000000 218.000000
1739000 218.000000 218.000000
1740000 218.000000 218.000000
1741000 218.000000 218.000000
1742000 218.000000 218.000000
1743000 218.000000 218.000000
1744000 218.000000 218.000000
1745000 218.000000 218.000000
1746000 218.000000 218.000000
1747000 218.000000 218.000000
1748000 218.000000 218.000000
1749000 218.000000 218.000000
1750000 218.000000 218.000000
1751000 218.000000 218.000000
1752000 218.000000 218.000000
1753000 218.000000 218.000000
1754000 218.000000 218.000000
1755000 218.000000 218.000000
1756000 218.000000 218.000000
1757000 218.000000 218.000000
1758000 218.000000 218.000000
1759000 218.000000 218.000000
1760000 218.000000 218.000000
1761000 218.000000 218.000000
1762000 218.000000 218.000000
1763000 218.000000 218.000000
1764000 218.000000 218.000000
1765000 218.000000 218.000000
1766000 218.000000 218.000000
1767000 218.000000 218.000000
1768000 218.000000 218.000000
1769000 218.000000 218.000000
1770000 218.000000 218.000000
1771000 218.000000 218.000000
1772000 218.000000 218.000000
1773000 218.000000 218.000000
1774000 218.000000 218.000000
1775000 218.000000 218.000000
1776000 218.000000 218.000000
1777000 218.000000 218.000000
1778000 218.000000 218.000000
1779000 218.000000 218.000000
1780000 218.000000 218.000000
1781000 218.000000 218.000000
1782000 218.000000 218.000000
1783000 218.000000 218.000000
1784000 218.000000 218.000000
1785000 218.000000 218.000000
1786000 218.000000 218.000000
1787000 218.000000 218.000000
1788000 218.000000 218.000000
1789000 218.000000 218.000000
1790000 218.000000 218.000000
1791000 218.000000 218.000000
1792000 218.000000 218.000000
1793000 218.000000 218.000000
1794000 218.000000 218.000000
1795000 218.000000 218.000000
1796000 218.000000 218.000000
1797000 218.000000 218.000000
1798000 218.000000 218.000000
1799000 218.000000 218.000000
1800000 218.000000 218.000000
1801000 218.000000 218.000000
1802000 218.000000 218.000000
1803000 218.000000 218.000000
1804000 218.000000 218.000000
1805000 218.000000 218.000000
1806000 218.000000 218.000000
1807000 218.000000 218.000000
1808000 218.000000 218.000000
1809000 218.000000 218.000000
1810000 218.000000 218.000000
1811000 218.000000 218.000000
1812000 218.000000 218.000000
1813000 218.000000 218.000000
1814000 218.000000 218.000000
1815000 218.000000 218.000000
1816000 218.000000 218.000000
1817000 218.000000 218.000000
1818000 218.000000 218.000000
1819000 218.000000 218.000000
1820000 218.000000 218.000000
1821000 218.000000 218.000000
1822000 218.000000 218.000000
1823000 218.000000 218.000000
1824000 218.000000 218.000000
1825000 218.000000 218.000000
1826000 218.000000 218.000000
1827000 218.000000 218.000000
1828000 218.000000 218.000000
1829000 218.000000 218.000000
1830000 218.000000 218.000000
1831000 218.000000 218.000000
1832000 218.000000 218.000000
1833000 218.000000 218.000000
1834000 218.000000 218.000000
1835000 218.000000 218.000000
1836000 218.000000 218.000000
1837000 218.000000 218.000000
1838000 218.000000 218.000000
1839000 218.000000 218.000000
1840000 218.000000 218.000000
1841000 218.000000 218.000000
1842000 218.000000 218.000000
1843000 218.000000 218.000000
1844000 218.000000 218.000000
1845000 218.000000 218.000000
1846000 218.000000 218.000000
1847000 218.000000 218.000000
1848000 218.000000 218.000000
1849000 218.000000 218.000000
1850000 218.000000 218.000000
1851000 218.000000 218.000000
1852000 218.000000 218.000000
1853000 218.000000 218.000000
1854000 218.000000 218.000000
1855000 218.000000 218.000000
1856000 218.000000 218.000000
1857000 218.000000 218.000000
1858000 218.000000 218.000000
1859000 218.000000 218.000000
1860000 218.000000 218.000000
1861000 218.000000 218.000000
1862000 218.000000 218.000000
1863000 218.000000 218.000000
1864000 218.000000 218.000000
1865000 218.000000 218.000000
1866000 218.000000 218.000000
1867000 218.000000 218.000000
1868000 218.000000 218.000000
1869000 218.000000 218.000000
1870000 218.000000 218.000000
1871000 218.000000 218.000000
1872000 218.000000 218.000000
1873000 218.000000 218.000000
1874000 218.000000 218.000000
1875000 218.000000 218.000000
1876000 218.000000 218.000000
1877000 218.000000 218.000000
1878000 218.000000 218.000000
1879000 218.000000 218.000000
1880000 218.000000 218.000000
1881000 218.000000 218.000000
1882000 218.000000 218.000000
1883000 218.000000 218.000000
1884000 218.000000 218.000000
1885000 218.000000 218.000000
1886000 218.000000 218.000000
1887000 218.000000 218.000000
1888000 218.000000 218.000000
1889000 218.000000 218.000000
1890000 218.000000 218.000000
1891000 218.000000 218.000000
1892000 218.000000 218.000000
1893000 218.000000 218.000000
1894000 218.000000 218.000000
1895000 218.000000 218.000000
1896000 218.000000 218.000000
1897000 218.000000 218.000000
1898000 218.000000 218.000000
1899000 218.000000 218.000000
1900000 218.000000 218.000000
1901000 218.000000 218.000000
1902000 218.000000 218.000000
1903000 218.000000 218.000000
1904000 218.000000 218.000000
1905000 218.000000 218.000000
1906000 218.000000 218.000000
1907000 218.000000 218.000000
1908000 218.000000 218.000000
1909000 218.000000 218.000000
1910000 218.000000 218.000000
1911000 218.000000 218.000000
1912000 218.000000 218.000000
1913000 218.000000 218.000000
1914000 218.000000 218.000000
1915000 218.000000 218.000000
1916000 218.000000 218.000000
1917000 218.000000 218.000000
1918000 218.000000 218.000000
1919000 218.000000 218.000000
1920000 218.000000 218.000000
1921000 218.000000 218.000000
1922000 218.000000 218.000000
1923000 218.000000 218.000000
1924000 218.000000 218.000000
1925000 218.000000 218.000000
1926000 218.000000 218.000000
1927000 218.000000 218.000000
1928000 218.000000 218.000000
1929000 218.000000 218.000000
1930000 218.000000 218.000000
1931000 218.000000 218.000000
1932000 218.000000 218.000000
1933000 218.000000 218.000000
1934000 218.000000 218.000000
1935000 218.000000 218.000000
1936000 218.000000 218.000000
1937000 218.000000 218.000000
1938000 218.000000 218.000000
1939000 218.000000 218.000000
1940000 218.000000 218.000000
1941000 218.000000 218.000000
1942000 218.000000 218.000000
1943000 218.000000 218.000000
1944000 218.000000 218.000000
1945000 218.000000 218.000000
1946000 218.000000 218.000000
1947000 218.000000 218.000000
1948000 218.000000 218.000000
1949000 218.000000 218.000000
1950000 218.000000 218.000000
1951000 218.000000 218.000000
1952000 218.000000 218.000000
1953000 218.000000 218.000000
1954000 218.000000 218.000000
1955000 218.000000 218.000000
1956000 218.000000 218.000000
1957000 218.000000 218.000000
1958000 218.000000 218.000000
1959000 218.000000 218.000000
1960000 218.000000 218.000000
1961000 218.000000 218.000000
1962000 218.000000 218.000000
1963000 218.000000 218.000000
1964000 218.000000 218.000000
1965000 218.000000 218.000000
1966000 218.000000 218.000000
1967000 218.000000 218.000000
1968000 218.000000 218.000000
1969000 218.000000 218.000000
1970000 218.000000 218.000000
1971000 218.000000 218.000000
1972000 218.000000 218.000000
1973000 218.000000 218.000000
1974000 218.000000 218.000000
1975000 218.000000 218.000000
1976000 218.000000 218.000000
1977000 218.000000 218.000000
1978000 218.000000 218.000000
1979000 218.000000 218.000000
1980000 218.000000 218.000000
1981000 218.000000 218.000000
1982000 218.000000 218.000000
1983000 218.000000 218.000000
1984000 218.000000 218.000000
1985000 218.000000 218.000000
1986000 218.000000 218.000000
1987000 218.000000 218.000000
1988000 218.000000 218.000000
1989000 218.000000 218.000000
1990000 218.000000 218.000000
1991000 218.000000 218.000000
1992000 218.000000 218.000000
1993000 218.000000 218.000000
1994000 218.000000 218.000000
1995000 218.000000 218.000000
1996000 218.000000 218.000000
1997000 218.000000 218.000000
1998000 218.000000 218.000000
1999000 218.000000 218.000000
2000000 218.000000 218.000000
2001000 218.000000 218.000000
2002000 218.000000 218.000000
2003000 218.000000 218.000000
2004000 218.000000 218.000000
2005000 218.000000 218.000000
2006000 218.000000 218.000000
2007000 218.000000 218.000000
2008000 218.000000 218.000000
2009000 218.000000 218.000000
2010000 218.000000 218.000000
2011000 218.000000 218.000000
2012000 218.000000 218.000000
2013000 218.000000 218.000000
2014000 218.000000 218.000000
2015000 218.000000 218.000000
2016000 218.000000 218.000000
2017000 218.000000 218.000000
2018000 218.000000 218.000000
2019000 218.000000 218.000000
2020000 218.000000 218.000000
2021000 218.000000 218.000000
2022000 218.000000 218.000000
2023000 218.000000 218.000000
2024000 218.000000 218.000000
2025000 218.000000 218.000000
2026000 218.000000 218.000000
2027000 218.000000 218.000000
2028000 218.000000 218.000000
2029000 218.000000 218.000000
2030000 218.000000 218.000000
2031000 218.000000 218.000000
2032000 218.000000 218.000000
2033000 218.000000 218.000000
2034000 218.000000 218.000000
2035000 218.000000 218.000000
2036000 218.000000 218.000000
2037000 218.000000 218.000000
2038000 218.000000 218.000000
2039000 218.000000 218.000000
2040000 218.000000 218.000000
2041000 218.000000 218.000000
2042000 218.000000 218.000000
2043000 218.000000 218.000000
2044000 218.000000 218.000000
2045000 218.000000 218.000000
2046000 218.000000 218.000000
2047000 218.000000 218.000000
2048000 218.000000 218.000000
2049000 218.000000 218.000000
2050000 218.000000 218.000000
2051000 218.000000 218.000000
2052000 218.000000 218.000000
2053000 218.000000 218.000000
2054000 218.000000 218.000000
2055000 218.000000 218.000000
2056000 218.000000 218.000000
2057000 218.000000 218.000000
2058000 218.000000 218.000000
2059000 218.000000 218.000000
2060000 218.000000 218.000000
2061000 218.000000 218.000000
2062000 218.000000 218.000000
2063000 218.000000 218.000000
2064000 218.000000 218.000000
2065000 218.000000 218.000000
2066000 218.000000 218.000000
2067000 218.000000 218.000000
2068000 218.000000 218.000000
2069000 218.000000 218.000000
2070000 218.000000 218.000000
2071000 218.000000 218.000000
2072000 218.000000 218.000000
2073000 218.000000 218.000000
2074000 218.000000 218.000000
2075000 218.000000 218.000000
2076000 218.000000 218.000000
2077000 218.000000 218.000000
2078000 218.000000 218.000000
2079000 218.000000 218.000000
2080000 218.000000 218.000000
2081000 218.000000 218.000000
2082000 218.000000 218.000000
2083000 218.000000 218.000000
2084000 218.000000 218.000000
2085000 218.000000 218.000000
2086000 218.000000 218.000000
2087000 218.000000 218.000000
2088000 218.000000 218.000000
2089000 218.000000 218.000000
2090000 218.000000 218.000000
2091000 218.000000 218.000000
2092000 218.000000 218.000000
2093000 218.000000 218.000000
2094000 218.000000 218.000000
2095000 218.000000 218.000000
2096000 218.000000 218.000000
2097000 218.000000 218.000000
2098000 218.000000 218.000000
2099000 218.000000 218.000000
2100000 218.000000 218.000000
2101000 218.000000 218.000000
2102000 218.000000 218.000000
2103000 218.000000 218.000000
2104000 218.000000 218.000000
2105000 218.000000 218.000000
2106000 218.000000 218.000000
2107000 218.000000 218.000000
2108000 218.000000 218.000000
2109000 218.000000 218.000000
2110000 218.000000 218.000000
2111000 218.000000 218.000000
2112000 218.000000 218.000000
2113000 218.000000 218.000000
2114000 218.000000 218.000000
2115000 218.000000 218.000000
2116000 218.000000 218.000000
2117000 218.000000 218.000000
2118000 218.000000 218.000000
2119000 218.000000 218.000000
2120000 218.000000 218.000000
2121000 218.000000 218.000000
2122000 218.000000 218.000000
2123000 218.000000 218.000000
2124000 218.000000 218.000000
2125000 218.000000 218.000000
2126000 218.000000 218.000000
2127000 218.000000 218.000000
2128000 218.000000 218.000000
2129000 218.000000 218.000000
2130000 218.000000 218.000000
2131000 218.000000 218.000000
2132000 218.000000 218.000000
2133000 218.000000 218.000000
2134000 218.000000 218.000000
2135000 218.000000 218.000000
2136000 218.000000 218.000000
2137000 218.000000 218.000000
2138000 218.000000 218.000000
2139000 218.000000 218.000000
2140000 218.000000 218.000000
2141000 218.000000 218.000000
2142000 218.000000 218.000000
2143000 218.000000 218.000000
2144000 218.000000 218.000000
2145000 218.000000 218.000000
2146000 218.000000 218.000000
2147000 218.000000 218.000000
2148000 218.000000 218.000000
2149000 218.000000 218.000000
2150000 218.000000 218.000000
2151000 218.000000 218.000000
2152000 218.000000 218.000000
2153000 218.000000 218.000000
2154000 218.000000 218.000000
2155000 218.000000 218.000000
2156000 218.000000 218.000000
2157000 218.000000 218.000000
2158000 218.000000 218.000000
2159000 218.000000 218.000000
2160000 218.000000 218.000000
2161000 218.000000 218.000000
2162000 218.000000 218.000000
2163000 218.000000 218.000000
2164000 218.000000 218.000000
2165000 218.000000 218.000000
2166000 218.000000 218.000000
2167000 218.000000 218.000000
2168000 218.000000 218.000000
2169000 218.000000 218.000000
2170000 218.000000 218.000000
2171000 218.000000 218.000000
2172000 218.000000 218.000000
2173000 218.000000 218.000000
2174000 218.000000 218.000000
2175000 218.000000 218.000000
2176000 218.000000 218.000000
2177000 218.000000 218.000000
2178000 218.000000 218.000000
2179000 218.000000 218.000000
2180000 218.000000 218.000000
2181000 218.000000 218.000000
2182000 218.000000 218.000000
2183000 218.000000 218.000000
2184000 218.000000 218.000000
2185000 218.000000 218.000000
2186000 218.000000 218.000000
2187000 218.000000 218.000000
2188000 218.000000 218.000000
2189000 218.000000 218.000000
2190000 218.000000 218.000000
2191000 218.000000 218.000000
2192000 218.000000 218.000000
2193000 218.000000 218.000000
2194000 218.000000 218.000000
2195000 218.000000 218.000000
2196000 218.000000 218.000000
2197000 218.000000 218.000000
2198000 218.000000 218.000000
2199000 218.000000 218.000000
2200000 218.000000 218.000000
2201000 218.000000 218.000000
2202000 218.000000 218.000000
2203000 218.000000 218.000000
2204000 218.000000 218.000000
2205000 218.000000 218.000000
2206000 218.000000 218.000000
2207000 218.000000 218.000000
2208000 218.000000 218.000000
2209000 218.000000 218.000000
2210000 218.000000 218.000000
2211000 218.000000 218.000000
2212000 218.000000 218.000000
2213000 218.000000 218.000000
2214000 218.000000 218.000000
2215000 218.000000 218.000000
2216000 218.000000 218.000000
2217000 218.000000 218.000000
2218000 218.000000 218.000000
2219000 218.000000 218.000000
2220000 218.000000 218.000000
2221000 218.000000 218.000000
2222000 218.000000 218.000000
2223000 218.000000 218.000000
2224000 218.000000 218.000000
2225000 218.000000 218.000000
2226000 218.000000 218.000000
2227000 218.000000 218.000000
2228000 218.000000 218.000000
2229000 218.000000 218.000000
2230000 218.000000 218.000000
2231000 218.000000 218.000000
2232000 218.000000 218.000000
2233000 218.000000 218.000000
2234000 218.000000 218.000000
2235000 218.000000 218.000000
2236000 218.000000 218.000000
2237000 218.000000 218.000000
2238000 218.000000 218.000000
2239000 218.000000 218.000000
2240000 218.000000 218.000000
2241000 218.000000 218.000000
2242000 218.000000 218.000000
2243000 218.000000 218.000000
2244000 218.000000 218.000000
2245000 218.000000 218.000000
2246000 218.000000 218.000000
2247000 218.000000 218.000000
2248000 218.000000 218.000000
2249000 218.000000 218.000000
2250000 218.000000 218.000000
2251000 218.000000 218.000000
2252000 218.000000 218.000000
2253000 218.000000 218.000000
2254000 218.000000 218.000000
2255000 218.000000 218.000000
2256000 218.000000 218.000000
2257000 218.000000 218.000000
2258000 218.000000 218.000000
2259000 218.000000 218.000000
2260000 218.000000 218.000000
2261000 218.000000 218.000000
2262000 218.000000 218.000000
2263000 218.000000 218.000000
2264000 218.000000 218.000000
2265000 218.000000 218.000000
2266000 218.000000 218.000000
2267000 218.000000 218.000000
2268000 218.000000 218.000000
2269000 218.000000 218.000000
2270000 218.000000 218.000000
2271000 218.000000 218.000000
2272000 218.000000 218.000000
2273000 218.000000 218.000000
2274000 218.000000 218.000000
2275000 218.000000 218.000000
2276000 218.000000 218.000000
2277000 218.000000 218.000000
2278000 218.000000 218.000000
2279000 218.000000 218.000000
2280000 218.000000 218.000000
2281000 218.000000 218.000000
2282000 218.000000 218.000000
2283000 218.000000 218.000000
2284000 218.000000 218.000000
2285000 218.000000 218.000000
2286000 218.000000 218.000000
2287000 218.000000 218.000000
2288000 218.000000 218.000000
2289000 218.000000 218.000000
2290000 218.000000 218.000000
2291000 218.000000 218.000000
2292000 218.000000 218.000000
2293000 218.000000 218.000000
2294000 218.000000 218.000000
2295000 218.000000 218.000000
2296000 218.000000 218.000000
2297000 218.000000 218.000000
2298000 218.000000 218.000000
2299000 218.000000 218.000000
2300000 218.000000 218.000000
2301000 218.000000 218.000000
2302000 218.000000 218.000000
2303000 218.000000 218.000000
2304000 218.000000 218.000000
2305000 218.000000 218.000000
2306000 218.000000 218.000000
2307000 218.000000 218.000000
2308000 218.000000 218.000000
2309000 218.000000 218.000000
2310000 218.000000 218.000000
2311000 218.000000 218.000000
2312000 218.000000 218.000000
2313000 218.000000 218.000000
2314000 218.000000 218.000000
2315000 218.000000 218.000000
2316000 218.000000 218.000000
2317000 218.000000 218.000000
2318000 218.000000 218.000000
2319000 218.000000 218.000000
2320000 218.000000 218.000000
2321000 218.000000 218.000000
2322000 218.000000 218.000000
2323000 218.000000 218.000000
2324000 218.000000 218.000000
2325000 218.000000 218.000000
2326000 218.000000 218.000000
2327000 218.000000 218.000000
2328000 218.000000 218.000000
2329000 218.000000 218.000000
2330000 218.000000 218.000000
2331000 218.000000 218.000000
2332000 218.000000 218.000000
2333000 218.000000 218.000000
2334000 218.000000 218.000000
2335000 218.000000 218.000000
2336000 218.000000 218.000000
2337000 218.000000 218.000000
2338000 218.000000 218.000000
2339000 218.000000 218.000000
2340000 218.000000 218.000000
2341000 218.000000 218.000000
2342000 218.000000 218.000000
2343000 218.000000 218.000000
2344000 218.000000 218.000000
2345000 218.000000 218.000000
2346000 218.000000 218.000000
2347000 218.000000 218.000000
2348000 218.000000 218.000000
2349000 218.000000 218.000000
2350000 218.000000 218.000000
2351000 218.000000 218.000000
2352000 218.000000 218.000000
2353000 218.000000 218.000000
2354000 218.000000 218.000000
2355000 218.000000 218.000000
2356000 218.000000 218.000000
2357000 218.000000 218.000000
2358000 218.000000 218.000000
2359000 218.000000 218.000000
2360000 218.000000 218.000000
2361000 218.000000 218.000000
2362000 218.000000 218.000000
2363000 218.000000 218.000000
2364000 218.000000 218.000000
2365000 218.000000 218.000000
2366000 218.000000 218.000000
2367000 218.000000 218.000000
2368000 218.000000 218.000000
2369000 218.000000 218.000000
2370000 218.000000 218.000000
2371000 218.000000 218.000000
2372000 218.000000 218.000000
2373000 218.000000 218.000000
2374000 218.000000 218.000000
2375000 218.000000 218.000000
2376000 218.000000 218.000000
2377000 218.000000 218.000000
2378000 218.000000 218.000000
2379000 218.000000 218.000000
2380000 218.000000 218.000000
2381000 218.000000 218.000000
2382000 218.000000 218.000000
2383000 218.000000 218.000000
2384000 218.000000 218.000000
2385000 218.000000 218.000000
2386000 218.000000 218.000000
2387000 218.000000 218.000000
2388000 218.000000 218.000000
2389000 218.000000 218.000000
2390000 218.000000 218.000000
2391000 218.000000 218.000000
2392000 218.000000 218.000000
2393000 218.000000 218.000000
2394000 218.000000 218.000000
2395000 218.000000 218.000000
2396000 218.000000 218.000000
2397000 218.000000 218.000000
2398000 218.000000 218.000000
2399000 218.000000 218.000000
2400000 218.000000 218.000000
2401000 218.000000 218.000000
2402000 218.000000 218.000000
2403000 218.000000 218.000000
2404000 218.000000 218.000000
2405000 218.000000 218.000000
2406000 218.000000 218.000000
2407000 218.000000 218.000000
2408000 218.000000 218.000000
2409000 218.000000 218.000000
2410000 218.000000 218.000000
2411000 218.000000 218.000000
2412000 218.000000 218.000000
2413000 218.000000 218.000000
2414000 218.000000 218.000000
2415000 218.000000 218.000000
2416000 218.000000 218.000000
2417000 218.000000 218.000000
2418000 218.000000 218.000000
2419000 218.000000 218.000000
2420000 218.000000 218.000000
2421000 218.000000 218.000000
2422000 218.000000 218.000000
2423000 218.000000 218.000000
2424000 218.000000 218.000000
2425000 218.000000 218.000000
2426000 218.000000 218.000000
2427000 218.000000 218.000000
2428000 218.000000 218.000000
2429000 218.000000 218.000000
2430000 218.000000 218.000000
2431000 218.000000 218.000000
2432000 218.000000 218.000000
2433000 218.000000 218.000000
2434000 218.000000 218.000000
2435000 218.000000 218.000000
2436000 218.000000 218.000000
2437000 218.000000 218.000000
2438000 218.000000 218.000000
2439000 218.000000 218.000000
2440000 218.000000 218.000000
2441000 218.000000 218.000000
2442000 218.000000 218.000000
2443000 218.000000 218.000000
2444000 218.000000 218.000000
2445000 218.000000 218.000000
2446000 218.000000 218.000000
2447000 218.000000 218.000000
2448000 218.000000 218.000000
2449000 218.000000 218.000000
2450000 218.000000 218.000000
2451000 218.000000 218.000000
2452000 218.000000 218.000000
2453000 218.000000 218.000000
2454000 218.000000 218.000000
2455000 218.000000 218.000000
2456000 218.000000 218.000000
2457000 218.000000 218.000000
2458000 218.000000 218.000000
2459000 218.000000 218.000000
2460000 218.000000 218.000000
2461000 218.000000 218.000000
2462000 218.000000 218.000000
2463000 218.000000 218.000000
2464000 218.000000 218.000000
2465000 218.000000 218.000000
2466000 218.000000 218.000000
2467000 218.000000 218.000000
2468000 218.000000 218.000000
2469000 218.000000 218.000000
2470000 218.000000 218.000000
2471000 218.000000 218.000000
2472000 218.000000 218.000000
2473000 218.000000 218.000000
2474000 218.000000 218.000000
2475000 218.000000 218.000000
2476000 218.000000 218.000000
2477000 218.000000 218.000000
2478000 218.000000 218.000000
2479000 218.000000 218.000000
2480000 218.000000 218.000000
2481000 218.000000 218.000000
2482000 218.000000 218.000000
2483000 218.000000 218.000000
2484000 218.000000 218.000000
2485000 218.000000 218.000000
2486000 218.000000 218.000000
2487000 218.000000 218.000000
2488000 218.000000 218.000000
2489000 218.000000 218.000000
2490000 218.000000 218.000000
2491000 218.000000 218.000000
2492000 218.000000 218.000000
2493000 218.000000 218.000000
2494000 218.000000 218.000000
2495000 218.000000 218.000000
2496000 218.000000 218.000000
2497000 218.000000 218.000000
2498000 218.000000 218.000000
2499000 218.000000 218.000000
2500000 218.000000 218.000000
2501000 218.000000 218.000000
2502000 218.000000 218.000000
2503000 218.000000 218.000000
2504000 218.000000 218.000000
2505000 218.000000 218.000000
2506000 218.000000 218.000000
2507000 218.000000 218.000000
2508000 218.000000 218.000000
2509000 218.000000 218.000000
2510000 218.000000 218.000000
2511000 218.000000 218.000000
2512000 218.000000 218.000000
2513000 218.000000 218.000000
2514000 218.000000 218.000000
2515000 218.000000 218.000000
2516000 218.000000 218.000000
2517000 218.000000 218.000000
2518000 218.000000 218.000000
2519000 218.000000 218.000000
2520000 218.000000 218.000000
2521000 218.000000 218.000000
2522000 218.000000 218.000000
2523000 218.000000 218.000000
2524000 218.000000 218.000000
2525000 218.000000 218.000000
2526000 218.000000 218.000000
2527000 218.000000 218.000000
2528000 218.000000 218.000000
2529000 218.000000 218.000000
2530000 218.000000 218.000000
2531000 218.000000 218.000000
2532000 218.000000 218.000000
2533000 218.000000 218.000000
2534000 218.000000 218.000000
2535000 218.000000 218.000000
2536000 218.000000 218.000000
2537000 218.000000 218.000000
2538000 218.000000 218.000000
2539000 218.000000 218.000000
2540000 218.000000 218.000000
2541000 218.000000 218.000000
2542000 218.000000 218.000000
2543000 218.000000 218.000000
2544000 218.000000 218.000000
2545000 218.000000 218.000000
2546000 218.000000 218.000000
2547000 218.000000 218.000000
2548000 218.000000 218.000000
2549000 218.000000 218.000000
2550000 218.000000 218.000000
2551000 218.000000 218.000000
2552000 218.000000 218.000000
2553000 218.000000 218.000000
2554000 218.000000 218.000000
2555000 218.000000 218.000000
2556000 218.000000 218.000000
2557000 218.000000 218.000000
2558000 218.000000 218.000000
2559000 218.000000 218.000000
2560000 218.000000 218.000000
2561000 218.000000 218.000000
2562000 218.000000 218.000000
2563000 218.000000 218.000000
2564000 218.000000 218.000000
2565000 218.000000 218.000000
2566000 218.000000 218.000000
2567000 218.000000 218.000000
2568000 218.000000 218.000000
2569000 218.000000 218.000000
2570000 218.000000 218.000000
2571000 218.000000 218.000000
2572000 218.000000 218.000000
2573000 218.000000 218.000000
2574000 218.000000 218.000000
2575000 218.000000 218.000000
2576000 218.000000 218.000000
2577000 218.000000 218.000000
2578000 218.000000 218.000000
2579000 218.000000 218.000000
2580000 218.000000 218.000000
2581000 218.000000 218.000000
2582000 218.000000 218.000000
2583000 218.000000 218.000000
2584000 218.000000 218.000000
2585000 218.000000 218.000000
2586000 218.000000 218.000000
2587000 218.000000 218.000000
2588000 218.000000 218.000000
2589000 218.000000 218.000000
2590000 218.000000 218.000000
2591000 218.000000 218.000000
2592000 218.000000 218.000000
2593000 218.000000 218.000000
2594000 218.000000 218.000000
2595000 218.000000 218.000000
2596000 218.000000 218.000000
2597000 218.000000 218.000000
2598000 218.000000 218.000000
2599000 218.000000 218.000000
2600000 218.000000 218.000000
2601000 218.000000 218.000000
2602000 218.000000 218.000000
2603000 218.000000 218.000000
2604000 218.000000 218.000000
2605000 218.000000 218.000000
2606000 218.000000 218.000000
2607000 218.000000 218.000000
2608000 218.000000 218.000000
2609000 218.000000 218.000000
2610000 218.000000 218.000000
2611000 218.000000 218.000000
2612000 218.000000 218.000000
2613000 218.000000 218.000000
2614000 218.000000 218.000000
2615000 218.000000 218.000000
2616000 218.000000 218.000000
2617000 218.000000 218.000000
2618000 218.000000 218.000000
2619000 218.000000 218.000000
2620000 218.000000 218.000000
2621000 218.000000 218.000000
2622000 218.000000 218.000000
2623000 218.000000 218.000000
2624000 218.000000 218.000000
2625000 218.000000 218.000000
2626000 218.000000 218.000000
2627000 218.000000 218.000000
2628000 218.000000 218.000000
2629000 218.000000 218.000000
2630000 218.000000 218.000000
2631000 218.000000 218.000000
2632000 218.000000 218.000000
2633000 218.000000 218.000000
2634000 218.000000 218.000000
2635000 218.000000 218.000000
2636000 218.000000 218.000000
2637000 218.000000 218.000000
2638000 218.000000 218.000000
2639000 218.000000 218.000000
2640000 218.000000 218.000000
2641000 218.000000 218.000000
2642000 218.000000 218.000000
2643000 218.000000 218.000000
2644000 218.000000 218.000000
2645000 218.000000 218.000000
2646000 218.000000 218.000000
2647000 218.000000 218.000000
2648000 218.000000 218.000000
2649000 218.000000 218.000000
2650000 218.000000 218.000000
2651000 218.000000 218.000000
2652000 218.000000 218.000000
2653000 218.000000 218.000000
2654000 218.000000 218.000000
2655000 218.000000 218.000000
2656000 218.000000 218.000000
2657000 218.000000 218.000000
2658000 218.000000 218.000000
2659000 218.000000 218.000000
2660000 218.000000 218.000000
2661000 218.000000 218.000000
2662000 218.000000 218.000000
2663000 218.000000 218.000000
2664000 218.000000 218.000000
2665000 218.000000 218.000000
2666000 218.000000 218.000000
2667000 218.000000 218.000000
2668000 218.000000 218.000000
2669000 218.000000 218.000000
2670000 218.000000 218.000000
2671000 218.000000 218.000000
2672000 218.000000 218.000000
2673000 218.000000 218.000000
2674000 218.000000 218.000000
2675000 218.000000 218.000000
2676000 218.000000 218.000000
2677000 218.000000 218.000000
2678000 218.000000 218.000000
2679000 218.000000 218.000000
2680000 218.000000 218.000000
2681000 218.000000 218.000000
2682000 218.000000 218.000000
2683000 218.000000 218.000000
2684000 218.000000 218.000000
2685000 218.000000 218.000000
2686000 218.000000 218.000000
2687000 218.000000 218.000000
2688000 218.000000 218.000000
2689000 218.000000 218.000000
2690000 218.000000 218.000000
2691000 218.000000 218.000000
2692000 218.000000 218.000000
2693000 218.000000 218.000000
2694000 218.000000 218.000000
2695000 218.000000 218.000000
2696000 218.000000 218.000000
2697000 218.000000 218.000000
2698000 218.000000 218.000000
2699000 218.000000 218.000000
2700000 218.000000 218.000000
2701000 218.000000 218.000000
2702000 218.000000 218.000000
2703000 218.000000 218.000000
2704000 218.000000 218.000000
2705000 218.000000 218.000000
2706000 218.000000 218.000000
2707000 218.000000 218.000000
2708000 218.000000 218.000000
2709000 218.000000 218.000000
2710000 218.000000 218.000000
2711000 218.000000 218.000000
2712000 218.000000 218.000000
2713000 218.000000 218.000000
2714000 218.000000 218.000000
2715000 218.000000 218.000000
2716000 218.000000 218.000000
2717000 218.000000 218.000000
2718000 218.000000 218.000000
2719000 218.000000 218.000000
2720000 218.000000 218.000000
2721000 218.000000 218.000000
2722000 218.000000 218.000000
2723000 218.000000 218.000000
2724000 218.000000 218.000000
2725000 218.000000 218.000000
2726000 218.000000 218.000000
2727000 218.000000 218.000000
2728000 218.000000 218.000000
2729000 218.000000 218.000000
2730000 218.000000 218.000000
2731000 218.000000 218.000000
2732000 218.000000 218.000000
2733000 218.000000 218.000000
2734000 218.000000 218.000000
2735000 218.000000 218.000000
2736000 218.000000 218.000000
2737000 218.000000 218.000000
2738000 218.000000 218.000000
2739000 218.000000 218.000000
2740000 218.000000 218.000000
2741000 218.000000 218.000000
2742000 218.000000 218.000000
2743000 218.000000 218.000000
2744000 218.000000 218.000000
2745000 218.000000 218.000000
2746000 218.000000 218.000000
2747000 218.000000 218.000000
2748000 218.000000 218.000000
2749000 218.000000 218.000000
2750000 218.000000 218.000000
2751000 218.000000 218.000000
2752000 218.000000 218.000000
2753000 218.000000 218.000000
2754000 218.000000 218.000000
2755000 218.000000 218.000000
2756000 218.000000 218.000000
2757000 218.000000 218.000000
2758000 218.000000 218.000000
2759000 218.000000 218.000000
2760000 218.000000 218.000000
2761000 218.000000 218.000000
2762000 218.000000 218.000000
2763000 218.000000 218.000000
2764000 218.000000 218.000000
2765000 218.000000 218.000000
2766000 218.000000 218.000000
2767000 218.000000 218.000000
2768000 218.000000 218.000000
2769000 218.000000 218.000000
2770000 218.000000 218.000000
2771000 218.000000 218.000000
2772000 218.000000 218.000000
2773000 218.000000 218.000000
2774000 218.000000 218.000000
2775000 218.000000 218.000000
2776000 218.000000 218.000000
2777000 218.000000 218.000000
2778000 218.000000 218.000000
2779000 218.000000 218.000000
2780000 218.000000 218.000000
2781000 218.000000 218.000000
2782000 218.000000 218.000000
2783000 218.000000 218.000000
2784000 218.000000 218.000000
2785000 218.000000 218.000000
2786000 218.000000 218.000000
2787000 218.000000 218.000000
2788000 218.000000 218.000000
2789000 218.000000 218.000000
2790000 218.000000 218.000000
2791000 218.000000 218.000000
2792000 218.000000 218.000000
2793000 218.000000 218.000000
2794000 218.000000 218.000000
2795000 218.000000 218.000000
2796000 218.000000 218.000000
2797000 218.000000 218.000000
2798000 218.000000 218.000000
2799000 218.000000 218.000000
2800000 218.000000 218.000000
2801000 218.000000 218.000000
2802000 218.000000 218.000000
2803000 218.000000 218.000000
2804000 218.000000 218.000000
2805000 218.000000 218.000000
2806000 218.000000 218.000000
2807000 218.000000 218.000000
2808000 218.000000 218.000000
2809000 218.000000 218.000000
2810000 218.000000 218.000000
2811000 218.000000 218.000000
2812000 218.000000 218.000000
2813000 218.000000 218.000000
2814000 218.000000 218.000000
2815000 218.000000 218.000000
2816000 218.000000 218.000000
2817000 218.000000 218.000000
2818000 218.000000 218.000000
2819000 218.000000 218.000000
2820000 218.000000 218.000000
2821000 218.000000 218.000000
2822000 218.000000 218.000000
2823000 218.000000 218.000000
2824000 218.000000 218.000000
2825000 218.000000 218.000000
2826000 218.000000 218.000000
2827000 218.000000 218.000000
2828000 218.000000 218.000000
2829000 218.000000 218.000000
2830000 218.000000 218.000000
2831000 218.000000 218.000000
2832000 218.000000 218.000000
2833000 218.000000 218.000000
2834000 218.000000 218.000000
2835000 218.000000 218.000000
2836000 218.000000 218.000000
2837000 218.000000 218.000000
2838000 218.000000 218.000000
2839000 218.000000 218.000000
2840000 218.000000 218.000000
2841000 218.000000 218.000000
2842000 218.000000 218.000000
2843000 218.000000 218.000000
2844000 218.000000 218.000000
2845000 218.000000 218.000000
2846000 218.000000 218.000000
2847000 218.000000 218.000000
2848000 218.000000 218.000000
2849000 218.000000 218.000000
2850000 218.000000 218.000000
2851000 218.000000 218.000000
2852000 218.000000 218.000000
2853000 218.000000 218.000000
2854000 218.000000 218.000000
2855000 218.000000 218.000000
2856000 218.000000 218.000000
2857000 218.000000 218.000000
2858000 218.000000 218.000000
2859000 218.000000 218.000000
2860000 218.000000 218.000000
2861000 218.000000 218.000000
2862000 218.000000 218.000000
2863000 218.000000 218.000000
2864000 218.000000 218.000000
2865000 218.000000 218.000000
2866000 218.000000 218.000000
2867000 218.000000 218.000000
2868000 218.000000 218.000000
2869000 218.000000 218.000000
2870000 218.000000 218.000000
2871000 218.000000 218.000000
2872000 218.000000 218.000000
2873000 218.000000 218.000000
2874000 218.000000 218.000000
2875000 218.000000 218.000000
2876000 218.000000 218.000000
2877000 218.000000 218.000000
2878000 218.000000 218.000000
2879000 218.000000 218.000000
2880000 218.000000 218.000000
2881000 218.000000 218.000000
2882000 218.000000 218.000000
2883000 218.000000 218.000000
2884000 218.000000 218.000000
2885000 218.000000 218.000000
2886000 218.000000 218.000000
2887000 218.000000 218.000000
2888000 218.000000 218.000000
2889000 218.000000 218.000000
2890000 218.000000 218.000000
2891000 218.000000 218.000000
2892000 218.000000 218.000000
2893000 218.000000 218.000000
2894000 218.000000 218.000000
2895000 218.000000 218.000000
2896000 218.000000 218.000000
2897000 218.000000 218.000000
2898000 218.000000 218.000000
2899000 218.000000 218.000000
2900000 218.000000 218.000000
2901000 218.000000 218.000000
2902000 218.000000 218.000000
2903000 218.000000 218.000000
2904000 218.000000 218.000000
2905000 218.000000 218.000000
2906000 218.000000 218.000000
2907000 218.000000 218.000000
2908000 218.000000 218.000000
2909000 218.000000 218.000000
2910000 218.000000 218.000000
2911000 218.000000 218.000000
2912000 218.000000 218.000000
2913000 218.000000 218.000000
2914000 218.000000 218.000000
2915000 218.000000 218.000000
2916000 218.000000 218.000000
2917000 218.000000 218.000000
2918000 218.000000 218.000000
2919000 218.000000 218.000000
2920000 218.000000 218.000000
2921000 218.000000 218.000000
2922000 218.000000 218.000000
2923000 218.000000 218.000000
2924000 218.000000 218.000000
2925000 218.000000 218.000000
2926000 218.000000 218.000000
2927000 218.000000 218.000000
2928000 218.000000 218.000000
2929000 218.000000 218.000000
2930000 218.000000 218.000000
2931000 218.000000 218.000000
2932000 218.000000 218.000000
2933000 218.000000 218.000000
2934000 218.000000 218.000000
2935000 218.000000 218.000000
2936000 218.000000 218.000000
2937000 218.000000 218.000000
2938000 218.000000 218.000000
2939000 218.000000 218.000000
2940000 218.000000 218.000000
2941000 218.000000 218.000000
2942000 218.000000 218.000000
2943000 218.000000 218.000000
2944000 218.000000 218.000000
2945000 218.000000 218.000000
2946000 218.000000 218.000000
2947000 218.000000 218.000000
2948000 218.000000 218.000000
2949000 218.000000 218.000000
2950000 218.000000 218.000000
2951000 218.000000 218.000000
2952000 218.000000 218.000000
2953000 218.000000 218.000000
2954000 218.000000 218.000000
2955000 218.000000 218.000000
2956000 218.000000 218.000000
2957000 218.000000 218.000000
2958000 218.000000 218.000000
2959000 218.000000 218.000000
2960000 218.000000 218.000000
2961000 218.000000 218.000000
2962000 218.000000 218.000000
2963000 218.000000 218.000000
2964000 218.000000 218.000000
2965000 218.000000 218.000000
2966000 218.000000 218.000000
2967000 218.000000 218.000000
2968000 218.000000 218.000000
2969000 218.000000 218.000000
2970000 218.000000 218.000000
2971000 218.000000 218.000000
2972000 218.000000 218.000000
2973000 218.000000 218.000000
2974000 218.000000 218.000000
2975000 218.000000 218.000000
2976000 218.000000 218.000000
2977000 218.000000 218.000000
2978000 218.000000 218.000000
2979000 218.000000 218.000000
2980000 218.000000 218.000000
2981000 218.000000 218.000000
2982000 218.000000 218.000000
2983000 218.000000 218.000000
2984000 218.000000 218.000000
2985000 218.000000 218.000000
2986000 218.000000 218.000000
2987000 218.000000 218.000000
2988000 218.000000 218.000000
2989000 218.000000 218.000000
2990000 218.000000 218.000000
2991000 218.000000 218.000000
2992000 218.000000 218.000000
2993000 218.000000 218.000000
2994000 218.000000 218.000000
2995000 218.000000 218.000000
2996000 218.000000 218.000000
2997000 218.000000 218.000000
2998000 218.000000 218.000000
2999000 218.000000 218.000000
3000000 218.000000 218.000000
