1000 19.293005 19.293005
2000 19.079655 19.186330
3000 19.413208 19.261956
4000 18.801154 19.146755
5000 19.080920 19.133588
6000 19.061757 19.121616
7000 19.126668 19.122338
8000 18.988395 19.105595
9000 19.136090 19.108983
10000 18.643450 19.062430
11000 19.001013 19.056847
12000 18.971958 19.049773
13000 18.999724 19.045923
14000 18.715181 19.022298
15000 19.218454 19.035375
16000 18.817755 19.021774
17000 19.009567 19.021056
18000 18.624001 18.998997
19000 18.886591 18.993081
20000 19.222740 19.004564
21000 18.965371 19.002698
22000 19.244043 19.013668
23000 19.055918 19.015505
24000 18.869822 19.009435
25000 18.746188 18.998905
26000 19.096159 19.002646
27000 18.898700 18.998796
28000 18.473137 18.980022
29000 18.408356 18.960310
30000 18.410808 18.941993
31000 18.685014 18.933703
32000 18.761361 18.928318
33000 18.980154 18.929888
34000 18.761199 18.924927
35000 18.647641 18.917004
36000 19.001160 18.919342
37000 18.754988 18.914900
38000 18.799331 18.911859
39000 18.884436 18.911156
40000 18.426840 18.899048
41000 18.535805 18.890188
42000 18.337304 18.877024
43000 18.659061 18.871955
44000 18.784441 18.869966
45000 18.696765 18.866117
46000 18.687137 18.862227
47000 18.550960 18.855604
48000 18.795037 18.854342
49000 18.565208 18.848441
50000 18.412816 18.839729
51000 18.873401 18.840389
52000 18.827972 18.840150
53000 18.964811 18.842502
54000 19.004208 18.845497
55000 19.000466 18.848315
56000 18.935274 18.849867
57000 18.788834 18.848797
58000 18.750141 18.847096
59000 18.613085 18.843129
60000 18.576005 18.838677
61000 18.664207 18.835817
62000 18.627346 18.832455
63000 18.386556 18.825377
64000 18.569420 18.821378
65000 18.965001 18.823587
66000 18.468566 18.818208
67000 18.034576 18.806512
68000 18.106273 18.796215
69000 18.475273 18.791563
70000 18.438597 18.786521
71000 18.474418 18.782125
72000 18.109986 18.772790
73000 17.752954 18.758819
74000 17.952422 18.747922
75000 18.198829 18.740601
76000 18.334253 18.735254
77000 18.321534 18.729881
78000 18.289010 18.724229
79000 17.911676 18.713944
80000 18.271394 18.708412
81000 18.292707 18.703280
82000 18.146167 18.696485
83000 18.372484 18.692582
84000 17.845096 18.682493
85000 17.963958 18.674039
86000 17.944869 18.665561
87000 17.796162 18.655568
88000 18.186866 18.650241
89000 18.028904 18.643260
90000 18.269903 18.639112
91000 18.222944 18.634538
92000 17.970883 18.627325
93000 17.828848 18.618739
94000 17.754740 18.609547
95000 17.865867 18.601719
96000 17.343243 18.588610
97000 17.793617 18.580414
98000 18.046332 18.574965
99000 18.311007 18.572298
100000 18.279324 18.569369
101000 17.602688 18.559797
102000 17.866354 18.552999
103000 18.438964 18.551892
104000 18.177972 18.548296
105000 18.182727 18.544815
106000 18.397502 18.543425
107000 18.570137 18.543675
108000 18.238524 18.540849
109000 18.395880 18.539519
110000 18.183289 18.536281
111000 18.723477 18.537967
112000 18.974093 18.541861
113000 18.852992 18.544615
114000 18.350385 18.542911
115000 18.574259 18.543183
116000 18.506558 18.542868
117000 18.640261 18.543700
118000 18.844998 18.546254
119000 18.693268 18.547489
120000 18.614882 18.548051
121000 18.773844 18.549917
122000 18.671491 18.550913
123000 18.489397 18.550413
124000 18.591660 18.550746
125000 18.843364 18.553087
126000 18.389227 18.551786
127000 18.481313 18.551231
128000 18.382562 18.549913
129000 18.314730 18.548090
130000 18.125416 18.544839
131000 18.639120 18.545559
132000 18.398214 18.544442
133000 18.598559 18.544849
134000 18.089367 18.541450
135000 18.514308 18.541249
136000 18.575418 18.541500
137000 18.683601 18.542538
138000 18.301342 18.540790
139000 18.532808 18.540732
140000 18.350477 18.539373
141000 18.375290 18.538210
142000 18.559157 18.538357
143000 18.562016 18.538523
144000 18.513558 18.538349
145000 18.485450 18.537985
146000 18.361976 18.536779
147000 18.202772 18.534507
148000 18.132757 18.531792
149000 18.465982 18.531351
150000 18.687456 18.532391
151000 18.503749 18.532202
152000 18.205380 18.530051
153000 18.380947 18.529077
154000 18.531628 18.529094
155000 18.013909 18.525770
156000 18.443587 18.525243
157000 18.463237 18.524848
158000 18.362288 18.523819
159000 18.361068 18.522796
160000 18.637808 18.523514
161000 18.430409 18.522936
162000 18.439335 18.522420
163000 18.334645 18.521268
164000 18.215984 18.519407
165000 18.254195 18.517799
166000 18.525761 18.517847
167000 18.615120 18.518430
168000 18.037975 18.515570
169000 18.074503 18.512960
170000 18.474066 18.512731
171000 18.432780 18.512264
172000 18.481888 18.512087
173000 18.570396 18.512424
174000 17.881820 18.508800
175000 18.164001 18.506830
176000 18.472390 18.506634
177000 18.293687 18.505431
178000 18.625226 18.506104
179000 18.561759 18.506415
180000 18.632679 18.507116
181000 18.325356 18.506112
182000 18.406536 18.505565
183000 18.517954 18.505633
184000 18.457790 18.505373
185000 18.389524 18.504746
186000 18.445303 18.504427
187000 18.432106 18.504040
188000 18.102215 18.501903
189000 18.620121 18.502528
190000 18.598189 18.503032
191000 18.583363 18.503452
192000 18.469748 18.503277
193000 18.364207 18.502556
194000 18.561769 18.502861
195000 18.380239 18.502233
196000 18.233066 18.500859
197000 18.424118 18.500470
198000 18.538318 18.500661
199000 18.166893 18.498984
200000 18.294306 18.497960
201000 18.286837 18.496910
202000 18.590303 18.497372
203000 18.406464 18.496924
204000 18.453223 18.496710
205000 18.521753 18.496832
206000 18.585520 18.497263
207000 18.595879 18.497739
208000 18.280550 18.496695
209000 18.258238 18.495554
210000 18.163702 18.493974
211000 18.144725 18.492319
212000 18.045454 18.490211
213000 17.973838 18.487787
214000 17.955861 18.485301
215000 17.949044 18.482807
216000 17.994851 18.480548
217000 18.328977 18.479849
218000 18.359779 18.479298
219000 18.101746 18.477574
220000 18.106873 18.475889
221000 18.055204 18.473986
222000 17.995299 18.471830
223000 18.116066 18.470234
224000 18.055999 18.468385
225000 18.003167 18.466317
226000 17.957852 18.464067
227000 18.123210 18.462566
228000 17.984710 18.460470
229000 17.695595 18.457130
230000 17.643398 18.453592
231000 18.120858 18.452152
232000 18.188126 18.451014
233000 18.060168 18.449336
234000 18.118463 18.447922
235000 18.418064 18.447795
236000 18.480395 18.447933
237000 18.197927 18.446878
238000 18.280294 18.446178
239000 18.225376 18.445255
240000 18.468863 18.445353
241000 18.561330 18.445834
242000 18.482279 18.445985
243000 18.584279 18.446554
244000 18.360048 18.446199
245000 18.413904 18.446067
246000 18.802533 18.447517
247000 18.787540 18.448893
248000 18.577495 18.449412
249000 18.566961 18.449884
250000 18.353199 18.449497
251000 18.860361 18.451134
252000 18.721002 18.452205
253000 18.468132 18.452268
254000 18.307992 18.451700
255000 18.479510 18.451809
256000 18.622170 18.452474
257000 18.413791 18.452324
258000 18.738122 18.453432
259000 18.486627 18.453560
260000 18.659101 18.454350
261000 18.241745 18.453536
262000 18.288449 18.452906
263000 18.466912 18.452959
264000 18.341745 18.452538
265000 18.127672 18.451312
266000 18.321651 18.450824
267000 18.272870 18.450158
268000 17.934465 18.448234
269000 18.097273 18.446929
270000 17.961547 18.445131
271000 17.923975 18.443208
272000 17.831499 18.440959
273000 17.760384 18.438466
274000 17.860584 18.436357
275000 17.768612 18.433929
276000 17.655592 18.431109
277000 18.148792 18.430090
278000 17.763411 18.427692
279000 18.060227 18.426374
280000 17.822987 18.424219
281000 17.978192 18.422632
282000 17.649132 18.419889
283000 17.753100 18.417533
284000 17.533363 18.414420
285000 17.695101 18.411896
286000 17.560472 18.408919
287000 17.717724 18.406511
288000 17.268660 18.402560
289000 17.365397 18.398971
290000 17.440886 18.395667
291000 17.342971 18.392050
292000 17.420820 18.388724
293000 17.917045 18.387114
294000 17.653314 18.384618
295000 17.529450 18.381719
296000 17.562253 18.378950
297000 17.351097 18.375490
298000 17.592988 18.372864
299000 17.483387 18.369889
300000 17.839619 18.368121
301000 17.560772 18.365439
302000 17.264143 18.361793
303000 17.515549 18.359000
304000 17.922251 18.357563
305000 17.522489 18.354825
306000 17.845740 18.353161
307000 17.806257 18.351380
308000 17.766875 18.349482
309000 17.927874 18.348118
310000 17.829894 18.346446
311000 17.691825 18.344341
312000 18.074196 18.343475
313000 18.083594 18.342645
314000 18.192067 18.342165
315000 18.149345 18.341553
316000 18.219873 18.341168
317000 17.769225 18.339364
318000 17.670318 18.337260
319000 17.341137 18.334137
320000 17.912434 18.332820
321000 18.119342 18.332155
322000 18.218483 18.331802
323000 18.068519 18.330986
324000 18.117298 18.330327
325000 17.725223 18.328465
326000 17.924397 18.327226
327000 17.715078 18.325354
328000 17.952468 18.324217
329000 18.003250 18.323241
330000 17.906023 18.321977
331000 17.987299 18.320966
332000 18.003214 18.320009
333000 18.154388 18.319511
334000 17.788050 18.317920
335000 18.068275 18.317175
336000 18.033247 18.316330
337000 17.589995 18.314175
338000 17.925652 18.313025
339000 17.872876 18.311727
340000 17.735014 18.310031
341000 17.617707 18.308000
342000 17.864422 18.306703
343000 18.007055 18.305830
344000 17.639375 18.303892
345000 17.743402 18.302268
346000 17.713552 18.300566
347000 17.824261 18.299194
348000 17.628943 18.297268
349000 17.861919 18.296020
350000 17.939741 18.295002
351000 18.098209 18.294441
352000 17.851708 18.293184
353000 17.954026 18.292223
354000 17.932686 18.291207
355000 18.151529 18.290814
356000 18.373992 18.291047
357000 17.933170 18.290045
358000 18.146822 18.289645
359000 17.866376 18.288466
360000 18.330195 18.288582
361000 18.070338 18.287977
362000 18.253012 18.287881
363000 17.855309 18.286689
364000 18.036902 18.286003
365000 18.282259 18.285993
366000 17.754231 18.284540
367000 17.692991 18.282928
368000 17.394298 18.280513
369000 17.893558 18.279464
370000 17.457597 18.277243
371000 17.829038 18.276035
372000 17.922413 18.275084
373000 17.724354 18.273608
374000 18.023782 18.272940
375000 18.193531 18.272728
376000 18.562970 18.273500
377000 18.224398 18.273370
378000 18.151380 18.273047
379000 17.983873 18.272284
380000 17.928759 18.271380
381000 17.970559 18.270591
382000 18.269856 18.270589
383000 18.421416 18.270982
384000 18.211630 18.270828
385000 18.379718 18.271111
386000 17.921061 18.270204
387000 18.232475 18.270106
388000 17.752239 18.268772
389000 17.651566 18.267185
390000 17.539233 18.265319
391000 17.818296 18.264175
392000 17.900052 18.263246
393000 17.842098 18.262175
394000 17.795991 18.260992
395000 17.649414 18.259443
396000 17.627281 18.257847
397000 17.721592 18.256496
398000 17.792631 18.255331
399000 18.009921 18.254716
400000 18.046204 18.254194
401000 18.214672 18.254096
402000 18.430396 18.254534
403000 18.642007 18.255496
404000 18.472041 18.256032
405000 18.344133 18.256249
406000 18.491549 18.256829
407000 18.639229 18.257768
408000 18.393428 18.258101
409000 18.571666 18.258868
410000 18.513791 18.259489
411000 18.194759 18.259332
412000 18.309105 18.259453
413000 17.948382 18.258699
414000 18.150425 18.258438
415000 18.197549 18.258291
416000 18.050520 18.257792
417000 18.063001 18.257325
418000 18.132190 18.257025
419000 17.719730 18.255743
420000 18.126367 18.255435
421000 18.274071 18.255479
422000 18.521204 18.256109
423000 18.259614 18.256117
424000 18.608100 18.256947
425000 18.712842 18.258020
426000 18.901460 18.259530
427000 18.956529 18.261163
428000 18.844550 18.262526
429000 18.221204 18.262429
430000 18.625184 18.263273
431000 18.374288 18.263531
432000 18.458272 18.263981
433000 18.445264 18.264400
434000 18.443734 18.264813
435000 18.604925 18.265595
436000 18.502601 18.266139
437000 18.913647 18.267620
438000 18.534946 18.268231
439000 18.542746 18.268856
440000 18.722316 18.269887
441000 18.480890 18.270365
442000 18.835010 18.271643
443000 18.551999 18.272275
444000 18.662975 18.273155
445000 18.317617 18.273255
446000 18.520543 18.273810
447000 18.495388 18.274305
448000 18.723806 18.275309
449000 18.315084 18.275397
450000 18.716142 18.276377
451000 18.891370 18.277740
452000 18.501902 18.278236
453000 19.151504 18.280164
454000 19.080812 18.281928
455000 18.893752 18.283272
456000 18.691791 18.284168
457000 18.628899 18.284923
458000 18.702375 18.285834
459000 18.514444 18.286332
460000 18.232954 18.286216
461000 18.483940 18.286645
462000 18.798179 18.287752
463000 18.538114 18.288293
464000 18.520097 18.288793
465000 18.966484 18.290250
466000 19.048327 18.291877
467000 18.411534 18.292133
468000 18.701553 18.293008
469000 18.691111 18.293857
470000 18.706488 18.294735
471000 18.640100 18.295468
472000 18.631159 18.296179
473000 18.435967 18.296475
474000 18.672545 18.297268
475000 18.784911 18.298295
476000 18.285625 18.298268
477000 18.711088 18.299133
478000 18.797135 18.300175
479000 18.606874 18.300815
480000 18.595857 18.301430
481000 18.564565 18.301977
482000 18.388490 18.302157
483000 18.399202 18.302358
484000 18.425221 18.302611
485000 18.473798 18.302964
486000 18.692079 18.303765
487000 18.362735 18.303886
488000 18.655672 18.304607
489000 18.345042 18.304690
490000 18.424172 18.304934
491000 18.293495 18.304910
492000 18.213204 18.304724
493000 18.152766 18.304416
494000 18.523187 18.304859
495000 18.531684 18.305317
496000 18.498453 18.305706
497000 18.135170 18.305363
498000 18.512340 18.305779
499000 18.494975 18.306158
500000 18.620253 18.306786
501000 18.603232 18.307378
502000 18.703801 18.308167
503000 18.441686 18.308433
504000 18.668230 18.309147
505000 18.799710 18.310118
506000 18.415440 18.310326
507000 18.691435 18.311078
508000 18.434131 18.311320
509000 18.289103 18.311277
510000 18.462012 18.311572
511000 18.304880 18.311559
512000 18.519411 18.311965
513000 18.074930 18.311503
514000 18.376490 18.311629
515000 18.252742 18.311515
516000 18.192427 18.311284
517000 18.198368 18.311066
518000 18.453272 18.311340
519000 18.251482 18.311225
520000 18.333037 18.311267
521000 18.507520 18.311644
522000 18.548960 18.312098
523000 18.496010 18.312450
524000 18.527557 18.312860
525000 18.585971 18.313381
526000 18.535689 18.313803
527000 18.432520 18.314029
528000 18.579351 18.314531
529000 18.593583 18.315059
530000 18.384560 18.315190
531000 18.646985 18.315815
532000 18.588364 18.316327
533000 18.502983 18.316677
534000 18.116851 18.316303
535000 18.500120 18.316646
536000 18.602973 18.317181
537000 18.419868 18.317372
538000 18.616450 18.317928
539000 18.190330 18.317691
540000 18.593698 18.318202
541000 18.585881 18.318697
542000 18.642459 18.319294
543000 18.536127 18.319694
544000 18.115654 18.319318
545000 18.101531 18.318919
546000 18.100894 18.318520
547000 18.106205 18.318131
548000 17.980055 18.317515
549000 18.200781 18.317302
550000 18.222894 18.317130
551000 18.174178 18.316871
552000 18.373779 18.316974
553000 18.150868 18.316674
554000 17.868741 18.315865
555000 17.986134 18.315271
556000 17.595456 18.313976
557000 17.879666 18.313196
558000 17.710816 18.312117
559000 17.733410 18.311082
560000 17.770964 18.310117
561000 18.000541 18.309565
562000 17.865709 18.308776
563000 17.756572 18.307795
564000 18.058137 18.307352
565000 17.979734 18.306772
566000 17.982617 18.306200
567000 17.992076 18.305646
568000 18.205087 18.305468
569000 18.077309 18.305068
570000 17.962276 18.304466
571000 17.906666 18.303769
572000 17.962060 18.303172
573000 18.071946 18.302769
574000 17.948799 18.302152
575000 18.270838 18.302097
576000 17.790222 18.301209
577000 17.967740 18.300631
578000 17.996096 18.300104
579000 18.141958 18.299831
580000 18.364566 18.299942
581000 17.925859 18.299299
582000 18.230671 18.299181
583000 17.818062 18.298355
584000 17.954364 18.297766
585000 17.772186 18.296868
586000 17.964947 18.296301
587000 18.003291 18.295802
588000 17.981163 18.295267
589000 18.136953 18.294998
590000 18.041060 18.294568
591000 17.981794 18.294039
592000 17.759602 18.293136
593000 18.139739 18.292877
594000 17.981321 18.292353
595000 18.437786 18.292597
596000 18.431226 18.292830
597000 18.312441 18.292863
598000 18.027481 18.292419
599000 18.017914 18.291961
600000 18.021492 18.291510
601000 17.980800 18.290993
602000 18.123931 18.290715
603000 18.484254 18.291036
604000 18.479047 18.291348
605000 18.717432 18.292052
606000 18.725634 18.292767
607000 18.584603 18.293248
608000 18.495057 18.293580
609000 18.651334 18.294168
610000 18.788261 18.294978
611000 18.606079 18.295487
612000 18.653207 18.296071
613000 18.691708 18.296717
614000 18.778588 18.297501
615000 18.504775 18.297838
616000 18.525256 18.298208
617000 18.625914 18.298739
618000 18.353419 18.298827
619000 18.297114 18.298824
620000 18.164321 18.298608
621000 18.258267 18.298543
622000 18.189573 18.298367
623000 18.277342 18.298334
624000 18.519189 18.298688
625000 18.162333 18.298469
626000 17.913182 18.297854
627000 18.278152 18.297822
628000 18.457521 18.298077
629000 18.339430 18.298143
630000 18.582565 18.298594
631000 18.416519 18.298781
632000 18.105766 18.298475
633000 18.402202 18.298639
634000 18.456898 18.298889
635000 18.656020 18.299451
636000 18.509350 18.299781
637000 18.116073 18.299493
638000 18.325679 18.299534
639000 18.036228 18.299122
640000 17.864359 18.298443
641000 18.281384 18.298416
642000 18.173426 18.298221
643000 18.278056 18.298190
644000 18.630553 18.298706
645000 18.531631 18.299067
646000 18.542689 18.299444
647000 18.372739 18.299558
648000 18.228810 18.299448
649000 17.969707 18.298940
650000 18.406879 18.299106
651000 17.983497 18.298622
652000 18.048736 18.298238
653000 18.175896 18.298051
654000 18.151009 18.297826
655000 18.245260 18.297746
656000 18.470338 18.298009
657000 18.003220 18.297560
658000 18.482584 18.297842
659000 18.056218 18.297475
660000 17.891952 18.296860
661000 18.096807 18.296558
662000 18.112595 18.296280
663000 18.233361 18.296185
664000 17.654942 18.295219
665000 17.948150 18.294697
666000 17.888707 18.294088
667000 17.950976 18.293573
668000 17.920114 18.293014
669000 17.933793 18.292477
670000 17.810732 18.291758
671000 17.697186 18.290872
672000 18.151606 18.290665
673000 18.218042 18.290557
674000 18.156804 18.290359
675000 17.852983 18.289711
676000 17.907866 18.289146
677000 17.978738 18.288687
678000 17.808964 18.287980
679000 17.701200 18.287116
680000 17.542386 18.286020
681000 17.839971 18.285365
682000 17.988662 18.284930
683000 17.867615 18.284319
684000 17.881543 18.283730
685000 17.983483 18.283292
686000 17.880748 18.282705
687000 17.658049 18.281796
688000 17.868536 18.281195
689000 18.382528 18.281343
690000 18.186942 18.281206
691000 17.762776 18.280455
692000 18.041758 18.280110
693000 18.183513 18.279971
694000 18.678995 18.280546
695000 18.582965 18.280981
696000 18.524045 18.281330
697000 18.182260 18.281188
698000 18.157810 18.281012
699000 18.012112 18.280627
700000 18.576917 18.281050
701000 18.271883 18.281037
702000 18.295192 18.281057
703000 18.670269 18.281611
704000 18.616378 18.282086
705000 18.650354 18.282609
706000 18.581936 18.283033
707000 18.648808 18.283550
708000 18.609719 18.284011
709000 18.457527 18.284255
710000 18.543531 18.284621
711000 18.334142 18.284690
712000 18.613831 18.285153
713000 18.317398 18.285198
714000 18.635620 18.285689
715000 18.628265 18.286168
716000 18.550934 18.286538
717000 18.488725 18.286820
718000 18.447228 18.287043
719000 17.927658 18.286543
720000 18.289223 18.286547
721000 18.474546 18.286808
722000 18.650513 18.287311
723000 18.571877 18.287705
724000 18.352072 18.287794
725000 18.263279 18.287760
726000 18.247779 18.287705
727000 18.442287 18.287918
728000 18.200993 18.287798
729000 18.172828 18.287640
730000 17.923928 18.287142
731000 18.105824 18.286894
732000 17.809937 18.286243
733000 17.894952 18.285709
734000 17.899847 18.285183
735000 17.711453 18.284402
736000 17.985024 18.283996
737000 17.878261 18.283445
738000 17.709075 18.282667
739000 17.774029 18.281979
740000 18.204066 18.281873
741000 18.338264 18.281949
742000 17.894026 18.281427
743000 17.984549 18.281027
744000 18.173810 18.280883
745000 18.227886 18.280812
746000 18.179986 18.280677
747000 18.266836 18.280658
748000 18.341960 18.280740
749000 18.292137 18.280755
750000 18.154934 18.280588
751000 17.772370 18.279911
752000 18.126623 18.279707
753000 17.747508 18.279000
754000 17.928373 18.278535
755000 17.626893 18.277672
756000 17.623340 18.276807
757000 17.662900 18.275996
758000 17.748125 18.275299
759000 17.624549 18.274442
760000 17.997076 18.274077
761000 17.909348 18.273598
762000 18.284855 18.273612
763000 17.922314 18.273152
764000 17.821180 18.272560
765000 17.565042 18.271635
766000 17.813054 18.271037
767000 17.908537 18.270564
768000 18.093223 18.270333
769000 18.144532 18.270170
770000 18.089901 18.269936
771000 17.860267 18.269404
772000 18.044307 18.269113
773000 17.914959 18.268655
774000 17.817564 18.268072
775000 17.717839 18.267362
776000 17.751847 18.266697
777000 17.794823 18.266090
778000 17.480628 18.265081
779000 17.570911 18.264189
780000 17.182938 18.262803
781000 17.554390 18.261896
782000 17.467083 18.260880
783000 17.581502 18.260012
784000 17.735365 18.259343
785000 18.064632 18.259095
786000 17.920363 18.258664
787000 17.576599 18.257797
788000 17.659339 18.257038
789000 18.102991 18.256843
790000 17.933245 18.256433
791000 17.699810 18.255729
792000 18.011670 18.255421
793000 17.879661 18.254947
794000 17.655989 18.254193
795000 18.100242 18.253999
796000 18.030598 18.253719
797000 18.088291 18.253511
798000 17.860907 18.253019
799000 17.908754 18.252588
800000 17.991470 18.252262
801000 18.263009 18.252275
802000 18.398867 18.252458
803000 18.255083 18.252461
804000 18.355604 18.252589
805000 17.677912 18.251876
806000 18.080217 18.251663
807000 18.268589 18.251684
808000 17.916292 18.251269
809000 18.051997 18.251022
810000 18.050608 18.250775
811000 18.267634 18.250796
812000 18.067264 18.250570
813000 18.104157 18.250389
814000 17.773883 18.249804
815000 17.932442 18.249415
816000 17.763620 18.248819
817000 17.469651 18.247866
818000 17.626404 18.247106
819000 17.923071 18.246710
820000 17.633189 18.245962
821000 17.774542 18.245388
822000 17.876317 18.244939
823000 17.739225 18.244324
824000 17.716165 18.243683
825000 17.613411 18.242919
826000 17.275318 18.241748
827000 17.303679 18.240614
828000 17.281539 18.239455
829000 17.587542 18.238669
830000 17.682658 18.237999
831000 17.550360 18.237172
832000 17.957886 18.236836
833000 17.851408 18.236373
834000 17.864096 18.235927
835000 17.712817 18.235300
836000 17.673528 18.234628
837000 17.724560 18.234019
838000 17.657735 18.233331
839000 17.399766 18.232338
840000 17.232337 18.231147
841000 17.780268 18.230611
842000 18.034230 18.230378
843000 17.550315 18.229571
844000 17.680109 18.228920
845000 18.023603 18.228677
846000 18.160899 18.228597
847000 18.140424 18.228493
848000 17.726535 18.227901
849000 17.939211 18.227561
850000 17.749575 18.226999
851000 17.721733 18.226405
852000 17.518786 18.225574
853000 17.430799 18.224643
854000 17.842893 18.224196
855000 17.601188 18.223467
856000 17.801285 18.222974
857000 18.010676 18.222726
858000 17.888700 18.222337
859000 17.734564 18.221769
860000 17.662479 18.221119
861000 17.868276 18.220709
862000 17.754456 18.220168
863000 18.008437 18.219923
864000 17.984839 18.219651
865000 17.864413 18.219240
866000 17.788802 18.218743
867000 17.480921 18.217892
868000 17.681893 18.217274
869000 17.600083 18.216564
870000 17.897394 18.216197
871000 18.144852 18.216115
872000 18.217784 18.216117
873000 18.148699 18.216040
874000 17.972331 18.215761
875000 18.237097 18.215786
876000 18.225423 18.215797
877000 18.409798 18.216018
878000 18.134225 18.215925
879000 17.834146 18.215490
880000 18.052164 18.215305
881000 17.850695 18.214891
882000 17.919298 18.214556
883000 17.859793 18.214154
884000 18.228233 18.214170
885000 18.198279 18.214152
886000 17.976588 18.213884
887000 18.134245 18.213794
888000 18.097490 18.213663
889000 17.935993 18.213351
890000 17.761720 18.212843
891000 18.030442 18.212638
892000 18.035157 18.212439
893000 17.672941 18.211835
894000 18.025219 18.211627
895000 18.126203 18.211531
896000 18.179888 18.211496
897000 17.989182 18.211248
898000 17.955975 18.210964
899000 18.153639 18.210900
900000 18.237180 18.210929
901000 17.888902 18.210572
902000 18.129532 18.210482
903000 18.269920 18.210548
904000 18.087680 18.210412
905000 17.736604 18.209888
906000 17.673723 18.209296
907000 17.778488 18.208821
908000 17.770867 18.208339
909000 17.976845 18.208084
910000 17.751954 18.207583
911000 17.713831 18.207041
912000 17.836794 18.206635
913000 17.899783 18.206299
914000 17.969685 18.206040
915000 17.887949 18.205693
916000 17.873384 18.205330
917000 17.708033 18.204788
918000 17.703137 18.204241
919000 17.763335 18.203761
920000 17.724702 18.203241
921000 17.711176 18.202706
922000 17.577793 18.202029
923000 17.827638 18.201623
924000 17.646591 18.201022
925000 17.625806 18.200400
926000 17.799771 18.199968
927000 17.671633 18.199398
928000 17.701387 18.198861
929000 18.278554 18.198947
930000 17.754457 18.198469
931000 17.898059 18.198146
932000 17.843173 18.197765
933000 18.152952 18.197717
934000 17.805110 18.197297
935000 17.875440 18.196953
936000 17.470319 18.196177
937000 17.305879 18.195226
938000 17.226270 18.194193
939000 17.712572 18.193680
940000 17.174873 18.192597
941000 17.434895 18.191791
942000 17.363504 18.190912
943000 17.365943 18.190037
944000 17.338122 18.189135
945000 17.665843 18.188581
946000 17.742153 18.188109
947000 17.720057 18.187615
948000 17.586525 18.186981
949000 17.769678 18.186541
950000 17.645866 18.185972
951000 17.351267 18.185094
952000 17.314923 18.184180
953000 17.423064 18.183382
954000 17.594289 18.182764
955000 17.469998 18.182018
956000 17.650689 18.181462
957000 17.665137 18.180922
958000 17.461599 18.180172
959000 17.558912 18.179524
960000 17.791271 18.179119
961000 17.593105 18.178510
962000 17.548446 18.177855
963000 17.626961 18.177283
964000 17.682494 18.176769
965000 17.606025 18.176178
966000 17.526528 18.175505
967000 17.457226 18.174763
968000 17.590663 18.174159
969000 17.649147 18.173617
970000 17.835401 18.173269
971000 17.867690 18.172954
972000 17.869831 18.172642
973000 18.118708 18.172587
974000 17.949435 18.172358
975000 18.051445 18.172234
976000 17.869156 18.171923
977000 18.046246 18.171794
978000 18.075307 18.171696
979000 18.259982 18.171786
980000 18.086001 18.171698
981000 18.249002 18.171777
982000 18.273483 18.171881
983000 18.057846 18.171765
984000 17.816752 18.171404
985000 17.750651 18.170977
986000 17.916842 18.170719
987000 18.037076 18.170584
988000 17.863106 18.170272
989000 18.368087 18.170472
990000 18.549658 18.170855
991000 18.508080 18.171196
992000 18.105442 18.171129
993000 18.135303 18.171093
994000 18.183836 18.171106
995000 18.059154 18.170994
996000 18.166653 18.170989
997000 18.215472 18.171034
998000 18.144191 18.171007
999000 18.505880 18.171342
1000000 18.167014 18.171338
1001000 17.934102 18.171101
1002000 17.675633 18.170606
1003000 17.981622 18.170418
1004000 18.027490 18.170276
1005000 17.923631 18.170030
1006000 17.726879 18.169590
1007000 17.869446 18.169292
1008000 18.038236 18.169162
1009000 18.114439 18.169107
1010000 17.649859 18.168593
1011000 17.896974 18.168325
1012000 17.498362 18.167663
1013000 17.786533 18.167286
1014000 17.816748 18.166941
1015000 17.843310 18.166622
1016000 18.069146 18.166526
1017000 17.973405 18.166336
1018000 18.129690 18.166300
1019000 18.457447 18.166586
1020000 18.047271 18.166469
1021000 18.408179 18.166705
1022000 18.449578 18.166982
1023000 18.444403 18.167253
1024000 18.330641 18.167413
1025000 18.324882 18.167567
1026000 18.649747 18.168037
1027000 18.272397 18.168138
1028000 18.499406 18.168460
1029000 18.242551 18.168532
1030000 18.425236 18.168782
1031000 18.335064 18.168943
1032000 18.365146 18.169133
1033000 18.362935 18.169321
1034000 18.611087 18.169748
1035000 18.050435 18.169633
1036000 17.987441 18.169457
1037000 18.199011 18.169485
1038000 18.270354 18.169582
1039000 18.147763 18.169561
1040000 17.713329 18.169123
1041000 17.844358 18.168811
1042000 17.721759 18.168382
1043000 17.809238 18.168037
1044000 17.859266 18.167742
1045000 17.927373 18.167512
1046000 18.007321 18.167359
1047000 17.496041 18.166717
1048000 17.910995 18.166473
1049000 17.902431 18.166222
1050000 17.913444 18.165981
1051000 17.513597 18.165360
1052000 17.457605 18.164687
1053000 17.784100 18.164326
1054000 17.463505 18.163661
1055000 17.558166 18.163087
1056000 17.499087 18.162458
1057000 17.126350 18.161478
1058000 17.510249 18.160863
1059000 17.083347 18.159845
1060000 17.410201 18.159138
1061000 17.060182 18.158102
1062000 17.555921 18.157535
1063000 17.512250 18.156928
1064000 17.576960 18.156383
1065000 17.862370 18.156107
1066000 17.707453 18.155686
1067000 17.753251 18.155309
1068000 17.706564 18.154889
1069000 17.755456 18.154515
1070000 17.414852 18.153824
1071000 17.817999 18.153510
1072000 17.374844 18.152784
1073000 17.437131 18.152117
1074000 17.614124 18.151616
1075000 17.610389 18.151112
1076000 18.008622 18.150980
1077000 17.504864 18.150380
1078000 17.482048 18.149760
1079000 17.752106 18.149392
1080000 17.543321 18.148830
1081000 17.360476 18.148101
1082000 17.353427 18.147367
1083000 17.189771 18.146482
1084000 17.414193 18.145807
1085000 17.538991 18.145248
1086000 17.630710 18.144774
1087000 17.469570 18.144153
1088000 17.352701 18.143425
1089000 17.455540 18.142794
1090000 17.555984 18.142255
1091000 17.616152 18.141773
1092000 17.598667 18.141276
1093000 17.636384 18.140814
1094000 17.516144 18.140243
1095000 17.722005 18.139861
1096000 17.949109 18.139687
1097000 18.159044 18.139704
1098000 17.678812 18.139285
1099000 17.581605 18.138777
1100000 17.726285 18.138402
1101000 18.044106 18.138317
1102000 17.955827 18.138151
1103000 17.957206 18.137987
1104000 17.917299 18.137787
1105000 18.141208 18.137790
1106000 17.635779 18.137336
1107000 18.035237 18.137244
1108000 18.016364 18.137135
1109000 17.843099 18.136870
1110000 18.030284 18.136774
1111000 17.987432 18.136639
1112000 17.847647 18.136379
1113000 17.803752 18.136081
1114000 17.740310 18.135725
1115000 17.724361 18.135356
1116000 17.642121 18.134914
1117000 18.070790 18.134857
1118000 17.601530 18.134380
1119000 17.582639 18.133887
1120000 17.722915 18.133520
1121000 17.953493 18.133359
1122000 17.966333 18.133210
1123000 17.792130 18.132907
1124000 17.801153 18.132612
1125000 17.512109 18.132060
1126000 17.442854 18.131448
1127000 17.511632 18.130898
1128000 17.765059 18.130574
1129000 17.622295 18.130123
1130000 17.568901 18.129627
1131000 17.818609 18.129352
1132000 17.457819 18.128759
1133000 17.597358 18.128290
1134000 17.329553 18.127585
1135000 17.568484 18.127093
1136000 17.554485 18.126589
1137000 17.590859 18.126117
1138000 17.496742 18.125564
1139000 17.641171 18.125139
1140000 17.907584 18.124948
1141000 18.152821 18.124973
1142000 18.044723 18.124902
1143000 17.716885 18.124545
1144000 17.821372 18.124280
1145000 17.728293 18.123935
1146000 17.900448 18.123740
1147000 17.716274 18.123384
1148000 17.712091 18.123026
1149000 18.013518 18.122931
1150000 17.912486 18.122748
1151000 17.898720 18.122553
1152000 17.575592 18.122078
1153000 18.043304 18.122010
1154000 17.765454 18.121701
1155000 17.824208 18.121443
1156000 17.780688 18.121149
1157000 17.936850 18.120989
1158000 18.081528 18.120955
1159000 18.234450 18.121053
1160000 17.955169 18.120910
1161000 17.884263 18.120706
1162000 18.155907 18.120737
1163000 17.938260 18.120580
1164000 17.837506 18.120337
1165000 17.790798 18.120054
1166000 17.779019 18.119761
1167000 17.911021 18.119582
1168000 17.465529 18.119022
1169000 17.985342 18.118908
1170000 17.897039 18.118718
1171000 17.761634 18.118413
1172000 18.005698 18.118317
1173000 17.876339 18.118111
1174000 17.550524 18.117628
1175000 17.728447 18.117296
1176000 17.443402 18.116723
1177000 17.544814 18.116237
1178000 17.681136 18.115868
1179000 17.651844 18.115474
1180000 17.313817 18.114795
1181000 17.324445 18.114126
1182000 17.198156 18.113351
1183000 17.201435 18.112580
1184000 17.402095 18.111980
1185000 17.567205 18.111520
1186000 17.415872 18.110934
1187000 17.453952 18.110380
1188000 17.781802 18.110104
1189000 17.382045 18.109491
1190000 17.442405 18.108931
1191000 17.253670 18.108213
1192000 17.059817 18.107333
1193000 17.335213 18.106686
1194000 17.008245 18.105766
1195000 17.485594 18.105247
1196000 17.505682 18.104746
1197000 17.204296 18.103993
1198000 17.478305 18.103471
1199000 16.890024 18.102459
1200000 17.153739 18.101668
1201000 17.243840 18.100954
1202000 17.668262 18.100594
1203000 17.485425 18.100083
1204000 17.396915 18.099499
1205000 17.442963 18.098954
1206000 17.589585 18.098532
1207000 17.422033 18.097971
1208000 17.156876 18.097192
1209000 17.305597 18.096537
1210000 17.748627 18.096250
1211000 17.666046 18.095895
1212000 17.521870 18.095421
1213000 17.945058 18.095297
1214000 17.494241 18.094802
1215000 17.302205 18.094150
1216000 17.153825 18.093376
1217000 16.935208 18.092425
1218000 16.749104 18.091322
1219000 16.916477 18.090358
1220000 16.699468 18.089218
1221000 17.008818 18.088333
1222000 17.104758 18.087528
1223000 17.047298 18.086678
1224000 17.030160 18.085814
1225000 16.855072 18.084810
1226000 17.026831 18.083947
1227000 17.078959 18.083128
1228000 17.201324 18.082410
1229000 17.338233 18.081804
1230000 16.984784 18.080912
1231000 17.352715 18.080321
1232000 17.460804 18.079818
1233000 17.795136 18.079587
1234000 18.128901 18.079627
1235000 17.785574 18.079389
1236000 17.734267 18.079110
1237000 17.404519 18.078564
1238000 17.538694 18.078128
1239000 17.177102 18.077401
1240000 17.093023 18.076607
1241000 17.019539 18.075755
1242000 17.240306 18.075083
1243000 17.562326 18.074670
1244000 16.961310 18.073775
1245000 17.586848 18.073384
1246000 17.601518 18.073005
1247000 17.271342 18.072362
1248000 17.513375 18.071915
1249000 17.530770 18.071481
1250000 17.612514 18.071114
1251000 17.295915 18.070494
1252000 17.717800 18.070213
1253000 17.236679 18.069547
1254000 16.897106 18.068613
1255000 17.242973 18.067955
1256000 17.490731 18.067495
1257000 17.520238 18.067060
1258000 17.664885 18.066740
1259000 17.551855 18.066331
1260000 17.305629 18.065727
1261000 17.307990 18.065126
1262000 17.482192 18.064664
1263000 17.190123 18.063972
1264000 17.128440 18.063232
1265000 16.881721 18.062298
1266000 17.296424 18.061693
1267000 17.043444 18.060889
1268000 17.107027 18.060137
1269000 17.040267 18.059333
1270000 17.100269 18.058578
1271000 16.935986 18.057695
1272000 17.027836 18.056885
1273000 16.864203 18.055948
1274000 16.740190 18.054916
1275000 16.752870 18.053894
1276000 16.850408 18.052951
1277000 16.963557 18.052098
1278000 17.013983 18.051286
1279000 16.748521 18.050267
1280000 16.696797 18.049210
1281000 16.613884 18.048089
1282000 16.364079 18.046776
1283000 16.777283 18.045786
1284000 16.703581 18.044741
1285000 16.606463 18.043622
1286000 16.613802 18.042510
1287000 16.620743 18.041405
1288000 16.599103 18.040285
1289000 16.559433 18.039137
1290000 16.492641 18.037938
1291000 16.350057 18.036630
1292000 16.154909 18.035174
1293000 16.189478 18.033746
1294000 16.307386 18.032412
1295000 16.327721 18.031096
1296000 16.728575 18.030091
1297000 16.777284 18.029125
1298000 16.392419 18.027864
1299000 16.165402 18.026430
1300000 16.676721 18.025392
1301000 16.622539 18.024314
1302000 16.324676 18.023008
1303000 16.565172 18.021889
1304000 16.782639 18.020939
1305000 16.559198 18.019819
1306000 16.818794 18.018899
1307000 16.791761 18.017961
1308000 16.491617 18.016794
1309000 16.857168 18.015908
1310000 16.877795 18.015039
1311000 16.887187 18.014179
1312000 17.133862 18.013508
1313000 16.817169 18.012596
1314000 16.733616 18.011623
1315000 16.502796 18.010476
1316000 16.368559 18.009228
1317000 16.698040 18.008233
1318000 16.654850 18.007206
1319000 16.676849 18.006197
1320000 16.611066 18.005140
1321000 16.869925 18.004281
1322000 16.922524 18.003462
1323000 16.260643 18.002145
1324000 16.468911 18.000987
1325000 16.545411 17.999889
1326000 16.442060 17.998714
1327000 16.678789 17.997719
1328000 16.903376 17.996895
1329000 16.732329 17.995944
1330000 16.923016 17.995137
1331000 16.735170 17.994190
1332000 16.711269 17.993227
1333000 17.142376 17.992589
1334000 16.783560 17.991682
1335000 17.031477 17.990963
1336000 16.766051 17.990046
1337000 17.123434 17.989398
1338000 17.026853 17.988679
1339000 17.104652 17.988019
1340000 17.133819 17.987381
1341000 16.743426 17.986453
1342000 16.915612 17.985655
1343000 16.841666 17.984804
1344000 16.938290 17.984025
1345000 16.628647 17.983017
1346000 16.608940 17.981996
1347000 16.724821 17.981063
1348000 16.624960 17.980057
1349000 16.719478 17.979123
1350000 16.415560 17.977964
1351000 16.572856 17.976924
1352000 16.702620 17.975982
1353000 16.598685 17.974964
1354000 16.346192 17.973761
1355000 16.689187 17.972813
1356000 16.316136 17.971591
1357000 16.351910 17.970398
1358000 16.490137 17.969308
1359000 16.667283 17.968350
1360000 16.777392 17.967474
1361000 16.550211 17.966432
1362000 16.737543 17.965530
1363000 16.592531 17.964523
1364000 16.765190 17.963644
1365000 16.784505 17.962780
1366000 16.843179 17.961960
1367000 16.197011 17.960669
1368000 16.595446 17.959671
1369000 16.636964 17.958705
1370000 16.508993 17.957647
1371000 16.568922 17.956634
1372000 16.614863 17.955656
1373000 16.453683 17.954562
1374000 16.717464 17.953662
1375000 16.720453 17.952765
1376000 16.976718 17.952055
1377000 16.776083 17.951201
1378000 16.787574 17.950357
1379000 16.645089 17.949410
1380000 16.578026 17.948417
1381000 16.435880 17.947321
1382000 16.502101 17.946276
1383000 16.054295 17.944908
1384000 16.454167 17.943830
1385000 16.314631 17.942654
1386000 16.916901 17.941914
1387000 16.747166 17.941053
1388000 16.760208 17.940202
1389000 17.067857 17.939574
1390000 17.066399 17.938946
1391000 16.681526 17.938042
1392000 16.648025 17.937115
1393000 16.654497 17.936194
1394000 16.845730 17.935412
1395000 16.972915 17.934722
1396000 16.565380 17.933741
1397000 17.264951 17.933262
1398000 17.650977 17.933060
1399000 17.115918 17.932476
1400000 16.974144 17.931792
1401000 17.385472 17.931402
1402000 17.296988 17.930949
1403000 17.299589 17.930499
1404000 17.531646 17.930215
1405000 16.902057 17.929483
1406000 17.418591 17.929120
1407000 17.462396 17.928788
1408000 16.998970 17.928128
1409000 17.146799 17.927573
1410000 17.384742 17.927188
1411000 17.069891 17.926581
1412000 17.060432 17.925967
1413000 17.115073 17.925394
1414000 17.000305 17.924739
1415000 17.307610 17.924303
1416000 17.600256 17.924074
1417000 17.643371 17.923876
1418000 17.561428 17.923621
1419000 17.401188 17.923253
1420000 17.553147 17.922992
1421000 17.427780 17.922643
1422000 17.615990 17.922428
1423000 17.714017 17.922281
1424000 17.201668 17.921775
1425000 17.026787 17.921147
1426000 17.312326 17.920720
1427000 17.319791 17.920299
1428000 17.102205 17.919726
1429000 17.069665 17.919131
1430000 17.582093 17.918896
1431000 17.315807 17.918474
1432000 17.262429 17.918016
1433000 17.335948 17.917610
1434000 17.396425 17.917246
1435000 16.989889 17.916600
1436000 17.252248 17.916138
1437000 17.141963 17.915599
1438000 17.053999 17.915000
1439000 16.858107 17.914265
1440000 17.053258 17.913667
1441000 17.557756 17.913420
1442000 17.523640 17.913150
1443000 17.533841 17.912887
1444000 17.289103 17.912455
1445000 17.568920 17.912217
1446000 17.277708 17.911779
1447000 17.499126 17.911493
1448000 17.293968 17.911067
1449000 17.263572 17.910620
1450000 17.551731 17.910373
1451000 17.652396 17.910195
1452000 17.248268 17.909739
1453000 17.382420 17.909376
1454000 17.099696 17.908819
1455000 17.458144 17.908509
1456000 17.363186 17.908135
1457000 17.101224 17.907581
1458000 17.300484 17.907165
1459000 17.297006 17.906746
1460000 17.291542 17.906325
1461000 16.963961 17.905680
1462000 16.631733 17.904809
1463000 16.739918 17.904012
1464000 17.093749 17.903459
1465000 16.947989 17.902807
1466000 16.903265 17.902125
1467000 16.991327 17.901504
1468000 17.102515 17.900960
1469000 17.039918 17.900374
1470000 17.051377 17.899796
1471000 16.822874 17.899064
1472000 17.291220 17.898651
1473000 17.202273 17.898178
1474000 17.421735 17.897855
1475000 17.481645 17.897573
1476000 17.025074 17.896982
1477000 17.234244 17.896533
1478000 17.648284 17.896365
1479000 17.147194 17.895859
1480000 16.805478 17.895122
1481000 17.007016 17.894522
1482000 16.956470 17.893889
1483000 17.148144 17.893386
1484000 17.234433 17.892942
1485000 17.288839 17.892536
1486000 17.337916 17.892162
1487000 17.156540 17.891668
1488000 17.511871 17.891412
1489000 16.922878 17.890762
1490000 17.023868 17.890180
1491000 17.044270 17.889613
1492000 17.145648 17.889114
1493000 17.178263 17.888638
1494000 17.138489 17.888136
1495000 17.244608 17.887705
1496000 17.128917 17.887198
1497000 17.459981 17.886913
1498000 17.213512 17.886463
1499000 17.472965 17.886187
1500000 17.281798 17.885785
1501000 17.166705 17.885305
1502000 16.784305 17.884572
1503000 16.938648 17.883943
1504000 17.310838 17.883562
1505000 16.843445 17.882871
1506000 16.832011 17.882173
1507000 16.748691 17.881421
1508000 16.735276 17.880661
1509000 16.941325 17.880038
1510000 16.584284 17.879180
1511000 16.689693 17.878393
1512000 16.787196 17.877671
1513000 16.921537 17.877039
1514000 16.403181 17.876066
1515000 16.610471 17.875231
1516000 16.372022 17.874239
1517000 16.768577 17.873510
1518000 16.758247 17.872776
1519000 16.804955 17.872073
1520000 16.720094 17.871315
1521000 16.524955 17.870429
1522000 16.969951 17.869838
1523000 16.835748 17.869159
1524000 16.290626 17.868123
1525000 16.583651 17.867281
1526000 16.549068 17.866417
1527000 16.711644 17.865661
1528000 16.298902 17.864635
1529000 16.386697 17.863669
1530000 16.700528 17.862909
1531000 16.619206 17.862096
1532000 16.326993 17.861094
1533000 16.211343 17.860018
1534000 16.363596 17.859043
1535000 16.432731 17.858113
1536000 16.501408 17.857230
1537000 16.474360 17.856330
1538000 16.636419 17.855537
1539000 16.239899 17.854487
1540000 16.367108 17.853522
1541000 16.238272 17.852473
1542000 16.176418 17.851386
1543000 16.939418 17.850795
1544000 16.310044 17.849797
1545000 16.906902 17.849187
1546000 16.794888 17.848505
1547000 16.562201 17.847674
1548000 16.226219 17.846626
1549000 16.459781 17.845731
1550000 16.389578 17.844792
1551000 16.529482 17.843943
1552000 16.436148 17.843036
1553000 16.178188 17.841964
1554000 16.163907 17.840885
1555000 16.087894 17.839757
1556000 16.196614 17.838701
1557000 15.905610 17.837460
1558000 16.207254 17.836413
1559000 16.035971 17.835258
1560000 16.499196 17.834402
1561000 16.804465 17.833742
1562000 16.517277 17.832899
1563000 16.281477 17.831907
1564000 16.476313 17.831040
1565000 16.653375 17.830288
1566000 16.899821 17.829693
1567000 16.904283 17.829103
1568000 16.743495 17.828410
1569000 16.743938 17.827719
1570000 16.982015 17.827181
1571000 16.964047 17.826631
1572000 16.827189 17.825995
1573000 16.656306 17.825252
1574000 16.681602 17.824525
1575000 16.437035 17.823644
1576000 16.297843 17.822676
1577000 16.409226 17.821780
1578000 16.566250 17.820984
1579000 16.511950 17.820155
1580000 16.376912 17.819242
1581000 16.322357 17.818295
1582000 16.471190 17.817443
1583000 16.131638 17.816378
1584000 16.632602 17.815631
1585000 16.343867 17.814703
1586000 16.302804 17.813749
1587000 16.135111 17.812692
1588000 16.078921 17.811600
1589000 16.276662 17.810634
1590000 15.988325 17.809488
1591000 16.416872 17.808612
1592000 16.278261 17.807651
1593000 16.243129 17.806669
1594000 16.177466 17.805647
1595000 16.387958 17.804758
1596000 16.084162 17.803680
1597000 16.335262 17.802761
1598000 16.054166 17.801666
1599000 16.338373 17.800751
1600000 16.188373 17.799743
1601000 16.438447 17.798893
1602000 16.390315 17.798014
1603000 16.414624 17.797151
1604000 16.183293 17.796145
1605000 15.846083 17.794930
1606000 16.129407 17.793893
1607000 15.988338 17.792769
1608000 16.303232 17.791843
1609000 16.304345 17.790918
1610000 16.338055 17.790016
1611000 16.198963 17.789028
1612000 16.511515 17.788236
1613000 16.327975 17.787330
1614000 16.220747 17.786360
1615000 16.099026 17.785315
1616000 15.912836 17.784156
1617000 15.800743 17.782930
1618000 16.033507 17.781849
1619000 16.146547 17.780838
1620000 15.785391 17.779607
1621000 15.900298 17.778447
1622000 15.771960 17.777210
1623000 15.971672 17.776098
1624000 16.025656 17.775020
1625000 15.839861 17.773829
1626000 15.611171 17.772499
1627000 16.186551 17.771524
1628000 16.543585 17.770770
1629000 16.218099 17.769817
1630000 16.317686 17.768926
1631000 16.244816 17.767992
1632000 15.908726 17.766852
1633000 16.122062 17.765845
1634000 16.304148 17.764951
1635000 16.354561 17.764088
1636000 16.344051 17.763220
1637000 16.464325 17.762426
1638000 16.221216 17.761486
1639000 16.158696 17.760508
1640000 16.595550 17.759797
1641000 16.332650 17.758928
1642000 16.202229 17.757980
1643000 16.219629 17.757043
1644000 16.564113 17.756318
1645000 16.410488 17.755499
1646000 16.395402 17.754673
1647000 16.333228 17.753810
1648000 15.785915 17.752616
1649000 16.186737 17.751666
1650000 16.115273 17.750675
1651000 16.014794 17.749623
1652000 16.020283 17.748576
1653000 16.537638 17.747844
1654000 16.367570 17.747009
1655000 16.629391 17.746334
1656000 16.278281 17.745448
1657000 16.621370 17.744769
1658000 16.411465 17.743965
1659000 16.559045 17.743251
1660000 16.174901 17.742306
1661000 16.327081 17.741454
1662000 16.758697 17.740863
1663000 16.382789 17.740046
1664000 16.487014 17.739293
1665000 16.697054 17.738667
1666000 16.355854 17.737837
1667000 16.603495 17.737157
1668000 16.384974 17.736346
1669000 16.539596 17.735629
1670000 16.386844 17.734821
1671000 16.723711 17.734216
1672000 16.688221 17.733590
1673000 16.737611 17.732995
1674000 16.428225 17.732216
1675000 16.210879 17.731307
1676000 16.075322 17.730319
1677000 16.174784 17.729392
1678000 16.191501 17.728475
1679000 16.363244 17.727662
1680000 16.184032 17.726743
1681000 16.357585 17.725929
1682000 16.299062 17.725081
1683000 16.149236 17.724144
1684000 16.012569 17.723128
1685000 16.036333 17.722127
1686000 16.141701 17.721189
1687000 16.018848 17.720180
1688000 16.167062 17.719260
1689000 16.211923 17.718368
1690000 16.390333 17.717582
1691000 16.631947 17.716940
1692000 16.544926 17.716247
1693000 16.655892 17.715621
1694000 16.856381 17.715114
1695000 16.543508 17.714423
1696000 16.486027 17.713698
1697000 16.358461 17.712900
1698000 16.549289 17.712214
1699000 16.128382 17.711282
1700000 16.251119 17.710423
1701000 16.141230 17.709501
1702000 16.239904 17.708637
1703000 16.268570 17.707792
1704000 16.306583 17.706969
1705000 16.299586 17.706144
1706000 16.253505 17.705292
1707000 16.208425 17.704415
1708000 16.473325 17.703695
1709000 15.963726 17.702677
1710000 16.234518 17.701818
1711000 16.381487 17.701046
1712000 16.550878 17.700375
1713000 16.189196 17.699492
1714000 16.421592 17.698747
1715000 16.362221 17.697967
1716000 16.672712 17.697370
1717000 16.740760 17.696813
1718000 16.567588 17.696156
1719000 16.811906 17.695641
1720000 16.561906 17.694982
1721000 16.826975 17.694478
1722000 16.669013 17.693882
1723000 16.567711 17.693229
1724000 16.188668 17.692356
1725000 16.314433 17.691557
1726000 16.486874 17.690859
1727000 16.480074 17.690158
1728000 16.616373 17.689537
1729000 16.449882 17.688820
1730000 16.608368 17.688195
1731000 16.290526 17.687388
1732000 16.372691 17.686629
1733000 16.389864 17.685880
1734000 16.461971 17.685174
1735000 16.900255 17.684722
1736000 16.787519 17.684205
1737000 16.790471 17.683691
1738000 16.601935 17.683068
1739000 16.449841 17.682359
1740000 16.536431 17.681701
1741000 16.792488 17.681190
1742000 16.545441 17.680538
1743000 16.523274 17.679874
1744000 16.526261 17.679212
1745000 16.313975 17.678430
1746000 16.340053 17.677663
1747000 16.402148 17.676933
1748000 16.334810 17.676166
1749000 16.258086 17.675355
1750000 16.581551 17.674730
1751000 16.465479 17.674039
1752000 16.376268 17.673298
1753000 16.249970 17.672486
1754000 16.179175 17.671635
1755000 16.484498 17.670959
1756000 16.111435 17.670071
1757000 16.073713 17.669162
1758000 15.883891 17.668146
1759000 16.048070 17.667225
1760000 15.997626 17.666277
1761000 16.209388 17.665449
1762000 16.155383 17.664592
1763000 16.246102 17.663788
1764000 16.285122 17.663006
1765000 16.246224 17.662204
1766000 15.997032 17.661261
1767000 16.330375 17.660508
1768000 16.043506 17.659593
1769000 16.073463 17.658696
1770000 15.718249 17.657600
1771000 15.855472 17.656582
1772000 15.892292 17.655587
1773000 15.609577 17.654433
1774000 16.048259 17.653527
1775000 16.006768 17.652600
1776000 15.944451 17.651638
1777000 16.137976 17.650786
1778000 16.083155 17.649904
1779000 15.483008 17.648686
1780000 15.604398 17.647538
1781000 16.059268 17.646646
1782000 15.608804 17.645502
1783000 16.216165 17.644701
1784000 15.953620 17.643753
1785000 15.826180 17.642735
1786000 16.011069 17.641821
1787000 15.965044 17.640883
1788000 15.899893 17.639909
1789000 15.684685 17.638816
1790000 15.584864 17.637669
1791000 15.748647 17.636614
1792000 15.816950 17.635599
1793000 15.605272 17.634466
1794000 15.720140 17.633399
1795000 15.712521 17.632329
1796000 15.836543 17.631329
1797000 15.902048 17.630367
1798000 15.968624 17.629443
1799000 15.819731 17.628437
1800000 15.843170 17.627445
1801000 15.662325 17.626354
1802000 15.806482 17.625344
1803000 16.061043 17.624476
1804000 15.861192 17.623499
1805000 15.565104 17.622358
1806000 15.901348 17.621405
1807000 15.685123 17.620334
1808000 16.135144 17.619512
1809000 16.086767 17.618665
1810000 16.013200 17.617778
1811000 15.683645 17.616710
1812000 15.880470 17.615752
1813000 15.821250 17.614762
1814000 15.854356 17.613792
1815000 15.437199 17.612592
1816000 15.893672 17.611646
1817000 15.897577 17.610703
1818000 15.972027 17.609801
1819000 16.003000 17.608918
1820000 16.030570 17.608051
1821000 15.963615 17.607148
1822000 15.955990 17.606241
1823000 16.334785 17.605544
1824000 15.882946 17.604599
1825000 16.128774 17.603791
1826000 16.194978 17.603019
1827000 16.072397 17.602181
1828000 16.091880 17.601355
1829000 16.227154 17.600604
1830000 16.343748 17.599917
1831000 16.291465 17.599203
1832000 16.512157 17.598609
1833000 16.228554 17.597862
1834000 16.648495 17.597344
1835000 16.503796 17.596748
1836000 16.128256 17.595948
1837000 16.415697 17.595306
1838000 16.224396 17.594560
1839000 16.465494 17.593946
1840000 16.279348 17.593232
1841000 16.136335 17.592440
1842000 16.152202 17.591658
1843000 16.441683 17.591034
1844000 16.087834 17.590219
1845000 15.896075 17.589301
1846000 16.129450 17.588510
1847000 16.310285 17.587818
1848000 16.246535 17.587092
1849000 16.162843 17.586322
1850000 16.212703 17.585579
1851000 15.987859 17.584716
1852000 16.196452 17.583967
1853000 16.446527 17.583353
1854000 16.012490 17.582506
1855000 15.889853 17.581593
1856000 15.695473 17.580577
1857000 15.852468 17.579646
1858000 16.092874 17.578846
1859000 16.166252 17.578086
1860000 15.874053 17.577170
1861000 15.909518 17.576274
1862000 16.407793 17.575646
1863000 16.452280 17.575043
1864000 16.622686 17.574532
1865000 16.282216 17.573840
1866000 16.682357 17.573362
1867000 16.803630 17.572950
1868000 16.340704 17.572290
1869000 16.696748 17.571821
1870000 16.595272 17.571299
1871000 16.384814 17.570665
1872000 16.547926 17.570119
1873000 16.132880 17.569351
1874000 16.036527 17.568533
1875000 16.019522 17.567707
1876000 16.263800 17.567012
1877000 16.232946 17.566301
1878000 16.610714 17.565793
1879000 16.213617 17.565073
1880000 16.688039 17.564607
1881000 16.658196 17.564125
1882000 16.483929 17.563551
1883000 16.675999 17.563079
1884000 16.492748 17.562511
1885000 16.555288 17.561977
1886000 16.491670 17.561409
1887000 16.472297 17.560832
1888000 16.458812 17.560249
1889000 16.701591 17.559794
1890000 16.569827 17.559270
1891000 16.458387 17.558688
1892000 16.638281 17.558202
1893000 16.561971 17.557675
1894000 16.893786 17.557325
1895000 16.547717 17.556792
1896000 16.808597 17.556397
1897000 16.770996 17.555983
1898000 16.662513 17.555513
1899000 16.516230 17.554965
1900000 16.784210 17.554560
1901000 16.584384 17.554049
1902000 16.383114 17.553434
1903000 16.698654 17.552984
1904000 16.409238 17.552384
1905000 16.815330 17.551997
1906000 16.383401 17.551384
1907000 16.624670 17.550898
1908000 16.298719 17.550242
1909000 16.447146 17.549664
1910000 16.213548 17.548964
1911000 16.041843 17.548175
1912000 16.308890 17.547527
1913000 16.547921 17.547005
1914000 16.236669 17.546320
1915000 16.884841 17.545975
1916000 16.744119 17.545556
1917000 16.579591 17.545052
1918000 16.984523 17.544760
1919000 16.670125 17.544304
1920000 17.030039 17.544036
1921000 16.895904 17.543699
1922000 16.835575 17.543331
1923000 16.780897 17.542934
1924000 17.010061 17.542657
1925000 16.838505 17.542291
1926000 16.971251 17.541995
1927000 16.932508 17.541679
1928000 16.529014 17.541153
1929000 16.782781 17.540760
1930000 16.607831 17.540277
1931000 16.898950 17.539945
1932000 16.476219 17.539394
1933000 16.131123 17.538666
1934000 16.239331 17.537994
1935000 16.144737 17.537274
1936000 16.166553 17.536566
1937000 16.295489 17.535925
1938000 16.218026 17.535245
1939000 16.495086 17.534709
1940000 16.259087 17.534051
1941000 16.310824 17.533421
1942000 16.409330 17.532842
1943000 16.581541 17.532352
1944000 16.623636 17.531885
1945000 16.953841 17.531588
1946000 16.757024 17.531190
1947000 16.674634 17.530750
1948000 16.059835 17.529995
1949000 15.981063 17.529200
1950000 16.378102 17.528610
1951000 16.562894 17.528115
1952000 16.500037 17.527588
1953000 16.593404 17.527110
1954000 16.723967 17.526699
1955000 15.966287 17.525900
1956000 16.119677 17.525182
1957000 16.278558 17.524545
1958000 16.505297 17.524024
1959000 16.742909 17.523625
1960000 16.556300 17.523132
1961000 16.369749 17.522544
1962000 16.028002 17.521782
1963000 16.323790 17.521172
1964000 16.621959 17.520714
1965000 16.803315 17.520349
1966000 16.482932 17.519821
1967000 16.512156 17.519309
1968000 16.463838 17.518772
1969000 16.602384 17.518307
1970000 16.764465 17.517924
1971000 16.765510 17.517542
1972000 16.973268 17.517266
1973000 16.760645 17.516883
1974000 16.487015 17.516361
1975000 16.558652 17.515876
1976000 16.600090 17.515413
1977000 16.523335 17.514911
1978000 16.673243 17.514486
1979000 16.854617 17.514152
1980000 16.333478 17.513556
1981000 16.876459 17.513234
1982000 16.775288 17.512862
1983000 16.708287 17.512456
1984000 16.815483 17.512105
1985000 16.735809 17.511714
1986000 16.603242 17.511256
1987000 16.707446 17.510852
1988000 16.306357 17.510246
1989000 16.621418 17.509799
1990000 16.702857 17.509394
1991000 16.920836 17.509098
1992000 16.915994 17.508800
1993000 16.645392 17.508367
1994000 16.899505 17.508062
1995000 16.882938 17.507748
1996000 16.633742 17.507310
1997000 16.424356 17.506768
1998000 16.648720 17.506339
1999000 16.728522 17.505950
2000000 16.592580 17.505493
2001000 16.651165 17.505066
2002000 16.426349 17.504527
2003000 16.597932 17.504075
2004000 16.249405 17.503448
2005000 16.520854 17.502958
2006000 16.472119 17.502444
2007000 16.716993 17.502053
2008000 16.748921 17.501678
2009000 16.679187 17.501269
2010000 16.691651 17.500866
2011000 16.654191 17.500445
2012000 16.412409 17.499904
2013000 16.601257 17.499458
2014000 16.990541 17.499205
2015000 16.798001 17.498857
2016000 16.783434 17.498502
2017000 16.424534 17.497970
2018000 16.762541 17.497605
2019000 16.906532 17.497312
2020000 16.643643 17.496890
2021000 16.645895 17.496469
2022000 16.673737 17.496062
2023000 16.695070 17.495666
2024000 16.725396 17.495285
2025000 16.860346 17.494972
2026000 16.595893 17.494528
2027000 16.939988 17.494254
2028000 16.721224 17.493873
2029000 16.989731 17.493625
2030000 17.316797 17.493538
2031000 17.168182 17.493378
2032000 17.009120 17.493139
2033000 17.196475 17.492993
2034000 17.066473 17.492784
2035000 16.919191 17.492502
2036000 17.002977 17.492261
2037000 16.703341 17.491874
2038000 16.750473 17.491510
2039000 16.809430 17.491176
2040000 16.589287 17.490734
2041000 16.896910 17.490443
2042000 16.630575 17.490022
2043000 16.781125 17.489675
2044000 17.014212 17.489442
2045000 17.145758 17.489274
2046000 16.924990 17.488998
2047000 16.559938 17.488544
2048000 16.869086 17.488242
2049000 17.063196 17.488034
2050000 16.994666 17.487794
2051000 16.903061 17.487509
2052000 17.160160 17.487349
2053000 16.958793 17.487092
2054000 17.283267 17.486992
2055000 17.136795 17.486822
2056000 17.085421 17.486627
2057000 17.149009 17.486463
2058000 16.886129 17.486171
2059000 16.800572 17.485838
2060000 16.952132 17.485579
2061000 17.077274 17.485381
2062000 17.106612 17.485197
2063000 16.993841 17.484959
2064000 16.702167 17.484580
2065000 16.808804 17.484252
2066000 16.886514 17.483963
2067000 16.830015 17.483647
2068000 16.931053 17.483379
2069000 16.813034 17.483055
2070000 16.934425 17.482790
2071000 16.756657 17.482440
2072000 16.627469 17.482027
2073000 16.434719 17.481522
2074000 16.745158 17.481167
2075000 16.780483 17.480829
2076000 16.654830 17.480431
2077000 16.399448 17.479911
2078000 16.474038 17.479427
2079000 16.778329 17.479090
2080000 17.068379 17.478892
2081000 16.782145 17.478557
2082000 17.037307 17.478345
2083000 17.090420 17.478159
2084000 17.083478 17.477970
2085000 16.843287 17.477665
2086000 16.586964 17.477238
2087000 16.705612 17.476869
2088000 16.739750 17.476516
2089000 16.690064 17.476139
2090000 16.806690 17.475819
2091000 17.068747 17.475624
2092000 17.081277 17.475436
2093000 17.031697 17.475224
2094000 17.330496 17.475154
2095000 17.074593 17.474963
2096000 17.031695 17.474752
2097000 17.199455 17.474621
2098000 16.994421 17.474392
2099000 16.875850 17.474106
2100000 16.967721 17.473865
2101000 17.027599 17.473653
2102000 17.069542 17.473461
2103000 17.022403 17.473246
2104000 16.905086 17.472976
2105000 16.997015 17.472750
2106000 17.006574 17.472529
2107000 17.144828 17.472373
2108000 16.813512 17.472061
2109000 16.610904 17.471652
2110000 16.424135 17.471156
2111000 16.854667 17.470864
2112000 16.347113 17.470332
2113000 16.930215 17.470076
2114000 16.964649 17.469837
2115000 16.522826 17.469389
2116000 16.658082 17.469006
2117000 16.572737 17.468582
2118000 17.122883 17.468419
2119000 16.831534 17.468119
2120000 16.767328 17.467788
2121000 16.761010 17.467455
2122000 16.632066 17.467061
2123000 16.928590 17.466808
2124000 17.162961 17.466665
2125000 16.803715 17.466353
2126000 16.805191 17.466042
2127000 16.908437 17.465779
2128000 16.937353 17.465531
2129000 17.115014 17.465366
2130000 17.269618 17.465275
2131000 17.205554 17.465153
2132000 16.720068 17.464803
2133000 16.964867 17.464569
2134000 17.106780 17.464401
2135000 16.703581 17.464045
2136000 16.738292 17.463705
2137000 16.455187 17.463233
2138000 16.467295 17.462767
2139000 16.808469 17.462461
2140000 16.817191 17.462160
2141000 17.131494 17.462005
2142000 16.698270 17.461649
2143000 16.546364 17.461222
2144000 16.629102 17.460834
2145000 16.412955 17.460345
2146000 16.960304 17.460112
2147000 16.685785 17.459751
2148000 16.814355 17.459451
2149000 16.732042 17.459112
2150000 16.860643 17.458834
2151000 16.772517 17.458515
2152000 16.151026 17.457907
2153000 16.198824 17.457323
2154000 16.425122 17.456843
2155000 16.529087 17.456413
2156000 16.685406 17.456055
2157000 16.828351 17.455764
2158000 16.929947 17.455521
2159000 16.691710 17.455167
2160000 16.785846 17.454857
2161000 16.884359 17.454593
2162000 16.848692 17.454313
2163000 17.020002 17.454112
2164000 16.942233 17.453875
2165000 17.303933 17.453806
2166000 17.066106 17.453627
2167000 16.937653 17.453389
2168000 17.195901 17.453270
2169000 17.451882 17.453270
2170000 17.241404 17.453172
2171000 17.122927 17.453020
2172000 17.215749 17.452911
2173000 17.259494 17.452822
2174000 17.366656 17.452782
2175000 17.007840 17.452577
2176000 17.054407 17.452395
2177000 16.708246 17.452053
2178000 16.712624 17.451713
2179000 17.054678 17.451531
2180000 17.096389 17.451368
2181000 17.220077 17.451262
2182000 17.103773 17.451103
2183000 17.169614 17.450974
2184000 17.012624 17.450773
2185000 17.287059 17.450698
2186000 16.886806 17.450440
2187000 16.809240 17.450147
2188000 17.070231 17.449973
2189000 17.283055 17.449897
2190000 17.406132 17.449877
2191000 17.230827 17.449777
2192000 17.066526 17.449602
2193000 16.929428 17.449365
2194000 17.063173 17.449189
2195000 17.031594 17.448999
2196000 16.997951 17.448793
2197000 17.397978 17.448770
2198000 17.027636 17.448579
2199000 17.287169 17.448505
2200000 17.335183 17.448454
2201000 17.462683 17.448460
2202000 17.176817 17.448337
2203000 17.871365 17.448529
2204000 17.270687 17.448448
2205000 17.551403 17.448495
2206000 17.526769 17.448530
2207000 17.623029 17.448610
2208000 17.287247 17.448536
2209000 17.591519 17.448601
2210000 17.572992 17.448657
2211000 17.511064 17.448686
2212000 17.474907 17.448698
2213000 17.427598 17.448688
2214000 17.579490 17.448747
2215000 17.263420 17.448663
2216000 17.271289 17.448583
2217000 17.347734 17.448538
2218000 17.327262 17.448483
2219000 17.318460 17.448425
2220000 17.280188 17.448349
2221000 17.521157 17.448382
2222000 17.562105 17.448433
2223000 17.726632 17.448558
2224000 17.454157 17.448560
2225000 17.409902 17.448543
2226000 17.105629 17.448389
2227000 17.199441 17.448277
2228000 17.073110 17.448109
2229000 17.327782 17.448055
2230000 17.129960 17.447912
2231000 17.333031 17.447861
2232000 16.915279 17.447622
2233000 17.095224 17.447464
2234000 16.965772 17.447249
2235000 17.235484 17.447154
2236000 17.342049 17.447107
2237000 17.592924 17.447172
2238000 17.681681 17.447277
2239000 17.256105 17.447192
2240000 17.083863 17.447029
2241000 17.110381 17.446879
2242000 16.890952 17.446631
2243000 16.990398 17.446428
2244000 17.143037 17.446293
2245000 17.039090 17.446111
2246000 16.947305 17.445889
2247000 17.306611 17.445827
2248000 17.098724 17.445673
2249000 17.131097 17.445533
2250000 17.364654 17.445497
2251000 17.332975 17.445447
2252000 17.387467 17.445421
2253000 17.236662 17.445328
2254000 17.305067 17.445266
2255000 17.103564 17.445115
2256000 17.209719 17.445010
2257000 17.269474 17.444933
2258000 17.373358 17.444901
2259000 17.483748 17.444918
2260000 17.394253 17.444896
2261000 17.187265 17.444782
2262000 17.472497 17.444794
2263000 17.469137 17.444805
2264000 17.307861 17.444744
2265000 17.530059 17.444782
2266000 17.503564 17.444808
2267000 17.170922 17.444687
2268000 17.170938 17.444566
2269000 17.084979 17.444408
2270000 16.985802 17.444206
2271000 17.083005 17.444047
2272000 17.163185 17.443923
2273000 17.012695 17.443733
2274000 16.960017 17.443521
2275000 17.045602 17.443346
2276000 16.595732 17.442973
2277000 16.470727 17.442546
2278000 16.748496 17.442242
2279000 16.873375 17.441992
2280000 16.969189 17.441785
2281000 16.889490 17.441543
2282000 16.615632 17.441181
2283000 17.041131 17.441005
2284000 17.290455 17.440940
2285000 17.458296 17.440947
2286000 17.408381 17.440933
2287000 17.064357 17.440768
2288000 17.222276 17.440673
2289000 16.857271 17.440418
2290000 17.170655 17.440300
2291000 17.236423 17.440211
2292000 17.097339 17.440062
2293000 17.408298 17.440048
2294000 16.988117 17.439851
2295000 17.260101 17.439772
2296000 16.973275 17.439569
2297000 17.139871 17.439439
2298000 17.614659 17.439515
2299000 17.497603 17.439540
2300000 17.236775 17.439452
2301000 17.234993 17.439363
2302000 17.198799 17.439259
2303000 17.206370 17.439158
2304000 17.131712 17.439024
2305000 17.161572 17.438904
2306000 17.037112 17.438730
2307000 17.212032 17.438631
2308000 17.315142 17.438578
2309000 16.971570 17.438375
2310000 16.990973 17.438182
2311000 17.406933 17.438168
2312000 17.407694 17.438155
2313000 17.117350 17.438016
2314000 16.738168 17.437714
2315000 17.536607 17.437757
2316000 16.925215 17.437535
2317000 16.994555 17.437344
2318000 16.869481 17.437099
2319000 16.945817 17.436887
2320000 17.287498 17.436823
2321000 16.999582 17.436635
2322000 16.968366 17.436433
2323000 16.802815 17.436160
2324000 17.102492 17.436017
2325000 17.096537 17.435871
2326000 17.129325 17.435739
2327000 17.138447 17.435611
2328000 16.833546 17.435352
2329000 16.629399 17.435006
2330000 16.990084 17.434815
2331000 16.996362 17.434627
2332000 17.049567 17.434462
2333000 16.745813 17.434167
2334000 16.723830 17.433863
2335000 16.795910 17.433589
2336000 16.723878 17.433286
2337000 17.125987 17.433154
2338000 17.337868 17.433113
2339000 17.070055 17.432958
2340000 16.932761 17.432744
2341000 17.010775 17.432564
2342000 17.043817 17.432398
2343000 17.067496 17.432242
2344000 16.777523 17.431963
2345000 17.197329 17.431863
2346000 17.275222 17.431796
2347000 17.131721 17.431668
2348000 16.854620 17.431423
2349000 17.065096 17.431267
2350000 16.912666 17.431046
2351000 16.531373 17.430663
2352000 16.667595 17.430339
2353000 16.993968 17.430153
2354000 17.235431 17.430071
2355000 16.875300 17.429835
2356000 16.979682 17.429644
2357000 16.895499 17.429417
2358000 16.909088 17.429197
2359000 17.407128 17.429187
2360000 17.228449 17.429102
2361000 17.251740 17.429027
2362000 17.195063 17.428928
2363000 16.823676 17.428672
2364000 17.198969 17.428575
2365000 16.920627 17.428360
2366000 17.012626 17.428184
2367000 16.887398 17.427956
2368000 17.220057 17.427868
2369000 17.207910 17.427775
2370000 17.204864 17.427681
2371000 16.981401 17.427493
2372000 17.165498 17.427383
2373000 17.079359 17.427236
2374000 17.459261 17.427249
2375000 17.164582 17.427139
2376000 16.981387 17.426951
2377000 17.333216 17.426912
2378000 17.080463 17.426766
2379000 17.070520 17.426616
2380000 17.345181 17.426582
2381000 17.255990 17.426510
2382000 17.533188 17.426555
2383000 17.747722 17.426690
2384000 17.574258 17.426752
2385000 17.454877 17.426764
2386000 17.467920 17.426781
2387000 17.573500 17.426842
2388000 17.696172 17.426955
2389000 17.457154 17.426968
2390000 17.665408 17.427068
2391000 17.113101 17.426936
2392000 17.599089 17.427008
2393000 17.414583 17.427003
2394000 17.407528 17.426995
2395000 17.346343 17.426961
2396000 17.266913 17.426894
2397000 17.192010 17.426797
2398000 17.477851 17.426818
2399000 17.085127 17.426675
2400000 17.264148 17.426608
2401000 17.277866 17.426546
2402000 17.145790 17.426429
2403000 17.120844 17.426302
2404000 17.279748 17.426241
2405000 16.933610 17.426036
2406000 17.057192 17.425883
2407000 17.107535 17.425750
2408000 17.126882 17.425626
2409000 17.172288 17.425521
2410000 17.167694 17.425414
2411000 17.607413 17.425490
2412000 17.890213 17.425682
2413000 17.502371 17.425714
2414000 17.358609 17.425686
2415000 17.567466 17.425745
2416000 17.301026 17.425693
2417000 16.929793 17.425488
2418000 17.378318 17.425469
2419000 17.132663 17.425348
2420000 17.128414 17.425225
2421000 17.831313 17.425393
2422000 17.758993 17.425530
2423000 17.898531 17.425726
2424000 17.771216 17.425868
2425000 17.567185 17.425926
2426000 17.326988 17.425886
2427000 17.745093 17.426017
2428000 17.593724 17.426086
2429000 17.477362 17.426107
2430000 17.822066 17.426270
2431000 17.636994 17.426357
2432000 17.516759 17.426394
2433000 17.149472 17.426280
2434000 17.517810 17.426318
2435000 17.106534 17.426187
2436000 17.172566 17.426082
2437000 17.196163 17.425988
2438000 17.432123 17.425991
2439000 17.636068 17.426077
2440000 17.693901 17.426186
2441000 17.412348 17.426181
2442000 17.540686 17.426228
2443000 17.374036 17.426206
2444000 17.176824 17.426104
2445000 17.300595 17.426053
2446000 17.319089 17.426009
2447000 17.292359 17.425955
2448000 17.386744 17.425939
2449000 17.723901 17.426060
2450000 17.575924 17.426121
2451000 17.556146 17.426174
2452000 17.911539 17.426372
2453000 17.925279 17.426576
2454000 17.693141 17.426684
2455000 17.536677 17.426729
2456000 17.136406 17.426611
2457000 17.166523 17.426505
2458000 17.123437 17.426382
2459000 17.099324 17.426249
2460000 17.272510 17.426186
2461000 16.986126 17.426008
2462000 16.939329 17.425810
2463000 16.988198 17.425632
2464000 16.768386 17.425365
2465000 16.909414 17.425156
2466000 17.179017 17.425056
2467000 17.013885 17.424890
2468000 17.217580 17.424806
2469000 17.258868 17.424738
2470000 17.513861 17.424775
2471000 17.634159 17.424859
2472000 17.855471 17.425033
2473000 17.690495 17.425141
2474000 17.234047 17.425064
2475000 17.539937 17.425110
2476000 17.647960 17.425200
2477000 17.566618 17.425257
2478000 17.662353 17.425353
2479000 17.725353 17.425474
2480000 17.518643 17.425511
2481000 17.510363 17.425546
2482000 17.391516 17.425532
2483000 17.660060 17.425626
2484000 17.884509 17.425811
2485000 17.674123 17.425911
2486000 17.703982 17.426023
2487000 17.704939 17.426135
2488000 17.479014 17.426156
2489000 17.873576 17.426336
2490000 17.692525 17.426443
2491000 17.364640 17.426418
2492000 17.711037 17.426532
2493000 17.125389 17.426411
2494000 17.175847 17.426311
2495000 17.488143 17.426336
2496000 17.909710 17.426529
2497000 17.560497 17.426583
2498000 17.541893 17.426629
2499000 17.415198 17.426625
2500000 17.517668 17.426661
2501000 17.210651 17.426575
2502000 17.169078 17.426472
2503000 17.348377 17.426441
2504000 17.253928 17.426372
2505000 17.472176 17.426390
2506000 17.277029 17.426330
2507000 17.233505 17.426253
2508000 17.478689 17.426274
2509000 17.493973 17.426301
2510000 17.200252 17.426211
2511000 17.366852 17.426188
2512000 17.322516 17.426146
2513000 17.073479 17.426006
2514000 17.287313 17.425951
2515000 17.206205 17.425864
2516000 16.951094 17.425675
2517000 17.393894 17.425662
2518000 16.852151 17.425434
2519000 17.313845 17.425390
2520000 17.230423 17.425313
2521000 17.082349 17.425177
2522000 17.352615 17.425148
2523000 17.241405 17.425075
2524000 17.162697 17.424971
2525000 17.342026 17.424938
2526000 17.542278 17.424985
2527000 17.648379 17.425073
2528000 17.299246 17.425023
2529000 17.268306 17.424961
2530000 17.377062 17.424943
2531000 17.140929 17.424830
2532000 16.916846 17.424630
2533000 17.184233 17.424535
2534000 16.936591 17.424342
2535000 17.453080 17.424354
2536000 17.573559 17.424412
2537000 17.479531 17.424434
2538000 17.348514 17.424404
2539000 17.611776 17.424478
2540000 17.507423 17.424511
2541000 17.342925 17.424479
2542000 17.628899 17.424559
2543000 17.382196 17.424542
2544000 17.456791 17.424555
2545000 17.548355 17.424604
2546000 17.438087 17.424609
2547000 17.578872 17.424669
2548000 17.634956 17.424752
2549000 17.521803 17.424790
2550000 17.341140 17.424757
2551000 17.205264 17.424671
2552000 17.597806 17.424739
2553000 17.316225 17.424697
2554000 17.489169 17.424722
2555000 17.434397 17.424726
2556000 17.208228 17.424641
2557000 17.299029 17.424592
2558000 17.137727 17.424480
2559000 16.985198 17.424308
2560000 16.922723 17.424112
2561000 16.719670 17.423837
2562000 17.029046 17.423683
2563000 17.279870 17.423627
2564000 16.999960 17.423462
2565000 16.744850 17.423197
2566000 16.860720 17.422978
2567000 17.540152 17.423023
2568000 17.273521 17.422965
2569000 16.998517 17.422800
2570000 17.343626 17.422769
2571000 16.986391 17.422599
2572000 17.145400 17.422492
2573000 16.990944 17.422324
2574000 16.933249 17.422134
2575000 17.083414 17.422002
2576000 17.127444 17.421888
2577000 17.142513 17.421780
2578000 17.563716 17.421835
2579000 17.110339 17.421714
2580000 17.292811 17.421664
2581000 17.309662 17.421621
2582000 17.315682 17.421580
2583000 17.325590 17.421542
2584000 17.502677 17.421574
2585000 17.252541 17.421508
2586000 17.405972 17.421502
2587000 17.337583 17.421470
2588000 17.084296 17.421340
2589000 17.319848 17.421300
2590000 17.868284 17.421473
2591000 17.328886 17.421437
2592000 17.420583 17.421437
2593000 17.538160 17.421482
2594000 17.609033 17.421554
2595000 17.367026 17.421533
2596000 17.657423 17.421624
2597000 17.660201 17.421716
2598000 17.594240 17.421782
2599000 17.626273 17.421861
2600000 17.785450 17.422001
2601000 18.150225 17.422281
2602000 18.254227 17.422601
2603000 17.985268 17.422817
2604000 17.735661 17.422937
2605000 17.594524 17.423003
2606000 17.845281 17.423165
2607000 18.042435 17.423402
2608000 17.978987 17.423615
2609000 18.199716 17.423913
2610000 17.883321 17.424089
2611000 17.659151 17.424179
2612000 18.262994 17.424500
2613000 18.291644 17.424832
2614000 17.847138 17.424993
2615000 18.093225 17.425249
2616000 18.089418 17.425503
2617000 18.320468 17.425845
2618000 18.197733 17.426140
2619000 18.111338 17.426401
2620000 18.283740 17.426729
2621000 18.503530 17.427139
2622000 18.022454 17.427366
2623000 17.722237 17.427479
2624000 17.740568 17.427598
2625000 17.723233 17.427711
2626000 17.642747 17.427793
2627000 17.694399 17.427894
2628000 17.504814 17.427923
2629000 17.536802 17.427965
2630000 17.585443 17.428025
2631000 17.632724 17.428103
2632000 17.688011 17.428201
2633000 17.857697 17.428364
2634000 17.761246 17.428491
2635000 17.725134 17.428603
2636000 17.711095 17.428711
2637000 18.003026 17.428928
2638000 17.994405 17.429143
2639000 18.067916 17.429385
2640000 17.723258 17.429496
2641000 17.761469 17.429622
2642000 17.507288 17.429651
2643000 17.269288 17.429590
2644000 17.739533 17.429708
2645000 17.101193 17.429584
2646000 17.377294 17.429564
2647000 17.400070 17.429553
2648000 16.917733 17.429359
2649000 17.303710 17.429312
2650000 17.154809 17.429208
2651000 17.331496 17.429171
2652000 17.295187 17.429121
2653000 17.379670 17.429102
2654000 17.302703 17.429055
2655000 16.860022 17.428840
2656000 17.312767 17.428797
2657000 16.945573 17.428615
2658000 17.077431 17.428483
2659000 16.879606 17.428276
2660000 16.769622 17.428029
2661000 17.301356 17.427981
2662000 17.013136 17.427825
2663000 17.297792 17.427776
2664000 17.404017 17.427767
2665000 16.953785 17.427590
2666000 17.219759 17.427512
2667000 16.783980 17.427270
2668000 17.103859 17.427149
2669000 17.024745 17.426998
2670000 16.610046 17.426692
2671000 16.977704 17.426524
2672000 17.258566 17.426461
2673000 16.840716 17.426242
2674000 16.871802 17.426035
2675000 16.767998 17.425789
2676000 16.720348 17.425525
2677000 17.202555 17.425442
2678000 16.704155 17.425173
2679000 17.132366 17.425063
2680000 17.159790 17.424964
2681000 17.132850 17.424855
2682000 17.169901 17.424760
2683000 16.943344 17.424581
2684000 17.031711 17.424435
2685000 17.056040 17.424297
2686000 17.125358 17.424186
2687000 16.867433 17.423979
2688000 16.972060 17.423811
2689000 16.608905 17.423508
2690000 16.995597 17.423349
2691000 16.790068 17.423113
2692000 16.803668 17.422883
2693000 17.188808 17.422796
2694000 17.137839 17.422690
2695000 17.417576 17.422689
2696000 16.729419 17.422431
2697000 16.968909 17.422263
2698000 17.044529 17.422123
2699000 17.085336 17.421998
2700000 17.118529 17.421886
2701000 17.274627 17.421832
2702000 17.173856 17.421740
2703000 17.092537 17.421618
2704000 16.877678 17.421417
2705000 16.829813 17.421198
2706000 16.830640 17.420980
2707000 16.929544 17.420798
2708000 17.170858 17.420706
2709000 17.138401 17.420602
2710000 17.106175 17.420486
2711000 17.070805 17.420357
2712000 17.155535 17.420259
2713000 17.061481 17.420127
2714000 16.800625 17.419899
2715000 17.160059 17.419803
2716000 17.163851 17.419709
2717000 17.067223 17.419579
2718000 17.277043 17.419527
2719000 16.784906 17.419293
2720000 17.086048 17.419171
2721000 16.948903 17.418998
2722000 16.808989 17.418774
2723000 17.130078 17.418668
2724000 16.925620 17.418487
2725000 16.494606 17.418148
2726000 16.860781 17.417943
2727000 16.766308 17.417704
2728000 16.666272 17.417429
2729000 17.024850 17.417285
2730000 16.594648 17.416984
2731000 16.402646 17.416612
2732000 16.852132 17.416406
2733000 16.856306 17.416201
2734000 17.049041 17.416066
2735000 16.932680 17.415890
2736000 16.868357 17.415689
2737000 16.903284 17.415502
2738000 17.537379 17.415547
2739000 17.090570 17.415428
2740000 16.895471 17.415238
2741000 16.937842 17.415064
2742000 16.884514 17.414871
2743000 16.763443 17.414633
2744000 16.417463 17.414270
2745000 16.679651 17.414002
2746000 16.473845 17.413660
2747000 16.442256 17.413306
2748000 16.768309 17.413071
2749000 16.837519 17.412862
2750000 16.543769 17.412546
2751000 17.007703 17.412399
2752000 16.176196 17.411950
2753000 16.732123 17.411703
2754000 16.693972 17.411442
2755000 17.050697 17.411311
2756000 16.828745 17.411100
2757000 16.634348 17.410818
2758000 16.764646 17.410584
2759000 17.085730 17.410466
2760000 17.045074 17.410334
2761000 17.020345 17.410192
2762000 17.356904 17.410173
2763000 17.514833 17.410211
2764000 17.194086 17.410133
2765000 17.251981 17.410076
2766000 17.214491 17.410005
2767000 17.206458 17.409931
2768000 17.032309 17.409795
2769000 16.832553 17.409586
2770000 16.725527 17.409339
2771000 16.872472 17.409146
2772000 16.656861 17.408874
2773000 17.019954 17.408734
2774000 16.696367 17.408477
2775000 16.355276 17.408098
2776000 16.992610 17.407948
2777000 16.796362 17.407728
2778000 16.535444 17.407414
2779000 16.475499 17.407079
2780000 16.676754 17.406816
2781000 16.657638 17.406546
2782000 16.962403 17.406387
2783000 16.796757 17.406168
2784000 16.532197 17.405854
2785000 16.598953 17.405564
2786000 16.091829 17.405093
2787000 16.398773 17.404731
2788000 16.392624 17.404368
2789000 16.453313 17.404027
2790000 16.541610 17.403718
2791000 16.913502 17.403543
2792000 16.587503 17.403250
2793000 16.479322 17.402920
2794000 16.719755 17.402675
2795000 16.361143 17.402302
2796000 16.716992 17.402057
2797000 16.612704 17.401775
2798000 16.686682 17.401520
2799000 16.418623 17.401168
2800000 16.641858 17.400897
2801000 16.878919 17.400711
2802000 16.574708 17.400416
2803000 16.841357 17.400217
2804000 16.914586 17.400043
2805000 16.905055 17.399867
2806000 17.170560 17.399785
2807000 17.279003 17.399742
2808000 17.406778 17.399745
2809000 16.985161 17.399597
2810000 17.050428 17.399473
2811000 17.050420 17.399349
2812000 17.037528 17.399220
2813000 17.271740 17.399175
2814000 17.403592 17.399176
2815000 17.591723 17.399245
2816000 17.489034 17.399277
2817000 17.589210 17.399344
2818000 17.408173 17.399347
2819000 17.302356 17.399313
2820000 16.737437 17.399078
2821000 17.058255 17.398957
2822000 16.830147 17.398756
2823000 16.954635 17.398598
2824000 16.941304 17.398436
2825000 17.056312 17.398315
2826000 16.924069 17.398147
2827000 17.059645 17.398028
2828000 17.026293 17.397896
2829000 16.656006 17.397634
2830000 16.880890 17.397451
2831000 17.080080 17.397339
2832000 17.057083 17.397219
2833000 17.008611 17.397082
2834000 17.148593 17.396994
2835000 17.159594 17.396911
2836000 16.770229 17.396690
2837000 16.972803 17.396540
2838000 17.104534 17.396437
2839000 16.621372 17.396164
2840000 16.393193 17.395811
2841000 16.350151 17.395443
2842000 16.317515 17.395064
2843000 16.896401 17.394888
2844000 16.687471 17.394640
2845000 16.668969 17.394385
2846000 17.045348 17.394262
2847000 16.943017 17.394103
2848000 16.842602 17.393910
2849000 16.961702 17.393758
2850000 17.105081 17.393657
2851000 16.743213 17.393429
2852000 17.055403 17.393310
2853000 17.233196 17.393254
2854000 16.951595 17.393099
2855000 17.151668 17.393015
2856000 17.329574 17.392992
2857000 17.503142 17.393031
2858000 17.146050 17.392945
2859000 17.359511 17.392933
2860000 17.494980 17.392969
2861000 17.587006 17.393036
2862000 17.752752 17.393162
2863000 17.405424 17.393166
2864000 17.544337 17.393219
2865000 17.648215 17.393308
2866000 17.445197 17.393326
2867000 17.491892 17.393361
2868000 17.317283 17.393334
2869000 17.108598 17.393235
2870000 17.046324 17.393114
2871000 17.042965 17.392992
2872000 17.158467 17.392910
2873000 17.086242 17.392804
2874000 17.305595 17.392773
2875000 17.276447 17.392733
2876000 17.201869 17.392666
2877000 17.142206 17.392579
2878000 17.250093 17.392530
2879000 16.745372 17.392305
2880000 16.666115 17.392053
2881000 16.696556 17.391812
2882000 16.641684 17.391551
2883000 16.675329 17.391303
2884000 16.872740 17.391123
2885000 16.471231 17.390804
2886000 16.798285 17.390599
2887000 16.937697 17.390442
2888000 17.533213 17.390491
2889000 17.489511 17.390526
2890000 17.434919 17.390541
2891000 17.356320 17.390529
2892000 17.575960 17.390593
2893000 17.296902 17.390561
2894000 17.857855 17.390722
2895000 17.735919 17.390842
2896000 17.400861 17.390845
2897000 17.417909 17.390855
2898000 17.048253 17.390736
2899000 17.338482 17.390718
2900000 17.392543 17.390719
2901000 17.142485 17.390633
2902000 17.039513 17.390512
2903000 16.863989 17.390331
2904000 16.881804 17.390156
2905000 16.742871 17.389933
2906000 16.941142 17.389779
2907000 16.583450 17.389501
2908000 16.470686 17.389185
2909000 16.584060 17.388908
2910000 16.630347 17.388648
2911000 16.777301 17.388438
2912000 16.713855 17.388206
2913000 16.610144 17.387939
2914000 17.156258 17.387860
2915000 16.661978 17.387611
2916000 16.732707 17.387386
2917000 16.994770 17.387251
2918000 16.768389 17.387039
2919000 17.379280 17.387037
2920000 17.080246 17.386932
2921000 16.943343 17.386780
2922000 16.941636 17.386627
2923000 17.276914 17.386590
2924000 17.581292 17.386656
2925000 17.081712 17.386552
2926000 17.298328 17.386522
2927000 17.118442 17.386430
2928000 16.936675 17.386277
2929000 17.091019 17.386176
2930000 17.008110 17.386047
2931000 17.344570 17.386033
2932000 17.232203 17.385980
2933000 17.558629 17.386039
2934000 17.240121 17.385989
2935000 17.711597 17.386100
2936000 17.608323 17.386176
2937000 17.682106 17.386277
2938000 17.676111 17.386375
2939000 17.313789 17.386351
2940000 17.405218 17.386357
2941000 17.642324 17.386444
2942000 17.632698 17.386528
2943000 17.310744 17.386502
2944000 17.228746 17.386449
2945000 17.123132 17.386359
2946000 17.569735 17.386421
2947000 16.985815 17.386286
2948000 17.512289 17.386328
2949000 17.512643 17.386371
2950000 17.471103 17.386400
2951000 17.376771 17.386397
2952000 17.539917 17.386449
2953000 17.392902 17.386451
2954000 17.640895 17.386537
2955000 17.460423 17.386562
2956000 17.552396 17.386618
2957000 17.261718 17.386576
2958000 17.528928 17.386624
2959000 17.344608 17.386610
2960000 17.454187 17.386632
2961000 17.458512 17.386657
2962000 17.537552 17.386708
2963000 17.541726 17.386760
2964000 17.507849 17.386801
2965000 17.792088 17.386938
2966000 17.571295 17.387000
2967000 17.948955 17.387189
2968000 18.272637 17.387487
2969000 17.946457 17.387676
2970000 18.339354 17.387996
2971000 17.955562 17.388187
2972000 18.181190 17.388454
2973000 17.986865 17.388655
2974000 18.069177 17.388884
2975000 18.033668 17.389101
2976000 17.903432 17.389274
2977000 17.945389 17.389460
2978000 18.033546 17.389677
2979000 17.601453 17.389748
2980000 17.806895 17.389888
2981000 18.062477 17.390113
2982000 18.131696 17.390362
2983000 18.421113 17.390708
2984000 18.026447 17.390921
2985000 18.478761 17.391285
2986000 18.194850 17.391554
2987000 18.536945 17.391938
2988000 18.054174 17.392159
2989000 18.284842 17.392458
2990000 17.892806 17.392625
2991000 18.305713 17.392931
2992000 18.269492 17.393224
2993000 18.090766 17.393457
2994000 18.474965 17.393818
2995000 18.205052 17.394089
2996000 18.213837 17.394362
2997000 18.044420 17.394579
2998000 18.085960 17.394810
2999000 18.575026 17.395203
3000000 18.417933 17.395544
