# r N rho/M
0 0 0
0.2 0 0
0.4 0 0
0.6 0 0
0.8 0 0
1 0 0
1.2 0 0
1.4 0 0
1.6 0 0
1.8 0 0
2 0 0
2.2 0.00025 0.1501608896286765
2.4 0 0
2.6 0 0
2.8 0 0
3 0 0
3.2 0 0
3.4 0 0
3.6 0 0
3.8 0 0
4 0.00025 0.08258848929577209
4.2 0 0
4.4 0 0
4.6 0 0
4.8 0.0005 0.1376474821596201
5 0.00025 0.06607079143661768
5.2 0.00025 0.06352960715059391
5.4 0 0
5.6 0 0
5.8 0.00025 0.0569575788246704
6 0 0
6.2 0 0
6.4 0 0
6.6 0 0
6.8 0.00025 0.04858146429163064
7 0.00025 0.04719342245472691
7.2 0.0005 0.09176498810641343
7.4 0.00025 0.04464242664636329
7.6 0 0
7.8 0.00075 0.1270592143011878
8 0.0005 0.08258848929577209
8.199999999999999 0.0005 0.08057413589831423
8.4 0.00025 0.03932785204560575
8.6 0.00025 0.03841325083524283
8.800000000000001 0.00075 0.1126206672215074
9 0.00075 0.1101179857276961
9.199999999999999 0 0
9.4 0.00025 0.03514403799820089
9.6 0.0005 0.06882374107981007
9.800000000000001 0 0
10 0.001 0.1321415828732354
10.2 0.00125 0.1619382143054355
10.4 0 0
10.6 0.00025 0.03116546765878192
10.8 0.0005 0.06117665873760895
11 0 0
11.2 0.0005 0.05899177806840863
11.4 0.00025 0.02897841729676214
11.6 0 0
11.8 0 0
12 0.00075 0.08258848929577209
12.2 0.0005 0.05415638642345711
12.4 0.00075 0.07992434447977943
12.6 0.00025 0.02621856803040384
12.8 0.0005 0.05161780580985755
13 0 0
13.2 0.0005 0.0500536298762255
13.4 0.00075 0.07395984116039292
13.6 0 0
13.8 0 0
14 0 0
14.2 0.0005 0.04652872636381526
14.4 0.00075 0.06882374107981007
14.6 0.0005 0.04525396673740936
14.8 0.001 0.08928485329272658
15 0.0005 0.04404719429107844
15.2 0.00075 0.06520143891771479
15.4 0.0005 0.042903111322479
15.6 0.0005 0.04235307143372927
15.8 0.0005 0.04181695660545422
16 0.00075 0.06194136697182907
16.2 0.00025 0.02039221957920299
16.4 0.00075 0.06043060192373568
16.6 0.001 0.07960336317664778
16.8 0.00075 0.05899177806840863
17 0 0
17.2 0.0005 0.03841325083524283
17.4 0.0005 0.03797171921644693
17.6 0.00025 0.01877011120358456
17.8 0 0
18 0.00075 0.05505899286384806
18.2 0.001 0.07260526531496449
18.4 0.00025 0.01795401941212437
18.6 0.001 0.07104386175980394
18.8 0.0005 0.03514403799820089
19 0.00025 0.01738705037805728
19.2 0.00075 0.05161780580985755
19.4 0.001 0.06811421797589449
19.6 0.0005 0.03370958746766207
19.8 0.001 0.06673817316830068
20 0.0005 0.03303539571830884
20.2 0.001 0.06541662518476998
20.4 0.00075 0.04858146429163065
20.6 0.00075 0.04810979958977014
20.8 0.001 0.06352960715059391
21 0.00075 0.0471934224547269
21.2 0.0005 0.03116546765878192
21.4 0.00125 0.07718550401474027
21.6 0.001 0.06117665873760895
21.8 0.0005 0.03030770249386131
22 0.002 0.1201287117029412
22.2 0.00125 0.07440404441060548
22.4 0.0005 0.02949588903420432
22.6 0 0
22.8 0.001 0.05795683459352427
23 0.00175 0.1005425087078965
23.2 0.0015 0.08543636823700561
23.4 0.001 0.05647076191163904
23.6 0.0005 0.02799609806636342
23.8 0.0005 0.02776083673807465
24 0.00075 0.04129424464788604
24.2 0.00075 0.04095296989872996
24.4 0.001 0.05415638642345711
24.6 0.001 0.05371609059887614
24.8 0.001 0.05328289631985296
25 0.0005 0.02642831657464707
25.2 0.00075 0.03932785204560576
25.4 0.00025 0.0130060613064208
25.6 0.00125 0.06452225726232193
25.8 0.0015 0.07682650167048566
26 0.00075 0.03811776429035634
26.2 0.00225 0.1134803669712899
26.4 0.0005 0.02502681493811275
26.6 0.00075 0.03725796509583703
26.8 0.001 0.04930656077359528
27 0.00025 0.01223533174752179
27.2 0.00075 0.03643609821872298
27.4 0.00075 0.03617014129741843
27.6 0.00025 0.01196934627474958
27.8 0.00125 0.05941617934947632
28 0.001 0.04719342245472691
28.2 0.001 0.04685871733093451
28.4 0.0015 0.0697930895457229
28.6 0.001 0.04620335065497739
28.8 0.00125 0.05735311756650838
29 0.00075 0.03417454729480224
29.2 0.00125 0.0565674584217617
29.4 0.0015 0.06741917493532416
29.6 0.00125 0.05580303330795411
29.8 0.0015 0.06651421956706477
30 0.001 0.04404719429107844
30.2 0.00175 0.0765721092808483
30.4 0.001 0.0434676259451432
30.6 0.00075 0.03238764286108709
30.8 0.0005 0.0214515556612395
31 0.00175 0.07459605484779414
31.2 0.002 0.08470614286745853
31.4 0.00175 0.07364578663317256
31.6 0.0025 0.1045423915136356
31.8 0.002 0.08310791375675178
32 0.00075 0.03097068348591454
32.2 0.00075 0.0307783189922132
32.4 0.00175 0.07137276852721045
32.6 0.00275 0.1114691266568703
32.8 0.001 0.04028706794915712
33 0.002 0.0800858078019608
33.2 0.001 0.03980168158832389
33.4 0.0035 0.1384717185797376
33.6 0.002 0.0786557040912115
33.8 0.002 0.07819028572380789
34 0.00025 0.009716292858326127
34.2 0.0025 0.09659472432254045
34.4 0.002 0.07682650167048566
34.6 0.00225 0.08593022007652586
34.8 0.001 0.03797171921644693
35 0.001 0.03775473796378153
35.2 0.002 0.07508044481433825
35.4 0.00125 0.04666016344393904
35.6 0.002 0.07423684431080636
35.8 0.002 0.07382211333700298
36 0.00225 0.08258848929577209
36.2 0.00225 0.08213219929966283
36.4 0.001 0.03630263265748224
36.6 0.00225 0.08123457963518563
36.8 0.0015 0.05386205823637311
37 0.00125 0.04464242664636328
37.2 0.00175 0.06216337903982845
37.4 0.00125 0.04416496753784603
37.6 0.0015 0.05271605699730133
37.8 0.00175 0.06117665873760895
38 0.00225 0.07824172670125776
38.2 0.00125 0.04324004675171313
38.4 0.001 0.03441187053990503
38.6 0.0015 0.05135035603882202
38.8 0.0015 0.05108566348192088
39 0.00075 0.02541184286023756
39.2 0.00075 0.02528219060074656
39.4 0.00025 0.008384618202616457
39.6 0.001 0.03336908658415034
39.8 0.00025 0.00830035068299217
40 0.001 0.03303539571830884
40.2 0.001 0.03287104051573018
40.4 0.00075 0.02453123444428874
40.6 0.00075 0.02441039092485874
40.8 0.00025 0.008096910715271775
41 0.00025 0.008057413589831423
41.2 0.0005 0.01603659986325671
41.4 0.0005 0.01595912836633277
41.6 0.0005 0.01588240178764848
41.8 0.0005 0.01580640943459753
42 0.0005 0.0157311408182423
42.2 0.00075 0.0234848784727314
42.4 0 0
42.6 0 0
42.8 0 0
43 0.00025 0.007682650167048566
43.2 0 0
43.4 0.00025 0.007611842331407565
