1000 88.000000 88.000000
2000 84.000000 86.000000
3000 82.000000 84.666667
4000 84.000000 84.500000
5000 86.000000 84.800000
6000 89.000000 85.500000
7000 97.000000 87.142857
8000 88.000000 87.250000
9000 85.000000 87.000000
10000 83.000000 86.600000
11000 79.000000 85.909091
12000 87.000000 86.000000
13000 82.000000 85.692308
14000 86.000000 85.714286
15000 84.000000 85.600000
16000 85.000000 85.562500
17000 95.000000 86.117647
18000 90.000000 86.333333
19000 84.000000 86.210526
20000 86.000000 86.200000
21000 94.000000 86.571429
22000 89.000000 86.681818
23000 86.000000 86.652174
24000 84.000000 86.541667
25000 88.000000 86.600000
26000 86.000000 86.576923
27000 86.000000 86.555556
28000 91.000000 86.714286
29000 88.000000 86.758621
30000 88.000000 86.800000
31000 87.000000 86.806452
32000 87.000000 86.812500
33000 89.000000 86.878788
34000 87.000000 86.882353
35000 88.000000 86.914286
36000 87.000000 86.916667
37000 81.000000 86.756757
38000 85.000000 86.710526
39000 90.000000 86.794872
40000 82.000000 86.675000
41000 85.000000 86.634146
42000 84.000000 86.571429
43000 83.000000 86.488372
44000 91.000000 86.590909
45000 91.000000 86.688889
46000 92.000000 86.804348
47000 79.000000 86.638298
48000 85.000000 86.604167
49000 79.000000 86.448980
50000 87.000000 86.460000
51000 88.000000 86.490196
52000 87.000000 86.500000
53000 83.000000 86.433962
54000 79.000000 86.296296
55000 85.000000 86.272727
56000 90.000000 86.339286
57000 89.000000 86.385965
58000 84.000000 86.344828
59000 88.000000 86.372881
60000 87.000000 86.383333
61000 91.000000 86.459016
62000 92.000000 86.548387
63000 85.000000 86.523810
64000 87.000000 86.531250
65000 93.000000 86.630769
66000 82.000000 86.560606
67000 83.000000 86.507463
68000 96.000000 86.647059
69000 89.000000 86.681159
70000 85.000000 86.657143
71000 87.000000 86.661972
72000 88.000000 86.680556
73000 86.000000 86.671233
74000 87.000000 86.675676
75000 87.000000 86.680000
76000 86.000000 86.671053
77000 87.000000 86.675325
78000 84.000000 86.641026
79000 92.000000 86.708861
80000 89.000000 86.737500
81000 80.000000 86.654321
82000 89.000000 86.682927
83000 89.000000 86.710843
84000 83.000000 86.666667
85000 90.000000 86.705882
86000 78.000000 86.604651
87000 87.000000 86.609195
88000 85.000000 86.590909
89000 79.000000 86.505618
90000 81.000000 86.444444
91000 83.000000 86.406593
92000 87.000000 86.413043
93000 85.000000 86.397849
94000 82.000000 86.351064
95000 82.000000 86.305263
96000 88.000000 86.322917
97000 89.000000 86.350515
98000 86.000000 86.346939
99000 79.000000 86.272727
100000 79.000000 86.200000
101000 86.000000 86.198020
102000 89.000000 86.225490
103000 94.000000 86.300971
104000 96.000000 86.394231
105000 88.000000 86.409524
106000 93.000000 86.471698
107000 90.000000 86.504673
108000 86.000000 86.500000
109000 87.000000 86.504587
110000 89.000000 86.527273
111000 82.000000 86.486486
112000 90.000000 86.517857
113000 87.000000 86.522124
114000 89.000000 86.543860
115000 88.000000 86.556522
116000 90.000000 86.586207
117000 84.000000 86.564103
118000 83.000000 86.533898
119000 83.000000 86.504202
120000 85.000000 86.491667
121000 85.000000 86.479339
122000 85.000000 86.467213
123000 91.000000 86.504065
124000 87.000000 86.508065
125000 81.000000 86.464000
126000 88.000000 86.476190
127000 94.000000 86.535433
128000 97.000000 86.617188
129000 84.000000 86.596899
130000 92.000000 86.638462
131000 85.000000 86.625954
132000 83.000000 86.598485
133000 85.000000 86.586466
134000 90.000000 86.611940
135000 81.000000 86.570370
136000 82.000000 86.536765
137000 90.000000 86.562044
138000 90.000000 86.586957
139000 84.000000 86.568345
140000 85.000000 86.557143
141000 86.000000 86.553191
142000 87.000000 86.556338
143000 86.000000 86.552448
144000 84.000000 86.534722
145000 90.000000 86.558621
146000 81.000000 86.520548
147000 84.000000 86.503401
148000 88.000000 86.513514
149000 86.000000 86.510067
150000 85.000000 86.500000
151000 82.000000 86.470199
152000 94.000000 86.519737
153000 84.000000 86.503268
154000 92.000000 86.538961
155000 74.000000 86.458065
156000 87.000000 86.461538
157000 86.000000 86.458599
158000 86.000000 86.455696
159000 77.000000 86.396226
160000 86.000000 86.393750
161000 77.000000 86.335404
162000 84.000000 86.320988
163000 89.000000 86.337423
164000 86.000000 86.335366
165000 82.000000 86.309091
166000 89.000000 86.325301
167000 85.000000 86.317365
168000 91.000000 86.345238
169000 80.000000 86.307692
170000 83.000000 86.288235
171000 85.000000 86.280702
172000 78.000000 86.232558
173000 86.000000 86.231214
174000 78.000000 86.183908
175000 87.000000 86.188571
176000 89.000000 86.204545
177000 90.000000 86.225989
178000 84.000000 86.213483
179000 82.000000 86.189944
180000 82.000000 86.166667
181000 86.000000 86.165746
182000 84.000000 86.153846
183000 80.000000 86.120219
184000 81.000000 86.092391
185000 83.000000 86.075676
186000 84.000000 86.064516
187000 86.000000 86.064171
188000 81.000000 86.037234
189000 83.000000 86.021164
190000 94.000000 86.063158
191000 83.000000 86.047120
192000 85.000000 86.041667
193000 87.000000 86.046632
194000 90.000000 86.067010
195000 84.000000 86.056410
196000 89.000000 86.071429
197000 85.000000 86.065990
198000 91.000000 86.090909
199000 81.000000 86.065327
200000 89.000000 86.080000
201000 80.000000 86.049751
202000 89.000000 86.064356
203000 79.000000 86.029557
204000 89.000000 86.044118
205000 92.000000 86.073171
206000 96.000000 86.121359
207000 90.000000 86.140097
208000 91.000000 86.163462
209000 88.000000 86.172249
210000 96.000000 86.219048
211000 89.000000 86.232227
212000 85.000000 86.226415
213000 84.000000 86.215962
214000 85.000000 86.210280
215000 90.000000 86.227907
216000 89.000000 86.240741
217000 85.000000 86.235023
218000 88.000000 86.243119
219000 86.000000 86.242009
220000 84.000000 86.231818
221000 85.000000 86.226244
222000 84.000000 86.216216
223000 87.000000 86.219731
224000 83.000000 86.205357
225000 91.000000 86.226667
226000 93.000000 86.256637
227000 92.000000 86.281938
228000 86.000000 86.280702
229000 89.000000 86.292576
230000 86.000000 86.291304
231000 92.000000 86.316017
232000 87.000000 86.318966
233000 90.000000 86.334764
234000 89.000000 86.346154
235000 83.000000 86.331915
236000 86.000000 86.330508
237000 89.000000 86.341772
238000 87.000000 86.344538
239000 88.000000 86.351464
240000 87.000000 86.354167
241000 88.000000 86.360996
242000 84.000000 86.351240
243000 84.000000 86.341564
244000 86.000000 86.340164
245000 87.000000 86.342857
246000 86.000000 86.341463
247000 90.000000 86.356275
248000 86.000000 86.354839
249000 93.000000 86.381526
250000 90.000000 86.396000
251000 87.000000 86.398406
252000 82.000000 86.380952
253000 80.000000 86.355731
254000 83.000000 86.342520
255000 89.000000 86.352941
256000 92.000000 86.375000
257000 87.000000 86.377432
258000 87.000000 86.379845
259000 93.000000 86.405405
260000 89.000000 86.415385
261000 82.000000 86.398467
262000 92.000000 86.419847
263000 92.000000 86.441065
264000 93.000000 86.465909
265000 83.000000 86.452830
266000 87.000000 86.454887
267000 86.000000 86.453184
268000 80.000000 86.429104
269000 91.000000 86.446097
270000 86.000000 86.444444
271000 91.000000 86.461255
272000 86.000000 86.459559
273000 95.000000 86.490842
274000 86.000000 86.489051
275000 91.000000 86.505455
276000 84.000000 86.496377
277000 80.000000 86.472924
278000 89.000000 86.482014
279000 88.000000 86.487455
280000 91.000000 86.503571
281000 79.000000 86.476868
282000 87.000000 86.478723
283000 89.000000 86.487633
284000 83.000000 86.475352
285000 92.000000 86.494737
286000 92.000000 86.513986
287000 80.000000 86.491289
288000 93.000000 86.513889
289000 88.000000 86.519031
290000 87.000000 86.520690
291000 83.000000 86.508591
292000 83.000000 86.496575
293000 86.000000 86.494881
294000 87.000000 86.496599
295000 83.000000 86.484746
296000 90.000000 86.496622
297000 84.000000 86.488215
298000 87.000000 86.489933
299000 90.000000 86.501672
300000 87.000000 86.503333
301000 84.000000 86.495017
302000 82.000000 86.480132
303000 88.000000 86.485149
304000 80.000000 86.463816
305000 82.000000 86.449180
306000 94.000000 86.473856
307000 93.000000 86.495114
308000 90.000000 86.506494
309000 82.000000 86.491909
310000 84.000000 86.483871
311000 96.000000 86.514469
312000 96.000000 86.544872
313000 86.000000 86.543131
314000 83.000000 86.531847
315000 87.000000 86.533333
316000 89.000000 86.541139
317000 91.000000 86.555205
318000 92.000000 86.572327
319000 85.000000 86.567398
320000 85.000000 86.562500
321000 87.000000 86.563863
322000 87.000000 86.565217
323000 88.000000 86.569659
324000 90.000000 86.580247
325000 83.000000 86.569231
326000 90.000000 86.579755
327000 95.000000 86.605505
328000 88.000000 86.609756
329000 86.000000 86.607903
330000 83.000000 86.596970
331000 87.000000 86.598187
332000 91.000000 86.611446
333000 81.000000 86.594595
334000 87.000000 86.595808
335000 81.000000 86.579104
336000 88.000000 86.583333
337000 88.000000 86.587537
338000 84.000000 86.579882
339000 94.000000 86.601770
340000 80.000000 86.582353
341000 80.000000 86.563050
342000 93.000000 86.581871
343000 86.000000 86.580175
344000 95.000000 86.604651
345000 87.000000 86.605797
346000 85.000000 86.601156
347000 83.000000 86.590778
348000 82.000000 86.577586
349000 85.000000 86.573066
350000 88.000000 86.577143
351000 87.000000 86.578348
352000 91.000000 86.590909
353000 89.000000 86.597734
354000 89.000000 86.604520
355000 98.000000 86.636620
356000 87.000000 86.637640
357000 90.000000 86.647059
358000 86.000000 86.645251
359000 91.000000 86.657382
360000 87.000000 86.658333
361000 86.000000 86.656510
362000 90.000000 86.665746
363000 92.000000 86.680441
364000 94.000000 86.700549
365000 89.000000 86.706849
366000 97.000000 86.734973
367000 87.000000 86.735695
368000 90.000000 86.744565
369000 86.000000 86.742547
370000 97.000000 86.770270
371000 90.000000 86.778976
372000 93.000000 86.795699
373000 82.000000 86.782842
374000 91.000000 86.794118
375000 82.000000 86.781333
376000 80.000000 86.763298
377000 88.000000 86.766578
378000 87.000000 86.767196
379000 88.000000 86.770449
380000 90.000000 86.778947
381000 87.000000 86.779528
382000 85.000000 86.774869
383000 91.000000 86.785901
384000 82.000000 86.773438
385000 94.000000 86.792208
386000 95.000000 86.813472
387000 96.000000 86.837209
388000 94.000000 86.855670
389000 87.000000 86.856041
390000 88.000000 86.858974
391000 87.000000 86.859335
392000 82.000000 86.846939
393000 95.000000 86.867684
394000 91.000000 86.878173
395000 86.000000 86.875949
396000 93.000000 86.891414
397000 87.000000 86.891688
398000 83.000000 86.881910
399000 89.000000 86.887218
400000 92.000000 86.900000
401000 99.000000 86.930175
402000 88.000000 86.932836
403000 89.000000 86.937965
404000 94.000000 86.955446
405000 93.000000 86.970370
406000 91.000000 86.980296
407000 85.000000 86.975430
408000 88.000000 86.977941
409000 91.000000 86.987775
410000 89.000000 86.992683
411000 88.000000 86.995134
412000 87.000000 86.995146
413000 83.000000 86.985472
414000 90.000000 86.992754
415000 86.000000 86.990361
416000 90.000000 86.997596
417000 96.000000 87.019185
418000 90.000000 87.026316
419000 93.000000 87.040573
420000 83.000000 87.030952
421000 86.000000 87.028504
422000 85.000000 87.023697
423000 83.000000 87.014184
424000 84.000000 87.007075
425000 86.000000 87.004706
426000 87.000000 87.004695
427000 92.000000 87.016393
428000 84.000000 87.009346
429000 85.000000 87.004662
430000 86.000000 87.002326
431000 90.000000 87.009281
432000 88.000000 87.011574
433000 90.000000 87.018476
434000 83.000000 87.009217
435000 88.000000 87.011494
436000 93.000000 87.025229
437000 88.000000 87.027460
438000 88.000000 87.029680
439000 91.000000 87.038724
440000 83.000000 87.029545
441000 91.000000 87.038549
442000 83.000000 87.029412
443000 93.000000 87.042889
444000 91.000000 87.051802
445000 85.000000 87.047191
446000 79.000000 87.029148
447000 85.000000 87.024609
448000 87.000000 87.024554
449000 84.000000 87.017817
450000 88.000000 87.020000
451000 90.000000 87.026608
452000 84.000000 87.019912
453000 91.000000 87.028698
454000 91.000000 87.037445
455000 91.000000 87.046154
456000 79.000000 87.028509
457000 91.000000 87.037199
458000 94.000000 87.052402
459000 90.000000 87.058824
460000 96.000000 87.078261
461000 91.000000 87.086768
462000 84.000000 87.080087
463000 86.000000 87.077754
464000 85.000000 87.073276
465000 91.000000 87.081720
466000 84.000000 87.075107
467000 88.000000 87.077088
468000 83.000000 87.068376
469000 81.000000 87.055437
470000 81.000000 87.042553
471000 82.000000 87.031847
472000 88.000000 87.033898
473000 98.000000 87.057082
474000 83.000000 87.048523
475000 93.000000 87.061053
476000 87.000000 87.060924
477000 92.000000 87.071279
478000 93.000000 87.083682
479000 93.000000 87.096033
480000 85.000000 87.091667
481000 86.000000 87.089397
482000 95.000000 87.105809
483000 87.000000 87.105590
484000 87.000000 87.105372
485000 87.000000 87.105155
486000 91.000000 87.113169
487000 84.000000 87.106776
488000 86.000000 87.104508
489000 92.000000 87.114519
490000 93.000000 87.126531
491000 88.000000 87.128310
492000 89.000000 87.132114
493000 91.000000 87.139959
494000 89.000000 87.143725
495000 86.000000 87.141414
496000 84.000000 87.135081
497000 95.000000 87.150905
498000 88.000000 87.152610
499000 90.000000 87.158317
500000 90.000000 87.164000
501000 88.000000 87.165669
502000 85.000000 87.161355
503000 83.000000 87.153082
504000 84.000000 87.146825
505000 88.000000 87.148515
506000 91.000000 87.156126
507000 88.000000 87.157791
508000 88.000000 87.159449
509000 95.000000 87.174853
510000 89.000000 87.178431
511000 92.000000 87.187867
512000 94.000000 87.201172
513000 92.000000 87.210526
514000 86.000000 87.208171
515000 80.000000 87.194175
516000 83.000000 87.186047
517000 90.000000 87.191489
518000 89.000000 87.194981
519000 90.000000 87.200385
520000 82.000000 87.190385
521000 81.000000 87.178503
522000 92.000000 87.187739
523000 93.000000 87.198853
524000 85.000000 87.194656
525000 81.000000 87.182857
526000 88.000000 87.184411
527000 84.000000 87.178368
528000 89.000000 87.181818
529000 84.000000 87.175803
530000 88.000000 87.177358
531000 88.000000 87.178908
532000 89.000000 87.182331
533000 82.000000 87.172608
534000 89.000000 87.176030
535000 87.000000 87.175701
536000 88.000000 87.177239
537000 84.000000 87.171322
538000 90.000000 87.176580
539000 85.000000 87.172542
540000 82.000000 87.162963
541000 85.000000 87.158965
542000 89.000000 87.162362
543000 82.000000 87.152855
544000 83.000000 87.145221
545000 85.000000 87.141284
546000 90.000000 87.146520
547000 91.000000 87.153565
548000 85.000000 87.149635
549000 87.000000 87.149362
550000 93.000000 87.160000
551000 91.000000 87.166969
552000 91.000000 87.173913
553000 91.000000 87.180832
554000 89.000000 87.184116
555000 92.000000 87.192793
556000 91.000000 87.199640
557000 86.000000 87.197487
558000 88.000000 87.198925
559000 85.000000 87.194991
560000 89.000000 87.198214
561000 87.000000 87.197861
562000 90.000000 87.202847
563000 86.000000 87.200710
564000 95.000000 87.214539
565000 89.000000 87.217699
566000 85.000000 87.213781
567000 84.000000 87.208113
568000 87.000000 87.207746
569000 90.000000 87.212654
570000 86.000000 87.210526
571000 86.000000 87.208406
572000 81.000000 87.197552
573000 87.000000 87.197208
574000 93.000000 87.207317
575000 89.000000 87.210435
576000 81.000000 87.199653
577000 88.000000 87.201040
578000 89.000000 87.204152
579000 92.000000 87.212435
580000 89.000000 87.215517
581000 82.000000 87.206540
582000 85.000000 87.202749
583000 85.000000 87.198971
584000 81.000000 87.188356
585000 83.000000 87.181197
586000 90.000000 87.186007
587000 97.000000 87.202726
588000 85.000000 87.198980
589000 82.000000 87.190153
590000 85.000000 87.186441
591000 77.000000 87.169205
592000 85.000000 87.165541
593000 84.000000 87.160202
594000 89.000000 87.163300
595000 83.000000 87.156303
596000 82.000000 87.147651
597000 85.000000 87.144054
598000 88.000000 87.145485
599000 82.000000 87.136895
600000 85.000000 87.133333
601000 85.000000 87.129784
602000 85.000000 87.126246
603000 87.000000 87.126036
604000 87.000000 87.125828
605000 78.000000 87.110744
606000 87.000000 87.110561
607000 87.000000 87.110379
608000 87.000000 87.110197
609000 86.000000 87.108374
610000 88.000000 87.109836
611000 88.000000 87.111293
612000 90.000000 87.116013
613000 87.000000 87.115824
614000 82.000000 87.107492
615000 84.000000 87.102439
616000 87.000000 87.102273
617000 91.000000 87.108590
618000 84.000000 87.103560
619000 86.000000 87.101777
620000 85.000000 87.098387
621000 88.000000 87.099839
622000 88.000000 87.101286
623000 88.000000 87.102729
624000 84.000000 87.097756
625000 85.000000 87.094400
626000 91.000000 87.100639
627000 88.000000 87.102073
628000 86.000000 87.100318
629000 86.000000 87.098569
630000 80.000000 87.087302
631000 94.000000 87.098257
632000 92.000000 87.106013
633000 86.000000 87.104265
634000 97.000000 87.119874
635000 88.000000 87.121260
636000 82.000000 87.113208
637000 83.000000 87.106750
638000 89.000000 87.109718
639000 82.000000 87.101721
640000 86.000000 87.100000
641000 80.000000 87.088924
642000 86.000000 87.087227
643000 86.000000 87.085537
644000 88.000000 87.086957
645000 89.000000 87.089922
646000 88.000000 87.091331
647000 90.000000 87.095827
648000 85.000000 87.092593
649000 84.000000 87.087827
650000 84.000000 87.083077
651000 87.000000 87.082949
652000 84.000000 87.078221
653000 82.000000 87.070444
654000 85.000000 87.067278
655000 88.000000 87.068702
656000 82.000000 87.060976
657000 82.000000 87.053272
658000 85.000000 87.050152
659000 87.000000 87.050076
660000 77.000000 87.034848
661000 84.000000 87.030257
662000 76.000000 87.013595
663000 85.000000 87.010558
664000 83.000000 87.004518
665000 82.000000 86.996992
666000 89.000000 87.000000
667000 82.000000 86.992504
668000 79.000000 86.980539
669000 87.000000 86.980568
670000 85.000000 86.977612
671000 84.000000 86.973174
672000 86.000000 86.971726
673000 82.000000 86.964339
674000 89.000000 86.967359
675000 85.000000 86.964444
676000 91.000000 86.970414
677000 86.000000 86.968981
678000 87.000000 86.969027
679000 87.000000 86.969072
680000 87.000000 86.969118
681000 87.000000 86.969163
682000 85.000000 86.966276
683000 85.000000 86.963397
684000 91.000000 86.969298
685000 85.000000 86.966423
686000 79.000000 86.954810
687000 82.000000 86.947598
688000 86.000000 86.946221
689000 83.000000 86.940493
690000 88.000000 86.942029
691000 76.000000 86.926194
692000 76.000000 86.910405
693000 90.000000 86.914863
694000 86.000000 86.913545
695000 83.000000 86.907914
696000 90.000000 86.912356
697000 93.000000 86.921090
698000 92.000000 86.928367
699000 88.000000 86.929900
700000 89.000000 86.932857
701000 82.000000 86.925820
702000 91.000000 86.931624
703000 86.000000 86.930299
704000 88.000000 86.931818
705000 89.000000 86.934752
706000 90.000000 86.939093
707000 83.000000 86.933522
708000 77.000000 86.919492
709000 93.000000 86.928068
710000 93.000000 86.936620
711000 90.000000 86.940928
712000 88.000000 86.942416
713000 83.000000 86.936886
714000 80.000000 86.927171
715000 87.000000 86.927273
716000 89.000000 86.930168
717000 94.000000 86.940028
718000 85.000000 86.937326
719000 87.000000 86.937413
720000 83.000000 86.931944
721000 85.000000 86.929265
722000 87.000000 86.929363
723000 90.000000 86.933610
724000 88.000000 86.935083
725000 85.000000 86.932414
726000 84.000000 86.928375
727000 86.000000 86.927098
728000 87.000000 86.927198
729000 92.000000 86.934156
730000 88.000000 86.935616
731000 82.000000 86.928865
732000 81.000000 86.920765
733000 93.000000 86.929059
734000 93.000000 86.937330
735000 82.000000 86.930612
736000 92.000000 86.937500
737000 88.000000 86.938942
738000 86.000000 86.937669
739000 88.000000 86.939107
740000 84.000000 86.935135
741000 87.000000 86.935223
742000 82.000000 86.928571
743000 87.000000 86.928668
744000 91.000000 86.934140
745000 85.000000 86.931544
746000 79.000000 86.920912
747000 89.000000 86.923695
748000 94.000000 86.933155
749000 87.000000 86.933244
750000 86.000000 86.932000
751000 90.000000 86.936085
752000 82.000000 86.929521
753000 80.000000 86.920319
754000 92.000000 86.927056
755000 90.000000 86.931126
756000 97.000000 86.944444
757000 82.000000 86.937913
758000 87.000000 86.937995
759000 87.000000 86.938076
760000 93.000000 86.946053
761000 86.000000 86.944809
762000 93.000000 86.952756
763000 93.000000 86.960682
764000 87.000000 86.960733
765000 89.000000 86.963399
766000 87.000000 86.963446
767000 88.000000 86.964798
768000 88.000000 86.966146
769000 91.000000 86.971391
770000 92.000000 86.977922
771000 88.000000 86.979248
772000 91.000000 86.984456
773000 89.000000 86.987063
774000 86.000000 86.985788
775000 84.000000 86.981935
776000 82.000000 86.975515
777000 87.000000 86.975547
778000 82.000000 86.969152
779000 85.000000 86.966624
780000 89.000000 86.969231
781000 92.000000 86.975672
782000 90.000000 86.979540
783000 82.000000 86.973180
784000 87.000000 86.973214
785000 84.000000 86.969427
786000 81.000000 86.961832
787000 81.000000 86.954257
788000 89.000000 86.956853
789000 84.000000 86.953105
790000 87.000000 86.953165
791000 84.000000 86.949431
792000 84.000000 86.945707
793000 86.000000 86.944515
794000 92.000000 86.950882
795000 90.000000 86.954717
796000 89.000000 86.957286
797000 94.000000 86.966123
798000 98.000000 86.979950
799000 85.000000 86.977472
800000 90.000000 86.981250
801000 89.000000 86.983770
802000 83.000000 86.978803
803000 88.000000 86.980075
804000 88.000000 86.981343
805000 88.000000 86.982609
806000 88.000000 86.983871
807000 86.000000 86.982652
808000 84.000000 86.978960
809000 84.000000 86.975278
810000 89.000000 86.977778
811000 79.000000 86.967941
812000 85.000000 86.965517
813000 81.000000 86.958180
814000 87.000000 86.958231
815000 90.000000 86.961963
816000 94.000000 86.970588
817000 88.000000 86.971848
818000 87.000000 86.971883
819000 77.000000 86.959707
820000 80.000000 86.951220
821000 89.000000 86.953715
822000 84.000000 86.950122
823000 84.000000 86.946537
824000 82.000000 86.940534
825000 83.000000 86.935758
826000 83.000000 86.930993
827000 94.000000 86.939541
828000 82.000000 86.933575
829000 90.000000 86.937274
830000 85.000000 86.934940
831000 92.000000 86.941035
832000 85.000000 86.938702
833000 81.000000 86.931573
834000 85.000000 86.929257
835000 88.000000 86.930539
836000 93.000000 86.937799
837000 88.000000 86.939068
838000 81.000000 86.931981
839000 80.000000 86.923719
840000 84.000000 86.920238
841000 84.000000 86.916766
842000 88.000000 86.918052
843000 80.000000 86.909846
844000 88.000000 86.911137
845000 85.000000 86.908876
846000 79.000000 86.899527
847000 88.000000 86.900826
848000 87.000000 86.900943
849000 90.000000 86.904594
850000 89.000000 86.907059
851000 86.000000 86.905993
852000 85.000000 86.903756
853000 85.000000 86.901524
854000 85.000000 86.899297
855000 91.000000 86.904094
856000 90.000000 86.907710
857000 94.000000 86.915986
858000 88.000000 86.917249
859000 82.000000 86.911525
860000 81.000000 86.904651
861000 88.000000 86.905923
862000 88.000000 86.907193
863000 89.000000 86.909618
864000 81.000000 86.902778
865000 82.000000 86.897110
866000 84.000000 86.893764
867000 87.000000 86.893887
868000 81.000000 86.887097
869000 84.000000 86.883774
870000 86.000000 86.882759
871000 86.000000 86.881745
872000 89.000000 86.884174
873000 88.000000 86.885452
874000 83.000000 86.881007
875000 83.000000 86.876571
876000 86.000000 86.875571
877000 90.000000 86.879133
878000 94.000000 86.887244
879000 82.000000 86.881684
880000 83.000000 86.877273
881000 87.000000 86.877412
882000 90.000000 86.880952
883000 94.000000 86.889015
884000 83.000000 86.884615
885000 94.000000 86.892655
886000 85.000000 86.890519
887000 90.000000 86.894025
888000 82.000000 86.888514
889000 77.000000 86.877390
890000 78.000000 86.867416
891000 86.000000 86.866442
892000 84.000000 86.863229
893000 85.000000 86.861142
894000 88.000000 86.862416
895000 87.000000 86.862570
896000 80.000000 86.854911
897000 82.000000 86.849498
898000 85.000000 86.847439
899000 95.000000 86.856507
900000 84.000000 86.853333
901000 89.000000 86.855716
902000 81.000000 86.849224
903000 84.000000 86.846069
904000 83.000000 86.841814
905000 87.000000 86.841989
906000 84.000000 86.838852
907000 87.000000 86.839030
908000 84.000000 86.835903
909000 85.000000 86.833883
910000 86.000000 86.832967
911000 86.000000 86.832053
912000 85.000000 86.830044
913000 86.000000 86.829135
914000 85.000000 86.827133
915000 87.000000 86.827322
916000 81.000000 86.820961
917000 95.000000 86.829880
918000 91.000000 86.834423
919000 89.000000 86.836779
920000 86.000000 86.835870
921000 80.000000 86.828447
922000 90.000000 86.831887
923000 89.000000 86.834236
924000 82.000000 86.829004
925000 87.000000 86.829189
926000 89.000000 86.831533
927000 93.000000 86.838188
928000 84.000000 86.835129
929000 83.000000 86.831001
930000 81.000000 86.824731
931000 80.000000 86.817401
932000 91.000000 86.821888
933000 85.000000 86.819936
934000 88.000000 86.821199
935000 90.000000 86.824599
936000 91.000000 86.829060
937000 88.000000 86.830309
938000 82.000000 86.825160
939000 82.000000 86.820021
940000 77.000000 86.809574
941000 76.000000 86.798087
942000 89.000000 86.800425
943000 87.000000 86.800636
944000 92.000000 86.806144
945000 79.000000 86.797884
946000 84.000000 86.794926
947000 84.000000 86.791975
948000 82.000000 86.786920
949000 82.000000 86.781876
950000 90.000000 86.785263
951000 86.000000 86.784437
952000 90.000000 86.787815
953000 87.000000 86.788038
954000 90.000000 86.791405
955000 80.000000 86.784293
956000 87.000000 86.784519
957000 81.000000 86.778474
958000 86.000000 86.777662
959000 93.000000 86.784150
960000 89.000000 86.786458
961000 88.000000 86.787721
962000 83.000000 86.783784
963000 86.000000 86.782970
964000 82.000000 86.778008
965000 87.000000 86.778238
966000 83.000000 86.774327
967000 86.000000 86.773526
968000 94.000000 86.780992
969000 83.000000 86.777090
970000 83.000000 86.773196
971000 88.000000 86.774459
972000 80.000000 86.767490
973000 80.000000 86.760534
974000 78.000000 86.751540
975000 82.000000 86.746667
976000 85.000000 86.744877
977000 89.000000 86.747185
978000 85.000000 86.745399
979000 92.000000 86.750766
980000 85.000000 86.748980
981000 84.000000 86.746177
982000 89.000000 86.748473
983000 91.000000 86.752798
984000 92.000000 86.758130
985000 88.000000 86.759391
986000 90.000000 86.762677
987000 85.000000 86.760892
988000 87.000000 86.761134
989000 90.000000 86.764408
990000 93.000000 86.770707
991000 88.000000 86.771948
992000 88.000000 86.773185
993000 89.000000 86.775428
994000 83.000000 86.771630
995000 88.000000 86.772864
996000 83.000000 86.769076
997000 88.000000 86.770311
998000 88.000000 86.771543
999000 88.000000 86.772773
1000000 84.000000 86.770000
1001000 89.000000 86.772228
1002000 83.000000 86.768463
1003000 90.000000 86.771685
1004000 97.000000 86.781873
1005000 88.000000 86.783085
1006000 84.000000 86.780318
1007000 88.000000 86.781529
1008000 97.000000 86.791667
1009000 83.000000 86.787909
1010000 87.000000 86.788119
1011000 90.000000 86.791296
1012000 89.000000 86.793478
1013000 95.000000 86.801579
1014000 89.000000 86.803748
1015000 88.000000 86.804926
1016000 87.000000 86.805118
1017000 85.000000 86.803343
1018000 91.000000 86.807466
1019000 89.000000 86.809617
1020000 83.000000 86.805882
1021000 78.000000 86.797258
1022000 87.000000 86.797456
1023000 87.000000 86.797654
1024000 87.000000 86.797852
1025000 94.000000 86.804878
1026000 87.000000 86.805068
1027000 87.000000 86.805258
1028000 80.000000 86.798638
1029000 83.000000 86.794947
1030000 82.000000 86.790291
1031000 83.000000 86.786615
1032000 80.000000 86.780039
1033000 80.000000 86.773475
1034000 83.000000 86.769826
1035000 90.000000 86.772947
1036000 77.000000 86.763514
1037000 79.000000 86.756027
1038000 92.000000 86.761079
1039000 86.000000 86.760346
1040000 90.000000 86.763462
1041000 82.000000 86.758886
1042000 87.000000 86.759117
1043000 81.000000 86.753595
1044000 85.000000 86.751916
1045000 91.000000 86.755981
1046000 91.000000 86.760038
1047000 87.000000 86.760267
1048000 86.000000 86.759542
1049000 87.000000 86.759771
1050000 83.000000 86.756190
1051000 86.000000 86.755471
1052000 89.000000 86.757605
1053000 83.000000 86.754036
1054000 90.000000 86.757116
1055000 90.000000 86.760190
1056000 84.000000 86.757576
1057000 82.000000 86.753075
1058000 84.000000 86.750473
1059000 82.000000 86.745987
1060000 91.000000 86.750000
1061000 87.000000 86.750236
1062000 91.000000 86.754237
1063000 81.000000 86.748824
1064000 87.000000 86.749060
1065000 95.000000 86.756808
1066000 88.000000 86.757974
1067000 86.000000 86.757263
1068000 81.000000 86.751873
1069000 80.000000 86.745557
1070000 87.000000 86.745794
1071000 82.000000 86.741363
1072000 86.000000 86.740672
1073000 90.000000 86.743709
1074000 84.000000 86.741155
1075000 85.000000 86.739535
1076000 84.000000 86.736989
1077000 85.000000 86.735376
1078000 86.000000 86.734694
1079000 94.000000 86.741427
1080000 80.000000 86.735185
1081000 78.000000 86.727105
1082000 84.000000 86.724584
1083000 88.000000 86.725762
1084000 86.000000 86.725092
1085000 84.000000 86.722581
1086000 82.000000 86.718232
1087000 85.000000 86.716651
1088000 88.000000 86.717831
1089000 89.000000 86.719927
1090000 79.000000 86.712844
1091000 82.000000 86.708524
1092000 87.000000 86.708791
1093000 92.000000 86.713632
1094000 82.000000 86.709324
1095000 86.000000 86.708676
1096000 84.000000 86.706204
1097000 90.000000 86.709207
1098000 89.000000 86.711293
1099000 82.000000 86.707006
1100000 84.000000 86.704545
1101000 89.000000 86.706630
1102000 80.000000 86.700544
1103000 77.000000 86.691750
1104000 84.000000 86.689312
1105000 88.000000 86.690498
1106000 88.000000 86.691682
1107000 87.000000 86.691960
1108000 87.000000 86.692238
1109000 80.000000 86.686204
1110000 89.000000 86.688288
1111000 92.000000 86.693069
1112000 92.000000 86.697842
1113000 86.000000 86.697215
1114000 86.000000 86.696589
1115000 77.000000 86.687892
1116000 90.000000 86.690860
1117000 87.000000 86.691137
1118000 87.000000 86.691413
1119000 89.000000 86.693476
1120000 83.000000 86.690179
1121000 92.000000 86.694915
1122000 87.000000 86.695187
1123000 89.000000 86.697240
1124000 88.000000 86.698399
1125000 86.000000 86.697778
1126000 89.000000 86.699822
1127000 83.000000 86.696539
1128000 85.000000 86.695035
1129000 94.000000 86.701506
1130000 83.000000 86.698230
1131000 85.000000 86.696729
1132000 87.000000 86.696996
1133000 89.000000 86.699029
1134000 83.000000 86.695767
1135000 89.000000 86.697797
1136000 87.000000 86.698063
1137000 91.000000 86.701847
1138000 88.000000 86.702988
1139000 89.000000 86.705004
1140000 84.000000 86.702632
1141000 83.000000 86.699387
1142000 84.000000 86.697023
1143000 89.000000 86.699038
1144000 87.000000 86.699301
1145000 82.000000 86.695197
1146000 82.000000 86.691099
1147000 89.000000 86.693112
1148000 85.000000 86.691638
1149000 94.000000 86.697998
1150000 82.000000 86.693913
1151000 88.000000 86.695048
1152000 86.000000 86.694444
1153000 85.000000 86.692975
1154000 85.000000 86.691508
1155000 87.000000 86.691775
1156000 81.000000 86.686851
1157000 85.000000 86.685393
1158000 89.000000 86.687392
1159000 88.000000 86.688525
1160000 85.000000 86.687069
1161000 81.000000 86.682171
1162000 85.000000 86.680723
1163000 82.000000 86.676698
1164000 85.000000 86.675258
1165000 91.000000 86.678970
1166000 89.000000 86.680961
1167000 80.000000 86.675236
1168000 85.000000 86.673801
1169000 83.000000 86.670659
1170000 83.000000 86.667521
1171000 83.000000 86.664389
1172000 88.000000 86.665529
1173000 86.000000 86.664962
1174000 80.000000 86.659284
1175000 88.000000 86.660426
1176000 91.000000 86.664116
1177000 90.000000 86.666950
1178000 84.000000 86.664686
1179000 88.000000 86.665818
1180000 86.000000 86.665254
1181000 92.000000 86.669771
1182000 77.000000 86.661591
1183000 90.000000 86.664413
1184000 81.000000 86.659628
1185000 79.000000 86.653165
1186000 80.000000 86.647555
1187000 93.000000 86.652906
1188000 91.000000 86.656566
1189000 76.000000 86.647603
1190000 82.000000 86.643697
1191000 87.000000 86.643997
1192000 79.000000 86.637584
1193000 86.000000 86.637049
1194000 80.000000 86.631491
1195000 89.000000 86.633473
1196000 83.000000 86.630435
1197000 84.000000 86.628237
1198000 94.000000 86.634391
1199000 85.000000 86.633028
1200000 83.000000 86.630000
1201000 85.000000 86.628643
1202000 86.000000 86.628120
1203000 88.000000 86.629260
1204000 89.000000 86.631229
1205000 92.000000 86.635685
1206000 90.000000 86.638474
1207000 87.000000 86.638774
1208000 86.000000 86.638245
1209000 78.000000 86.631100
1210000 89.000000 86.633058
1211000 78.000000 86.625929
1212000 85.000000 86.624587
1213000 85.000000 86.623248
1214000 78.000000 86.616145
1215000 87.000000 86.616461
1216000 80.000000 86.611020
1217000 87.000000 86.611339
1218000 88.000000 86.612479
1219000 90.000000 86.615258
1220000 91.000000 86.618852
1221000 79.000000 86.612613
1222000 84.000000 86.610475
1223000 82.000000 86.606705
1224000 82.000000 86.602941
1225000 85.000000 86.601633
1226000 77.000000 86.593801
1227000 78.000000 86.586797
1228000 89.000000 86.588762
1229000 87.000000 86.589097
1230000 77.000000 86.581301
1231000 80.000000 86.575955
1232000 78.000000 86.568994
1233000 85.000000 86.567721
1234000 86.000000 86.567261
1235000 87.000000 86.567611
1236000 86.000000 86.567152
1237000 84.000000 86.565077
1238000 86.000000 86.564620
1239000 84.000000 86.562550
1240000 87.000000 86.562903
1241000 88.000000 86.564061
1242000 82.000000 86.560386
1243000 91.000000 86.563958
1244000 92.000000 86.568328
1245000 88.000000 86.569478
1246000 88.000000 86.570626
1247000 88.000000 86.571772
1248000 90.000000 86.574519
1249000 93.000000 86.579664
1250000 87.000000 86.580000
1251000 91.000000 86.583533
1252000 91.000000 86.587061
1253000 84.000000 86.584996
1254000 89.000000 86.586922
1255000 92.000000 86.591235
1256000 89.000000 86.593153
1257000 92.000000 86.597454
1258000 91.000000 86.600954
1259000 83.000000 86.598094
1260000 88.000000 86.599206
1261000 89.000000 86.601110
1262000 94.000000 86.606973
1263000 94.000000 86.612827
1264000 85.000000 86.611551
1265000 84.000000 86.609486
1266000 77.000000 86.601896
1267000 80.000000 86.596685
1268000 90.000000 86.599369
1269000 92.000000 86.603625
1270000 83.000000 86.600787
1271000 80.000000 86.595594
1272000 89.000000 86.597484
1273000 85.000000 86.596229
1274000 90.000000 86.598901
1275000 85.000000 86.597647
1276000 85.000000 86.596395
1277000 93.000000 86.601410
1278000 81.000000 86.597027
1279000 79.000000 86.591087
1280000 86.000000 86.590625
1281000 87.000000 86.590945
1282000 81.000000 86.586583
1283000 84.000000 86.584567
1284000 80.000000 86.579439
1285000 89.000000 86.581323
1286000 86.000000 86.580871
1287000 91.000000 86.584305
1288000 94.000000 86.590062
1289000 78.000000 86.583398
1290000 83.000000 86.580620
1291000 84.000000 86.578621
1292000 82.000000 86.575077
1293000 84.000000 86.573086
1294000 79.000000 86.567233
1295000 86.000000 86.566795
1296000 81.000000 86.562500
1297000 88.000000 86.563608
1298000 84.000000 86.561633
1299000 83.000000 86.558891
1300000 90.000000 86.561538
1301000 87.000000 86.561875
1302000 81.000000 86.557604
1303000 93.000000 86.562548
1304000 87.000000 86.562883
1305000 94.000000 86.568582
1306000 90.000000 86.571210
1307000 87.000000 86.571538
1308000 90.000000 86.574159
1309000 87.000000 86.574484
1310000 82.000000 86.570992
1311000 79.000000 86.565217
1312000 81.000000 86.560976
1313000 83.000000 86.558264
1314000 80.000000 86.553272
1315000 89.000000 86.555133
1316000 82.000000 86.551672
1317000 80.000000 86.546697
1318000 85.000000 86.545524
1319000 84.000000 86.543594
1320000 82.000000 86.540152
1321000 84.000000 86.538229
1322000 86.000000 86.537821
1323000 86.000000 86.537415
1324000 82.000000 86.533988
1325000 82.000000 86.530566
1326000 88.000000 86.531674
1327000 81.000000 86.527506
1328000 84.000000 86.525602
1329000 82.000000 86.522197
1330000 83.000000 86.519549
1331000 86.000000 86.519159
1332000 93.000000 86.524024
1333000 83.000000 86.521380
1334000 83.000000 86.518741
1335000 88.000000 86.519850
1336000 81.000000 86.515719
1337000 82.000000 86.512341
1338000 89.000000 86.514200
1339000 81.000000 86.510082
1340000 77.000000 86.502985
1341000 89.000000 86.504847
1342000 88.000000 86.505961
1343000 83.000000 86.503351
1344000 86.000000 86.502976
1345000 87.000000 86.503346
1346000 92.000000 86.507429
1347000 90.000000 86.510022
1348000 80.000000 86.505193
1349000 89.000000 86.507042
1350000 85.000000 86.505926
1351000 79.000000 86.500370
1352000 89.000000 86.502219
1353000 83.000000 86.499630
1354000 85.000000 86.498523
1355000 82.000000 86.495203
1356000 84.000000 86.493363
1357000 85.000000 86.492262
1358000 84.000000 86.490427
1359000 78.000000 86.484180
1360000 90.000000 86.486765
1361000 83.000000 86.484203
1362000 85.000000 86.483113
1363000 81.000000 86.479090
1364000 90.000000 86.481672
1365000 87.000000 86.482051
1366000 81.000000 86.478038
1367000 86.000000 86.477688
1368000 81.000000 86.473684
1369000 85.000000 86.472608
1370000 85.000000 86.471533
1371000 92.000000 86.475565
1372000 92.000000 86.479592
1373000 85.000000 86.478514
1374000 83.000000 86.475983
1375000 86.000000 86.475636
1376000 85.000000 86.474564
1377000 86.000000 86.474219
1378000 89.000000 86.476052
1379000 87.000000 86.476432
1380000 89.000000 86.478261
1381000 86.000000 86.477915
1382000 82.000000 86.474674
1383000 86.000000 86.474331
1384000 88.000000 86.475434
1385000 77.000000 86.468592
1386000 85.000000 86.467532
1387000 86.000000 86.467195
1388000 83.000000 86.464697
1389000 83.000000 86.462203
1390000 90.000000 86.464748
1391000 83.000000 86.462257
1392000 80.000000 86.457615
1393000 91.000000 86.460876
1394000 85.000000 86.459828
1395000 88.000000 86.460932
1396000 85.000000 86.459885
1397000 85.000000 86.458840
1398000 81.000000 86.454936
1399000 93.000000 86.459614
1400000 84.000000 86.457857
1401000 81.000000 86.453961
1402000 84.000000 86.452211
1403000 91.000000 86.455453
1404000 89.000000 86.457265
1405000 83.000000 86.454804
1406000 90.000000 86.457326
1407000 91.000000 86.460554
1408000 87.000000 86.460938
1409000 86.000000 86.460610
1410000 90.000000 86.463121
1411000 92.000000 86.467045
1412000 86.000000 86.466714
1413000 88.000000 86.467799
1414000 93.000000 86.472419
1415000 89.000000 86.474205
1416000 84.000000 86.472458
1417000 91.000000 86.475653
1418000 92.000000 86.479549
1419000 87.000000 86.479915
1420000 76.000000 86.472535
1421000 90.000000 86.475018
1422000 88.000000 86.476090
1423000 86.000000 86.475755
1424000 91.000000 86.478933
1425000 93.000000 86.483509
1426000 89.000000 86.485273
1427000 81.000000 86.481430
1428000 87.000000 86.481793
1429000 88.000000 86.482855
1430000 85.000000 86.481818
1431000 92.000000 86.485674
1432000 89.000000 86.487430
1433000 81.000000 86.483601
1434000 87.000000 86.483961
1435000 87.000000 86.484321
1436000 83.000000 86.481894
1437000 88.000000 86.482951
1438000 88.000000 86.484006
1439000 87.000000 86.484364
1440000 81.000000 86.480556
1441000 89.000000 86.482304
1442000 85.000000 86.481276
1443000 82.000000 86.478170
1444000 87.000000 86.478532
1445000 84.000000 86.476817
1446000 91.000000 86.479945
1447000 88.000000 86.480995
1448000 85.000000 86.479972
1449000 86.000000 86.479641
1450000 80.000000 86.475172
1451000 92.000000 86.478980
1452000 87.000000 86.479339
1453000 92.000000 86.483138
1454000 80.000000 86.478680
1455000 92.000000 86.482474
1456000 89.000000 86.484203
1457000 88.000000 86.485244
1458000 86.000000 86.484911
1459000 87.000000 86.485264
1460000 85.000000 86.484247
1461000 87.000000 86.484600
1462000 87.000000 86.484952
1463000 82.000000 86.481887
1464000 87.000000 86.482240
1465000 82.000000 86.479181
1466000 91.000000 86.482265
1467000 88.000000 86.483299
1468000 81.000000 86.479564
1469000 90.000000 86.481961
1470000 89.000000 86.483673
1471000 81.000000 86.479946
1472000 85.000000 86.478940
1473000 83.000000 86.476578
1474000 91.000000 86.479647
1475000 95.000000 86.485424
1476000 85.000000 86.484417
1477000 93.000000 86.488829
1478000 89.000000 86.490528
1479000 86.000000 86.490196
1480000 95.000000 86.495946
1481000 89.000000 86.497637
1482000 94.000000 86.502699
1483000 86.000000 86.502360
1484000 87.000000 86.502695
1485000 83.000000 86.500337
1486000 86.000000 86.500000
1487000 87.000000 86.500336
1488000 82.000000 86.497312
1489000 91.000000 86.500336
1490000 85.000000 86.499329
1491000 82.000000 86.496311
1492000 87.000000 86.496649
1493000 84.000000 86.494977
1494000 92.000000 86.498661
1495000 94.000000 86.503679
1496000 89.000000 86.505348
1497000 85.000000 86.504342
1498000 82.000000 86.501335
1499000 80.000000 86.496998
1500000 90.000000 86.499333
1501000 90.000000 86.501666
1502000 91.000000 86.504660
1503000 94.000000 86.509647
1504000 89.000000 86.511303
1505000 87.000000 86.511628
1506000 93.000000 86.515936
1507000 89.000000 86.517585
1508000 76.000000 86.510610
1509000 90.000000 86.512922
1510000 76.000000 86.505960
1511000 84.000000 86.504302
1512000 82.000000 86.501323
1513000 89.000000 86.502974
1514000 85.000000 86.501982
1515000 80.000000 86.497690
1516000 80.000000 86.493404
1517000 81.000000 86.489782
1518000 84.000000 86.488142
1519000 77.000000 86.481896
1520000 93.000000 86.486184
1521000 87.000000 86.486522
1522000 84.000000 86.484888
1523000 88.000000 86.485883
1524000 82.000000 86.482940
1525000 80.000000 86.478689
1526000 88.000000 86.479685
1527000 77.000000 86.473477
1528000 87.000000 86.473822
1529000 91.000000 86.476782
1530000 95.000000 86.482353
1531000 88.000000 86.483344
1532000 83.000000 86.481070
1533000 88.000000 86.482061
1534000 84.000000 86.480443
1535000 83.000000 86.478176
1536000 79.000000 86.473307
1537000 84.000000 86.471698
1538000 81.000000 86.468140
1539000 89.000000 86.469786
1540000 90.000000 86.472078
1541000 88.000000 86.473069
1542000 85.000000 86.472114
1543000 90.000000 86.474401
1544000 81.000000 86.470855
1545000 86.000000 86.470550
1546000 84.000000 86.468952
1547000 82.000000 86.466063
1548000 83.000000 86.463824
1549000 85.000000 86.462879
1550000 86.000000 86.462581
1551000 88.000000 86.463572
1552000 87.000000 86.463918
1553000 82.000000 86.461043
1554000 85.000000 86.460103
1555000 85.000000 86.459164
1556000 77.000000 86.453085
1557000 77.000000 86.447013
1558000 78.000000 86.441592
1559000 88.000000 86.442591
1560000 83.000000 86.440385
1561000 94.000000 86.445227
1562000 87.000000 86.445583
1563000 85.000000 86.444658
1564000 86.000000 86.444373
1565000 91.000000 86.447284
1566000 84.000000 86.445722
1567000 87.000000 86.446075
1568000 87.000000 86.446429
1569000 92.000000 86.449968
1570000 84.000000 86.448408
1571000 92.000000 86.451941
1572000 88.000000 86.452926
1573000 88.000000 86.453910
1574000 78.000000 86.448539
1575000 89.000000 86.450159
1576000 94.000000 86.454949
1577000 86.000000 86.454661
1578000 87.000000 86.455006
1579000 84.000000 86.453452
1580000 86.000000 86.453165
1581000 85.000000 86.452245
1582000 77.000000 86.446271
1583000 88.000000 86.447252
1584000 81.000000 86.443813
1585000 87.000000 86.444164
1586000 86.000000 86.443884
1587000 77.000000 86.437933
1588000 85.000000 86.437028
1589000 83.000000 86.434865
1590000 87.000000 86.435220
1591000 89.000000 86.436832
1592000 80.000000 86.432789
1593000 79.000000 86.428123
1594000 87.000000 86.428482
1595000 84.000000 86.426959
1596000 86.000000 86.426692
1597000 86.000000 86.426425
1598000 80.000000 86.422403
1599000 76.000000 86.415885
1600000 87.000000 86.416250
1601000 80.000000 86.412242
1602000 86.000000 86.411985
1603000 90.000000 86.414223
1604000 84.000000 86.412718
1605000 92.000000 86.416199
1606000 88.000000 86.417186
1607000 83.000000 86.415059
1608000 89.000000 86.416667
1609000 90.000000 86.418894
1610000 81.000000 86.415528
1611000 84.000000 86.414029
1612000 85.000000 86.413151
1613000 88.000000 86.414135
1614000 92.000000 86.417596
1615000 91.000000 86.420433
1616000 83.000000 86.418317
1617000 83.000000 86.416203
1618000 81.000000 86.412855
1619000 92.000000 86.416306
1620000 82.000000 86.413580
1621000 84.000000 86.412091
1622000 85.000000 86.411221
1623000 83.000000 86.409119
1624000 85.000000 86.408251
1625000 84.000000 86.406769
1626000 81.000000 86.403444
1627000 84.000000 86.401967
1628000 82.000000 86.399263
1629000 86.000000 86.399018
1630000 75.000000 86.392025
1631000 84.000000 86.390558
1632000 86.000000 86.390319
1633000 87.000000 86.390692
1634000 82.000000 86.388005
1635000 87.000000 86.388379
1636000 76.000000 86.382029
1637000 79.000000 86.377520
1638000 86.000000 86.377289
1639000 78.000000 86.372178
1640000 87.000000 86.372561
1641000 82.000000 86.369896
1642000 84.000000 86.368453
1643000 87.000000 86.368837
1644000 86.000000 86.368613
1645000 88.000000 86.369605
1646000 80.000000 86.365735
1647000 84.000000 86.364299
1648000 80.000000 86.360437
1649000 84.000000 86.359005
1650000 83.000000 86.356970
1651000 84.000000 86.355542
1652000 89.000000 86.357143
1653000 78.000000 86.352087
1654000 84.000000 86.350665
1655000 83.000000 86.348640
1656000 93.000000 86.352657
1657000 87.000000 86.353048
1658000 86.000000 86.352835
1659000 84.000000 86.351417
1660000 86.000000 86.351205
1661000 87.000000 86.351595
1662000 81.000000 86.348375
1663000 87.000000 86.348767
1664000 86.000000 86.348558
1665000 85.000000 86.347748
1666000 85.000000 86.346939
1667000 78.000000 86.341932
1668000 86.000000 86.341727
1669000 82.000000 86.339125
1670000 83.000000 86.337126
1671000 86.000000 86.336924
1672000 79.000000 86.332536
1673000 78.000000 86.327555
1674000 85.000000 86.326762
1675000 80.000000 86.322985
1676000 83.000000 86.321002
1677000 84.000000 86.319618
1678000 81.000000 86.316448
1679000 78.000000 86.311495
1680000 80.000000 86.307738
1681000 80.000000 86.303986
1682000 87.000000 86.304400
1683000 84.000000 86.303030
1684000 83.000000 86.301069
1685000 82.000000 86.298516
1686000 87.000000 86.298932
1687000 82.000000 86.296384
1688000 82.000000 86.293839
1689000 88.000000 86.294849
1690000 82.000000 86.292308
1691000 85.000000 86.291543
1692000 84.000000 86.290189
1693000 78.000000 86.285292
1694000 84.000000 86.283943
1695000 83.000000 86.282006
1696000 81.000000 86.278892
1697000 86.000000 86.278727
1698000 75.000000 86.272085
1699000 92.000000 86.275456
1700000 87.000000 86.275882
1701000 88.000000 86.276896
1702000 84.000000 86.275558
1703000 87.000000 86.275984
1704000 85.000000 86.275235
1705000 90.000000 86.277419
1706000 90.000000 86.279601
1707000 88.000000 86.280609
1708000 87.000000 86.281030
1709000 81.000000 86.277940
1710000 86.000000 86.277778
1711000 81.000000 86.274693
1712000 89.000000 86.276285
1713000 85.000000 86.275540
1714000 82.000000 86.273046
1715000 84.000000 86.271720
1716000 85.000000 86.270979
1717000 81.000000 86.267909
1718000 86.000000 86.267753
1719000 81.000000 86.264689
1720000 89.000000 86.266279
1721000 86.000000 86.266124
1722000 77.000000 86.260743
1723000 81.000000 86.257690
1724000 90.000000 86.259861
1725000 85.000000 86.259130
1726000 77.000000 86.253766
1727000 84.000000 86.252461
1728000 87.000000 86.252894
1729000 81.000000 86.249855
1730000 82.000000 86.247399
1731000 82.000000 86.244945
1732000 87.000000 86.245381
1733000 86.000000 86.245239
1734000 86.000000 86.245098
1735000 91.000000 86.247839
1736000 84.000000 86.246544
1737000 83.000000 86.244675
1738000 82.000000 86.242232
1739000 78.000000 86.237493
1740000 89.000000 86.239080
1741000 82.000000 86.236646
1742000 92.000000 86.239954
1743000 88.000000 86.240964
1744000 94.000000 86.245413
1745000 90.000000 86.247564
1746000 91.000000 86.250286
1747000 90.000000 86.252433
1748000 88.000000 86.253432
1749000 84.000000 86.252144
1750000 90.000000 86.254286
1751000 91.000000 86.256996
1752000 88.000000 86.257991
1753000 85.000000 86.257273
1754000 82.000000 86.254846
1755000 83.000000 86.252991
1756000 80.000000 86.249431
1757000 87.000000 86.249858
1758000 86.000000 86.249716
1759000 84.000000 86.248437
1760000 88.000000 86.249432
1761000 89.000000 86.250994
1762000 83.000000 86.249149
1763000 87.000000 86.249575
1764000 79.000000 86.245465
1765000 83.000000 86.243626
1766000 82.000000 86.241223
1767000 83.000000 86.239389
1768000 82.000000 86.236991
1769000 82.000000 86.234596
1770000 93.000000 86.238418
1771000 84.000000 86.237154
1772000 86.000000 86.237020
1773000 93.000000 86.240835
1774000 82.000000 86.238444
1775000 82.000000 86.236056
1776000 74.000000 86.229167
1777000 82.000000 86.226787
1778000 79.000000 86.222722
1779000 78.000000 86.218100
1780000 82.000000 86.215730
1781000 91.000000 86.218417
1782000 83.000000 86.216611
1783000 83.000000 86.214807
1784000 95.000000 86.219731
1785000 83.000000 86.217927
1786000 91.000000 86.220605
1787000 82.000000 86.218243
1788000 88.000000 86.219239
1789000 85.000000 86.218558
1790000 89.000000 86.220112
1791000 84.000000 86.218872
1792000 84.000000 86.217634
1793000 86.000000 86.217513
1794000 84.000000 86.216276
1795000 92.000000 86.219499
1796000 84.000000 86.218263
1797000 86.000000 86.218141
1798000 83.000000 86.216352
1799000 92.000000 86.219566
1800000 86.000000 86.219444
1801000 87.000000 86.219878
1802000 89.000000 86.221421
1803000 88.000000 86.222407
1804000 87.000000 86.222838
1805000 92.000000 86.226039
1806000 89.000000 86.227575
1807000 93.000000 86.231323
1808000 89.000000 86.232854
1809000 81.000000 86.229961
1810000 85.000000 86.229282
1811000 87.000000 86.229707
1812000 85.000000 86.229029
1813000 85.000000 86.228351
1814000 78.000000 86.223815
1815000 82.000000 86.221488
1816000 90.000000 86.223568
1817000 85.000000 86.222895
1818000 90.000000 86.224972
1819000 87.000000 86.225399
1820000 82.000000 86.223077
1821000 83.000000 86.221307
1822000 80.000000 86.217892
1823000 89.000000 86.219419
1824000 86.000000 86.219298
1825000 84.000000 86.218082
1826000 87.000000 86.218510
1827000 88.000000 86.219485
1828000 83.000000 86.217724
1829000 88.000000 86.218699
1830000 83.000000 86.216940
1831000 85.000000 86.216275
1832000 85.000000 86.215611
1833000 87.000000 86.216039
1834000 87.000000 86.216467
1835000 79.000000 86.212534
1836000 82.000000 86.210240
1837000 87.000000 86.210670
1838000 84.000000 86.209467
1839000 87.000000 86.209897
1840000 85.000000 86.209239
1841000 75.000000 86.203150
1842000 81.000000 86.200326
1843000 90.000000 86.202387
1844000 89.000000 86.203905
1845000 93.000000 86.207588
1846000 88.000000 86.208559
1847000 87.000000 86.208988
1848000 87.000000 86.209416
1849000 85.000000 86.208761
1850000 80.000000 86.205405
1851000 86.000000 86.205294
1852000 89.000000 86.206803
1853000 93.000000 86.210470
1854000 88.000000 86.211435
1855000 84.000000 86.210243
1856000 87.000000 86.210668
1857000 83.000000 86.208939
1858000 87.000000 86.209365
1859000 84.000000 86.208176
1860000 82.000000 86.205914
1861000 91.000000 86.208490
1862000 84.000000 86.207304
1863000 90.000000 86.209340
1864000 92.000000 86.212446
1865000 92.000000 86.215550
1866000 86.000000 86.215434
1867000 84.000000 86.214247
1868000 87.000000 86.214668
1869000 85.000000 86.214018
1870000 91.000000 86.216578
1871000 90.000000 86.218600
1872000 79.000000 86.214744
1873000 87.000000 86.215163
1874000 87.000000 86.215582
1875000 86.000000 86.215467
1876000 90.000000 86.217484
1877000 87.000000 86.217901
1878000 80.000000 86.214590
1879000 86.000000 86.214476
1880000 83.000000 86.212766
1881000 92.000000 86.215843
1882000 85.000000 86.215197
1883000 88.000000 86.216144
1884000 85.000000 86.215499
1885000 77.000000 86.210610
1886000 88.000000 86.211559
1887000 84.000000 86.210387
1888000 88.000000 86.211335
1889000 94.000000 86.215458
1890000 78.000000 86.211111
1891000 85.000000 86.210471
1892000 93.000000 86.214059
1893000 84.000000 86.212890
1894000 85.000000 86.212249
1895000 88.000000 86.213193
1896000 84.000000 86.212025
1897000 86.000000 86.211914
1898000 85.000000 86.211275
1899000 76.000000 86.205898
1900000 85.000000 86.205263
1901000 83.000000 86.203577
1902000 87.000000 86.203996
1903000 84.000000 86.202838
1904000 85.000000 86.202206
1905000 90.000000 86.204199
1906000 79.000000 86.200420
1907000 79.000000 86.196644
1908000 84.000000 86.195493
1909000 87.000000 86.195914
1910000 91.000000 86.198429
1911000 84.000000 86.197279
1912000 84.000000 86.196130
1913000 83.000000 86.194459
1914000 87.000000 86.194880
1915000 79.000000 86.191123
1916000 93.000000 86.194676
1917000 86.000000 86.194575
1918000 91.000000 86.197080
1919000 90.000000 86.199062
1920000 82.000000 86.196875
1921000 84.000000 86.195731
1922000 83.000000 86.194069
1923000 81.000000 86.191368
1924000 87.000000 86.191788
1925000 86.000000 86.191688
1926000 84.000000 86.190550
1927000 83.000000 86.188895
1928000 81.000000 86.186203
1929000 85.000000 86.185588
1930000 88.000000 86.186528
1931000 84.000000 86.185396
1932000 85.000000 86.184783
1933000 84.000000 86.183652
1934000 90.000000 86.185626
1935000 88.000000 86.186563
1936000 89.000000 86.188017
1937000 81.000000 86.185338
1938000 89.000000 86.186791
1939000 89.000000 86.188241
1940000 87.000000 86.188660
1941000 86.000000 86.188563
1942000 82.000000 86.186406
1943000 84.000000 86.185280
1944000 88.000000 86.186214
1945000 80.000000 86.183033
1946000 81.000000 86.180370
1947000 91.000000 86.182845
1948000 91.000000 86.185318
1949000 92.000000 86.188302
1950000 92.000000 86.191282
1951000 82.000000 86.189134
1952000 87.000000 86.189549
1953000 86.000000 86.189452
1954000 86.000000 86.189355
1955000 92.000000 86.192327
1956000 85.000000 86.191718
1957000 84.000000 86.190598
1958000 84.000000 86.189479
1959000 86.000000 86.189382
1960000 88.000000 86.190306
1961000 86.000000 86.190209
1962000 86.000000 86.190112
1963000 83.000000 86.188487
1964000 84.000000 86.187373
1965000 80.000000 86.184224
1966000 89.000000 86.185656
1967000 85.000000 86.185053
1968000 83.000000 86.183435
1969000 85.000000 86.182834
1970000 86.000000 86.182741
1971000 84.000000 86.181634
1972000 85.000000 86.181034
1973000 84.000000 86.179929
1974000 86.000000 86.179838
1975000 83.000000 86.178228
1976000 78.000000 86.174089
1977000 93.000000 86.177542
1978000 82.000000 86.175430
1979000 75.000000 86.169783
1980000 84.000000 86.168687
1981000 80.000000 86.165573
1982000 78.000000 86.161453
1983000 81.000000 86.158850
1984000 91.000000 86.161290
1985000 86.000000 86.161209
1986000 87.000000 86.161631
1987000 91.000000 86.164066
1988000 86.000000 86.163984
1989000 87.000000 86.164404
1990000 85.000000 86.163819
1991000 86.000000 86.163737
1992000 90.000000 86.165663
1993000 88.000000 86.166583
1994000 83.000000 86.164995
1995000 80.000000 86.161905
1996000 86.000000 86.161824
1997000 85.000000 86.161242
1998000 79.000000 86.157658
1999000 76.000000 86.152576
2000000 81.000000 86.150000
2001000 84.000000 86.148926
2002000 81.000000 86.146354
2003000 80.000000 86.143285
2004000 93.000000 86.146707
2005000 84.000000 86.145636
2006000 83.000000 86.144068
2007000 82.000000 86.142003
2008000 78.000000 86.137948
2009000 83.000000 86.136386
2010000 78.000000 86.132338
2011000 84.000000 86.131278
2012000 79.000000 86.127734
2013000 85.000000 86.127173
2014000 79.000000 86.123635
2015000 88.000000 86.124566
2016000 80.000000 86.121528
2017000 83.000000 86.119980
2018000 80.000000 86.116947
2019000 78.000000 86.112927
2020000 88.000000 86.113861
2021000 85.000000 86.113310
2022000 84.000000 86.112265
2023000 88.000000 86.113198
2024000 83.000000 86.111660
2025000 82.000000 86.109630
2026000 87.000000 86.110069
2027000 84.000000 86.109028
2028000 77.000000 86.104536
2029000 89.000000 86.105964
2030000 79.000000 86.102463
2031000 90.000000 86.104382
2032000 89.000000 86.105807
2033000 85.000000 86.105263
2034000 87.000000 86.105703
2035000 86.000000 86.105651
2036000 79.000000 86.102161
2037000 82.000000 86.100147
2038000 90.000000 86.102061
2039000 90.000000 86.103973
2040000 83.000000 86.102451
2041000 89.000000 86.103871
2042000 77.000000 86.099412
2043000 79.000000 86.095937
2044000 83.000000 86.094423
2045000 85.000000 86.093888
2046000 80.000000 86.090909
2047000 85.000000 86.090376
2048000 79.000000 86.086914
2049000 84.000000 86.085896
2050000 85.000000 86.085366
2051000 90.000000 86.087275
2052000 88.000000 86.088207
2053000 87.000000 86.088651
2054000 89.000000 86.090068
2055000 90.000000 86.091971
2056000 86.000000 86.091926
2057000 80.000000 86.088965
2058000 87.000000 86.089407
2059000 80.000000 86.086450
2060000 82.000000 86.084466
2061000 85.000000 86.083940
2062000 83.000000 86.082444
2063000 80.000000 86.079496
2064000 85.000000 86.078973
2065000 86.000000 86.078935
2066000 81.000000 86.076476
2067000 84.000000 86.075472
2068000 82.000000 86.073501
2069000 79.000000 86.070082
2070000 79.000000 86.066667
2071000 81.000000 86.064220
2072000 82.000000 86.062259
2073000 85.000000 86.061746
2074000 84.000000 86.060752
2075000 83.000000 86.059277
2076000 89.000000 86.060694
2077000 82.000000 86.058739
2078000 78.000000 86.054860
2079000 84.000000 86.053872
2080000 85.000000 86.053365
2081000 89.000000 86.054781
2082000 89.000000 86.056196
2083000 84.000000 86.055209
2084000 79.000000 86.051823
2085000 85.000000 86.051319
2086000 81.000000 86.048897
2087000 82.000000 86.046957
2088000 88.000000 86.047893
2089000 80.000000 86.044998
2090000 85.000000 86.044498
2091000 83.000000 86.043042
2092000 83.000000 86.041587
2093000 83.000000 86.040134
2094000 87.000000 86.040592
2095000 84.000000 86.039618
2096000 85.000000 86.039122
2097000 93.000000 86.042442
2098000 85.000000 86.041945
2099000 89.000000 86.043354
2100000 86.000000 86.043333
2101000 80.000000 86.040457
2102000 85.000000 86.039962
2103000 79.000000 86.036614
2104000 81.000000 86.034221
2105000 89.000000 86.035629
2106000 85.000000 86.035138
2107000 86.000000 86.035121
2108000 82.000000 86.033207
2109000 81.000000 86.030820
2110000 89.000000 86.032227
2111000 86.000000 86.032212
2112000 88.000000 86.033144
2113000 83.000000 86.031708
2114000 86.000000 86.031693
2115000 82.000000 86.029787
2116000 91.000000 86.032136
2117000 81.000000 86.029759
2118000 86.000000 86.029745
2119000 81.000000 86.027371
2120000 89.000000 86.028774
2121000 91.000000 86.031117
2122000 80.000000 86.028275
2123000 83.000000 86.026849
2124000 86.000000 86.026836
2125000 87.000000 86.027294
2126000 85.000000 86.026811
2127000 84.000000 86.025858
2128000 84.000000 86.024906
2129000 86.000000 86.024894
2130000 89.000000 86.026291
2131000 80.000000 86.023463
2132000 83.000000 86.022045
2133000 83.000000 86.020628
2134000 85.000000 86.020150
2135000 88.000000 86.021077
2136000 77.000000 86.016854
2137000 87.000000 86.017314
2138000 85.000000 86.016838
2139000 90.000000 86.018700
2140000 80.000000 86.015888
2141000 85.000000 86.015413
2142000 85.000000 86.014939
2143000 90.000000 86.016799
2144000 88.000000 86.017724
2145000 75.000000 86.012587
2146000 83.000000 86.011184
2147000 93.000000 86.014439
2148000 81.000000 86.012104
2149000 85.000000 86.011633
2150000 97.000000 86.016744
2151000 76.000000 86.012087
2152000 87.000000 86.012546
2153000 77.000000 86.008360
2154000 83.000000 86.006964
2155000 90.000000 86.008817
2156000 88.000000 86.009740
2157000 85.000000 86.009272
2158000 84.000000 86.008341
2159000 81.000000 86.006021
2160000 92.000000 86.008796
2161000 84.000000 86.007867
2162000 86.000000 86.007863
2163000 82.000000 86.006010
2164000 81.000000 86.003697
2165000 84.000000 86.002771
2166000 88.000000 86.003693
2167000 88.000000 86.004615
2168000 86.000000 86.004613
2169000 74.000000 85.999078
2170000 83.000000 85.997696
2171000 81.000000 85.995394
2172000 83.000000 85.994015
2173000 84.000000 85.993097
2174000 82.000000 85.991260
2175000 92.000000 85.994023
2176000 90.000000 85.995864
2177000 81.000000 85.993569
2178000 84.000000 85.992654
2179000 75.000000 85.987609
2180000 87.000000 85.988073
2181000 88.000000 85.988996
2182000 87.000000 85.989459
2183000 84.000000 85.988548
2184000 83.000000 85.987179
2185000 80.000000 85.984439
2186000 90.000000 85.986276
2187000 84.000000 85.985368
2188000 85.000000 85.984918
2189000 84.000000 85.984011
2190000 77.000000 85.979909
2191000 81.000000 85.977636
2192000 87.000000 85.978102
2193000 81.000000 85.975832
2194000 76.000000 85.971285
2195000 82.000000 85.969476
2196000 78.000000 85.965847
2197000 85.000000 85.965407
2198000 78.000000 85.961783
2199000 81.000000 85.959527
2200000 87.000000 85.960000
2201000 81.000000 85.957746
2202000 89.000000 85.959128
2203000 88.000000 85.960054
2204000 77.000000 85.955989
2205000 80.000000 85.953288
2206000 80.000000 85.950589
2207000 77.000000 85.946534
2208000 87.000000 85.947011
2209000 84.000000 85.946129
2210000 85.000000 85.945701
2211000 79.000000 85.942560
2212000 88.000000 85.943490
2213000 86.000000 85.943516
2214000 95.000000 85.947606
2215000 86.000000 85.947630
2216000 82.000000 85.945848
2217000 85.000000 85.945422
2218000 84.000000 85.944545
2219000 89.000000 85.945922
2220000 85.000000 85.945495
2221000 87.000000 85.945970
2222000 86.000000 85.945995
2223000 86.000000 85.946019
2224000 81.000000 85.943795
2225000 76.000000 85.939326
2226000 85.000000 85.938904
2227000 81.000000 85.936686
2228000 81.000000 85.934470
2229000 83.000000 85.933154
2230000 81.000000 85.930942
2231000 83.000000 85.929628
2232000 81.000000 85.927419
2233000 87.000000 85.927900
2234000 87.000000 85.928380
2235000 89.000000 85.929754
2236000 90.000000 85.931574
2237000 79.000000 85.928476
2238000 87.000000 85.928954
2239000 77.000000 85.924967
2240000 85.000000 85.924554
2241000 79.000000 85.921464
2242000 88.000000 85.922391
2243000 88.000000 85.923317
2244000 91.000000 85.925579
2245000 78.000000 85.922049
2246000 79.000000 85.918967
2247000 82.000000 85.917223
2248000 86.000000 85.917260
2249000 81.000000 85.915073
2250000 88.000000 85.916000
2251000 88.000000 85.916926
2252000 84.000000 85.916075
2253000 79.000000 85.913005
2254000 81.000000 85.910825
2255000 86.000000 85.910865
2256000 83.000000 85.909574
2257000 89.000000 85.910944
2258000 78.000000 85.907440
2259000 83.000000 85.906153
2260000 82.000000 85.904425
2261000 85.000000 85.904025
2262000 80.000000 85.901415
2263000 85.000000 85.901016
2264000 87.000000 85.901502
2265000 80.000000 85.898896
2266000 80.000000 85.896293
2267000 89.000000 85.897662
2268000 83.000000 85.896384
2269000 81.000000 85.894227
2270000 83.000000 85.892952
2271000 81.000000 85.890797
2272000 82.000000 85.889085
2273000 86.000000 85.889133
2274000 80.000000 85.886544
2275000 84.000000 85.885714
2276000 87.000000 85.886204
2277000 82.000000 85.884497
2278000 83.000000 85.883231
2279000 85.000000 85.882843
2280000 84.000000 85.882018
2281000 86.000000 85.882069
2282000 86.000000 85.882121
2283000 80.000000 85.879544
2284000 85.000000 85.879159
2285000 83.000000 85.877899
2286000 88.000000 85.878828
2287000 90.000000 85.880630
2288000 90.000000 85.882430
2289000 85.000000 85.882045
2290000 85.000000 85.881659
2291000 78.000000 85.878219
2292000 83.000000 85.876963
2293000 84.000000 85.876145
2294000 78.000000 85.872711
2295000 81.000000 85.870588
2296000 81.000000 85.868467
2297000 84.000000 85.867653
2298000 83.000000 85.866406
2299000 83.000000 85.865159
2300000 83.000000 85.863913
2301000 78.000000 85.860495
2302000 85.000000 85.860122
2303000 85.000000 85.859748
2304000 79.000000 85.856771
2305000 83.000000 85.855531
2306000 80.000000 85.852992
2307000 88.000000 85.853923
2308000 82.000000 85.852253
2309000 94.000000 85.855782
2310000 85.000000 85.855411
2311000 84.000000 85.854608
2312000 81.000000 85.852509
2313000 81.000000 85.850411
2314000 82.000000 85.848747
2315000 88.000000 85.849676
2316000 84.000000 85.848877
2317000 82.000000 85.847216
2318000 79.000000 85.844262
2319000 85.000000 85.843898
2320000 84.000000 85.843103
2321000 85.000000 85.842740
2322000 92.000000 85.845392
2323000 77.000000 85.841584
2324000 94.000000 85.845095
2325000 88.000000 85.846022
2326000 82.000000 85.844368
2327000 79.000000 85.841427
2328000 81.000000 85.839347
2329000 88.000000 85.840275
2330000 82.000000 85.838627
2331000 77.000000 85.834835
2332000 86.000000 85.834906
2333000 82.000000 85.833262
2334000 80.000000 85.830763
2335000 77.000000 85.826981
2336000 78.000000 85.823630
2337000 80.000000 85.821138
2338000 83.000000 85.819932
2339000 85.000000 85.819581
2340000 81.000000 85.817521
2341000 82.000000 85.815891
2342000 90.000000 85.817677
2343000 81.000000 85.815621
2344000 76.000000 85.811433
2345000 78.000000 85.808102
2346000 81.000000 85.806053
2347000 80.000000 85.803579
2348000 86.000000 85.803663
2349000 82.000000 85.802043
2350000 88.000000 85.802979
2351000 80.000000 85.800510
2352000 84.000000 85.799745
2353000 81.000000 85.797705
2354000 85.000000 85.797366
2355000 82.000000 85.795754
2356000 81.000000 85.793718
2357000 85.000000 85.793381
2358000 83.000000 85.792197
2359000 86.000000 85.792285
2360000 84.000000 85.791525
2361000 81.000000 85.789496
2362000 82.000000 85.787892
2363000 85.000000 85.787558
2364000 91.000000 85.789763
2365000 83.000000 85.788584
2366000 83.000000 85.787405
2367000 84.000000 85.786650
2368000 79.000000 85.783784
2369000 87.000000 85.784297
2370000 88.000000 85.785232
2371000 84.000000 85.784479
2372000 85.000000 85.784148
2373000 80.000000 85.781711
2374000 86.000000 85.781803
2375000 82.000000 85.780211
2376000 91.000000 85.782407
2377000 83.000000 85.781237
2378000 83.000000 85.780067
2379000 82.000000 85.778478
2380000 89.000000 85.779832
2381000 89.000000 85.781184
2382000 85.000000 85.780856
2383000 76.000000 85.776752
2384000 77.000000 85.773070
2385000 84.000000 85.772327
2386000 87.000000 85.772842
2387000 86.000000 85.772937
2388000 90.000000 85.774707
2389000 87.000000 85.775220
2390000 90.000000 85.776987
2391000 80.000000 85.774571
2392000 84.000000 85.773829
2393000 85.000000 85.773506
2394000 83.000000 85.772348
2395000 89.000000 85.773695
2396000 81.000000 85.771703
2397000 91.000000 85.773884
2398000 90.000000 85.775646
2399000 91.000000 85.777824
2400000 91.000000 85.780000
2401000 86.000000 85.780092
2402000 84.000000 85.779351
2403000 87.000000 85.779859
2404000 88.000000 85.780782
2405000 83.000000 85.779626
2406000 85.000000 85.779302
2407000 84.000000 85.778563
2408000 84.000000 85.777824
2409000 78.000000 85.774595
2410000 84.000000 85.773859
2411000 85.000000 85.773538
2412000 88.000000 85.774461
2413000 85.000000 85.774140
2414000 86.000000 85.774234
2415000 83.000000 85.773085
2416000 86.000000 85.773179
2417000 86.000000 85.773273
2418000 85.000000 85.772953
2419000 84.000000 85.772220
2420000 80.000000 85.769835
2421000 94.000000 85.773234
2422000 85.000000 85.772915
2423000 84.000000 85.772183
2424000 89.000000 85.773515
2425000 83.000000 85.772371
2426000 88.000000 85.773289
2427000 80.000000 85.770911
2428000 83.000000 85.769769
2429000 88.000000 85.770688
2430000 82.000000 85.769136
2431000 87.000000 85.769642
2432000 81.000000 85.767681
2433000 79.000000 85.764899
2434000 77.000000 85.761298
2435000 84.000000 85.760575
2436000 84.000000 85.759852
2437000 79.000000 85.757078
2438000 90.000000 85.758819
2439000 81.000000 85.756868
2440000 92.000000 85.759426
2441000 84.000000 85.758705
2442000 88.000000 85.759623
2443000 83.000000 85.758494
2444000 84.000000 85.757774
2445000 87.000000 85.758282
2446000 83.000000 85.757155
2447000 82.000000 85.755619
2448000 90.000000 85.757353
2449000 83.000000 85.756227
2450000 86.000000 85.756327
2451000 80.000000 85.753978
2452000 88.000000 85.754894
2453000 77.000000 85.751325
2454000 84.000000 85.750611
2455000 83.000000 85.749491
2456000 82.000000 85.747964
2457000 95.000000 85.751730
2458000 84.000000 85.751017
2459000 86.000000 85.751118
2460000 81.000000 85.749187
2461000 82.000000 85.747664
2462000 83.000000 85.746548
2463000 85.000000 85.746244
2464000 87.000000 85.746753
2465000 86.000000 85.746856
2466000 83.000000 85.745742
2467000 83.000000 85.744629
2468000 79.000000 85.741896
2469000 83.000000 85.740786
2470000 89.000000 85.742105
2471000 86.000000 85.742210
2472000 83.000000 85.741100
2473000 87.000000 85.741609
2474000 82.000000 85.740097
2475000 87.000000 85.740606
2476000 82.000000 85.739095
2477000 89.000000 85.740412
2478000 86.000000 85.740517
2479000 86.000000 85.740621
2480000 83.000000 85.739516
2481000 88.000000 85.740427
2482000 88.000000 85.741338
2483000 83.000000 85.740234
2484000 83.000000 85.739130
2485000 86.000000 85.739235
2486000 86.000000 85.739340
2487000 84.000000 85.738641
2488000 82.000000 85.737138
2489000 79.000000 85.734431
2490000 83.000000 85.733333
2491000 77.000000 85.729827
2492000 84.000000 85.729133
2493000 85.000000 85.728841
2494000 83.000000 85.727747
2495000 84.000000 85.727054
2496000 79.000000 85.724359
2497000 85.000000 85.724069
2498000 87.000000 85.724580
2499000 86.000000 85.724690
2500000 85.000000 85.724400
2501000 82.000000 85.722911
2502000 87.000000 85.723421
2503000 79.000000 85.720735
2504000 76.000000 85.716853
2505000 89.000000 85.718164
2506000 81.000000 85.716281
2507000 83.000000 85.715197
2508000 86.000000 85.715311
2509000 85.000000 85.715026
2510000 81.000000 85.713147
2511000 82.000000 85.711669
2512000 86.000000 85.711783
2513000 85.000000 85.711500
2514000 82.000000 85.710024
2515000 84.000000 85.709344
2516000 81.000000 85.707472
2517000 88.000000 85.708383
2518000 85.000000 85.708102
2519000 85.000000 85.707821
2520000 86.000000 85.707937
2521000 90.000000 85.709639
2522000 85.000000 85.709358
2523000 83.000000 85.708284
2524000 87.000000 85.708796
2525000 83.000000 85.707723
2526000 79.000000 85.705067
2527000 87.000000 85.705580
2528000 82.000000 85.704114
2529000 78.000000 85.701068
2530000 84.000000 85.700395
2531000 78.000000 85.697353
2532000 88.000000 85.698262
2533000 84.000000 85.697592
2534000 82.000000 85.696133
2535000 80.000000 85.693886
2536000 83.000000 85.692823
2537000 83.000000 85.691762
2538000 86.000000 85.691883
2539000 87.000000 85.692399
2540000 88.000000 85.693307
2541000 82.000000 85.691854
2542000 81.000000 85.690008
2543000 86.000000 85.690130
2544000 86.000000 85.690252
2545000 85.000000 85.689980
2546000 82.000000 85.688531
2547000 84.000000 85.687868
2548000 79.000000 85.685243
2549000 84.000000 85.684582
2550000 78.000000 85.681569
2551000 80.000000 85.679341
2552000 83.000000 85.678292
2553000 86.000000 85.678418
2554000 91.000000 85.680501
2555000 94.000000 85.683757
2556000 82.000000 85.682316
2557000 90.000000 85.684005
2558000 83.000000 85.682955
2559000 90.000000 85.684642
2560000 83.000000 85.683594
2561000 81.000000 85.681765
2562000 85.000000 85.681499
2563000 92.000000 85.683964
2564000 82.000000 85.682527
2565000 84.000000 85.681871
2566000 84.000000 85.681216
2567000 79.000000 85.678613
2568000 82.000000 85.677181
2569000 78.000000 85.674192
2570000 82.000000 85.672763
2571000 85.000000 85.672501
2572000 91.000000 85.674572
2573000 85.000000 85.674310
2574000 85.000000 85.674048
2575000 78.000000 85.671068
2576000 82.000000 85.669643
2577000 85.000000 85.669383
2578000 79.000000 85.666796
2579000 81.000000 85.664986
2580000 84.000000 85.664341
2581000 77.000000 85.660984
2582000 81.000000 85.659179
2583000 88.000000 85.660085
2584000 84.000000 85.659443
2585000 80.000000 85.657253
2586000 83.000000 85.656226
2587000 85.000000 85.655972
2588000 84.000000 85.655332
2589000 82.000000 85.653920
2590000 78.000000 85.650965
2591000 79.000000 85.648398
2592000 85.000000 85.648148
2593000 80.000000 85.645970
2594000 86.000000 85.646106
2595000 82.000000 85.644701
2596000 89.000000 85.645994
2597000 82.000000 85.644590
2598000 81.000000 85.642802
2599000 81.000000 85.641016
2600000 84.000000 85.640385
2601000 80.000000 85.638216
2602000 83.000000 85.637202
2603000 85.000000 85.636957
2604000 83.000000 85.635945
2605000 92.000000 85.638388
2606000 71.000000 85.632771
2607000 85.000000 85.632528
2608000 84.000000 85.631902
2609000 80.000000 85.629743
2610000 86.000000 85.629885
2611000 85.000000 85.629644
2612000 84.000000 85.629020
2613000 84.000000 85.628396
2614000 91.000000 85.630451
2615000 83.000000 85.629446
2616000 83.000000 85.628440
2617000 86.000000 85.628582
2618000 89.000000 85.629870
2619000 70.000000 85.623902
2620000 87.000000 85.624427
2621000 82.000000 85.623045
2622000 83.000000 85.622044
2623000 94.000000 85.625238
2624000 77.000000 85.621951
2625000 83.000000 85.620952
2626000 83.000000 85.619954
2627000 87.000000 85.620480
2628000 79.000000 85.617960
2629000 94.000000 85.621149
2630000 81.000000 85.619392
2631000 86.000000 85.619536
2632000 86.000000 85.619681
2633000 89.000000 85.620965
2634000 86.000000 85.621109
2635000 87.000000 85.621632
2636000 82.000000 85.620258
2637000 83.000000 85.619264
2638000 90.000000 85.620925
2639000 84.000000 85.620311
2640000 79.000000 85.617803
2641000 80.000000 85.615676
2642000 89.000000 85.616957
2643000 80.000000 85.614832
2644000 88.000000 85.615734
2645000 81.000000 85.613989
2646000 88.000000 85.614890
2647000 87.000000 85.615414
2648000 86.000000 85.615559
2649000 92.000000 85.617969
2650000 83.000000 85.616981
2651000 77.000000 85.613731
2652000 77.000000 85.610483
2653000 80.000000 85.608368
2654000 83.000000 85.607385
2655000 85.000000 85.607156
2656000 84.000000 85.606551
2657000 88.000000 85.607452
2658000 80.000000 85.605342
2659000 82.000000 85.603986
2660000 82.000000 85.602632
2661000 91.000000 85.604660
2662000 79.000000 85.602179
2663000 83.000000 85.601202
2664000 87.000000 85.601727
2665000 80.000000 85.599625
2666000 82.000000 85.598275
2667000 82.000000 85.596925
2668000 85.000000 85.596702
2669000 86.000000 85.596853
2670000 85.000000 85.596629
2671000 83.000000 85.595657
2672000 83.000000 85.594686
2673000 80.000000 85.592593
2674000 90.000000 85.594241
2675000 83.000000 85.593271
2676000 83.000000 85.592302
2677000 87.000000 85.592828
2678000 85.000000 85.592606
2679000 86.000000 85.592758
2680000 81.000000 85.591045
2681000 82.000000 85.589705
2682000 84.000000 85.589113
2683000 81.000000 85.587402
2684000 77.000000 85.584203
2685000 84.000000 85.583613
2686000 85.000000 85.583395
2687000 93.000000 85.586156
2688000 94.000000 85.589286
2689000 90.000000 85.590926
2690000 89.000000 85.592193
2691000 94.000000 85.595318
2692000 91.000000 85.597325
2693000 91.000000 85.599332
2694000 81.000000 85.597624
2695000 86.000000 85.597774
2696000 81.000000 85.596068
2697000 86.000000 85.596218
2698000 97.000000 85.600445
2699000 93.000000 85.603186
2700000 90.000000 85.604815
2701000 90.000000 85.606442
2702000 87.000000 85.606958
2703000 85.000000 85.606733
2704000 81.000000 85.605030
2705000 90.000000 85.606654
2706000 87.000000 85.607169
2707000 82.000000 85.605837
2708000 80.000000 85.603767
2709000 82.000000 85.602436
2710000 91.000000 85.604428
2711000 90.000000 85.606049
2712000 85.000000 85.605826
2713000 85.000000 85.605603
2714000 92.000000 85.607959
2715000 87.000000 85.608471
2716000 82.000000 85.607143
2717000 77.000000 85.603975
2718000 85.000000 85.603753
2719000 87.000000 85.604266
2720000 86.000000 85.604412
2721000 90.000000 85.606027
2722000 81.000000 85.604335
2723000 85.000000 85.604113
2724000 87.000000 85.604626
2725000 92.000000 85.606972
2726000 88.000000 85.607850
2727000 83.000000 85.606894
2728000 87.000000 85.607405
2729000 85.000000 85.607182
2730000 82.000000 85.605861
2731000 86.000000 85.606005
2732000 87.000000 85.606515
2733000 89.000000 85.607757
2734000 90.000000 85.609364
2735000 83.000000 85.608410
2736000 84.000000 85.607822
2737000 94.000000 85.610888
2738000 82.000000 85.609569
2739000 90.000000 85.611172
2740000 90.000000 85.612774
2741000 88.000000 85.613645
2742000 80.000000 85.611597
2743000 82.000000 85.610281
2744000 86.000000 85.610423
2745000 88.000000 85.611293
2746000 90.000000 85.612891
2747000 85.000000 85.612668
2748000 85.000000 85.612445
2749000 85.000000 85.612223
2750000 90.000000 85.613818
2751000 82.000000 85.612505
2752000 88.000000 85.613372
2753000 93.000000 85.616055
2754000 86.000000 85.616195
2755000 88.000000 85.617060
2756000 86.000000 85.617199
2757000 85.000000 85.616975
2758000 79.000000 85.614576
2759000 90.000000 85.616165
2760000 91.000000 85.618116
2761000 83.000000 85.617168
2762000 82.000000 85.615858
2763000 85.000000 85.615635
2764000 87.000000 85.616136
2765000 88.000000 85.616998
2766000 89.000000 85.618221
2767000 84.000000 85.617636
2768000 80.000000 85.615607
2769000 89.000000 85.616829
2770000 86.000000 85.616968
2771000 91.000000 85.618910
2772000 84.000000 85.618326
2773000 86.000000 85.618464
2774000 82.000000 85.617159
2775000 83.000000 85.616216
2776000 91.000000 85.618156
2777000 86.000000 85.618293
2778000 85.000000 85.618071
2779000 82.000000 85.616769
2780000 89.000000 85.617986
2781000 88.000000 85.618842
2782000 85.000000 85.618620
2783000 84.000000 85.618038
2784000 87.000000 85.618534
2785000 91.000000 85.620467
2786000 90.000000 85.622039
2787000 94.000000 85.625045
2788000 87.000000 85.625538
2789000 93.000000 85.628182
2790000 89.000000 85.629391
2791000 87.000000 85.629882
2792000 95.000000 85.633238
2793000 88.000000 85.634085
2794000 84.000000 85.633500
2795000 85.000000 85.633274
2796000 76.000000 85.629828
2797000 85.000000 85.629603
2798000 81.000000 85.627949
2799000 86.000000 85.628081
2800000 80.000000 85.626071
2801000 87.000000 85.626562
2802000 92.000000 85.628837
2803000 87.000000 85.629326
2804000 80.000000 85.627318
2805000 83.000000 85.626381
2806000 86.000000 85.626515
2807000 89.000000 85.627716
2808000 87.000000 85.628205
2809000 86.000000 85.628337
2810000 88.000000 85.629181
2811000 83.000000 85.628246
2812000 89.000000 85.629445
2813000 85.000000 85.629221
2814000 88.000000 85.630064
2815000 98.000000 85.634458
2816000 94.000000 85.637429
2817000 81.000000 85.635783
2818000 91.000000 85.637686
2819000 90.000000 85.639234
2820000 87.000000 85.639716
2821000 89.000000 85.640907
2822000 87.000000 85.641389
2823000 93.000000 85.643996
2824000 93.000000 85.646601
2825000 94.000000 85.649558
2826000 95.000000 85.652866
2827000 91.000000 85.654758
2828000 86.000000 85.654880
2829000 86.000000 85.655002
2830000 88.000000 85.655830
2831000 86.000000 85.655952
2832000 89.000000 85.657133
2833000 91.000000 85.659019
2834000 85.000000 85.658786
2835000 92.000000 85.661023
2836000 82.000000 85.659732
2837000 89.000000 85.660909
2838000 80.000000 85.658915
2839000 89.000000 85.660092
2840000 83.000000 85.659155
2841000 86.000000 85.659275
2842000 91.000000 85.661154
2843000 84.000000 85.660570
2844000 83.000000 85.659634
2845000 89.000000 85.660808
2846000 92.000000 85.663036
2847000 94.000000 85.665964
2848000 93.000000 85.668539
2849000 87.000000 85.669007
2850000 84.000000 85.668421
2851000 90.000000 85.669940
2852000 88.000000 85.670757
2853000 94.000000 85.673677
2854000 89.000000 85.674842
2855000 95.000000 85.678109
2856000 89.000000 85.679272
2857000 81.000000 85.677634
2858000 83.000000 85.676697
2859000 87.000000 85.677160
2860000 89.000000 85.678322
2861000 91.000000 85.680182
2862000 90.000000 85.681691
2863000 84.000000 85.681104
2864000 81.000000 85.679469
2865000 86.000000 85.679581
2866000 80.000000 85.677599
2867000 89.000000 85.678758
2868000 85.000000 85.678522
2869000 82.000000 85.677239
2870000 88.000000 85.678049
2871000 85.000000 85.677813
2872000 85.000000 85.677577
2873000 87.000000 85.678037
2874000 90.000000 85.679541
2875000 81.000000 85.677913
2876000 89.000000 85.679068
2877000 86.000000 85.679180
2878000 88.000000 85.679986
2879000 99.000000 85.684613
2880000 84.000000 85.684028
2881000 90.000000 85.685526
2882000 89.000000 85.686676
2883000 87.000000 85.687131
2884000 92.000000 85.689320
2885000 92.000000 85.691508
2886000 88.000000 85.692308
2887000 91.000000 85.694146
2888000 88.000000 85.694945
2889000 89.000000 85.696089
2890000 90.000000 85.697578
2891000 91.000000 85.699412
2892000 85.000000 85.699170
2893000 86.000000 85.699274
2894000 93.000000 85.701797
2895000 85.000000 85.701554
2896000 88.000000 85.702348
2897000 80.000000 85.700380
2898000 85.000000 85.700138
2899000 89.000000 85.701276
2900000 90.000000 85.702759
2901000 99.000000 85.707342
2902000 84.000000 85.706754
2903000 91.000000 85.708577
2904000 90.000000 85.710055
2905000 87.000000 85.710499
2906000 87.000000 85.710943
2907000 90.000000 85.712418
2908000 84.000000 85.711829
2909000 80.000000 85.709866
2910000 90.000000 85.711340
2911000 88.000000 85.712126
2912000 81.000000 85.710508
2913000 92.000000 85.712667
2914000 96.000000 85.716198
2915000 86.000000 85.716295
2916000 87.000000 85.716735
2917000 88.000000 85.717518
2918000 92.000000 85.719671
2919000 93.000000 85.722165
2920000 85.000000 85.721918
2921000 92.000000 85.724067
2922000 84.000000 85.723477
2923000 85.000000 85.723230
2924000 85.000000 85.722982
2925000 89.000000 85.724103
2926000 94.000000 85.726931
2927000 87.000000 85.727366
2928000 91.000000 85.729167
2929000 84.000000 85.728576
2930000 82.000000 85.727304
2931000 85.000000 85.727056
2932000 86.000000 85.727149
2933000 90.000000 85.728606
2934000 86.000000 85.728698
2935000 85.000000 85.728450
2936000 86.000000 85.728542
2937000 85.000000 85.728294
2938000 90.000000 85.729748
2939000 87.000000 85.730180
2940000 87.000000 85.730612
2941000 83.000000 85.729684
2942000 88.000000 85.730455
2943000 86.000000 85.730547
2944000 88.000000 85.731318
2945000 82.000000 85.730051
2946000 81.000000 85.728445
2947000 87.000000 85.728877
2948000 91.000000 85.730665
2949000 86.000000 85.730756
2950000 81.000000 85.729153
2951000 85.000000 85.728905
2952000 81.000000 85.727304
2953000 96.000000 85.730782
2954000 88.000000 85.731550
2955000 83.000000 85.730626
2956000 85.000000 85.730379
2957000 90.000000 85.731823
2958000 82.000000 85.730561
2959000 84.000000 85.729976
2960000 78.000000 85.727365
2961000 87.000000 85.727795
2962000 87.000000 85.728224
2963000 87.000000 85.728653
2964000 93.000000 85.731107
2965000 82.000000 85.729848
2966000 81.000000 85.728254
2967000 79.000000 85.725986
2968000 87.000000 85.726415
2969000 85.000000 85.726170
2970000 81.000000 85.724579
2971000 84.000000 85.723999
2972000 91.000000 85.725774
2973000 84.000000 85.725193
2974000 94.000000 85.727976
2975000 92.000000 85.730084
2976000 86.000000 85.730175
2977000 83.000000 85.729258
2978000 89.000000 85.730356
2979000 88.000000 85.731118
2980000 90.000000 85.732550
2981000 90.000000 85.733982
2982000 95.000000 85.737089
2983000 86.000000 85.737177
2984000 87.000000 85.737601
2985000 92.000000 85.739698
2986000 90.000000 85.741125
2987000 100.000000 85.745899
2988000 92.000000 85.747992
2989000 82.000000 85.746738
2990000 85.000000 85.746488
2991000 92.000000 85.748579
2992000 81.000000 85.746992
2993000 94.000000 85.749749
2994000 83.000000 85.748831
2995000 92.000000 85.750918
2996000 87.000000 85.751335
2997000 87.000000 85.751752
2998000 81.000000 85.750167
2999000 90.000000 85.751584
3000000 90.000000 85.753000
