1000 20.813605 20.813605
2000 21.448934 21.131269
3000 22.549581 21.604040
4000 21.002505 21.453656
5000 21.292511 21.421427
6000 20.290363 21.232916
7000 21.590999 21.284071
8000 21.443066 21.303945
9000 21.699413 21.347886
10000 21.177427 21.330840
11000 20.577743 21.262377
12000 21.490281 21.281369
13000 20.971491 21.257532
14000 21.753338 21.292947
15000 21.810155 21.327427
16000 20.857708 21.298070
17000 21.128428 21.288091
18000 21.208728 21.283682
19000 21.452239 21.292553
20000 21.910314 21.323441
21000 21.235514 21.319254
22000 20.932735 21.301685
23000 21.139066 21.294615
24000 21.797261 21.315559
25000 21.216045 21.311578
26000 21.242098 21.308906
27000 20.782788 21.289420
28000 22.122443 21.319171
29000 21.704996 21.332475
30000 22.256414 21.363273
31000 21.673758 21.373289
32000 21.921080 21.390407
33000 21.661875 21.398633
34000 21.566841 21.403581
35000 21.151380 21.396375
36000 20.972505 21.384601
37000 21.111786 21.377227
38000 20.905449 21.364812
39000 20.985562 21.355088
40000 21.090398 21.348471
41000 20.744800 21.333747
42000 21.149548 21.329361
43000 21.068903 21.323304
44000 20.830386 21.312101
45000 20.901932 21.302986
46000 20.662419 21.289061
47000 21.536747 21.294331
48000 21.566888 21.300009
49000 20.718536 21.288142
50000 20.404611 21.270472
51000 21.014105 21.265445
52000 21.113696 21.262527
53000 21.507650 21.267152
54000 20.791603 21.258345
55000 21.506404 21.262855
56000 21.683750 21.270371
57000 21.627623 21.276639
58000 22.905137 21.304717
59000 21.361359 21.305677
60000 22.291538 21.322108
61000 21.961015 21.332581
62000 21.859553 21.341081
63000 21.732929 21.347301
64000 21.688177 21.352627
65000 21.946054 21.361757
66000 21.801363 21.368417
67000 21.425542 21.369270
68000 22.157301 21.380859
69000 21.555162 21.383385
70000 22.447937 21.398593
71000 21.497416 21.399985
72000 22.005996 21.408401
73000 21.634179 21.411494
74000 22.292032 21.423393
75000 21.635852 21.426226
76000 22.325626 21.438060
77000 21.752730 21.442147
78000 21.709494 21.445575
79000 22.323040 21.456682
80000 21.900987 21.462236
81000 22.038041 21.469344
82000 22.851961 21.486205
83000 21.711666 21.488922
84000 20.390855 21.475850
85000 22.108711 21.483295
86000 20.675872 21.473906
87000 21.785046 21.477483
88000 22.247023 21.486227
89000 21.679915 21.488404
90000 22.619602 21.500973
91000 21.880580 21.505144
92000 22.070472 21.511289
93000 21.931217 21.515804
94000 22.708747 21.528495
95000 21.129338 21.524294
96000 21.967105 21.528906
97000 22.164882 21.535463
98000 22.104041 21.541264
99000 22.522870 21.551180
100000 21.242917 21.548097
101000 22.185337 21.554406
102000 21.971722 21.558498
103000 22.998577 21.572479
104000 22.420318 21.580631
105000 21.061196 21.575684
106000 22.071973 21.580366
107000 21.406010 21.578737
108000 22.165847 21.584173
109000 20.802360 21.577000
110000 21.214328 21.573703
111000 21.928903 21.576903
112000 22.332771 21.583652
113000 22.854599 21.594900
114000 22.696387 21.604562
115000 22.498790 21.612338
116000 22.042275 21.616044
117000 20.895275 21.609884
118000 22.003632 21.613220
119000 21.777116 21.614598
120000 21.662426 21.614996
121000 22.445222 21.621858
122000 21.522275 21.621041
123000 21.547785 21.620446
124000 21.384093 21.618540
125000 21.922760 21.620973
126000 22.390963 21.627084
127000 22.431865 21.633421
128000 22.055953 21.636722
129000 21.896604 21.638737
130000 21.317122 21.636263
131000 21.894106 21.638231
132000 20.900030 21.632639
133000 22.236168 21.637177
134000 21.745336 21.637984
135000 20.740587 21.631336
136000 21.733410 21.632087
137000 21.971138 21.634562
138000 21.711012 21.635116
139000 20.721286 21.628541
140000 21.849674 21.630121
141000 21.505212 21.629235
142000 22.157912 21.632958
143000 22.180391 21.636786
144000 21.975395 21.639138
145000 22.256107 21.643393
146000 20.824108 21.637781
147000 22.511272 21.643723
148000 21.941642 21.645736
149000 22.434114 21.651027
150000 22.416292 21.656129
151000 22.405446 21.661092
152000 21.692673 21.661299
153000 21.298855 21.658930
154000 22.307114 21.663139
155000 21.173346 21.659979
156000 22.696480 21.666624
157000 21.371995 21.664747
158000 22.733272 21.671510
159000 21.991164 21.673520
160000 21.860673 21.674690
161000 20.814348 21.669346
162000 22.620891 21.675220
163000 21.956544 21.676946
164000 21.791858 21.677647
165000 22.253801 21.681138
166000 21.790740 21.681799
167000 21.904930 21.683135
168000 22.188013 21.686140
169000 22.252813 21.689493
170000 21.787397 21.690069
171000 21.509054 21.689010
172000 21.272721 21.686590
173000 21.918785 21.687932
174000 21.256937 21.685455
175000 22.858855 21.692160
176000 22.475409 21.696611
177000 22.414221 21.700665
178000 22.869208 21.707230
179000 22.301260 21.710549
180000 22.775033 21.716462
181000 22.082346 21.718484
182000 21.559270 21.717609
183000 21.894140 21.718574
184000 21.954649 21.719857
185000 22.481638 21.723974
186000 21.665609 21.723661
187000 21.908944 21.724651
188000 21.285065 21.722313
189000 22.193871 21.724808
190000 22.556798 21.729187
191000 21.730017 21.729191
192000 22.876606 21.735168
193000 22.270890 21.737943
194000 23.819298 21.748672
195000 22.734762 21.753729
196000 22.125316 21.755625
197000 22.243544 21.758101
198000 22.495513 21.761826
199000 21.984370 21.762944
200000 22.735866 21.767809
201000 21.802479 21.767981
202000 22.386398 21.771043
203000 22.420096 21.774240
204000 23.737831 21.783865
205000 23.364657 21.791577
206000 22.317162 21.794128
207000 22.119954 21.795702
208000 22.783743 21.800452
209000 21.327212 21.798188
210000 22.286500 21.800513
211000 21.820682 21.800609
212000 22.390375 21.803391
213000 21.510211 21.802014
214000 22.878236 21.807043
215000 22.297654 21.809325
216000 22.263480 21.811428
217000 22.031063 21.812440
218000 22.696945 21.816497
219000 23.276940 21.823166
220000 22.319430 21.825422
221000 22.673187 21.829258
222000 21.677454 21.828574
223000 22.584324 21.831963
224000 21.578889 21.830833
225000 23.191365 21.836880
226000 22.738228 21.840868
227000 22.683802 21.844582
228000 21.603722 21.843525
229000 22.574854 21.846719
230000 21.303069 21.844355
231000 22.328058 21.846449
232000 22.130193 21.847672
233000 21.928713 21.848020
234000 22.796483 21.852073
235000 23.108779 21.857421
236000 23.024855 21.862368
237000 23.107436 21.867621
238000 22.292716 21.869407
239000 22.637372 21.872620
240000 21.961416 21.872990
241000 21.596614 21.871844
242000 22.316877 21.873683
243000 21.466499 21.872007
244000 22.308044 21.873794
245000 22.750551 21.877373
246000 22.210685 21.878727
247000 22.350546 21.880638
248000 22.117142 21.881591
249000 22.796508 21.885266
250000 22.761525 21.888771
251000 22.352427 21.890618
252000 21.723321 21.889954
253000 21.338287 21.887774
254000 22.943171 21.891929
255000 22.070002 21.892627
256000 22.926120 21.896664
257000 22.606422 21.899426
258000 23.013244 21.903743
259000 22.464158 21.905907
260000 21.976263 21.906177
261000 23.561660 21.912520
262000 23.383257 21.918134
263000 23.321168 21.923468
264000 23.672146 21.930092
265000 22.903423 21.933765
266000 22.863249 21.937259
267000 22.495692 21.939351
268000 22.576519 21.941728
269000 23.538746 21.947665
270000 23.182715 21.952240
271000 21.840493 21.951827
272000 21.739258 21.951046
273000 22.589520 21.953384
274000 21.830223 21.952935
275000 22.555283 21.955125
276000 22.875398 21.958460
277000 23.097046 21.962570
278000 22.991466 21.966271
279000 22.136867 21.966883
280000 22.658867 21.969354
281000 23.303283 21.974101
282000 21.287584 21.971667
283000 22.868682 21.974836
284000 23.313967 21.979551
285000 23.452944 21.984721
286000 22.649231 21.987045
287000 22.541875 21.988978
288000 22.609424 21.991132
289000 22.689060 21.993547
290000 24.150674 22.000986
291000 21.984824 22.000930
292000 23.476231 22.005982
293000 22.927608 22.009128
294000 21.980157 22.009029
295000 21.723779 22.008062
296000 22.572084 22.009968
297000 21.431094 22.008019
298000 22.217776 22.008723
299000 22.593718 22.010679
300000 21.294481 22.008292
301000 21.851093 22.007770
302000 23.017228 22.011112
303000 22.019971 22.011141
304000 22.038226 22.011231
305000 22.514017 22.012879
306000 23.263505 22.016966
307000 22.726035 22.019276
308000 23.071688 22.022693
309000 21.682398 22.021591
310000 22.574959 22.023376
311000 23.144423 22.026981
312000 23.847858 22.032817
313000 22.894373 22.035570
314000 22.369590 22.036634
315000 23.234128 22.040435
316000 23.177115 22.044032
317000 22.151216 22.044370
318000 22.653809 22.046287
319000 21.100742 22.043323
320000 22.710997 22.045409
321000 23.141191 22.048823
322000 22.684592 22.050797
323000 23.536398 22.055397
324000 22.735195 22.057495
325000 21.922673 22.057080
326000 21.683751 22.055935
327000 21.955539 22.055628
328000 21.370843 22.053540
329000 21.410077 22.051584
330000 21.523772 22.049985
331000 22.236811 22.050549
332000 21.945120 22.050232
333000 21.521899 22.048645
334000 22.931354 22.051288
335000 21.873730 22.050758
336000 22.626434 22.052471
337000 22.451699 22.053656
338000 22.059303 22.053673
339000 22.369693 22.054605
340000 22.338544 22.055440
341000 22.210341 22.055894
342000 22.661398 22.057665
343000 23.011597 22.060446
344000 22.232692 22.060946
345000 22.565165 22.062408
346000 21.651694 22.061221
347000 23.107130 22.064235
348000 21.471444 22.062532
349000 23.255295 22.065949
350000 22.179703 22.066274
351000 22.337179 22.067046
352000 22.132614 22.067232
353000 22.298655 22.067888
354000 21.841714 22.067249
355000 22.672892 22.068955
356000 23.486204 22.072936
357000 22.435804 22.073953
358000 22.463689 22.075041
359000 22.828469 22.077140
360000 20.816340 22.073638
361000 22.648585 22.075230
362000 22.387783 22.076094
363000 22.043928 22.076005
364000 22.649428 22.077580
365000 22.541557 22.078852
366000 22.974653 22.081299
367000 21.098848 22.078622
368000 22.253037 22.079096
369000 22.382396 22.079918
370000 22.222854 22.080304
371000 21.868456 22.079733
372000 22.090539 22.079762
373000 21.866328 22.079190
374000 22.035298 22.079073
375000 22.343705 22.079779
376000 21.386520 22.077935
377000 21.927650 22.077536
378000 22.487387 22.078620
379000 21.065611 22.075948
380000 21.858042 22.075374
381000 22.852894 22.077415
382000 23.332007 22.080699
383000 23.314859 22.083922
384000 21.777053 22.083122
385000 23.262252 22.086185
386000 23.448948 22.089716
387000 23.343402 22.092955
388000 23.097465 22.095544
389000 22.522832 22.096642
390000 22.661665 22.098091
391000 22.712504 22.099663
392000 22.296955 22.100166
393000 22.970846 22.102381
394000 23.197991 22.105162
395000 22.875359 22.107112
396000 22.856673 22.109005
397000 22.964135 22.111159
398000 22.169378 22.111305
399000 23.148483 22.113904
400000 22.992085 22.116100
401000 23.316333 22.119093
402000 22.573085 22.120222
403000 22.737194 22.121753
404000 23.192798 22.124404
405000 22.205205 22.124604
406000 23.225709 22.127316
407000 24.223828 22.132467
408000 24.088599 22.137262
409000 22.375418 22.137844
410000 23.752713 22.141783
411000 23.433847 22.144926
412000 23.300165 22.147730
413000 21.999948 22.147372
414000 22.930509 22.149264
415000 22.941828 22.151174
416000 22.135433 22.151136
417000 21.741540 22.150154
418000 23.466724 22.153303
419000 22.532884 22.154209
420000 22.929616 22.156056
421000 21.701667 22.154976
422000 22.934384 22.156823
423000 22.029299 22.156522
424000 22.947296 22.158387
425000 21.887469 22.157749
426000 21.713614 22.156707
427000 21.990094 22.156317
428000 22.480480 22.157074
429000 22.847896 22.158684
430000 22.956788 22.160540
431000 22.347550 22.160974
432000 21.064123 22.158435
433000 22.150035 22.158416
434000 22.264868 22.158661
435000 21.398361 22.156913
436000 23.329545 22.159603
437000 21.682205 22.158510
438000 21.487600 22.156979
439000 22.074862 22.156792
440000 21.955142 22.156333
441000 22.202691 22.156438
442000 22.209315 22.156558
443000 22.134598 22.156508
444000 21.914316 22.155963
445000 21.956882 22.155516
446000 22.550755 22.156402
447000 22.144564 22.156375
448000 21.215824 22.154276
449000 21.781361 22.153445
450000 22.885460 22.155072
451000 22.539255 22.155924
452000 21.549164 22.154581
453000 21.416237 22.152952
454000 22.102688 22.152841
455000 22.609386 22.153844
456000 22.522005 22.154652
457000 22.238762 22.154836
458000 21.505428 22.153418
459000 23.352499 22.156030
460000 22.736080 22.157291
461000 21.159906 22.155128
462000 22.070707 22.154945
463000 22.712137 22.156148
464000 22.204261 22.156252
465000 23.583745 22.159322
466000 22.324284 22.159676
467000 22.471133 22.160343
468000 21.471630 22.158871
469000 22.588926 22.159788
470000 20.642325 22.156559
471000 22.314089 22.156894
472000 22.458231 22.157532
473000 22.719968 22.158721
474000 22.278161 22.158973
475000 21.918971 22.158468
476000 21.486902 22.157057
477000 22.214878 22.157179
478000 22.167806 22.157201
479000 22.318034 22.157537
480000 22.879444 22.159040
481000 22.975083 22.160737
482000 21.818285 22.160027
483000 22.500415 22.160731
484000 22.194362 22.160801
485000 22.506039 22.161513
486000 21.397710 22.159941
487000 23.082714 22.161836
488000 22.501871 22.162533
489000 22.189072 22.162587
490000 22.193725 22.162650
491000 21.950036 22.162217
492000 21.936659 22.161759
493000 21.619906 22.160660
494000 22.742290 22.161837
495000 20.726544 22.158938
496000 21.922183 22.158460
497000 22.384728 22.158916
498000 21.767372 22.158129
499000 22.102068 22.158017
500000 22.063489 22.157828
501000 22.415124 22.158342
502000 22.037462 22.158101
503000 22.467812 22.158716
504000 22.878621 22.160145
505000 22.697879 22.161210
506000 21.891996 22.160678
507000 20.946358 22.158283
508000 21.996536 22.157964
509000 22.144863 22.157938
510000 21.344508 22.156343
511000 22.713600 22.157434
512000 22.644252 22.158385
513000 22.716331 22.159472
514000 21.678738 22.158537
515000 21.173452 22.156624
516000 22.860660 22.157989
517000 22.563081 22.158772
518000 21.438984 22.157383
519000 21.700341 22.156502
520000 21.706636 22.155637
521000 21.617211 22.154604
522000 22.352572 22.154983
523000 22.177279 22.155025
524000 21.974381 22.154681
525000 20.872229 22.152238
526000 21.656815 22.151296
527000 22.045577 22.151095
528000 21.830312 22.150488
529000 21.265195 22.148814
530000 22.031169 22.148592
531000 21.579558 22.147521
532000 21.322516 22.145970
533000 21.681390 22.145098
534000 21.939305 22.144713
535000 21.941829 22.144334
536000 22.190794 22.144420
537000 21.269874 22.142792
538000 22.728837 22.143881
539000 21.035484 22.141825
540000 20.675121 22.139109
541000 20.433087 22.135955
542000 21.536330 22.134849
543000 20.536911 22.131906
544000 21.835810 22.131362
545000 22.329048 22.131725
546000 21.806992 22.131130
547000 22.527770 22.131855
548000 22.455811 22.132446
549000 23.381940 22.134722
550000 21.878378 22.134256
551000 22.630881 22.135157
552000 22.790117 22.136344
553000 22.798912 22.137542
554000 21.643938 22.136651
555000 22.481076 22.137271
556000 21.303647 22.135772
557000 23.013594 22.137348
558000 22.386927 22.137795
559000 21.234827 22.136180
560000 21.999826 22.135937
561000 21.298800 22.134444
562000 22.576350 22.135231
563000 20.904606 22.133045
564000 21.726424 22.132324
565000 21.977535 22.132050
566000 21.976182 22.131775
567000 21.367890 22.130427
568000 21.603024 22.129499
569000 21.374353 22.128172
570000 20.926278 22.126063
571000 21.276995 22.124576
572000 21.298112 22.123131
573000 20.709120 22.120663
574000 21.609570 22.119773
575000 21.265201 22.118287
576000 20.934895 22.116232
577000 20.829124 22.114002
578000 21.895908 22.113624
579000 21.266611 22.112161
580000 21.003468 22.110250
581000 21.460413 22.109131
582000 21.231604 22.107624
583000 21.594587 22.106744
584000 21.182129 22.105160
585000 21.536776 22.104189
586000 22.091815 22.104168
587000 21.998762 22.103988
588000 22.102950 22.103986
589000 21.147758 22.102363
590000 20.303704 22.099314
591000 21.644566 22.098545
592000 22.408689 22.099069
593000 21.517014 22.098087
594000 22.137541 22.098154
595000 21.217646 22.096674
596000 22.354597 22.097107
597000 21.354132 22.095862
598000 21.815552 22.095393
599000 20.722436 22.093101
600000 21.200572 22.091614
601000 20.698510 22.089296
602000 21.940066 22.089048
603000 22.206369 22.089242
604000 20.977793 22.087402
605000 20.327745 22.084494
606000 21.519641 22.083562
607000 22.455742 22.084175
608000 21.616064 22.083405
609000 20.293159 22.080465
610000 20.265742 22.077490
611000 21.950983 22.077283
612000 21.939509 22.077058
613000 21.432463 22.076006
614000 21.645594 22.075305
615000 22.304107 22.075678
616000 21.441857 22.074649
617000 21.061108 22.073006
618000 22.211139 22.073229
619000 20.198062 22.070200
620000 21.690550 22.069588
621000 21.898534 22.069312
622000 21.702244 22.068722
623000 21.075481 22.067128
624000 21.644012 22.066450
625000 21.445131 22.065456
626000 20.896695 22.063589
627000 21.199956 22.062211
628000 22.009226 22.062127
629000 21.157917 22.060689
630000 22.553785 22.061472
631000 21.978770 22.061341
632000 21.732957 22.060821
633000 21.411874 22.059796
634000 23.320717 22.061785
635000 21.837200 22.061431
636000 21.783307 22.060994
637000 21.248712 22.059719
638000 22.372245 22.060209
639000 22.284941 22.060560
640000 22.093746 22.060612
641000 21.073128 22.059072
642000 21.701109 22.058514
643000 21.639211 22.057862
644000 22.833342 22.059066
645000 22.145428 22.059200
646000 22.721947 22.060226
647000 22.902334 22.061528
648000 22.063390 22.061530
649000 22.790738 22.062654
650000 21.279476 22.061449
651000 21.796293 22.061042
652000 22.292843 22.061397
653000 21.512909 22.060557
654000 21.971479 22.060421
655000 21.649717 22.059794
656000 21.225626 22.058523
657000 22.753315 22.059580
658000 22.414018 22.060119
659000 21.856813 22.059810
660000 21.988915 22.059703
661000 21.674924 22.059121
662000 22.123774 22.059218
663000 21.415527 22.058247
664000 21.397305 22.057252
665000 20.739923 22.055271
666000 21.998820 22.055186
667000 22.120140 22.055284
668000 21.137524 22.053910
669000 21.688239 22.053363
670000 22.001974 22.053287
671000 21.867390 22.053010
672000 21.924414 22.052818
673000 21.427506 22.051889
674000 23.181133 22.053564
675000 22.535337 22.054278
676000 21.607888 22.053618
677000 21.406374 22.052662
678000 21.936243 22.052490
679000 22.127906 22.052601
680000 21.901221 22.052379
681000 22.377338 22.052856
682000 21.075979 22.051423
683000 21.518524 22.050643
684000 21.223580 22.049434
685000 21.833149 22.049118
686000 21.510775 22.048333
687000 22.477404 22.048958
688000 22.071914 22.048991
689000 22.405342 22.049509
690000 22.059677 22.049523
691000 21.008308 22.048017
692000 20.800909 22.046214
693000 21.349885 22.045210
694000 21.742596 22.044773
695000 22.161618 22.044942
696000 22.247679 22.045233
697000 21.609711 22.044608
698000 22.802884 22.045694
699000 22.397277 22.046197
700000 22.081582 22.046248
701000 20.462944 22.043989
702000 21.888826 22.043768
703000 22.320054 22.044161
704000 22.285959 22.044505
705000 22.284963 22.044846
706000 21.952340 22.044715
707000 21.054143 22.043314
708000 22.483107 22.043935
709000 21.634551 22.043357
710000 21.587876 22.042716
711000 21.467044 22.041906
712000 22.677406 22.042799
713000 22.710431 22.043735
714000 21.724561 22.043288
715000 22.600505 22.044067
716000 21.828452 22.043766
717000 22.737843 22.044734
718000 22.259353 22.045033
719000 22.609805 22.045819
720000 22.228717 22.046073
721000 23.185233 22.047653
722000 21.796659 22.047305
723000 22.026969 22.047277
724000 21.855194 22.047012
725000 21.399943 22.046119
726000 21.844316 22.045841
727000 22.150050 22.045985
728000 22.064768 22.046010
729000 22.755581 22.046984
730000 21.883210 22.046759
731000 21.733242 22.046331
732000 20.494223 22.044210
733000 21.973746 22.044114
734000 22.419851 22.044626
735000 21.662918 22.044107
736000 22.548607 22.044792
737000 20.815712 22.043124
738000 21.976432 22.043034
739000 22.669262 22.043881
740000 21.924322 22.043720
741000 21.345117 22.042777
742000 22.255589 22.043064
743000 22.624735 22.043847
744000 22.582591 22.044571
745000 22.288245 22.044898
746000 21.885374 22.044684
747000 22.373538 22.045124
748000 21.562199 22.044479
749000 21.405432 22.043625
750000 22.229381 22.043873
751000 21.822584 22.043578
752000 21.816102 22.043276
753000 20.897904 22.041755
754000 22.121384 22.041861
755000 22.881846 22.042973
756000 21.718908 22.042544
757000 21.967918 22.042446
758000 22.548403 22.043113
759000 20.819671 22.041501
760000 21.454061 22.040728
761000 22.083929 22.040785
762000 21.916013 22.040622
763000 22.655344 22.041427
764000 21.689669 22.040967
765000 22.240519 22.041228
766000 21.843085 22.040969
767000 22.575806 22.041666
768000 22.671109 22.042486
769000 22.475515 22.043049
770000 22.606765 22.043781
771000 22.830411 22.044801
772000 21.457871 22.044041
773000 22.093115 22.044105
774000 21.806138 22.043797
775000 22.188760 22.043984
776000 22.100440 22.044057
777000 22.851391 22.045096
778000 22.183745 22.045274
779000 23.577299 22.047241
780000 22.870962 22.048297
781000 22.438443 22.048796
782000 23.050292 22.050077
783000 22.812808 22.051051
784000 22.547367 22.051684
785000 22.698498 22.052508
786000 22.893304 22.053578
787000 22.717586 22.054422
788000 22.469104 22.054948
789000 23.627348 22.056941
790000 23.148245 22.058322
791000 22.884828 22.059367
792000 21.568116 22.058747
793000 22.414994 22.059196
794000 23.409377 22.060897
795000 22.321331 22.061224
796000 23.914642 22.063553
797000 22.377919 22.063947
798000 22.785929 22.064852
799000 22.188477 22.065006
800000 23.115610 22.066320
801000 23.235197 22.067779
802000 22.831150 22.068731
803000 23.004276 22.069896
804000 22.260475 22.070133
805000 22.284620 22.070399
806000 22.915455 22.071448
807000 22.199744 22.071607
808000 23.129013 22.072915
809000 22.116368 22.072969
810000 22.195686 22.073121
811000 22.272221 22.073366
812000 21.807633 22.073039
813000 22.105885 22.073079
814000 21.224371 22.072037
815000 21.453631 22.071278
816000 22.265671 22.071516
817000 22.440880 22.071968
818000 22.702045 22.072738
819000 22.932829 22.073789
820000 22.932868 22.074836
821000 22.632698 22.075516
822000 22.901141 22.076520
823000 22.525254 22.077065
824000 21.808285 22.076739
825000 21.658155 22.076232
826000 21.395290 22.075408
827000 22.853126 22.076348
828000 21.834685 22.076056
829000 22.928529 22.077084
830000 22.251615 22.077295
831000 23.559061 22.079078
832000 21.392350 22.078252
833000 21.459203 22.077509
834000 21.220806 22.076482
835000 21.182756 22.075412
836000 22.392042 22.075790
837000 22.064150 22.075776
838000 20.975626 22.074464
839000 22.213561 22.074629
840000 21.388300 22.073812
841000 22.806170 22.074683
842000 22.775480 22.075516
843000 21.530315 22.074869
844000 22.444123 22.075306
845000 22.109566 22.075347
846000 22.776704 22.076176
847000 21.627476 22.075646
848000 21.785729 22.075304
849000 22.171802 22.075418
850000 23.129191 22.076658
851000 22.951898 22.077686
852000 22.779782 22.078510
853000 22.419617 22.078910
854000 22.582824 22.079500
855000 22.265244 22.079717
856000 22.500635 22.080209
857000 22.295180 22.080460
858000 22.407320 22.080841
859000 21.929243 22.080664
860000 22.539043 22.081197
861000 23.513862 22.082861
862000 21.829148 22.082567
863000 22.260414 22.082773
864000 23.222540 22.084092
865000 21.950729 22.083938
866000 21.731563 22.083531
867000 22.516281 22.084030
868000 22.320380 22.084303
869000 21.585128 22.083728
870000 22.984157 22.084763
871000 22.004951 22.084672
872000 21.796120 22.084341
873000 21.664505 22.083860
874000 22.507449 22.084344
875000 22.030294 22.084283
876000 22.973271 22.085297
877000 22.542781 22.085819
878000 22.310634 22.086075
879000 22.092979 22.086083
880000 21.845352 22.085809
881000 21.959051 22.085666
882000 22.194703 22.085789
883000 22.400126 22.086145
884000 22.505844 22.086620
885000 22.112337 22.086649
886000 21.311228 22.085774
887000 21.346845 22.084941
888000 22.068017 22.084922
889000 21.298025 22.084037
890000 21.424248 22.083295
891000 21.542171 22.082688
892000 21.919236 22.082505
893000 22.985525 22.083516
894000 22.216051 22.083664
895000 22.129156 22.083715
896000 21.236961 22.082770
897000 21.881076 22.082545
898000 21.612877 22.082022
899000 22.984484 22.083026
900000 21.996690 22.082930
901000 22.848259 22.083779
902000 21.775212 22.083437
903000 21.523389 22.082817
904000 22.523565 22.083305
905000 22.667248 22.083950
906000 22.285388 22.084172
907000 23.271715 22.085481
908000 22.117618 22.085517
909000 23.322752 22.086878
910000 22.826544 22.087691
911000 22.917906 22.088602
912000 23.623314 22.090285
913000 23.299291 22.091609
914000 23.462558 22.093109
915000 23.471363 22.094615
916000 22.344913 22.094889
917000 23.827462 22.096778
918000 22.405716 22.097115
919000 22.430139 22.097477
920000 23.470719 22.098970
921000 23.090175 22.100046
922000 22.956924 22.100975
923000 22.922882 22.101866
924000 22.450560 22.102243
925000 24.059245 22.104359
926000 22.601230 22.104895
927000 22.341128 22.105150
928000 22.888907 22.105995
929000 23.076218 22.107039
930000 23.149115 22.108160
931000 22.951092 22.109065
932000 23.028251 22.110051
933000 23.524162 22.111567
934000 22.982537 22.112499
935000 23.021281 22.113471
936000 23.377263 22.114822
937000 21.013679 22.113646
938000 22.224664 22.113765
939000 22.219736 22.113878
940000 21.208842 22.112915
941000 22.307998 22.113122
942000 23.265232 22.114345
943000 22.089118 22.114318
944000 22.274381 22.114488
945000 22.678290 22.115085
946000 23.537777 22.116588
947000 23.140716 22.117670
948000 22.287817 22.117849
949000 23.269451 22.119063
950000 22.827410 22.119809
951000 22.131484 22.119821
952000 23.472472 22.121242
953000 22.936600 22.122097
954000 22.587594 22.122585
955000 23.156425 22.123668
956000 22.815270 22.124391
957000 23.984769 22.126335
958000 22.187404 22.126399
959000 23.402104 22.127729
960000 22.361624 22.127973
961000 24.281694 22.130214
962000 22.329196 22.130421
963000 21.638357 22.129910
964000 23.208287 22.131028
965000 21.786092 22.130671
966000 23.918373 22.132522
967000 22.921231 22.133337
968000 21.952351 22.133150
969000 23.556486 22.134619
970000 22.453347 22.134948
971000 23.123497 22.135966
972000 21.640287 22.135456
973000 22.542045 22.135874
974000 22.971338 22.136731
975000 22.624955 22.137232
976000 23.885827 22.139024
977000 23.500068 22.140417
978000 23.524074 22.141832
979000 23.977081 22.143706
980000 22.826202 22.144403
981000 22.593506 22.144860
982000 22.939978 22.145670
983000 23.965848 22.147522
984000 23.434385 22.148830
985000 22.870915 22.149563
986000 22.797520 22.150220
987000 21.803365 22.149868
988000 22.998440 22.150727
989000 23.063360 22.151650
990000 22.629526 22.152133
991000 23.387980 22.153380
992000 22.936721 22.154170
993000 24.015901 22.156044
994000 22.661956 22.156553
995000 23.695026 22.158100
996000 22.870432 22.158815
997000 23.259563 22.159919
998000 23.266287 22.161027
999000 23.014399 22.161882
1000000 23.332268 22.163052
1001000 23.046742 22.163935
1002000 24.228578 22.165995
1003000 23.221405 22.167048
1004000 23.172162 22.168049
1005000 24.249267 22.170120
1006000 22.370209 22.170318
1007000 21.370213 22.169524
1008000 23.286355 22.170632
1009000 22.345755 22.170805
1010000 23.791132 22.172410
1011000 22.844159 22.173074
1012000 24.043053 22.174922
1013000 23.878434 22.176604
1014000 23.017400 22.177433
1015000 22.941859 22.178186
1016000 23.870266 22.179851
1017000 22.798504 22.180460
1018000 23.999857 22.182247
1019000 22.532800 22.182591
1020000 23.086916 22.183478
1021000 23.729121 22.184991
1022000 23.103301 22.185890
1023000 22.490763 22.186188
1024000 22.681403 22.186672
1025000 23.235690 22.187695
1026000 23.056126 22.188541
1027000 23.019836 22.189351
1028000 23.749186 22.190868
1029000 23.465577 22.192107
1030000 23.128066 22.193016
1031000 23.049868 22.193847
1032000 21.333116 22.193013
1033000 22.450230 22.193262
1034000 23.204625 22.194240
1035000 23.371241 22.195377
1036000 22.223172 22.195404
1037000 22.536235 22.195733
1038000 22.653186 22.196173
1039000 22.457799 22.196425
1040000 23.581636 22.197757
1041000 23.544741 22.199051
1042000 22.268468 22.199118
1043000 22.926322 22.199815
1044000 23.553366 22.201111
1045000 22.964248 22.201842
1046000 23.157079 22.202755
1047000 23.084526 22.203597
1048000 23.377557 22.204717
1049000 23.525713 22.205976
1050000 23.516026 22.207224
1051000 22.608687 22.207606
1052000 23.238377 22.208586
1053000 22.727810 22.209079
1054000 23.084393 22.209909
1055000 23.047865 22.210704
1056000 24.064555 22.212459
1057000 23.950511 22.214104
1058000 23.218135 22.215053
1059000 23.011605 22.215805
1060000 23.035070 22.216578
1061000 22.603788 22.216943
1062000 22.616798 22.217319
1063000 22.959555 22.218017
1064000 22.265316 22.218062
1065000 23.681503 22.219436
1066000 22.814369 22.219994
1067000 23.738304 22.221417
1068000 22.560011 22.221734
1069000 23.318273 22.222760
1070000 22.802658 22.223302
1071000 23.517338 22.224510
1072000 23.111064 22.225337
1073000 23.725577 22.226735
1074000 23.041355 22.227494
1075000 22.788451 22.228015
1076000 23.002625 22.228735
1077000 22.764454 22.229233
1078000 22.916258 22.229870
1079000 23.893305 22.231412
1080000 24.857278 22.233843
1081000 23.756922 22.235252
1082000 22.594428 22.235584
1083000 22.429244 22.235763
1084000 22.466463 22.235976
1085000 22.907014 22.236594
1086000 23.006599 22.237303
1087000 22.213143 22.237281
1088000 24.249567 22.239130
1089000 22.708125 22.239561
1090000 23.624318 22.240832
1091000 22.005419 22.240616
1092000 24.410127 22.242603
1093000 23.394078 22.243656
1094000 23.508845 22.244812
1095000 23.945195 22.246365
1096000 24.231792 22.248177
1097000 24.093683 22.249859
1098000 22.387741 22.249985
1099000 23.688726 22.251294
1100000 23.629895 22.252547
1101000 23.776813 22.253932
1102000 23.283303 22.254866
1103000 23.753807 22.256225
1104000 23.139864 22.257025
1105000 23.655796 22.258291
1106000 23.450883 22.259369
1107000 23.299007 22.260308
1108000 23.095204 22.261062
1109000 22.886951 22.261626
1110000 24.557929 22.263695
1111000 23.042283 22.264396
1112000 23.732478 22.265716
1113000 23.636383 22.266948
1114000 23.814148 22.268336
1115000 24.643356 22.270466
1116000 23.289140 22.271379
1117000 22.563415 22.271641
1118000 23.052416 22.272339
1119000 24.434597 22.274271
1120000 22.893274 22.274824
1121000 24.171752 22.276516
1122000 22.958748 22.277124
1123000 23.164598 22.277915
1124000 23.149462 22.278690
1125000 23.243017 22.279547
1126000 23.731799 22.280837
1127000 22.538204 22.281065
1128000 22.151518 22.280950
1129000 22.274003 22.280944
1130000 22.303147 22.280964
1131000 23.446729 22.281995
1132000 22.592257 22.282269
1133000 23.036132 22.282934
1134000 22.492349 22.283119
1135000 22.332637 22.283162
1136000 22.457148 22.283316
1137000 23.222192 22.284141
1138000 22.229633 22.284093
1139000 23.301363 22.284987
1140000 21.958331 22.284700
1141000 22.773210 22.285128
1142000 23.042858 22.285792
1143000 23.335867 22.286710
1144000 22.501333 22.286898
1145000 22.566258 22.287142
1146000 23.384192 22.288099
1147000 22.410288 22.288206
1148000 22.402398 22.288305
1149000 23.225250 22.289121
1150000 22.822311 22.289584
1151000 22.304610 22.289597
1152000 22.882334 22.290112
1153000 22.518400 22.290310
1154000 23.342709 22.291222
1155000 23.330941 22.292122
1156000 23.393347 22.293075
1157000 23.191035 22.293851
1158000 22.259285 22.293821
1159000 21.358744 22.293014
1160000 23.246671 22.293836
1161000 21.960391 22.293549
1162000 22.752084 22.293944
1163000 23.245842 22.294762
1164000 22.903085 22.295285
1165000 23.392174 22.296226
1166000 23.644923 22.297383
1167000 22.676369 22.297708
1168000 23.342527 22.298602
1169000 22.607323 22.298866
1170000 22.137707 22.298729
1171000 22.590595 22.298978
1172000 23.034316 22.299605
1173000 23.254273 22.300419
1174000 23.383680 22.301342
1175000 22.663890 22.301650
1176000 23.043616 22.302281
1177000 22.290691 22.302271
1178000 22.800795 22.302695
1179000 23.291702 22.303533
1180000 23.469487 22.304522
1181000 23.149431 22.305237
1182000 22.973701 22.305803
1183000 23.838065 22.307098
1184000 23.029758 22.307708
1185000 21.392647 22.306936
1186000 21.462672 22.306224
1187000 23.136628 22.306924
1188000 23.599297 22.308012
1189000 22.767741 22.308398
1190000 23.100458 22.309064
1191000 23.278656 22.309878
1192000 22.261213 22.309837
1193000 23.207233 22.310589
1194000 23.544383 22.311623
1195000 21.819213 22.311211
1196000 22.656254 22.311499
1197000 23.461157 22.312459
1198000 21.948700 22.312156
1199000 22.480316 22.312296
1200000 23.409235 22.313210
1201000 23.029847 22.313807
1202000 23.527197 22.314816
1203000 22.871899 22.315279
1204000 23.897629 22.316594
1205000 23.320185 22.317427
1206000 23.323445 22.318261
1207000 23.494321 22.319235
1208000 24.122953 22.320728
1209000 23.562232 22.321755
1210000 23.979979 22.323126
1211000 22.925768 22.323623
1212000 22.800281 22.324016
1213000 23.075257 22.324636
1214000 23.727356 22.325791
1215000 22.630053 22.326042
1216000 23.362185 22.326894
1217000 23.203908 22.327614
1218000 23.256180 22.328377
1219000 23.985750 22.329736
1220000 23.794922 22.330937
1221000 23.619378 22.331993
1222000 23.849687 22.333235
1223000 22.976781 22.333761
1224000 23.586360 22.334784
1225000 23.722259 22.335917
1226000 23.647378 22.336986
1227000 22.342952 22.336991
1228000 23.285720 22.337764
1229000 23.400899 22.338629
1230000 23.877973 22.339880
1231000 22.664928 22.340145
1232000 23.756295 22.341294
1233000 22.466336 22.341395
1234000 22.902400 22.341850
1235000 23.495480 22.342784
1236000 24.882611 22.344839
1237000 23.112296 22.345459
1238000 22.467307 22.345558
1239000 23.056972 22.346132
1240000 23.996338 22.347463
1241000 22.459537 22.347553
1242000 24.448195 22.349244
1243000 22.570798 22.349423
1244000 22.741190 22.349738
1245000 22.846646 22.350137
1246000 22.493413 22.350252
1247000 22.483208 22.350358
1248000 24.062692 22.351730
1249000 23.410665 22.352578
1250000 24.148983 22.354015
1251000 23.369707 22.354827
1252000 23.166024 22.355475
1253000 23.505070 22.356393
1254000 22.920798 22.356843
1255000 23.507702 22.357760
1256000 23.084190 22.358338
1257000 23.434387 22.359194
1258000 23.512001 22.360111
1259000 24.540490 22.361842
1260000 24.169461 22.363277
1261000 22.698766 22.363543
1262000 22.937199 22.363998
1263000 22.410949 22.364035
1264000 24.618349 22.365818
1265000 23.409336 22.366643
1266000 24.084256 22.368000
1267000 23.851308 22.369171
1268000 22.988747 22.369659
1269000 23.138746 22.370265
1270000 23.945662 22.371506
1271000 24.744432 22.373373
1272000 24.666969 22.375176
1273000 24.966275 22.377211
1274000 23.389645 22.378006
1275000 24.773717 22.379885
1276000 23.185193 22.380516
1277000 23.462441 22.381363
1278000 23.947644 22.382589
1279000 23.687902 22.383610
1280000 24.220880 22.385045
1281000 24.458448 22.386664
1282000 24.252517 22.388119
1283000 24.776005 22.389980
1284000 23.414268 22.390778
1285000 25.007624 22.392814
1286000 23.515825 22.393688
1287000 22.991757 22.394152
1288000 24.288216 22.395623
1289000 24.864075 22.397538
1290000 23.976452 22.398762
1291000 22.999800 22.399227
1292000 23.192815 22.399842
1293000 24.530386 22.401489
1294000 23.284363 22.402172
1295000 24.198846 22.403559
1296000 22.603076 22.403713
1297000 23.039479 22.404203
1298000 24.199828 22.405587
1299000 22.965935 22.406018
1300000 22.950235 22.406437
1301000 24.098538 22.407737
1302000 24.031993 22.408985
1303000 23.302383 22.409670
1304000 24.405481 22.411201
1305000 24.651728 22.412918
1306000 23.063546 22.413416
1307000 23.439170 22.414201
1308000 23.314270 22.414889
1309000 23.923131 22.416041
1310000 23.341622 22.416748
1311000 24.048906 22.417993
1312000 23.207126 22.418594
1313000 23.820783 22.419662
1314000 23.361836 22.420379
1315000 24.023211 22.421598
1316000 23.116531 22.422126
1317000 23.377265 22.422851
1318000 23.795528 22.423893
1319000 22.521867 22.423967
1320000 23.289475 22.424623
1321000 22.912906 22.424992
1322000 23.160026 22.425548
1323000 23.181966 22.426120
1324000 22.978890 22.426537
1325000 22.117951 22.426305
1326000 22.839636 22.426616
1327000 22.417017 22.426609
1328000 23.297426 22.427265
1329000 24.334600 22.428700
1330000 22.646691 22.428864
1331000 22.286128 22.428757
1332000 22.975458 22.429167
1333000 23.509141 22.429977
1334000 23.932952 22.431104
1335000 23.924960 22.432223
1336000 22.896719 22.432571
1337000 23.184306 22.433133
1338000 23.592559 22.433999
1339000 23.314658 22.434657
1340000 23.378794 22.435362
1341000 24.127567 22.436624
1342000 23.908405 22.437720
1343000 23.562103 22.438557
1344000 23.387496 22.439264
1345000 24.353146 22.440687
1346000 24.022621 22.441862
1347000 23.498483 22.442646
1348000 23.548657 22.443467
1349000 24.069813 22.444672
1350000 23.944103 22.445783
1351000 24.126425 22.447027
1352000 23.821323 22.448043
1353000 24.579754 22.449619
1354000 22.692666 22.449799
1355000 22.681427 22.449969
1356000 22.748384 22.450190
1357000 23.748934 22.451147
1358000 24.579938 22.452714
1359000 23.874381 22.453760
1360000 24.812700 22.455495
1361000 23.561883 22.456308
1362000 23.789179 22.457286
1363000 23.712772 22.458207
1364000 23.718896 22.459132
1365000 24.032747 22.460285
1366000 23.146181 22.460787
1367000 23.199507 22.461327
1368000 24.490909 22.462811
1369000 23.908362 22.463867
1370000 24.343733 22.465239
1371000 23.673052 22.466120
1372000 22.772764 22.466343
1373000 24.206485 22.467611
1374000 24.263874 22.468918
1375000 24.102286 22.470106
1376000 23.530323 22.470876
1377000 23.980508 22.471973
1378000 23.793573 22.472932
1379000 23.492201 22.473671
1380000 23.518184 22.474428
1381000 23.703414 22.475318
1382000 22.864365 22.475599
1383000 22.887631 22.475897
1384000 23.798972 22.476853
1385000 23.555366 22.477632
1386000 24.075220 22.478785
1387000 23.103824 22.479235
1388000 23.610447 22.480050
1389000 24.571832 22.481556
1390000 23.850360 22.482541
1391000 23.287491 22.483120
1392000 23.797783 22.484064
1393000 24.060379 22.485196
1394000 23.207151 22.485713
1395000 24.353893 22.487053
1396000 24.690167 22.488631
1397000 23.426318 22.489302
1398000 24.023509 22.490399
1399000 24.370305 22.491743
1400000 23.852370 22.492715
1401000 24.208285 22.493940
1402000 23.579209 22.494714
1403000 23.750075 22.495609
1404000 24.128955 22.496772
1405000 23.205446 22.497276
1406000 23.893205 22.498269
1407000 24.032463 22.499359
1408000 23.818974 22.500297
1409000 23.461447 22.500979
1410000 24.229038 22.502204
1411000 23.036966 22.502583
1412000 23.717410 22.503444
1413000 23.983028 22.504491
1414000 22.732460 22.504652
1415000 22.955806 22.504971
1416000 22.760454 22.505151
1417000 24.472799 22.506540
1418000 24.322789 22.507821
1419000 23.449291 22.508484
1420000 23.317245 22.509054
1421000 23.049939 22.509435
1422000 23.987762 22.510474
1423000 24.209738 22.511668
1424000 23.952995 22.512680
1425000 23.659986 22.513486
1426000 24.187589 22.514660
1427000 22.583652 22.514708
1428000 23.391467 22.515322
1429000 23.628600 22.516101
1430000 23.513153 22.516798
1431000 23.497129 22.517483
1432000 22.691470 22.517605
1433000 23.323592 22.518167
1434000 22.674779 22.518276
1435000 22.806639 22.518477
1436000 23.339811 22.519049
1437000 24.330703 22.520310
1438000 23.278684 22.520837
1439000 22.781534 22.521019
1440000 22.789182 22.521205
1441000 23.625480 22.521971
1442000 24.249931 22.523169
1443000 22.733442 22.523315
1444000 23.009940 22.523652
1445000 24.539896 22.525047
1446000 23.258147 22.525554
1447000 23.778180 22.526420
1448000 23.441659 22.527052
1449000 23.089247 22.527440
1450000 23.355182 22.528011
1451000 23.598677 22.528749
1452000 23.084568 22.529132
1453000 23.032354 22.529478
1454000 22.815811 22.529675
1455000 23.652984 22.530447
1456000 22.781353 22.530619
1457000 23.460344 22.531257
1458000 22.924427 22.531527
1459000 24.297283 22.532737
1460000 24.199019 22.533879
1461000 22.592811 22.533919
1462000 23.965772 22.534898
1463000 23.264494 22.535397
1464000 22.941236 22.535674
1465000 23.257684 22.536167
1466000 22.820579 22.536361
1467000 23.739092 22.537181
1468000 22.829585 22.537380
1469000 23.665790 22.538148
1470000 22.719572 22.538272
1471000 22.020146 22.537920
1472000 23.863534 22.538820
1473000 22.427227 22.538744
1474000 23.406341 22.539333
1475000 22.849690 22.539543
1476000 22.780021 22.539706
1477000 23.293287 22.540216
1478000 23.771549 22.541050
1479000 23.612646 22.541774
1480000 24.007874 22.542765
1481000 23.365158 22.543320
1482000 23.159924 22.543736
1483000 22.734090 22.543864
1484000 23.214568 22.544316
1485000 22.010771 22.543957
1486000 23.255717 22.544436
1487000 21.811646 22.543943
1488000 22.453935 22.543883
1489000 23.188299 22.544316
1490000 22.327165 22.544170
1491000 23.788349 22.545004
1492000 23.071231 22.545357
1493000 23.537879 22.546022
1494000 23.315040 22.546537
1495000 23.251776 22.547008
1496000 24.096217 22.548044
1497000 23.347341 22.548578
1498000 23.409467 22.549152
1499000 23.615587 22.549864
1500000 23.038279 22.550189
1501000 24.567165 22.551533
1502000 23.832304 22.552386
1503000 24.534489 22.553705
1504000 23.492543 22.554329
1505000 23.344852 22.554854
1506000 24.426611 22.556097
1507000 23.777297 22.556907
1508000 23.276186 22.557384
1509000 23.977123 22.558325
1510000 23.733637 22.559104
1511000 23.145819 22.559492
1512000 24.314111 22.560652
1513000 24.254947 22.561772
1514000 23.200601 22.562194
1515000 22.975988 22.562467
1516000 23.334211 22.562976
1517000 23.120016 22.563344
1518000 24.823373 22.564832
1519000 23.460315 22.565422
1520000 23.893883 22.566296
1521000 23.493410 22.566905
1522000 23.413600 22.567462
1523000 23.444636 22.568038
1524000 23.842922 22.568874
1525000 25.667498 22.570906
1526000 22.427421 22.570812
1527000 23.166136 22.571202
1528000 23.833304 22.572028
1529000 23.443117 22.572598
1530000 23.226343 22.573025
1531000 23.224894 22.573451
1532000 23.509936 22.574062
1533000 23.568071 22.574710
1534000 23.596967 22.575377
1535000 22.860228 22.575562
1536000 22.617827 22.575590
1537000 24.130932 22.576602
1538000 22.883807 22.576802
1539000 22.047637 22.576458
1540000 23.136147 22.576821
1541000 22.652206 22.576870
1542000 22.575014 22.576869
1543000 21.959517 22.576469
1544000 22.970562 22.576724
1545000 22.769326 22.576849
1546000 22.818159 22.577005
1547000 22.994556 22.577275
1548000 23.355937 22.577778
1549000 23.796714 22.578565
1550000 23.859074 22.579391
1551000 23.125762 22.579743
1552000 23.065767 22.580056
1553000 23.672602 22.580760
1554000 23.772656 22.581527
1555000 23.659030 22.582220
1556000 23.407335 22.582750
1557000 23.483346 22.583328
1558000 24.975869 22.584864
1559000 24.779431 22.586272
1560000 24.626595 22.587579
1561000 23.434156 22.588122
1562000 23.351217 22.588610
1563000 23.614866 22.589267
1564000 23.308834 22.589727
1565000 23.828220 22.590518
1566000 23.601663 22.591164
1567000 22.865536 22.591339
1568000 23.597641 22.591981
1569000 23.690899 22.592681
1570000 24.175106 22.593689
1571000 22.625917 22.593710
1572000 22.905463 22.593908
1573000 22.994084 22.594162
1574000 23.735962 22.594888
1575000 24.675680 22.596209
1576000 24.237914 22.597251
1577000 24.476398 22.598442
1578000 23.024622 22.598712
1579000 24.217100 22.599737
1580000 23.747983 22.600464
1581000 23.204566 22.600846
1582000 22.878344 22.601022
1583000 22.878718 22.601197
1584000 23.679553 22.601878
1585000 24.244620 22.602914
1586000 23.906794 22.603736
1587000 25.500473 22.605562
1588000 23.614470 22.606197
1589000 23.260199 22.606609
1590000 23.965369 22.607463
1591000 22.281522 22.607258
1592000 23.775951 22.607992
1593000 24.015109 22.608876
1594000 22.716670 22.608943
1595000 24.345433 22.610032
1596000 23.458515 22.610564
1597000 24.262187 22.611598
1598000 24.641746 22.612868
1599000 22.711187 22.612930
1600000 23.791265 22.613666
1601000 23.809407 22.614413
1602000 22.902843 22.614593
1603000 24.092749 22.615515
1604000 25.406398 22.617255
1605000 23.382353 22.617732
1606000 23.513522 22.618290
1607000 23.365332 22.618755
1608000 23.565087 22.619343
1609000 23.266148 22.619745
1610000 23.224632 22.620121
1611000 23.716973 22.620802
1612000 23.500584 22.621347
1613000 24.103604 22.622266
1614000 23.709179 22.622940
1615000 24.573350 22.624147
1616000 23.781616 22.624864
1617000 24.777160 22.626195
1618000 23.276781 22.626597
1619000 22.800293 22.626704
1620000 23.865350 22.627469
1621000 23.790348 22.628186
1622000 24.257672 22.629191
1623000 24.848150 22.630558
1624000 24.329492 22.631604
1625000 23.775556 22.632308
1626000 23.503926 22.632844
1627000 23.443284 22.633342
1628000 22.994423 22.633564
1629000 24.470498 22.634692
1630000 24.203324 22.635654
1631000 23.731882 22.636326
1632000 23.579743 22.636904
1633000 23.306349 22.637314
1634000 22.648953 22.637321
1635000 22.697327 22.637358
1636000 23.501275 22.637886
1637000 23.691197 22.638529
1638000 23.192530 22.638868
1639000 24.032004 22.639718
1640000 23.875579 22.640471
1641000 23.568852 22.641037
1642000 22.686903 22.641065
1643000 23.280514 22.641454
1644000 23.762630 22.642136
1645000 24.738585 22.643411
1646000 25.047572 22.644871
1647000 24.090021 22.645749
1648000 24.106676 22.646635
1649000 22.966813 22.646829
1650000 23.277544 22.647211
1651000 22.962557 22.647402
1652000 23.827783 22.648117
1653000 22.174613 22.647831
1654000 22.831844 22.647942
1655000 22.554847 22.647886
1656000 23.438857 22.648363
1657000 23.416425 22.648827
1658000 23.800438 22.649521
1659000 24.542604 22.650662
1660000 23.895985 22.651413
1661000 23.998931 22.652224
1662000 23.576187 22.652780
1663000 23.678316 22.653396
1664000 21.501406 22.652704
1665000 23.495500 22.653210
1666000 22.979358 22.653406
1667000 23.899301 22.654153
1668000 23.423367 22.654615
1669000 23.864370 22.655339
1670000 23.526816 22.655861
1671000 24.112714 22.656733
1672000 23.956145 22.657510
1673000 23.999895 22.658313
1674000 22.928220 22.658474
1675000 23.735249 22.659117
1676000 22.656018 22.659115
1677000 24.171693 22.660017
1678000 22.416243 22.659872
1679000 22.434814 22.659738
1680000 24.253822 22.660686
1681000 24.468892 22.661762
1682000 23.187346 22.662075
1683000 22.485916 22.661970
1684000 24.040817 22.662789
1685000 24.359403 22.663796
1686000 23.770956 22.664452
1687000 23.351779 22.664860
1688000 23.779687 22.665520
1689000 23.912161 22.666258
1690000 23.167567 22.666555
1691000 22.910636 22.666699
1692000 23.917176 22.667438
1693000 24.258733 22.668378
1694000 24.108206 22.669228
1695000 25.283860 22.670771
1696000 24.922322 22.672098
1697000 24.183562 22.672989
1698000 22.563758 22.672925
1699000 25.313633 22.674479
1700000 24.186200 22.675368
1701000 23.932735 22.676107
1702000 23.472107 22.676575
1703000 24.315162 22.677537
1704000 24.269434 22.678471
1705000 24.370844 22.679464
1706000 24.184740 22.680346
1707000 24.165720 22.681217
1708000 24.245761 22.682133
1709000 24.631243 22.683273
1710000 24.150781 22.684131
1711000 22.537206 22.684045
1712000 24.059885 22.684849
1713000 24.415095 22.685859
1714000 25.234654 22.687346
1715000 24.945101 22.688663
1716000 24.094299 22.689482
1717000 23.288145 22.689830
1718000 23.289645 22.690180
1719000 23.451427 22.690622
1720000 23.849285 22.691296
1721000 23.810569 22.691946
1722000 23.672477 22.692516
1723000 24.585985 22.693615
1724000 24.275184 22.694532
1725000 22.909031 22.694656
1726000 23.507414 22.695127
1727000 24.727282 22.696304
1728000 24.430085 22.697307
1729000 23.261828 22.697634
1730000 24.212650 22.698510
1731000 23.515875 22.698982
1732000 24.034300 22.699753
1733000 25.053896 22.701111
1734000 23.406841 22.701518
1735000 23.155718 22.701780
1736000 23.300059 22.702125
1737000 24.090587 22.702924
1738000 24.243111 22.703810
1739000 23.131565 22.704056
1740000 25.491031 22.705658
1741000 24.933363 22.706937
1742000 23.556460 22.707425
1743000 23.593902 22.707934
1744000 24.477957 22.708949
1745000 23.475205 22.709388
1746000 23.628516 22.709914
1747000 23.808133 22.710543
1748000 24.293301 22.711448
1749000 23.625791 22.711971
1750000 23.454236 22.712395
1751000 24.454696 22.713390
1752000 24.182494 22.714229
1753000 25.232676 22.715665
1754000 24.304523 22.716571
1755000 23.903564 22.717248
1756000 24.118607 22.718046
1757000 22.788970 22.718086
1758000 22.240248 22.717814
1759000 23.630721 22.718333
1760000 23.531761 22.718795
1761000 23.082207 22.719002
1762000 23.497548 22.719444
1763000 23.689256 22.719994
1764000 24.392312 22.720942
1765000 24.002067 22.721667
1766000 25.193529 22.723067
1767000 24.485008 22.724064
1768000 23.160950 22.724311
1769000 23.449240 22.724721
1770000 23.245235 22.725015
1771000 23.186068 22.725276
1772000 24.204595 22.726110
1773000 24.011700 22.726836
1774000 25.127284 22.728189
1775000 23.453705 22.728597
1776000 23.427942 22.728991
1777000 24.365760 22.729912
1778000 23.954628 22.730601
1779000 24.591583 22.731647
1780000 23.622737 22.732148
1781000 23.710698 22.732697
1782000 23.709091 22.733245
1783000 23.454772 22.733650
1784000 24.262602 22.734507
1785000 25.109221 22.735837
1786000 24.207926 22.736661
1787000 23.536141 22.737109
1788000 23.728430 22.737663
1789000 24.013744 22.738377
1790000 24.202373 22.739194
1791000 24.615240 22.740242
1792000 23.903222 22.740891
1793000 23.986080 22.741585
1794000 24.002365 22.742288
1795000 23.784924 22.742869
1796000 25.492665 22.744400
1797000 23.911294 22.745049
1798000 24.253803 22.745889
1799000 24.181298 22.746686
1800000 23.983244 22.747373
1801000 23.452036 22.747765
1802000 24.668236 22.748830
1803000 23.645563 22.749328
1804000 23.461089 22.749722
1805000 24.366168 22.750618
1806000 23.697563 22.751142
1807000 24.642534 22.752189
1808000 24.115442 22.752943
1809000 25.986049 22.754730
1810000 24.382088 22.755629
1811000 24.275359 22.756468
1812000 25.573162 22.758023
1813000 24.718538 22.759104
1814000 24.764683 22.760210
1815000 23.979571 22.760882
1816000 24.775912 22.761991
1817000 23.624638 22.762466
1818000 23.985199 22.763139
1819000 24.843145 22.764282
1820000 24.739542 22.765367
1821000 25.631426 22.766941
1822000 24.387779 22.767831
1823000 24.966062 22.769037
1824000 23.629422 22.769508
1825000 25.321436 22.770907
1826000 24.586284 22.771901
1827000 24.778467 22.772999
1828000 25.151168 22.774300
1829000 24.176490 22.775067
1830000 24.041065 22.775759
1831000 24.724019 22.776823
1832000 24.858455 22.777959
1833000 24.985699 22.779163
1834000 24.845817 22.780290
1835000 24.273421 22.781104
1836000 23.091197 22.781273
1837000 24.198573 22.782044
1838000 24.012649 22.782714
1839000 24.791825 22.783806
1840000 23.995286 22.784465
1841000 24.439061 22.785364
1842000 25.112803 22.786627
1843000 23.800889 22.787177
1844000 24.121676 22.787901
1845000 23.496633 22.788285
1846000 24.886825 22.789422
1847000 24.256223 22.790216
1848000 23.454632 22.790576
1849000 23.304899 22.790854
1850000 23.260464 22.791108
1851000 24.088179 22.791809
1852000 25.243673 22.793132
1853000 24.754884 22.794191
1854000 23.873627 22.794773
1855000 24.460565 22.795671
1856000 24.074608 22.796360
1857000 24.428972 22.797240
1858000 24.232301 22.798012
1859000 23.723655 22.798510
1860000 22.498926 22.798349
1861000 24.004974 22.798997
1862000 24.579423 22.799953
1863000 24.343653 22.800782
1864000 23.353443 22.801078
1865000 24.811571 22.802156
1866000 24.858765 22.803259
1867000 24.333244 22.804078
1868000 24.015855 22.804727
1869000 23.899229 22.805312
1870000 24.197335 22.806057
1871000 24.532299 22.806979
1872000 23.844729 22.807534
1873000 24.131869 22.808241
1874000 24.978311 22.809399
1875000 24.170979 22.810125
1876000 24.777335 22.811174
1877000 25.302076 22.812501
1878000 24.487316 22.813393
1879000 25.414745 22.814777
1880000 24.804875 22.815836
1881000 24.223232 22.816584
1882000 24.327150 22.817386
1883000 24.714873 22.818394
1884000 25.054678 22.819581
1885000 24.682587 22.820569
1886000 24.226238 22.821315
1887000 24.431255 22.822168
1888000 25.696371 22.823690
1889000 24.354350 22.824501
1890000 24.524842 22.825400
1891000 24.767203 22.826427
1892000 24.024457 22.827060
1893000 24.733686 22.828067
1894000 24.758461 22.829087
1895000 24.011374 22.829711
1896000 24.149926 22.830407
1897000 24.325887 22.831195
1898000 25.283561 22.832487
1899000 23.447103 22.832811
1900000 24.940650 22.833920
1901000 24.829180 22.834970
1902000 24.107032 22.835639
1903000 24.457297 22.836491
1904000 23.894906 22.837047
1905000 24.640616 22.837994
1906000 24.398965 22.838813
1907000 24.588063 22.839730
1908000 24.214329 22.840450
1909000 23.722986 22.840913
1910000 24.324171 22.841689
1911000 24.595943 22.842607
1912000 22.796499 22.842583
1913000 23.558122 22.842957
1914000 23.854068 22.843485
1915000 23.127090 22.843633
1916000 22.972588 22.843701
1917000 23.810021 22.844205
1918000 23.180567 22.844380
1919000 22.299317 22.844096
1920000 24.424486 22.844919
1921000 24.070232 22.845557
1922000 22.630365 22.845445
1923000 23.632969 22.845855
1924000 23.351592 22.846117
1925000 24.845447 22.847156
1926000 24.251130 22.847885
1927000 23.329990 22.848135
1928000 23.164502 22.848299
1929000 21.949118 22.847833
1930000 23.425994 22.848133
1931000 22.808614 22.848112
1932000 23.653445 22.848529
1933000 23.088613 22.848653
1934000 23.763227 22.849126
1935000 23.650713 22.849540
1936000 23.076027 22.849657
1937000 23.619379 22.850055
1938000 22.896753 22.850079
1939000 22.664412 22.849983
1940000 22.881538 22.849999
1941000 23.803582 22.850491
1942000 23.611098 22.850882
1943000 21.987460 22.850438
1944000 23.058242 22.850545
1945000 23.838292 22.851053
1946000 23.501583 22.851387
1947000 24.387281 22.852176
1948000 23.135886 22.852322
1949000 24.181032 22.853003
1950000 23.833810 22.853506
1951000 24.002320 22.854095
1952000 23.213900 22.854279
1953000 23.660883 22.854692
1954000 22.598758 22.854561
1955000 24.229476 22.855265
1956000 23.512466 22.855601
1957000 24.085180 22.856229
1958000 23.659370 22.856639
1959000 24.189580 22.857320
1960000 23.159291 22.857474
1961000 22.936958 22.857514
1962000 23.632203 22.857909
1963000 23.138619 22.858052
1964000 24.415296 22.858845
1965000 25.298872 22.860087
1966000 23.621967 22.860474
1967000 24.060270 22.861084
1968000 24.753660 22.862046
1969000 22.866355 22.862048
1970000 22.955301 22.862095
1971000 23.066657 22.862199
1972000 24.241147 22.862898
1973000 23.908750 22.863429
1974000 23.587746 22.863795
1975000 22.378857 22.863550
1976000 23.766250 22.864007
1977000 24.128741 22.864646
1978000 22.533938 22.864479
1979000 22.729376 22.864411
1980000 22.634439 22.864295
1981000 22.942219 22.864334
1982000 23.478605 22.864644
1983000 22.593134 22.864507
1984000 24.017684 22.865088
1985000 23.000028 22.865156
1986000 23.034654 22.865242
1987000 23.219580 22.865420
1988000 21.528063 22.864747
1989000 23.172783 22.864902
1990000 22.953078 22.864947
1991000 21.574134 22.864298
1992000 21.764232 22.863746
1993000 22.342280 22.863484
1994000 22.552569 22.863328
1995000 23.694349 22.863745
1996000 22.580857 22.863603
1997000 22.055301 22.863199
1998000 21.133412 22.862333
1999000 23.109102 22.862456
2000000 21.956954 22.862003
2001000 21.756781 22.861451
2002000 23.092893 22.861567
2003000 22.453619 22.861363
2004000 23.110437 22.861487
2005000 22.375805 22.861245
2006000 20.652763 22.860144
2007000 21.890345 22.859661
2008000 22.037875 22.859252
2009000 23.771869 22.859706
2010000 22.077844 22.859317
2011000 20.951626 22.858368
2012000 22.157700 22.858020
2013000 21.671663 22.857431
2014000 20.709329 22.856364
2015000 20.773621 22.855331
2016000 21.961298 22.854887
2017000 21.990615 22.854459
2018000 21.823254 22.853948
2019000 21.538016 22.853296
2020000 22.528426 22.853135
2021000 22.407066 22.852914
2022000 22.563574 22.852771
2023000 22.501936 22.852598
2024000 21.692108 22.852024
2025000 21.554424 22.851384
2026000 21.681281 22.850806
2027000 21.740358 22.850258
2028000 23.228589 22.850445
2029000 23.004296 22.850521
2030000 22.517125 22.850356
2031000 20.475945 22.849187
2032000 22.484028 22.849008
2033000 22.937513 22.849051
2034000 21.206622 22.848244
2035000 21.882614 22.847769
2036000 21.458370 22.847087
2037000 22.737819 22.847033
2038000 21.886905 22.846562
2039000 20.619504 22.845470
2040000 21.327861 22.844726
2041000 22.138644 22.844380
2042000 22.619519 22.844270
2043000 23.072989 22.844382
2044000 22.215401 22.844074
2045000 24.093328 22.844685
2046000 21.750729 22.844150
2047000 23.119093 22.844284
2048000 23.041862 22.844381
2049000 22.776129 22.844348
2050000 22.963528 22.844406
2051000 22.806419 22.844387
2052000 21.796544 22.843877
2053000 22.991558 22.843949
2054000 24.083076 22.844552
2055000 22.642898 22.844454
2056000 24.165897 22.845096
2057000 22.905814 22.845126
2058000 22.531143 22.844973
2059000 22.515156 22.844813
2060000 23.092028 22.844933
2061000 23.122845 22.845068
2062000 21.016465 22.844181
2063000 22.722333 22.844122
2064000 22.471349 22.843942
2065000 21.184367 22.843138
2066000 22.350803 22.842900
2067000 22.812277 22.842885
2068000 22.853036 22.842890
2069000 23.007484 22.842969
2070000 22.572406 22.842839
2071000 22.763404 22.842800
2072000 22.632510 22.842699
2073000 22.813231 22.842684
2074000 23.573500 22.843037
2075000 23.230159 22.843223
2076000 22.819067 22.843212
2077000 24.151138 22.843841
2078000 23.968376 22.844383
2079000 22.985022 22.844450
2080000 23.249534 22.844645
2081000 21.498853 22.843998
2082000 22.492001 22.843829
2083000 23.800778 22.844289
2084000 23.315852 22.844515
2085000 23.044002 22.844611
2086000 23.182837 22.844773
2087000 22.286390 22.844505
2088000 22.920864 22.844542
2089000 23.347279 22.844782
2090000 23.969215 22.845320
2091000 22.789287 22.845294
2092000 23.777584 22.845739
2093000 24.083091 22.846330
2094000 21.077093 22.845486
2095000 22.819746 22.845473
2096000 22.755581 22.845430
2097000 23.207991 22.845603
2098000 22.134649 22.845264
2099000 22.853339 22.845268
2100000 21.686492 22.844716
2101000 22.011664 22.844320
2102000 22.762153 22.844281
2103000 22.651304 22.844189
2104000 22.536128 22.844043
2105000 21.889287 22.843589
2106000 22.791270 22.843564
2107000 22.277991 22.843296
2108000 21.335546 22.842581
2109000 21.316940 22.841857
2110000 22.864924 22.841868
2111000 22.797344 22.841847
2112000 21.681323 22.841298
2113000 23.179894 22.841458
2114000 22.198619 22.841154
2115000 21.786193 22.840655
2116000 22.305665 22.840402
2117000 21.044153 22.839554
2118000 23.166643 22.839708
2119000 22.248223 22.839429
2120000 23.322702 22.839657
2121000 23.247545 22.839849
2122000 22.645027 22.839757
2123000 21.794935 22.839265
2124000 21.582821 22.838674
2125000 23.962274 22.839202
2126000 23.503511 22.839515
2127000 22.220982 22.839224
2128000 22.594187 22.839109
2129000 23.274647 22.839314
2130000 23.137651 22.839454
2131000 23.862056 22.839933
2132000 22.559838 22.839802
2133000 23.528597 22.840125
2134000 22.754984 22.840085
2135000 22.886612 22.840107
2136000 23.115744 22.840236
2137000 22.785102 22.840210
2138000 23.731429 22.840627
2139000 21.474774 22.839988
2140000 22.416794 22.839791
2141000 23.493924 22.840096
2142000 23.106071 22.840220
2143000 21.799819 22.839735
2144000 23.355143 22.839975
2145000 23.000828 22.840050
2146000 23.945810 22.840566
2147000 23.005925 22.840643
2148000 22.367437 22.840422
2149000 22.807240 22.840407
2150000 23.182938 22.840566
2151000 22.590841 22.840450
2152000 22.748718 22.840407
2153000 22.806971 22.840392
2154000 22.902684 22.840421
2155000 22.665333 22.840340
2156000 23.002169 22.840415
2157000 23.374435 22.840662
2158000 22.802210 22.840644
2159000 23.221162 22.840821
2160000 23.381217 22.841071
2161000 23.752083 22.841492
2162000 22.718455 22.841435
2163000 22.318144 22.841194
2164000 22.381001 22.840981
2165000 22.373025 22.840765
2166000 22.017755 22.840385
2167000 21.559698 22.839794
2168000 21.905072 22.839363
2169000 23.403558 22.839623
2170000 22.897597 22.839649
2171000 21.866541 22.839201
2172000 23.570769 22.839538
2173000 21.440555 22.838894
2174000 22.978049 22.838958
2175000 22.873675 22.838974
2176000 22.903829 22.839004
2177000 22.164766 22.838694
2178000 22.434351 22.838509
2179000 22.101989 22.838171
2180000 22.973030 22.838233
2181000 21.946583 22.837824
2182000 22.979835 22.837889
2183000 24.151886 22.838491
2184000 23.670215 22.838872
2185000 21.961862 22.838470
2186000 21.351190 22.837790
2187000 22.192442 22.837495
2188000 22.979488 22.837560
2189000 23.307303 22.837774
2190000 22.907032 22.837806
2191000 22.570159 22.837684
2192000 22.808855 22.837670
2193000 21.223333 22.836934
2194000 21.632518 22.836385
2195000 20.547963 22.835343
2196000 22.473426 22.835178
2197000 20.990937 22.834339
2198000 21.480902 22.833723
2199000 22.082793 22.833381
2200000 21.877206 22.832947
2201000 22.111063 22.832619
2202000 22.380787 22.832414
2203000 21.581946 22.831846
2204000 21.124648 22.831071
2205000 21.719113 22.830567
2206000 22.597609 22.830461
2207000 21.758219 22.829976
2208000 21.680137 22.829455
2209000 21.153228 22.828696
2210000 21.307795 22.828008
2211000 22.099971 22.827679
2212000 21.619387 22.827132
2213000 21.987376 22.826753
2214000 22.520409 22.826614
2215000 22.136727 22.826303
2216000 21.608678 22.825754
2217000 23.192756 22.825919
2218000 22.609662 22.825822
2219000 21.127124 22.825056
2220000 22.587700 22.824949
2221000 23.746596 22.825364
2222000 21.150403 22.824610
2223000 22.742457 22.824573
2224000 23.716342 22.824974
2225000 22.589854 22.824869
2226000 22.619519 22.824776
2227000 23.120700 22.824909
2228000 23.100501 22.825033
2229000 23.510033 22.825340
2230000 23.269737 22.825540
2231000 22.788051 22.825523
2232000 22.582281 22.825414
2233000 21.135153 22.824657
2234000 22.172464 22.824365
2235000 21.893178 22.823948
2236000 21.476309 22.823346
2237000 22.353412 22.823136
2238000 21.797862 22.822677
2239000 21.763903 22.822205
2240000 20.995552 22.821389
2241000 23.222489 22.821568
2242000 22.283246 22.821328
2243000 22.740671 22.821292
2244000 22.502817 22.821150
2245000 23.321142 22.821373
2246000 22.598456 22.821273
2247000 22.810197 22.821269
2248000 21.267869 22.820578
2249000 23.991041 22.821098
2250000 22.076041 22.820767
2251000 22.432385 22.820594
2252000 23.164557 22.820747
2253000 21.993717 22.820380
2254000 21.514986 22.819801
2255000 23.477411 22.820092
2256000 20.998221 22.819285
2257000 24.157892 22.819878
2258000 20.826362 22.818995
2259000 21.897479 22.818587
2260000 23.433105 22.818859
2261000 21.716006 22.818371
2262000 23.004773 22.818454
2263000 22.858863 22.818472
2264000 22.276436 22.818232
2265000 22.657277 22.818161
2266000 20.475940 22.817127
2267000 22.371641 22.816931
2268000 20.708873 22.816001
2269000 21.415678 22.815384
2270000 21.012723 22.814590
2271000 21.908951 22.814191
2272000 21.384269 22.813562
2273000 20.256267 22.812437
2274000 21.724186 22.811958
2275000 21.137877 22.811223
2276000 20.762176 22.810322
2277000 21.315885 22.809666
2278000 21.533465 22.809106
2279000 22.504726 22.808972
2280000 22.035317 22.808633
2281000 22.731428 22.808599
2282000 20.414862 22.807550
2283000 20.998443 22.806758
2284000 21.161976 22.806037
2285000 22.354475 22.805840
2286000 20.462439 22.804815
2287000 20.550449 22.803829
2288000 21.332342 22.803186
2289000 21.496850 22.802615
2290000 22.065103 22.802293
2291000 21.935076 22.801915
2292000 21.104934 22.801174
2293000 20.314568 22.800090
2294000 21.257199 22.799417
2295000 22.197260 22.799155
2296000 23.024237 22.799253
2297000 22.451178 22.799101
2298000 22.766623 22.799087
2299000 22.141916 22.798801
2300000 21.673586 22.798312
2301000 21.537018 22.797764
2302000 20.513326 22.796772
2303000 20.570947 22.795805
2304000 20.622265 22.794862
2305000 20.520795 22.793875
2306000 20.170921 22.792738
2307000 20.621995 22.791797
2308000 20.459124 22.790786
2309000 21.531549 22.790241
2310000 22.212533 22.789991
2311000 20.981009 22.789208
2312000 21.202728 22.788522
2313000 22.135917 22.788239
2314000 20.577949 22.787284
2315000 20.227936 22.786179
2316000 20.124412 22.785029
2317000 21.032975 22.784273
2318000 20.696312 22.783373
2319000 19.269090 22.781857
2320000 20.413574 22.780836
2321000 20.794973 22.779981
2322000 22.117779 22.779695
2323000 20.321695 22.778637
2324000 21.534726 22.778102
2325000 20.744662 22.777228
2326000 20.780929 22.776369
2327000 20.645165 22.775453
2328000 21.358635 22.774845
2329000 20.291897 22.773779
2330000 20.153912 22.772654
2331000 22.147074 22.772386
2332000 21.385413 22.771791
2333000 20.935592 22.771004
2334000 21.583077 22.770495
2335000 20.309504 22.769441
2336000 21.647628 22.768961
2337000 21.417323 22.768383
2338000 21.650152 22.767904
2339000 21.684242 22.767441
2340000 22.099152 22.767155
2341000 20.449724 22.766165
2342000 21.706451 22.765713
2343000 21.237707 22.765061
2344000 20.178812 22.763958
2345000 20.917207 22.763170
2346000 22.873001 22.763217
2347000 22.396659 22.763061
2348000 22.652857 22.763014
2349000 22.412069 22.762864
2350000 20.801915 22.762030
2351000 21.551795 22.761515
2352000 22.616472 22.761453
2353000 22.742200 22.761445
2354000 20.416225 22.760449
2355000 22.571323 22.760369
2356000 22.333378 22.760187
2357000 22.629973 22.760132
2358000 20.613090 22.759222
2359000 21.727755 22.758784
2360000 21.983273 22.758456
2361000 22.414725 22.758310
2362000 21.696258 22.757861
2363000 22.944811 22.757940
2364000 22.417676 22.757796
2365000 21.700674 22.757349
2366000 22.111116 22.757076
2367000 20.888736 22.756286
2368000 21.597257 22.755797
2369000 22.518277 22.755697
2370000 21.605736 22.755211
2371000 20.791984 22.754383
2372000 21.643130 22.753915
2373000 20.773237 22.753080
2374000 20.555977 22.752155
2375000 21.714485 22.751718
2376000 21.644743 22.751252
2377000 22.108168 22.750981
2378000 20.574145 22.750066
2379000 20.993250 22.749327
2380000 21.797609 22.748928
2381000 22.089596 22.748651
2382000 22.196078 22.748419
2383000 22.977786 22.748515
2384000 22.440593 22.748386
2385000 23.549005 22.748721
2386000 22.368037 22.748562
2387000 22.209880 22.748336
2388000 21.550645 22.747835
2389000 23.293140 22.748063
2390000 22.117671 22.747799
2391000 21.460922 22.747261
2392000 21.829793 22.746877
2393000 21.850353 22.746503
2394000 20.854523 22.745712
2395000 21.927588 22.745371
2396000 22.229480 22.745156
2397000 20.824294 22.744354
2398000 22.486114 22.744246
2399000 20.225337 22.743197
2400000 21.233968 22.742568
2401000 22.724135 22.742560
2402000 21.047195 22.741854
2403000 22.354167 22.741693
2404000 21.582177 22.741211
2405000 23.022165 22.741327
2406000 20.919293 22.740570
2407000 20.576615 22.739671
2408000 22.372511 22.739519
2409000 21.155436 22.738861
2410000 22.986329 22.738964
2411000 23.218123 22.739162
2412000 22.095879 22.738896
2413000 21.309628 22.738303
2414000 21.230070 22.737679
2415000 21.624837 22.737218
2416000 22.073306 22.736943
2417000 20.976697 22.736215
2418000 22.315969 22.736041
2419000 20.792733 22.735238
2420000 21.056751 22.734544
2421000 21.429566 22.734005
2422000 20.660988 22.733149
2423000 21.939367 22.732821
2424000 22.368905 22.732671
2425000 20.221540 22.731636
2426000 20.962504 22.730907
2427000 21.806220 22.730526
2428000 21.609687 22.730064
2429000 21.646895 22.729618
2430000 21.410899 22.729075
2431000 21.729743 22.728664
2432000 20.915773 22.727919
2433000 21.168568 22.727278
2434000 20.798016 22.726485
2435000 20.450700 22.725551
2436000 21.043695 22.724860
2437000 22.269583 22.724673
2438000 20.314084 22.723685
2439000 21.477443 22.723174
2440000 21.994437 22.722875
2441000 20.128144 22.721812
2442000 21.415884 22.721277
2443000 23.072150 22.721421
2444000 19.933499 22.720280
2445000 21.659901 22.719846
2446000 21.599724 22.719389
2447000 21.291721 22.718805
2448000 18.211480 22.716964
2449000 21.420361 22.716434
2450000 20.726448 22.715622
2451000 20.294178 22.714634
2452000 19.779578 22.713437
2453000 19.488678 22.712123
2454000 20.746549 22.711322
2455000 21.616510 22.710876
2456000 21.915939 22.710552
2457000 19.765182 22.709353
2458000 19.684468 22.708123
2459000 20.794097 22.707344
2460000 20.001698 22.706244
2461000 21.006123 22.705554
2462000 21.365075 22.705009
2463000 21.628872 22.704572
2464000 22.839006 22.704627
2465000 21.742388 22.704236
2466000 21.616529 22.703795
2467000 21.502277 22.703308
2468000 19.734795 22.702105
2469000 19.588047 22.700844
2470000 20.526768 22.699964
2471000 20.331271 22.699005
2472000 20.922156 22.698287
2473000 20.133409 22.697249
2474000 21.675005 22.696836
2475000 21.813203 22.696479
2476000 21.017821 22.695801
2477000 21.178180 22.695189
2478000 21.585379 22.694741
2479000 21.318447 22.694186
2480000 20.997105 22.693501
2481000 21.718274 22.693108
2482000 21.536030 22.692642
2483000 21.462267 22.692146
2484000 21.228901 22.691557
2485000 21.873624 22.691228
2486000 21.314488 22.690674
2487000 21.693973 22.690274
2488000 21.257668 22.689698
2489000 20.194477 22.688695
2490000 21.556293 22.688241
2491000 21.689505 22.687840
2492000 21.556700 22.687386
2493000 21.639366 22.686965
2494000 21.031134 22.686301
2495000 20.916341 22.685592
2496000 23.277261 22.685829
2497000 21.223294 22.685243
2498000 21.867940 22.684916
2499000 22.710758 22.684927
2500000 22.611898 22.684897
2501000 22.037894 22.684639
2502000 21.165301 22.684031
2503000 21.765818 22.683665
2504000 21.372197 22.683141
2505000 22.387826 22.683023
2506000 22.191593 22.682827
2507000 21.917886 22.682522
2508000 21.995849 22.682248
2509000 22.403056 22.682137
2510000 20.982858 22.681460
2511000 21.208155 22.680873
2512000 22.620337 22.680849
2513000 23.542591 22.681192
2514000 21.078686 22.680554
2515000 22.339479 22.680419
2516000 20.926907 22.679722
2517000 20.618525 22.678903
2518000 20.761170 22.678141
2519000 21.009240 22.677479
2520000 19.875279 22.676367
2521000 20.961885 22.675687
2522000 20.361964 22.674769
2523000 21.444001 22.674281
2524000 22.070892 22.674042
2525000 20.646123 22.673239
2526000 21.255001 22.672678
2527000 22.303129 22.672531
2528000 20.170725 22.671542
2529000 21.339110 22.671015
2530000 20.537925 22.670172
2531000 20.782461 22.669426
2532000 20.099651 22.668411
2533000 19.830762 22.667291
2534000 21.301186 22.666752
2535000 20.188880 22.665774
2536000 22.067386 22.665538
2537000 21.416219 22.665046
2538000 21.443821 22.664565
2539000 21.340054 22.664043
2540000 21.294732 22.663504
2541000 21.304689 22.662969
2542000 21.332640 22.662446
2543000 20.611716 22.661639
2544000 20.625342 22.660839
2545000 21.343820 22.660321
2546000 22.313561 22.660185
2547000 20.902362 22.659495
2548000 22.192148 22.659312
2549000 21.263901 22.658764
2550000 22.412639 22.658668
2551000 19.995206 22.657624
2552000 20.421555 22.656747
2553000 21.218700 22.656184
2554000 20.190721 22.655219
2555000 21.317316 22.654695
2556000 20.546640 22.653870
2557000 19.937795 22.652808
2558000 19.824262 22.651702
2559000 19.763058 22.650574
2560000 19.702225 22.649422
2561000 20.643873 22.648639
2562000 20.042333 22.647622
2563000 19.967543 22.646576
2564000 19.476658 22.645340
2565000 21.648126 22.644951
2566000 19.605781 22.643766
2567000 19.924183 22.642707
2568000 20.827227 22.642000
2569000 22.318767 22.641874
2570000 21.498278 22.641429
2571000 21.928981 22.641152
2572000 22.152150 22.640962
2573000 20.771347 22.640235
2574000 20.478882 22.639396
2575000 21.415447 22.638920
2576000 20.000044 22.637896
2577000 22.016412 22.637655
2578000 22.278660 22.637515
2579000 19.360848 22.636245
2580000 20.432771 22.635391
2581000 21.448517 22.634931
2582000 20.585139 22.634137
2583000 21.501529 22.633699
2584000 20.301137 22.632796
2585000 20.857536 22.632109
2586000 21.198656 22.631555
2587000 22.297923 22.631426
2588000 20.929607 22.630768
2589000 21.655105 22.630391
2590000 21.025466 22.629772
2591000 22.268358 22.629632
2592000 21.836134 22.629326
2593000 21.017732 22.628705
2594000 22.597882 22.628693
2595000 22.539731 22.628659
2596000 21.232450 22.628121
2597000 20.231162 22.627198
2598000 20.938070 22.626548
2599000 22.336225 22.626436
2600000 21.577406 22.626032
2601000 21.551986 22.625619
2602000 20.376776 22.624755
2603000 22.287779 22.624626
2604000 21.864975 22.624334
2605000 20.725491 22.623605
2606000 20.269447 22.622702
2607000 19.612951 22.621547
2608000 20.528153 22.620745
2609000 20.470714 22.619920
2610000 21.181289 22.619369
2611000 20.183177 22.618436
2612000 21.980088 22.618192
2613000 20.617477 22.617426
2614000 20.243883 22.616518
2615000 20.641856 22.615763
2616000 20.966963 22.615133
2617000 20.533562 22.614337
2618000 21.861445 22.614050
2619000 19.423495 22.612831
2620000 21.475605 22.612397
2621000 20.266923 22.611503
2622000 22.248208 22.611364
2623000 21.204491 22.610828
2624000 21.454686 22.610387
2625000 21.511589 22.609968
2626000 20.951146 22.609337
2627000 20.880766 22.608679
2628000 21.602608 22.608296
2629000 20.946958 22.607664
2630000 21.478090 22.607235
2631000 21.634093 22.606865
2632000 21.769505 22.606546
2633000 21.001643 22.605937
2634000 22.781391 22.606004
2635000 22.738550 22.606054
2636000 20.950451 22.605426
2637000 20.622168 22.604674
2638000 21.394922 22.604215
2639000 19.058984 22.602872
2640000 21.837989 22.602582
2641000 22.179234 22.602422
2642000 21.022790 22.601824
2643000 22.997194 22.601973
2644000 22.670888 22.601999
2645000 21.644954 22.601638
2646000 22.653648 22.601657
2647000 22.053306 22.601450
2648000 21.782293 22.601141
2649000 20.907224 22.600501
2650000 22.020754 22.600283
2651000 22.267877 22.600157
2652000 22.037972 22.599945
2653000 21.503458 22.599532
2654000 20.998912 22.598929
2655000 19.667718 22.597825
2656000 21.293531 22.597334
2657000 20.689666 22.596616
2658000 21.968401 22.596379
2659000 21.555843 22.595988
2660000 22.194259 22.595837
2661000 20.845373 22.595179
2662000 23.015831 22.595337
2663000 21.074204 22.594766
2664000 20.593334 22.594015
2665000 21.461430 22.593590
2666000 22.100583 22.593405
2667000 22.420026 22.593340
2668000 22.978967 22.593484
2669000 23.003670 22.593638
2670000 23.413852 22.593945
2671000 21.132435 22.593398
2672000 23.657356 22.593796
2673000 21.135474 22.593251
2674000 22.113853 22.593071
2675000 23.673962 22.593475
2676000 21.195787 22.592953
2677000 22.307173 22.592846
2678000 21.369469 22.592390
2679000 22.100044 22.592206
2680000 21.924816 22.591957
2681000 20.030354 22.591001
2682000 20.846998 22.590351
2683000 20.799897 22.589684
2684000 20.532370 22.588917
2685000 21.830121 22.588635
2686000 21.406362 22.588194
2687000 21.556654 22.587810
2688000 22.396619 22.587739
2689000 21.012208 22.587153
2690000 20.872407 22.586516
2691000 20.754690 22.585835
2692000 21.593184 22.585467
2693000 21.162087 22.584938
2694000 20.827615 22.584286
2695000 21.765330 22.583982
2696000 23.160950 22.584196
2697000 21.576880 22.583822
2698000 20.983079 22.583229
2699000 21.281088 22.582747
2700000 21.835228 22.582470
2701000 21.669873 22.582132
2702000 22.800372 22.582213
2703000 21.419159 22.581782
2704000 21.341972 22.581324
2705000 20.915755 22.580708
2706000 21.560707 22.580331
2707000 22.655032 22.580359
2708000 21.683119 22.580027
2709000 22.237795 22.579901
2710000 20.970356 22.579307
2711000 21.767331 22.579008
2712000 22.313839 22.578910
2713000 22.762684 22.578978
2714000 21.016461 22.578402
2715000 20.135526 22.577502
2716000 20.734807 22.576824
2717000 21.199525 22.576317
2718000 20.349654 22.575497
2719000 21.916252 22.575255
2720000 21.239875 22.574764
2721000 21.999494 22.574553
2722000 20.878124 22.573929
2723000 21.630508 22.573583
2724000 22.460147 22.573541
2725000 21.684563 22.573215
2726000 22.395896 22.573150
2727000 21.300380 22.572683
2728000 21.735410 22.572376
2729000 20.021820 22.571442
2730000 21.234631 22.570952
2731000 20.263218 22.570107
2732000 21.989219 22.569894
2733000 21.200990 22.569394
2734000 22.221282 22.569266
2735000 21.081602 22.568722
2736000 20.675748 22.568030
2737000 21.609266 22.567680
2738000 22.194855 22.567544
2739000 21.127624 22.567018
2740000 21.320532 22.566563
2741000 21.521838 22.566182
2742000 20.586460 22.565460
2743000 21.357119 22.565020
2744000 21.619515 22.564675
2745000 20.661615 22.563982
2746000 21.472979 22.563585
2747000 21.766356 22.563294
2748000 21.314142 22.562840
2749000 19.750744 22.561817
2750000 20.900872 22.561213
2751000 20.964179 22.560632
2752000 20.733334 22.559968
2753000 21.500875 22.559584
2754000 20.843377 22.558960
2755000 21.082764 22.558425
2756000 21.997286 22.558221
2757000 20.653685 22.557530
2758000 20.670293 22.556846
2759000 21.337900 22.556404
2760000 20.714365 22.555737
2761000 21.767650 22.555451
2762000 21.586487 22.555100
2763000 20.555306 22.554377
2764000 22.685189 22.554424
2765000 22.444856 22.554384
2766000 21.217718 22.553901
2767000 21.316388 22.553454
2768000 22.000283 22.553254
2769000 22.005238 22.553056
2770000 22.678256 22.553101
2771000 22.820655 22.553198
2772000 22.903276 22.553324
2773000 21.081508 22.552793
2774000 21.326407 22.552351
2775000 21.475080 22.551963
2776000 23.406326 22.552271
2777000 23.083787 22.552462
2778000 22.221972 22.552343
2779000 21.108502 22.551824
2780000 20.781891 22.551187
2781000 22.224215 22.551069
2782000 21.256628 22.550604
2783000 22.315007 22.550520
2784000 23.218424 22.550759
2785000 24.029934 22.551291
2786000 23.232577 22.551535
2787000 23.296523 22.551802
2788000 24.575782 22.552528
2789000 22.473962 22.552500
2790000 22.543423 22.552497
2791000 22.696721 22.552549
2792000 22.794901 22.552635
2793000 21.226605 22.552161
2794000 21.692079 22.551853
2795000 22.223668 22.551735
2796000 21.498166 22.551359
2797000 22.728938 22.551422
2798000 20.532333 22.550700
2799000 21.587381 22.550356
2800000 21.502398 22.549982
2801000 20.471826 22.549240
2802000 21.823964 22.548981
2803000 22.471855 22.548954
2804000 22.399473 22.548900
2805000 22.658054 22.548939
2806000 21.496445 22.548564
2807000 22.172825 22.548430
2808000 21.013674 22.547884
2809000 21.961777 22.547675
2810000 20.675818 22.547009
2811000 21.381811 22.546595
2812000 21.359787 22.546172
2813000 21.418175 22.545771
2814000 22.831628 22.545873
2815000 21.010261 22.545328
2816000 21.251892 22.544868
2817000 22.026922 22.544684
2818000 22.754860 22.544759
2819000 21.618451 22.544430
2820000 20.265021 22.543622
2821000 22.288370 22.543532
2822000 21.023766 22.542993
2823000 22.146076 22.542852
2824000 21.014317 22.542311
2825000 21.956186 22.542104
2826000 21.134250 22.541606
2827000 20.400753 22.540848
2828000 20.723924 22.540206
2829000 22.004538 22.540016
2830000 21.659058 22.539705
2831000 20.804111 22.539092
2832000 19.523909 22.538027
2833000 21.557578 22.537681
2834000 20.891327 22.537100
2835000 21.790065 22.536837
2836000 22.297102 22.536752
2837000 21.739436 22.536471
2838000 21.776411 22.536203
2839000 22.121233 22.536057
2840000 22.481609 22.536038
2841000 21.966290 22.535838
2842000 20.703361 22.535193
2843000 22.299933 22.535110
2844000 22.500398 22.535098
2845000 20.666554 22.534441
2846000 20.439282 22.533705
2847000 21.821171 22.533455
2848000 20.904489 22.532883
2849000 20.824998 22.532283
2850000 21.052165 22.531764
2851000 21.410785 22.531371
2852000 21.477764 22.531001
2853000 20.385475 22.530249
2854000 20.500631 22.529538
2855000 22.368719 22.529482
2856000 21.649956 22.529174
2857000 22.022620 22.528996
2858000 21.015229 22.528467
2859000 21.456779 22.528092
2860000 20.585024 22.527413
2861000 21.367315 22.527007
2862000 21.625193 22.526692
2863000 20.260046 22.525900
2864000 21.429218 22.525517
2865000 21.479414 22.525152
2866000 20.450108 22.524428
2867000 20.975745 22.523888
2868000 22.035000 22.523718
2869000 22.021896 22.523543
2870000 21.872604 22.523316
2871000 20.908081 22.522753
2872000 20.702681 22.522119
2873000 22.191012 22.522004
2874000 22.147388 22.521874
2875000 21.149454 22.521397
2876000 22.538840 22.521403
2877000 21.793195 22.521149
2878000 21.990173 22.520965
2879000 22.423459 22.520931
2880000 21.966152 22.520738
2881000 20.563746 22.520059
2882000 22.006567 22.519881
2883000 21.400120 22.519493
2884000 20.204487 22.518690
2885000 19.911449 22.517786
2886000 22.068891 22.517631
2887000 21.893120 22.517414
2888000 21.445396 22.517043
2889000 20.901850 22.516484
2890000 20.781718 22.515884
2891000 20.645345 22.515237
2892000 22.815834 22.515341
2893000 23.743735 22.515765
2894000 21.666604 22.515472
2895000 21.281426 22.515046
2896000 21.516775 22.514701
2897000 21.368246 22.514305
2898000 21.370178 22.513910
2899000 20.713344 22.513289
2900000 21.970806 22.513102
2901000 21.471804 22.512743
2902000 21.218387 22.512297
2903000 20.360751 22.511556
2904000 20.836264 22.510979
2905000 21.273578 22.510553
2906000 21.358892 22.510157
2907000 21.460744 22.509796
2908000 22.011172 22.509624
2909000 21.348556 22.509225
2910000 21.373756 22.508835
2911000 20.205033 22.508044
2912000 21.262085 22.507616
2913000 20.476505 22.506919
2914000 21.279247 22.506497
2915000 22.695136 22.506562
2916000 21.429101 22.506193
2917000 21.259664 22.505765
2918000 22.249652 22.505677
2919000 22.372673 22.505632
2920000 21.011627 22.505120
2921000 21.619719 22.504817
2922000 22.316487 22.504753
2923000 20.736716 22.504148
2924000 22.556190 22.504166
2925000 21.526676 22.503831
2926000 21.350023 22.503437
2927000 21.959632 22.503251
2928000 20.239572 22.502478
2929000 21.013629 22.501970
2930000 22.230295 22.501877
2931000 22.627480 22.501920
2932000 22.207953 22.501820
2933000 22.080403 22.501676
2934000 22.795531 22.501776
2935000 22.338089 22.501720
2936000 22.279588 22.501645
2937000 21.568224 22.501327
2938000 22.683589 22.501389
2939000 21.985934 22.501214
2940000 21.193796 22.500769
2941000 19.411204 22.499718
2942000 21.923764 22.499523
2943000 20.794461 22.498943
2944000 22.398426 22.498909
2945000 21.530707 22.498580
2946000 21.931683 22.498388
2947000 20.858523 22.497831
2948000 22.744154 22.497915
2949000 22.245203 22.497829
2950000 19.605528 22.496849
2951000 21.597935 22.496544
2952000 21.229424 22.496115
2953000 20.617928 22.495479
2954000 20.527556 22.494813
2955000 21.102754 22.494342
2956000 23.199309 22.494580
2957000 22.650823 22.494633
2958000 20.788856 22.494056
2959000 20.838453 22.493497
2960000 20.878882 22.492951
2961000 21.791952 22.492715
2962000 20.222772 22.491948
2963000 21.490153 22.491610
2964000 22.134645 22.491490
2965000 22.013344 22.491329
2966000 21.260503 22.490914
2967000 22.056251 22.490767
2968000 20.706824 22.490166
2969000 22.325076 22.490110
2970000 22.774155 22.490206
2971000 22.238739 22.490121
2972000 21.693809 22.489853
2973000 20.894365 22.489317
2974000 22.502880 22.489321
2975000 20.878712 22.488780
2976000 20.032522 22.487955
2977000 22.303104 22.487893
2978000 23.024099 22.488073
2979000 21.319584 22.487680
2980000 21.395077 22.487314
2981000 21.975262 22.487142
2982000 19.689679 22.486204
2983000 21.156929 22.485758
2984000 22.259691 22.485682
2985000 21.846214 22.485468
2986000 21.333102 22.485082
2987000 21.369560 22.484709
2988000 20.555135 22.484063
2989000 21.232276 22.483644
2990000 20.891620 22.483112
2991000 22.067374 22.482973
2992000 21.055102 22.482496
2993000 21.712759 22.482238
2994000 21.594078 22.481942
2995000 22.174562 22.481839
2996000 22.155560 22.481730
2997000 21.636260 22.481448
2998000 20.616192 22.480826
2999000 22.469050 22.480822
3000000 22.138551 22.480708
