1000 19.963416 19.963416
2000 20.154584 20.059000
3000 19.877668 19.998556
4000 20.402148 20.099454
5000 19.921064 20.063776
6000 19.787100 20.017663
7000 19.829145 19.990732
8000 19.271459 19.900823
9000 19.551660 19.862027
10000 19.302487 19.806073
11000 19.203091 19.751256
12000 19.793576 19.754783
13000 19.761438 19.755295
14000 19.640302 19.747081
15000 19.489058 19.729880
16000 19.373992 19.707637
17000 19.202466 19.677921
18000 19.475788 19.666691
19000 19.325150 19.648715
20000 19.804817 19.656520
21000 19.793316 19.663034
22000 19.711068 19.665218
23000 19.915696 19.676108
24000 20.081316 19.692992
25000 19.759114 19.695637
26000 19.658571 19.694211
27000 19.490264 19.686657
28000 19.431687 19.677551
29000 19.601412 19.674926
30000 19.579532 19.671746
31000 19.359704 19.661680
32000 19.456184 19.655258
33000 19.577561 19.652904
34000 19.553106 19.649969
35000 19.332043 19.640885
36000 19.330479 19.632263
37000 19.544077 19.629879
38000 19.355849 19.622668
39000 19.655515 19.623510
40000 19.328117 19.616125
41000 19.458486 19.612281
42000 19.700060 19.614371
43000 19.548580 19.612841
44000 19.838968 19.617980
45000 19.698009 19.619758
46000 19.267542 19.612101
47000 19.360244 19.606743
48000 19.451482 19.603508
49000 19.472332 19.600831
50000 19.817254 19.605159
51000 19.699106 19.607002
52000 19.728497 19.609338
53000 19.459886 19.606518
54000 19.678680 19.607855
55000 19.653390 19.608682
56000 19.663142 19.609655
57000 19.178070 19.602083
58000 19.175601 19.594730
59000 19.245251 19.588807
60000 19.319802 19.584323
61000 19.760617 19.587213
62000 19.232166 19.581487
63000 19.271064 19.576559
64000 19.160037 19.570051
65000 19.478935 19.568650
66000 19.349574 19.565330
67000 18.922452 19.555735
68000 18.406410 19.538833
69000 18.970351 19.530594
70000 18.769433 19.519721
71000 18.784939 19.509372
72000 18.975163 19.501952
73000 19.217968 19.498062
74000 19.610250 19.499578
75000 19.639076 19.501438
76000 18.975740 19.494521
77000 19.548385 19.495220
78000 18.845392 19.486889
79000 19.171822 19.482901
80000 19.058736 19.477599
81000 19.473103 19.477543
82000 19.398820 19.476583
83000 19.078990 19.471793
84000 19.157660 19.468053
85000 19.384555 19.467071
86000 19.612084 19.468757
87000 19.651533 19.470858
88000 19.497925 19.471166
89000 19.531276 19.471841
90000 19.054296 19.467202
91000 19.389095 19.466343
92000 19.229969 19.463774
93000 18.822895 19.456883
94000 18.663527 19.448443
95000 18.999895 19.443721
96000 19.188318 19.441061
97000 18.623392 19.432631
98000 18.874654 19.426938
99000 18.995786 19.422583
100000 18.461166 19.412969
101000 18.348910 19.402433
102000 18.844059 19.396959
103000 19.061343 19.393701
104000 18.836406 19.388342
105000 19.204044 19.386587
106000 19.075094 19.383648
107000 18.956081 19.379652
108000 19.105288 19.377112
109000 19.545166 19.378654
110000 19.569974 19.380393
111000 19.308570 19.379746
112000 19.274733 19.378808
113000 19.129586 19.376603
114000 19.092984 19.374115
115000 19.119220 19.371898
116000 19.051046 19.369132
117000 19.025527 19.366196
118000 19.344798 19.366014
119000 18.880159 19.361931
120000 19.321559 19.361595
121000 19.035709 19.358902
122000 19.348129 19.358813
123000 19.453645 19.359584
124000 19.542309 19.361058
125000 19.144428 19.359325
126000 19.404258 19.359682
127000 19.267493 19.358956
128000 19.339247 19.358802
129000 19.385285 19.359007
130000 19.438047 19.359615
131000 19.566098 19.361191
132000 19.446301 19.361836
133000 19.548097 19.363236
134000 19.758600 19.366187
135000 19.932136 19.370379
136000 19.655718 19.372477
137000 19.562900 19.373867
138000 19.499528 19.374778
139000 19.380815 19.374821
140000 19.750258 19.377503
141000 19.251581 19.376610
142000 18.892088 19.373198
143000 19.146843 19.371615
144000 19.141592 19.370017
145000 19.337936 19.369796
146000 19.456726 19.370392
147000 19.175465 19.369066
148000 19.532527 19.370170
149000 19.620607 19.371851
150000 19.743289 19.374327
151000 19.289934 19.373768
152000 19.026926 19.371486
153000 19.065185 19.369484
154000 18.766417 19.365568
155000 18.717008 19.361384
156000 19.188088 19.360273
157000 18.753220 19.356407
158000 18.728273 19.352431
159000 18.924817 19.349742
160000 19.080880 19.348061
161000 19.374271 19.348224
162000 19.322775 19.348067
163000 19.287289 19.347694
164000 19.277897 19.347268
165000 19.643099 19.349061
166000 19.501426 19.349979
167000 19.686315 19.351993
168000 19.483121 19.352774
169000 19.075613 19.351134
170000 19.557306 19.352347
171000 19.588970 19.353730
172000 19.310028 19.353476
173000 19.579799 19.354784
174000 19.573973 19.356044
175000 19.742400 19.358252
176000 19.697830 19.360181
177000 19.311480 19.359906
178000 19.390704 19.360079
179000 19.265365 19.359550
180000 19.708012 19.361486
181000 19.784134 19.363821
182000 19.633828 19.365305
183000 19.672181 19.366982
184000 19.380700 19.367056
185000 19.442803 19.367466
186000 19.015734 19.365574
187000 19.062292 19.363953
188000 19.310153 19.363666
189000 19.138419 19.362475
190000 18.835176 19.359699
191000 18.924471 19.357421
192000 19.055104 19.355846
193000 19.205238 19.355066
194000 19.091954 19.353710
195000 19.112753 19.352474
196000 19.048334 19.350922
197000 19.446329 19.351406
198000 19.016291 19.349714
199000 19.039447 19.348155
200000 19.224457 19.347536
201000 19.079328 19.346202
202000 19.326672 19.346105
203000 19.662449 19.347664
204000 19.307391 19.347466
205000 19.726701 19.349316
206000 19.567314 19.350374
207000 19.603500 19.351597
208000 19.642600 19.352996
209000 19.542051 19.353901
210000 19.879492 19.356404
211000 19.644708 19.357770
212000 19.987293 19.360739
213000 19.523565 19.361504
214000 19.443570 19.361887
215000 19.596814 19.362980
216000 19.962064 19.365754
217000 19.179761 19.364897
218000 19.572899 19.365851
219000 19.799512 19.367831
220000 19.917417 19.370329
221000 19.518170 19.370998
222000 20.006031 19.373858
223000 20.241957 19.377751
224000 19.973097 19.380409
225000 19.821338 19.382369
226000 19.685744 19.383711
227000 19.533797 19.384372
228000 19.826043 19.386309
229000 19.947089 19.388758
230000 19.683163 19.390038
231000 19.930554 19.392378
232000 19.973586 19.394883
233000 20.101462 19.397916
234000 19.717102 19.399280
235000 19.628037 19.400253
236000 19.621577 19.401191
237000 19.700105 19.402452
238000 19.742174 19.403880
239000 19.776303 19.405438
240000 19.362381 19.405259
241000 20.085605 19.408082
242000 19.611006 19.408920
243000 19.767034 19.410394
244000 20.151082 19.413430
245000 20.162075 19.416485
246000 20.000528 19.418859
247000 19.968731 19.421086
248000 19.791839 19.422581
249000 19.837804 19.424248
250000 19.662817 19.425202
251000 19.250543 19.424507
252000 19.605223 19.425224
253000 19.709646 19.426348
254000 19.875513 19.428116
255000 19.985014 19.430300
256000 19.897240 19.432124
257000 20.096804 19.434710
258000 19.672871 19.435634
259000 19.906641 19.437452
260000 19.721369 19.438544
261000 19.898717 19.440307
262000 19.822133 19.441765
263000 19.900564 19.443509
264000 20.079635 19.445919
265000 20.251578 19.448959
266000 20.345694 19.452330
267000 20.365287 19.455749
268000 20.409976 19.459310
269000 20.761118 19.464149
270000 19.807249 19.465420
271000 19.768193 19.466537
272000 19.923094 19.468216
273000 19.660013 19.468918
274000 19.624715 19.469487
275000 19.357347 19.469079
276000 19.693900 19.469894
277000 19.782536 19.471022
278000 20.020537 19.472999
279000 19.681259 19.473746
280000 20.079305 19.475908
281000 19.512528 19.476039
282000 19.846778 19.477353
283000 19.253865 19.476564
284000 20.320686 19.479536
285000 19.701337 19.480314
286000 19.486890 19.480337
287000 19.992438 19.482121
288000 20.600989 19.486006
289000 20.458379 19.489371
290000 20.557037 19.493053
291000 19.844103 19.494259
292000 20.054420 19.496177
293000 19.680234 19.496805
294000 20.012706 19.498560
295000 20.268567 19.501170
296000 19.878036 19.502444
297000 19.843462 19.503592
298000 19.705277 19.504269
299000 19.824277 19.505339
300000 19.915654 19.506707
301000 19.773866 19.507594
302000 19.920269 19.508961
303000 19.759134 19.509786
304000 19.854042 19.510919
305000 19.716720 19.511593
306000 20.213265 19.513887
307000 20.314267 19.516494
308000 19.504374 19.516454
309000 20.076952 19.518268
310000 19.872509 19.519411
311000 19.984367 19.520906
312000 20.244304 19.523225
313000 19.753581 19.523960
314000 19.583714 19.524151
315000 19.898388 19.525339
316000 20.024048 19.526917
317000 20.106110 19.528744
318000 19.932396 19.530013
319000 20.252886 19.532280
320000 20.251251 19.534526
321000 20.374687 19.537144
322000 20.068420 19.538794
323000 20.078680 19.540465
324000 19.940052 19.541698
325000 19.805561 19.542510
326000 19.895564 19.543593
327000 20.129862 19.545386
328000 20.207491 19.547405
329000 20.483657 19.550250
330000 20.112918 19.551955
331000 20.014992 19.553354
332000 20.436560 19.556015
333000 20.528871 19.558936
334000 19.837143 19.559769
335000 20.382710 19.562226
336000 20.496284 19.565006
337000 20.716685 19.568423
338000 19.882338 19.569352
339000 19.761392 19.569918
340000 19.672456 19.570220
341000 20.163194 19.571959
342000 20.535994 19.574778
343000 19.877461 19.575660
344000 20.137542 19.577293
345000 20.102417 19.578816
346000 20.684406 19.582011
347000 20.507810 19.584679
348000 20.952821 19.588610
349000 20.454711 19.591092
350000 20.580281 19.593918
351000 20.095682 19.595348
352000 20.376537 19.597567
353000 20.494330 19.600107
354000 20.472266 19.602571
355000 20.603145 19.605390
356000 20.455353 19.607777
357000 20.510873 19.610307
358000 20.052754 19.611543
359000 20.127303 19.612979
360000 20.215924 19.614654
361000 20.509293 19.617133
362000 20.418886 19.619347
363000 20.701424 19.622328
364000 20.528897 19.624819
365000 20.147600 19.626251
366000 20.159517 19.627708
367000 20.309295 19.629565
368000 19.747993 19.629887
369000 20.015603 19.630932
370000 20.240324 19.632579
371000 20.461273 19.634813
372000 20.801853 19.637950
373000 20.625728 19.640598
374000 20.221664 19.642152
375000 19.905396 19.642854
376000 19.944655 19.643657
377000 19.718789 19.643856
378000 19.617361 19.643786
379000 19.688085 19.643903
380000 20.388923 19.645863
381000 20.123182 19.647116
382000 20.357737 19.648977
383000 20.304222 19.650687
384000 19.953194 19.651475
385000 20.201197 19.652903
386000 20.459560 19.654993
387000 20.087648 19.656111
388000 20.134852 19.657345
389000 19.972567 19.658155
390000 20.082027 19.659242
391000 19.874691 19.659793
392000 19.726407 19.659963
393000 19.831766 19.660400
394000 19.602876 19.660254
395000 19.269186 19.659264
396000 19.352599 19.658489
397000 19.389697 19.657812
398000 18.847883 19.655777
399000 19.295491 19.654874
400000 19.756649 19.655129
401000 19.236551 19.654085
402000 20.164378 19.655354
403000 19.865449 19.655876
404000 19.710565 19.656011
405000 19.524947 19.655687
406000 19.559724 19.655451
407000 19.971700 19.656228
408000 19.861761 19.656732
409000 19.767645 19.657003
410000 19.905784 19.657610
411000 19.600994 19.657472
412000 19.783947 19.657779
413000 20.002873 19.658615
414000 19.971809 19.659371
415000 19.825672 19.659772
416000 19.876052 19.660292
417000 19.732005 19.660464
418000 19.485433 19.660045
419000 19.051739 19.658593
420000 19.523830 19.658272
421000 19.349709 19.657539
422000 18.949814 19.655862
423000 18.864383 19.653991
424000 18.997697 19.652443
425000 18.901728 19.650677
426000 19.689055 19.650767
427000 19.729879 19.650952
428000 19.618515 19.650877
429000 19.584086 19.650721
430000 19.753751 19.650960
431000 20.012359 19.651799
432000 19.743936 19.652012
433000 19.236671 19.651053
434000 19.308695 19.650264
435000 18.946251 19.648646
436000 19.346940 19.647954
437000 19.436733 19.647470
438000 19.152896 19.646341
439000 19.418156 19.645822
440000 19.622698 19.645769
441000 19.742429 19.645988
442000 19.506234 19.645672
443000 20.231199 19.646994
444000 20.023218 19.647841
445000 20.193519 19.649067
446000 20.102459 19.650084
447000 20.010115 19.650889
448000 20.141720 19.651985
449000 20.214351 19.653237
450000 19.833295 19.653638
451000 19.880925 19.654141
452000 19.889122 19.654661
453000 19.984427 19.655389
454000 19.800425 19.655709
455000 19.898558 19.656243
456000 19.937566 19.656859
457000 19.928266 19.657453
458000 19.771344 19.657702
459000 19.694988 19.657783
460000 20.259596 19.659092
461000 20.020836 19.659876
462000 19.985241 19.660580
463000 19.729774 19.660730
464000 19.496413 19.660376
465000 19.306612 19.659615
466000 19.162596 19.658548
467000 19.087469 19.657326
468000 19.477613 19.656942
469000 19.219403 19.656009
470000 18.978509 19.654567
471000 19.247024 19.653702
472000 19.221314 19.652786
473000 19.620665 19.652718
474000 19.475074 19.652343
475000 19.680086 19.652402
476000 19.163031 19.651373
477000 19.496142 19.651048
478000 19.140361 19.649980
479000 19.732544 19.650152
480000 19.498779 19.649837
481000 19.550533 19.649630
482000 19.683039 19.649699
483000 19.992253 19.650409
484000 19.828717 19.650777
485000 19.705407 19.650890
486000 19.996224 19.651600
487000 19.761444 19.651826
488000 19.947010 19.652431
489000 20.042504 19.653228
490000 19.974441 19.653884
491000 19.744893 19.654069
492000 19.455936 19.653667
493000 19.323494 19.652997
494000 19.672049 19.653035
495000 19.436003 19.652597
496000 19.487546 19.652264
497000 19.263659 19.651482
498000 19.211470 19.650599
499000 19.198839 19.649693
500000 19.243490 19.648881
501000 19.597399 19.648778
502000 19.093286 19.647672
503000 19.934063 19.648241
504000 19.677502 19.648299
505000 19.305544 19.647620
506000 19.212014 19.646760
507000 19.918822 19.647296
508000 19.487686 19.646982
509000 19.272655 19.646247
510000 19.689755 19.646332
511000 19.424806 19.645898
512000 19.477165 19.645569
513000 19.678716 19.645633
514000 19.250148 19.644864
515000 19.490325 19.644564
516000 19.601494 19.644480
517000 19.459653 19.644123
518000 19.719883 19.644269
519000 19.268890 19.643546
520000 18.983578 19.642277
521000 19.175765 19.641381
522000 19.190707 19.640518
523000 19.203510 19.639682
524000 19.372861 19.639173
525000 19.158617 19.638258
526000 19.306139 19.637626
527000 18.870053 19.636170
528000 19.192263 19.635329
529000 18.942188 19.634019
530000 19.127658 19.633064
531000 18.849446 19.631588
532000 18.930183 19.630269
533000 19.160176 19.629387
534000 18.856699 19.627940
535000 19.491877 19.627686
536000 19.490730 19.627431
537000 19.338849 19.626893
538000 19.468565 19.626599
539000 19.604108 19.626557
540000 19.532166 19.626382
541000 19.311837 19.625801
542000 18.852531 19.624374
543000 19.145253 19.623492
544000 19.134648 19.622593
545000 19.112687 19.621658
546000 19.020178 19.620556
547000 19.338400 19.620040
548000 19.024271 19.618953
549000 19.179384 19.618152
550000 19.380900 19.617721
551000 18.902845 19.616424
552000 18.562894 19.614515
553000 18.768821 19.612986
554000 19.287442 19.612398
555000 18.786121 19.610909
556000 18.330033 19.608606
557000 18.561314 19.606725
558000 18.752598 19.605195
559000 18.586404 19.603372
560000 18.909754 19.602134
561000 18.805073 19.600713
562000 18.826385 19.599335
563000 19.054099 19.598367
564000 18.832810 19.597009
565000 18.749309 19.595509
566000 18.593041 19.593738
567000 19.148124 19.592952
568000 18.973443 19.591861
569000 18.705769 19.590304
570000 19.457763 19.590071
571000 19.311046 19.589583
572000 18.914550 19.588402
573000 19.077938 19.587512
574000 19.124517 19.586705
575000 18.968373 19.585630
576000 18.742306 19.584166
577000 18.576555 19.582419
578000 18.821779 19.581103
579000 18.499289 19.579235
580000 18.501067 19.577376
581000 18.259076 19.575107
582000 18.725571 19.573647
583000 18.821687 19.572357
584000 18.900047 19.571206
585000 19.122317 19.570439
586000 19.233379 19.569864
587000 18.601878 19.568215
588000 19.130922 19.567471
589000 18.799509 19.566167
590000 19.342069 19.565787
591000 19.038372 19.564895
592000 19.551067 19.564871
593000 19.291274 19.564410
594000 19.723522 19.564678
595000 19.504753 19.564577
596000 19.770727 19.564923
597000 19.043499 19.564050
598000 18.803038 19.562777
599000 19.071803 19.561957
600000 19.245669 19.561430
601000 19.281945 19.560965
602000 18.773214 19.559657
603000 19.307161 19.559238
604000 18.988666 19.558293
605000 19.016429 19.557398
606000 19.020328 19.556511
607000 19.046778 19.555672
608000 18.548312 19.554015
609000 18.869565 19.552891
610000 18.956132 19.551913
611000 19.189453 19.551319
612000 19.302750 19.550913
613000 19.514778 19.550854
614000 19.259189 19.550379
615000 18.910106 19.549338
616000 19.120967 19.548643
617000 19.155991 19.548006
618000 19.593397 19.548080
619000 19.226178 19.547560
620000 18.861664 19.546454
621000 19.006266 19.545584
622000 19.159137 19.544962
623000 19.089217 19.544231
624000 19.451496 19.544082
625000 19.289298 19.543675
626000 19.139784 19.543029
627000 18.836847 19.541903
628000 19.566801 19.541943
629000 19.221281 19.541433
630000 19.062457 19.540673
631000 19.115277 19.539999
632000 18.565755 19.538457
633000 18.751048 19.537213
634000 18.726497 19.535934
635000 18.899635 19.534932
636000 18.778432 19.533743
637000 19.337580 19.533435
638000 18.666194 19.532076
639000 18.718808 19.530803
640000 18.644724 19.529418
641000 18.693051 19.528114
642000 18.969679 19.527244
643000 18.949342 19.526345
644000 18.582812 19.524880
645000 19.207684 19.524388
646000 18.844020 19.523335
647000 18.935982 19.522427
648000 18.615854 19.521028
649000 18.943860 19.520139
650000 18.666262 19.518825
651000 18.868874 19.517827
652000 18.999544 19.517032
653000 19.025753 19.516279
654000 19.296494 19.515943
655000 19.112983 19.515328
656000 19.133110 19.514746
657000 18.991674 19.513949
658000 18.701278 19.512714
659000 18.586250 19.511308
660000 18.702763 19.510083
661000 18.645264 19.508775
662000 18.561551 19.507344
663000 18.710646 19.506143
664000 18.585205 19.504756
665000 18.752383 19.503624
666000 19.458706 19.503557
667000 19.014726 19.502824
668000 18.980361 19.502042
669000 18.350775 19.500321
670000 18.752684 19.499205
671000 18.274083 19.497379
672000 18.840010 19.496401
673000 18.666124 19.495167
674000 18.562215 19.493783
675000 18.661382 19.492550
676000 18.388274 19.490916
677000 18.272894 19.489117
678000 18.099660 19.487068
679000 18.369390 19.485422
680000 18.341755 19.483740
681000 18.221704 19.481887
682000 18.533775 19.480496
683000 18.039977 19.478387
684000 18.123607 19.476407
685000 18.529545 19.475024
686000 18.098408 19.473018
687000 18.486896 19.471582
688000 18.543999 19.470234
689000 18.573301 19.468932
690000 18.615622 19.467696
691000 18.526153 19.466333
692000 18.276596 19.464614
693000 18.216233 19.462812
694000 18.124624 19.460884
695000 18.422047 19.459389
696000 18.307005 19.457734
697000 18.307364 19.456083
698000 18.839158 19.455199
699000 18.533877 19.453881
700000 18.980410 19.453205
701000 19.157941 19.452784
702000 18.633902 19.451617
703000 18.365885 19.450073
704000 18.235757 19.448348
705000 18.817361 19.447453
706000 18.784022 19.446513
707000 18.906256 19.445749
708000 18.566036 19.444506
709000 19.279560 19.444274
710000 18.490530 19.442931
711000 19.038183 19.442361
712000 18.858849 19.441542
713000 18.537988 19.440274
714000 18.541667 19.439016
715000 18.681018 19.437956
716000 18.637710 19.436838
717000 18.793152 19.435940
718000 18.784518 19.435033
719000 18.993173 19.434419
720000 18.772612 19.433499
721000 19.103092 19.433041
722000 18.459742 19.431693
723000 19.087710 19.431217
724000 18.983415 19.430599
725000 18.754774 19.429667
726000 19.226433 19.429387
727000 19.195108 19.429064
728000 18.904374 19.428344
729000 19.383041 19.428282
730000 19.253415 19.428042
731000 19.458207 19.428083
732000 19.278137 19.427878
733000 19.283088 19.427681
734000 19.633833 19.427962
735000 19.456880 19.428001
736000 19.262174 19.427776
737000 19.308460 19.427614
738000 19.203185 19.427310
739000 19.237811 19.427053
740000 18.994920 19.426469
741000 19.727431 19.426876
742000 19.395219 19.426833
743000 19.819642 19.427362
744000 19.761083 19.427810
745000 19.775012 19.428276
746000 19.603716 19.428511
747000 19.410042 19.428487
748000 19.348583 19.428380
749000 19.276710 19.428177
750000 19.476491 19.428242
751000 19.511613 19.428353
752000 19.185366 19.428030
753000 19.235501 19.427774
754000 19.663255 19.428086
755000 19.382732 19.428026
756000 19.498379 19.428119
757000 19.179421 19.427791
758000 19.064962 19.427312
759000 19.332336 19.427187
760000 19.617868 19.427438
761000 19.384003 19.427381
762000 19.127722 19.426987
763000 19.447952 19.427015
764000 19.142210 19.426642
765000 19.149037 19.426279
766000 18.974214 19.425689
767000 19.057328 19.425209
768000 19.019881 19.424681
769000 19.275913 19.424488
770000 19.822724 19.425005
771000 19.318123 19.424866
772000 19.447068 19.424895
773000 19.239448 19.424655
774000 19.264441 19.424448
775000 19.117214 19.424052
776000 19.462346 19.424101
777000 19.199434 19.423812
778000 19.748661 19.424229
779000 19.849500 19.424775
780000 19.421630 19.424771
781000 19.654165 19.425065
782000 19.625776 19.425322
783000 19.557033 19.425490
784000 19.520058 19.425610
785000 19.604404 19.425838
786000 19.619095 19.426084
787000 19.191031 19.425785
788000 18.926444 19.425152
789000 19.125264 19.424772
790000 19.157870 19.424434
791000 19.098754 19.424022
792000 18.863204 19.423314
793000 19.103299 19.422910
794000 19.136391 19.422550
795000 19.197502 19.422266
796000 19.371765 19.422203
797000 18.864354 19.421503
798000 19.173911 19.421193
799000 19.272992 19.421007
800000 19.231163 19.420770
801000 19.374348 19.420712
802000 19.404250 19.420692
803000 19.699471 19.421039
804000 19.704809 19.421392
805000 19.533736 19.421531
806000 19.759052 19.421950
807000 19.895563 19.422537
808000 19.634170 19.422799
809000 19.631410 19.423057
810000 19.558648 19.423224
811000 19.785949 19.423671
812000 19.503819 19.423770
813000 19.185395 19.423477
814000 19.300181 19.423325
815000 19.042264 19.422858
816000 18.989800 19.422327
817000 19.419145 19.422323
818000 19.466136 19.422377
819000 19.092817 19.421974
820000 18.942428 19.421390
821000 19.234446 19.421162
822000 18.656460 19.420232
823000 18.822969 19.419506
824000 19.022117 19.419024
825000 18.590513 19.418019
826000 18.977508 19.417486
827000 18.924255 19.416890
828000 18.770324 19.416109
829000 18.919056 19.415509
830000 18.689718 19.414635
831000 18.751226 19.413836
832000 18.655176 19.412924
833000 18.728393 19.412103
834000 18.886399 19.411472
835000 18.315871 19.410160
836000 18.326775 19.408864
837000 18.276630 19.407512
838000 18.525994 19.406460
839000 18.099518 19.404902
840000 18.364117 19.403663
841000 18.672863 19.402794
842000 18.638662 19.401886
843000 19.054713 19.401475
844000 18.371011 19.400254
845000 18.124286 19.398744
846000 18.081823 19.397187
847000 17.733682 19.395223
848000 18.147979 19.393752
849000 18.555500 19.392765
850000 18.394826 19.391591
851000 18.619051 19.390683
852000 18.467980 19.389600
853000 18.336026 19.388365
854000 18.117448 19.386877
855000 18.641832 19.386005
856000 18.588017 19.385073
857000 19.066626 19.384702
858000 18.819003 19.384042
859000 18.871683 19.383446
860000 18.820201 19.382791
861000 18.905274 19.382236
862000 18.847060 19.381615
863000 18.741989 19.380874
864000 18.810138 19.380214
865000 19.272734 19.380089
866000 18.949762 19.379592
867000 19.004549 19.379160
868000 19.084051 19.378820
869000 18.763836 19.378112
870000 19.164645 19.377867
871000 19.154690 19.377611
872000 19.310645 19.377534
873000 18.846943 19.376926
874000 19.709598 19.377307
875000 18.853144 19.376708
876000 18.845679 19.376101
877000 19.352678 19.376075
878000 18.810848 19.375431
879000 19.040218 19.375050
880000 18.897922 19.374507
881000 19.266226 19.374384
882000 19.354915 19.374362
883000 19.536352 19.374546
884000 18.682998 19.373764
885000 18.912392 19.373242
886000 19.206359 19.373054
887000 18.902040 19.372523
888000 19.429195 19.372587
889000 19.301087 19.372506
890000 19.279533 19.372402
891000 19.614935 19.372674
892000 19.161703 19.372437
893000 19.605755 19.372699
894000 19.344043 19.372667
895000 19.293675 19.372578
896000 18.946850 19.372103
897000 19.154985 19.371861
898000 19.208105 19.371679
899000 19.291412 19.371590
900000 19.280278 19.371488
901000 19.280021 19.371387
902000 19.064363 19.371046
903000 18.890088 19.370514
904000 18.699575 19.369771
905000 19.041281 19.369408
906000 18.725289 19.368697
907000 18.759711 19.368026
908000 18.705706 19.367297
909000 19.122936 19.367028
910000 18.829110 19.366437
911000 18.919619 19.365946
912000 18.756076 19.365278
913000 18.979985 19.364856
914000 19.417660 19.364913
915000 19.397876 19.364949
916000 19.429502 19.365020
917000 19.264035 19.364910
918000 19.432517 19.364983
919000 19.401911 19.365023
920000 19.405126 19.365067
921000 19.533974 19.365250
922000 19.462126 19.365356
923000 19.595214 19.365605
924000 19.574953 19.365831
925000 19.311451 19.365772
926000 19.256040 19.365654
927000 19.275334 19.365556
928000 19.300955 19.365487
929000 19.484371 19.365615
930000 19.618099 19.365886
931000 19.400612 19.365924
932000 19.127435 19.365668
933000 19.098472 19.365381
934000 19.188849 19.365192
935000 19.033313 19.364837
936000 18.844606 19.364282
937000 19.107263 19.364007
938000 18.687243 19.363286
939000 19.303041 19.363222
940000 19.192614 19.363040
941000 19.146895 19.362810
942000 18.855837 19.362272
943000 18.810984 19.361688
944000 18.658692 19.360943
945000 18.965632 19.360525
946000 19.053334 19.360200
947000 19.485918 19.360333
948000 19.154815 19.360116
949000 19.108102 19.359850
950000 19.228828 19.359712
951000 19.438297 19.359795
952000 19.585095 19.360032
953000 19.468268 19.360145
954000 19.408951 19.360196
955000 19.615964 19.360464
956000 19.342584 19.360445
957000 19.134182 19.360209
958000 19.088228 19.359925
959000 19.450905 19.360020
960000 19.296332 19.359954
961000 19.053254 19.359635
962000 19.551482 19.359834
963000 19.498466 19.359978
964000 19.591698 19.360218
965000 19.758210 19.360631
966000 19.580024 19.360858
967000 19.976616 19.361495
968000 19.978328 19.362132
969000 19.746161 19.362528
970000 20.063473 19.363251
971000 20.070802 19.363979
972000 20.248645 19.364890
973000 19.556656 19.365087
974000 19.409520 19.365132
975000 20.002731 19.365786
976000 19.906315 19.366340
977000 19.886933 19.366873
978000 20.050721 19.367572
979000 19.683981 19.367895
980000 19.325266 19.367852
981000 19.600582 19.368089
982000 19.389553 19.368111
983000 19.153189 19.367892
984000 19.105807 19.367626
985000 19.721519 19.367985
986000 19.367457 19.367985
987000 19.528557 19.368147
988000 19.692203 19.368475
989000 19.461436 19.368569
990000 19.809299 19.369015
991000 19.679748 19.369328
992000 19.420573 19.369380
993000 19.903970 19.369918
994000 19.664107 19.370214
995000 19.978830 19.370826
996000 19.792599 19.371249
997000 19.662318 19.371541
998000 19.673927 19.371844
999000 19.196118 19.371668
1000000 19.847995 19.372145
