# r N rho/M
0 0.00525 43.58917772876971
0.2 0.026 171.7840577352059
0.4 0.04575 151.1369354112629
0.6 0.06575 144.8051512319204
0.8 0.08275 136.6839497845028
1 0.09950000000000001 131.4808749588692
1.2 0.124 136.5463023023432
1.4 0.1545 145.8276753851061
1.6 0.179 147.833395839432
1.8 0.2 146.8239809702615
2 0.2155 142.3825555459111
2.2 0.25525 153.3142683108787
2.4 0.26175 144.1169138211223
2.6 0.28225 143.4498529460411
2.8 0.3085 145.5917082728325
3 0.33325 146.7872749750189
3.2 0.36175 149.3819300137278
3.4 0.37425 145.4529040891422
3.6 0.3945 144.8051512319204
3.8 0.4185 145.5296116643394
4 0.442 146.016449074925
4.2 0.46525 146.3782653137446
4.4 0.51 153.16410742125
4.6 0.5155 148.0847521112018
4.8 0.5355 147.4204533929532
5 0.5785 152.8878113843333
5.2 0.613 155.7745967332563
5.4 0.61625 150.800463788206
5.6 0.6567499999999999 154.9714009857095
5.8 0.6945 158.2281539749344
6 0.714 157.2484836191501
6.2 0.746 158.9961626184412
6.4 0.77 158.9828418943613
6.6 0.77825 155.81694980469
6.8 0.7767500000000001 150.9426095540964
7 0.82925 156.5405822823292
7.2 0.83125 152.5592927269123
7.4 0.8635 154.1949416365388
7.6 0.86525 150.4414533961406
7.8 0.89725 152.0051733756544
8 0.9175 151.5498778577418
8.199999999999999 0.928 149.5455962272712
8.4 0.9825 154.5584585392306
8.6 1.03125 158.4546596953766
8.800000000000001 1.01125 151.8501996369991
9 1.08 158.5698994478824
9.199999999999999 1.1005 158.0671869043429
9.4 1.1075 155.6880883320299
9.6 1.14525 157.640778943305
9.800000000000001 1.1845 159.7160254217829
10 1.214 160.4198816081077
10.2 1.228 159.0881017336598
10.4 1.22575 155.742831929681
10.6 1.25775 156.7934677913318
10.8 1.27025 155.4193015228956
11 1.294 155.446552943606
11.2 1.30425 153.8800530914439
11.4 1.3255 153.6435685074328
11.6 1.33575 152.162171830107
11.8 1.31925 147.7354094961998
12 1.3715 151.0268174255352
12.2 1.38925 150.4735196775756
12.4 1.3715 146.1549846053567
12.6 1.39375 146.1685167695014
12.8 1.3775 142.2070550061575
13 1.41975 144.3138556032891
13.2 1.42725 142.8780864816857
13.4 1.46175 144.1477304216058
13.6 1.45625 141.4935147493742
13.8 1.46775 140.5440639581095
14 1.539 145.2613543156494
14.2 1.5325 142.6105463050938
14.4 1.5675 143.841618856803
14.6 1.5575 140.9661063870302
14.8 1.55725 139.0388377900985
15 1.56575 137.9337889225122
15.2 1.58925 138.1618490666376
15.4 1.632 140.0357553565714
15.6 1.6365 138.6216028025959
15.8 1.665 139.2504654961625
16 1.64825 136.1264774817563
16.2 1.739 141.848279392936
16.4 1.74425 140.5414365406346
16.6 1.82175 145.0174268670581
16.8 1.87225 147.2631419847708
17 1.8795 146.0941794177916
17.2 1.90275 146.1816260535166
17.4 1.925 146.1911189833207
17.6 1.97025 147.9272463954499
17.8 1.99375 148.0097083446702
18 2.02075 148.347279772828
18.2 2.019 146.5900306709133
18.4 2.106 151.2446595277357
18.6 2.12625 151.0570110667831
18.8 2.14175 150.5394867652935
19 2.15 149.5286332512926
19.2 2.208 151.9628203042207
19.4 2.2515 153.3591617727265
19.6 2.29525 154.7438612703027
19.8 2.3015 153.597905546844
20 2.2905 151.3351477855728
20.2 2.291 149.869488298308
20.4 2.30225 149.1289015538755
20.6 2.301 147.6008651414148
20.8 2.36475 150.2316385093669
21 2.39225 150.5312864897606
21.2 2.3725 147.8801440409202
21.4 2.386 147.3316900633362
21.6 2.4645 150.7698754588372
21.8 2.401 145.537587375522
22 2.545 152.8637856419927
22.2 2.532 150.7128323581225
22.4 2.50275 147.6416725607097
22.6 2.5465 148.89315964013
22.8 2.5605 148.3984749767189
23 2.5935 149.0039979051026
23.2 2.66975 152.0624960671638
23.4 2.68025 151.3557596136705
23.6 2.7455 153.7265744824015
23.8 2.74275 152.2820699267085
24 2.74925 151.3709361309343
24.2 2.78275 151.9491693142544
24.4 2.782 150.6630670300577
24.6 2.81875 151.4122303755821
24.8 2.87825 153.3614963326168
25 2.8455 150.4035496263164
25.2 2.8535 149.6293677495147
25.4 2.94 152.9512809635086
25.6 2.88325 148.8270386012718
25.8 3.05875 156.6620413230653
26 3.06425 155.7364789689659
26.2 3.0785 155.2663598760515
26.4 3.102 155.2663598760515
26.6 3.10175 154.0865243146833
26.8 3.099 152.8010318373718
27 3.1705 155.1684772220713
27.2 3.16625 153.8210613133755
27.4 3.168 152.7826768402955
27.6 3.224 154.3566895591705
27.8 3.16475 150.4298828770041
28 3.245 153.1426558655888
28.2 3.206 150.229047762976
28.4 3.20725 149.2292576303465
28.6 3.19025 147.4002394270416
28.8 3.20025 146.8354515937748
29 3.2215 146.7910721469406
29.2 3.268 147.8899632978538
29.4 3.234 145.3557411605589
29.6 3.13425 139.9205257163641
29.8 3.109 137.8618057560029
30 2.99175 131.778193520334
30.2 2.905 127.1097014062081
30.4 2.81375 122.3070325031467
30.6 2.6375 113.8965440614896
30.8 2.49 106.8287471929727
31 2.273 96.88961866802062
31.2 2.098 88.856743867964
31.4 1.83775 77.33859679149307
31.6 1.71025 71.51745003447807
31.8 1.555 64.61640294587451
32 1.3855 57.21317595964611
32.2 1.2685 52.05639685549659
32.4 1.1585 47.24877276501332
32.6 1.03125 41.80092249632636
32.8 0.9389999999999999 37.82955680425854
33 0.8452499999999999 33.84626452230368
33.2 0.7745 30.82640239015685
33.4 0.673 26.62613331547526
33.6 0.5645 22.20057247974445
33.8 0.501 19.58666657381388
34 0.4015 15.60436633047176
34.2 0.3305 12.76982255543985
34.4 0.2715 10.42919760176843
34.6 0.20325 7.762363213579502
34.8 0.1815 6.891867037785119
35 0.131 4.94587067325538
35.2 0.092 3.453700461459559
35.4 0.06975000000000001 2.603637120171798
35.6 0.04275 1.586812547143486
35.8 0.02225 0.8212710108741581
36 0.01275 0.4680014393427085
36.2 0.00775 0.2828997975877275
36.4 0.003 0.1089078979724467
36.6 0.0015 0.05415638642345709
36.8 0.00025 0.008977009706062184
