# r N rho/M
0 0 0
0.2 0 0
0.4 0 0
0.6 0 0
0.8 0 0
1 0 0
1.2 0 0
1.4 0 0
1.6 0 0
1.8 0 0
2 0 0
2.2 0 0
2.4 0 0
2.6 0 0
2.8 0 0
3 0 0
3.2 0 0
3.4 0 0
3.6 0 0
3.8 0 0
4 0 0
4.2 0 0
4.4 0 0
4.6 0 0
4.8 0 0
5 0 0
5.2 0 0
5.4 0 0
5.6 0 0
5.8 0.0005 0.1139151576493408
6 0.00025 0.05505899286384806
6.2 0.001 0.2131315852794118
6.4 0.00125 0.2580890290492877
6.6 0.00025 0.0500536298762255
6.8 0.00075 0.1457443928748919
7 0.0015 0.2831605347283614
7.2 0.00375 0.6882374107981006
7.4 0 0
7.6 0.00225 0.3912086335062888
7.8 0.002 0.3388245714698341
8 0.00425 0.7020021590140628
8.199999999999999 0.00275 0.4431577474407283
8.4 0.0045 0.7079013368209035
8.6 0.00275 0.422545759187671
8.800000000000001 0.0055 0.8258848929577206
9 0.006 0.880943885821569
9.199999999999999 0.0065 0.9336090094304671
9.4 0.0115 1.616625747917241
9.6 0.00625 0.8602967634976258
9.800000000000001 0.0115 1.550641023512455
10 0.00975 1.288380433014044
10.2 0.0135 1.748932714498703
10.4 0.01825 2.318830660996678
10.6 0.01975 2.462071945043772
10.8 0.027 3.303539571830883
11 0.032 3.844118774494119
11.2 0.03025 3.569002573138722
11.4 0.046 5.332028782604232
11.6 0.05775 6.578600354249432
11.8 0.06425 7.194997203055398
12 0.06900000000000001 7.598141015211033
12.2 0.0835 9.044116532717338
12.4 0.09075 9.670845682053312
12.6 0.114 11.95566702186415
12.8 0.1255 12.95606925827424
13 0.13975 14.2052201588728
13.2 0.1625 16.26742970977329
13.4 0.2035 20.06777023485327
13.6 0.22175 21.54587941333819
13.8 0.2465 23.60355085380617
14 0.2695 25.4372547030978
14.2 0.3035 28.24293690283586
14.4 0.33875 31.08538972104754
14.6 0.38475 34.82292740443651
14.8 0.4245 37.90142022276243
15 0.47825 42.13114133941654
15.2 0.52425 45.57580580348264
15.4 0.5685 48.78083757365862
15.6 0.62025 52.53898511354115
15.8 0.6565 54.90566402296139
16 0.73575 60.76448099936431
16.2 0.764 62.31862303404432
16.4 0.82025 66.09093497059226
16.6 0.9 71.64302685898301
16.8 0.946 74.40829607028608
17 1.006 78.19672492380866
17.2 1.06925 82.14673691116678
17.4 1.1555 87.75264310920886
17.6 1.20825 90.7159474469242
17.8 1.26275 93.74257515347074
18 1.30225 95.6007646092615
18.2 1.38875 100.8305622061569
18.4 1.39975 100.5245546884843
18.6 1.50075 106.6190755360258
18.8 1.56475 109.9832669153697
19 1.5925 110.7555109082249
19.2 1.68275 115.8131503020504
19.4 1.73025 117.8546256527915
19.6 1.867 125.8715996042502
19.8 1.9125 127.636756184375
20 1.9715 130.2585653172917
20.2 2.04425 133.727936033966
20.4 2.13625 138.3762041239946
20.6 2.1945 140.7692735996674
20.8 2.22125 141.1151398832567
21 2.264 142.4612112500023
21.2 2.36875 147.6464030334793
21.4 2.399 148.1344193050895
21.6 2.395 146.5180976765734
21.8 2.45375 148.7350499886244
22 2.4735 148.5691841986126
22.2 2.52775 150.4598586071264
22.4 2.54675 150.2373107957197
22.6 2.55825 149.5801789316169
22.8 2.51825 145.9497987151425
23 2.551 146.5622512650536
23.2 2.55275 145.3984593446774
23.4 2.57225 145.2569173272135
23.6 2.592 145.131772376028
23.8 2.57175 142.787863762287
24 2.5735 141.694318135113
24.2 2.5985 141.8883897091331
24.4 2.60525 141.0909257297116
24.6 2.55 136.9760310271342
24.8 2.59775 138.415643914898
25 2.55475 135.0354835381592
25.2 2.58 135.2878110368838
25.4 2.53875 132.0765525667032
25.6 2.55025 131.6383092665892
25.8 2.482 127.1222514307636
26 2.48225 126.1570938796494
26.2 2.4295 122.5335784696661
26.4 2.43925 122.0933166755831
26.6 2.37425 117.9462981717214
26.8 2.32025 114.4035476349344
27 2.28825 111.989991485067
27.2 2.22875 108.2759385399718
27.4 2.16725 104.5196516357735
27.6 2.08025 99.59693035219122
27.8 2.052 97.53760002010033
28 1.94075 91.59063462901125
28.2 1.92225 90.07416938938886
28.4 1.8885 87.86949973806513
28.6 1.77875 82.18420997754103
28.8 1.71975 78.90641914800224
29 1.64175 74.80808402832211
29.2 1.57825 71.42207300331633
29.4 1.5315 68.83497760896597
29.6 1.4715 65.69133081012357
29.8 1.4195 62.94462311696562
30 1.337 58.89109876717188
30.2 1.26475 55.3397572645445
30.4 1.20125 52.21548566660326
30.6 1.1165 48.21440433920498
30.8 1.05725 45.35931444569092
31 0.99225 42.29596309869927
31.2 0.95275 40.35188880848556
31.4 0.86475 36.39153942344913
31.6 0.80475 33.65219582823929
31.8 0.7685 31.93421586103187
32 0.73225 30.23771064341456
32.2 0.66375 27.23881230810868
32.4 0.64075 26.13262939074863
32.6 0.589 23.87466021850785
32.8 0.54975 22.14781560504913
33 0.499 19.98140904658922
33.2 0.447 17.79135166998078
33.4 0.43775 17.31885565950861
33.6 0.38075 14.97407966636439
33.8 0.35725 13.96673978741518
34 0.32575 12.66032959439894
34.2 0.31425 12.14195684734333
34.4 0.263 10.10268496966886
34.6 0.22325 8.52618739203751
34.8 0.202 7.670287281722282
35 0.16675 6.29560255546057
35.2 0.1535 5.762424139500461
35.4 0.13075 4.880653096236023
35.6 0.11425 4.240779731254814
35.8 0.1045 3.857205421858406
36 0.094 3.450363552801145
36.2 0.08275 3.020639774243155
36.4 0.07074999999999999 2.568411260516868
36.6 0.0585 2.112099070514827
36.8 0.04175 1.499160620912385
37 0.03525 1.258916431427444
37.2 0.03175 1.127821305436888
37.4 0.02625 0.9274643182947666
37.6 0.0205 0.7204527789631181
37.8 0.016 0.5593294513152818
38 0.01725 0.5998532380429763
38.2 0.0135 0.4669925049185018
38.4 0.0095 0.3269127701290978
38.6 0.008750000000000001 0.2995437435597951
38.8 0.00575 0.1958283766806967
39 0.0045 0.1524710571614254
39.2 0.00475 0.1601205404713948
39.4 0.0035 0.1173846548366304
39.6 0.00475 0.1585031612747141
39.8 0.00325 0.1079045588788982
40 0.0025 0.08258848929577209
40.2 0.00325 0.1068308816761231
40.4 0.0015 0.04906246888857748
40.6 0.002 0.06509437579962331
40.8 0.00075 0.02429073214581532
41 0.00225 0.0725167223084828
41.2 0.00175 0.05612809952139849
41.4 0.0005 0.01595912836633277
41.6 0.00275 0.08735320983206663
41.8 0.00325 0.1027416613248839
42 0.002 0.06292456327296919
42.2 0.00275 0.08611122106668177
42.4 0.0025 0.0779136691469548
42.6 0.0025 0.07754787727302542
42.8 0.00275 0.08490405441621428
43 0.003 0.0921918020045828
43.2 0.00375 0.1147062351330168
43.4 0.0025 0.07611842331407566
43.6 0.00525 0.1591154380927719
43.8 0.005 0.1508465557913646
44 0.004 0.1201287117029412
44.2 0.00275 0.08221478572429798
44.4 0.00475 0.1413676843801504
44.6 0.0035 0.1036985515821354
44.8 0.00375 0.1106095838782662
45 0.00175 0.05138839333959152
45.2 0.00375 0.1096307380032373
45.4 0.00225 0.06548866992616288
45.6 0.00475 0.1376474821596201
45.8 0.00525 0.1514723384463942
46 0.0015 0.04308964658909848
46.2 0.0025 0.07150518553746502
46.4 0.0015 0.0427181841185028
46.6 0.004 0.1134262513933351
46.8 0.00225 0.06352960715059391
47 0.002 0.05623046079712142
47.2 0.001 0.02799609806636342
47.4 0.00175 0.04878644937302993
47.6 0.0025 0.06940209184518663
47.8 0.002 0.05528936521892692
48 0.004 0.1101179857276961
48.2 0.002 0.05483053231254578
48.4 0.002 0.05460395986497327
48.6 0.00175 0.04758184568480696
48.8 0.002 0.05415638642345711
49 0.00275 0.07416109242885656
49.2 0.001 0.02685804529943807
49.4 0.00125 0.03343663534241785
49.6 0.00075 0.01998108611994486
49.8 0.00075 0.01990084079416195
50 0.0005 0.01321415828732353
50.2 0.00025 0.006580756119185026
50.4 0.00075 0.01966392602280288
50.6 0.00025 0.006528734331681587
50.8 0 0
51 0.00025 0.006477528572217418
51.2 0.00025 0.006452225726232194
