1000 19.635799 19.635799
2000 19.394074 19.514936
3000 19.450224 19.493366
4000 19.437592 19.479422
5000 19.260577 19.435653
6000 19.387759 19.427671
7000 19.556356 19.446054
8000 19.809747 19.491516
9000 19.545070 19.497466
10000 19.809012 19.528621
11000 19.433654 19.519988
12000 19.286890 19.500563
13000 19.121716 19.471421
14000 19.335709 19.461727
15000 19.392696 19.457125
16000 19.089962 19.434177
17000 19.758260 19.453241
18000 19.363739 19.448269
19000 19.251340 19.437904
20000 19.453600 19.438689
21000 19.150147 19.424949
22000 19.107284 19.410509
23000 19.143358 19.398894
24000 19.244325 19.392454
25000 19.289486 19.388335
26000 19.648406 19.398338
27000 19.559603 19.404311
28000 20.081521 19.428497
29000 19.573733 19.433505
30000 19.637740 19.440313
31000 19.301665 19.435840
32000 19.770823 19.446308
33000 19.942822 19.461354
34000 19.770508 19.470447
35000 19.648568 19.475536
36000 19.349523 19.472036
37000 19.687550 19.477860
38000 19.690598 19.483459
39000 19.691690 19.488798
40000 19.795395 19.496463
41000 19.828919 19.504572
42000 19.675516 19.508642
43000 19.776213 19.514864
44000 19.896160 19.523530
45000 19.547131 19.524055
46000 19.720872 19.528333
47000 19.699348 19.531972
48000 19.739066 19.536286
49000 20.195739 19.549745
50000 19.935750 19.557465
51000 20.228375 19.570620
52000 20.392057 19.586417
53000 20.616443 19.605851
54000 20.218405 19.617195
55000 20.399516 19.631419
56000 20.187097 19.641342
57000 20.022074 19.648021
58000 20.320872 19.659622
59000 20.518667 19.674182
60000 20.503958 19.688012
61000 20.329096 19.698521
62000 20.244922 19.707334
63000 19.964836 19.711421
64000 20.268271 19.720122
65000 20.341736 19.729686
66000 20.114982 19.735523
67000 19.985005 19.739247
68000 19.999703 19.743077
69000 20.018158 19.747064
70000 20.077168 19.751780
71000 20.462300 19.761787
72000 20.626678 19.773799
73000 20.629253 19.785518
74000 20.716262 19.798096
75000 20.336706 19.805277
76000 20.114436 19.809345
77000 19.983778 19.811610
78000 19.833729 19.811894
79000 19.659771 19.809968
80000 19.995543 19.812288
81000 20.102093 19.815866
82000 19.908353 19.816994
83000 20.111386 19.820541
84000 20.015877 19.822866
85000 20.164238 19.826882
86000 19.915618 19.827914
87000 20.250445 19.832771
88000 20.107103 19.835888
89000 19.944122 19.837104
90000 20.472654 19.844166
91000 20.288303 19.849046
92000 20.150264 19.852321
93000 20.315467 19.857301
94000 20.426020 19.863351
95000 20.197087 19.866864
96000 20.035300 19.868618
97000 19.919855 19.869147
98000 19.922799 19.869694
99000 19.806912 19.869060
100000 20.189236 19.872262
101000 20.063082 19.874151
102000 20.353653 19.878852
103000 20.087441 19.880877
104000 20.362420 19.885507
105000 20.395967 19.890369
106000 19.782619 19.889352
107000 19.989574 19.890289
108000 20.304490 19.894124
109000 20.173160 19.896684
110000 20.181253 19.899271
111000 19.850233 19.898829
112000 19.907786 19.898909
113000 20.048628 19.900234
114000 20.300408 19.903745
115000 20.100001 19.905451
116000 19.366896 19.900808
117000 20.004881 19.901698
118000 20.165575 19.903934
119000 20.159739 19.906084
120000 19.935191 19.906326
121000 19.939728 19.906602
122000 19.954019 19.906991
123000 19.792930 19.906064
124000 19.910039 19.906096
125000 20.252642 19.908868
126000 20.008312 19.909657
127000 20.025285 19.910568
128000 20.322406 19.913785
129000 19.963123 19.914168
130000 20.339518 19.917440
131000 20.721261 19.923576
132000 20.426612 19.927387
133000 20.371565 19.930726
134000 20.484016 19.934855
135000 20.580539 19.939638
136000 20.782611 19.945836
137000 20.568333 19.950380
138000 20.824072 19.956711
139000 20.384256 19.959787
140000 20.762300 19.965519
141000 20.766232 19.971198
142000 21.074873 19.978971
143000 21.171600 19.987311
144000 20.912910 19.993738
145000 21.149785 20.001711
146000 20.866232 20.007633
147000 21.023828 20.014545
148000 20.792390 20.019801
149000 21.077069 20.026897
150000 20.844384 20.032347
151000 20.972047 20.038570
152000 20.881840 20.044118
153000 20.738972 20.048659
154000 20.936525 20.054425
155000 20.829087 20.059423
156000 21.110647 20.066161
157000 20.991219 20.072053
158000 20.825506 20.076822
159000 20.211030 20.077666
160000 20.349626 20.079366
161000 20.842221 20.084104
162000 21.013698 20.089842
163000 20.320351 20.091256
164000 20.677974 20.094834
165000 20.759147 20.098860
166000 20.811223 20.103151
167000 20.592389 20.106081
168000 20.911725 20.110877
169000 20.793994 20.114919
170000 20.655527 20.118099
171000 21.226617 20.124581
172000 21.005402 20.129702
173000 21.053471 20.135042
174000 21.083550 20.140493
175000 21.037633 20.145620
176000 21.223905 20.151746
177000 21.045875 20.156798
178000 21.144194 20.162345
179000 21.062322 20.167373
180000 20.989919 20.171943
181000 21.016357 20.176608
182000 21.415743 20.183416
183000 20.983136 20.187786
184000 20.964611 20.192008
185000 21.003343 20.196394
186000 21.125992 20.201392
187000 20.640683 20.203741
188000 20.456224 20.205084
189000 21.081256 20.209720
190000 20.660331 20.212091
191000 20.893211 20.215657
192000 21.002189 20.219754
193000 20.725094 20.222372
194000 20.792833 20.225313
195000 21.062529 20.229606
196000 20.885743 20.232954
197000 20.842897 20.236050
198000 20.982974 20.239822
199000 20.767441 20.242474
200000 20.699854 20.244761
201000 21.171481 20.249371
202000 20.696322 20.251584
203000 20.679473 20.253692
204000 20.852662 20.256628
205000 21.072431 20.260607
206000 20.785626 20.263156
207000 21.052220 20.266968
208000 20.933088 20.270170
209000 21.043628 20.273871
210000 21.231502 20.278431
211000 21.150766 20.282565
212000 21.254367 20.287149
213000 20.879840 20.289932
214000 20.784730 20.292244
215000 20.911913 20.295126
216000 21.070122 20.298714
217000 21.161309 20.302689
218000 20.885491 20.305363
219000 20.977707 20.308433
220000 21.239266 20.312664
221000 21.104149 20.316245
222000 21.412039 20.321181
223000 21.185749 20.325058
224000 21.074141 20.328402
225000 21.256885 20.332529
226000 21.474367 20.337581
227000 21.652089 20.343372
228000 21.389328 20.347960
229000 21.345240 20.352315
230000 21.084343 20.355497
231000 21.547506 20.360657
232000 21.342705 20.364890
233000 20.890821 20.367148
234000 21.215151 20.370772
235000 21.165917 20.374155
236000 21.238393 20.377817
237000 21.466837 20.382412
238000 21.280892 20.386187
239000 21.032716 20.388893
240000 21.307281 20.392719
241000 21.428728 20.397018
242000 21.170192 20.400213
243000 21.077781 20.403001
244000 21.067914 20.405726
245000 20.718304 20.407002
246000 21.104516 20.409838
247000 20.799794 20.411416
248000 20.904098 20.413403
249000 20.719376 20.414632
250000 20.577743 20.415284
251000 21.125312 20.418113
252000 20.496575 20.418424
253000 20.683385 20.419472
254000 20.634697 20.420319
255000 21.073688 20.422881
256000 21.007525 20.425165
257000 20.672139 20.426126
258000 20.750254 20.427382
259000 20.660762 20.428283
260000 20.419858 20.428251
261000 20.161324 20.427228
262000 19.978480 20.425515
263000 20.242890 20.424821
264000 20.181404 20.423899
265000 20.350363 20.423621
266000 20.398314 20.423526
267000 20.508165 20.423843
268000 20.623931 20.424590
269000 20.548356 20.425050
270000 20.232977 20.424339
271000 20.143927 20.423304
272000 20.186024 20.422432
273000 19.878579 20.420439
274000 20.173591 20.419539
275000 19.718571 20.416990
276000 19.964193 20.415349
277000 20.105802 20.414231
278000 20.311790 20.413863
279000 20.331733 20.413569
280000 20.484096 20.413821
281000 20.374153 20.413679
282000 20.375435 20.413544
283000 20.130908 20.412545
284000 20.280517 20.412080
285000 20.617767 20.412802
286000 20.327263 20.412503
287000 20.254058 20.411951
288000 20.341387 20.411706
289000 20.270053 20.411216
290000 20.611799 20.411907
291000 21.017772 20.413989
292000 20.180854 20.413191
293000 20.447463 20.413308
294000 20.594629 20.413925
295000 20.510430 20.414252
296000 20.663265 20.415093
297000 20.451193 20.415214
298000 20.448428 20.415326
299000 20.289202 20.414904
300000 20.216329 20.414242
301000 19.714589 20.411918
302000 20.110885 20.410921
303000 20.451223 20.411054
304000 20.659660 20.411872
305000 20.616255 20.412542
306000 20.638442 20.413280
307000 20.578297 20.413818
308000 20.517998 20.414156
309000 20.521051 20.414502
310000 20.114349 20.413534
311000 20.319781 20.413232
312000 20.174390 20.412467
313000 20.288726 20.412071
314000 20.528544 20.412442
315000 20.443587 20.412541
316000 20.549032 20.412973
317000 20.552859 20.413414
318000 20.543364 20.413823
319000 20.331111 20.413564
320000 20.515123 20.413881
321000 20.514154 20.414193
322000 20.794409 20.415374
323000 20.617696 20.416001
324000 20.064102 20.414914
325000 20.188675 20.414218
326000 20.379167 20.414111
327000 20.436055 20.414178
328000 20.064005 20.413110
329000 20.480538 20.413315
330000 20.862716 20.414677
331000 20.366379 20.414531
332000 20.048750 20.413429
333000 20.043231 20.412318
334000 20.429354 20.412369
335000 20.449154 20.412478
336000 20.528813 20.412825
337000 20.659297 20.413556
338000 20.717754 20.414456
339000 20.645280 20.415137
340000 20.244703 20.414636
341000 20.597150 20.415171
342000 20.881169 20.416534
343000 20.841200 20.417772
344000 21.101614 20.419760
345000 20.889717 20.421122
346000 21.133839 20.423182
347000 20.944915 20.424685
348000 21.222459 20.426978
349000 21.043282 20.428744
350000 21.088629 20.430629
351000 21.452881 20.433541
352000 20.849137 20.434722
353000 21.014494 20.436364
354000 20.727560 20.437187
355000 20.795684 20.438197
356000 20.539161 20.438480
357000 20.487458 20.438618
358000 20.736889 20.439451
359000 20.741658 20.440293
360000 21.211712 20.442435
361000 21.052341 20.444125
362000 20.853859 20.445257
363000 20.546642 20.445536
364000 20.572218 20.445884
365000 20.776099 20.446789
366000 20.510074 20.446962
367000 20.548113 20.447237
368000 20.590855 20.447628
369000 20.477113 20.447707
370000 20.513112 20.447884
371000 20.347544 20.447614
372000 20.057544 20.446565
373000 20.218304 20.445953
374000 20.068415 20.444944
375000 20.373815 20.444754
376000 20.476983 20.444840
377000 20.668706 20.445434
378000 20.746629 20.446230
379000 20.653127 20.446776
380000 20.763652 20.447610
381000 20.377861 20.447427
382000 20.268607 20.446959
383000 20.400536 20.446838
384000 20.381924 20.446669
385000 20.227101 20.446099
386000 20.775223 20.446951
387000 20.474952 20.447024
388000 20.665046 20.447585
389000 20.888244 20.448718
390000 20.703999 20.449373
391000 20.641594 20.449864
392000 20.273363 20.449414
393000 20.428340 20.449361
394000 20.393165 20.449218
395000 20.382866 20.449050
396000 20.413179 20.448959
397000 20.607413 20.449358
398000 20.692446 20.449969
399000 20.780041 20.450796
400000 20.277830 20.450364
401000 20.311353 20.450017
402000 20.630690 20.450467
403000 20.625993 20.450902
404000 20.776295 20.451708
405000 20.758509 20.452465
406000 20.767009 20.453240
407000 21.014665 20.454620
408000 21.016773 20.455997
409000 21.079965 20.457523
410000 20.843225 20.458464
411000 21.091582 20.460004
412000 21.134050 20.461640
413000 21.249752 20.463548
414000 21.118414 20.465130
415000 20.866030 20.466096
416000 21.264376 20.468015
417000 21.012266 20.469320
418000 21.323627 20.471364
419000 21.122158 20.472917
420000 21.041001 20.474270
421000 21.526079 20.476768
422000 20.748004 20.477411
423000 21.199042 20.479117
424000 20.922332 20.480162
425000 21.214023 20.481889
426000 20.980914 20.483060
427000 20.998865 20.484268
428000 21.267784 20.486099
429000 20.688491 20.486571
430000 20.643278 20.486935
431000 20.669423 20.487359
432000 20.701916 20.487855
433000 20.836493 20.488661
434000 21.115280 20.490104
435000 20.976109 20.491222
436000 20.787846 20.491902
437000 20.823241 20.492660
438000 20.807951 20.493380
439000 21.007311 20.494551
440000 21.134312 20.496005
441000 20.848507 20.496804
442000 20.595446 20.497027
443000 20.720209 20.497531
444000 20.904411 20.498447
445000 20.833755 20.499201
446000 20.646203 20.499530
447000 21.124038 20.500928
448000 20.818529 20.501636
449000 20.987574 20.502719
450000 21.118287 20.504087
451000 21.197215 20.505624
452000 21.233222 20.507233
453000 21.074667 20.508486
454000 21.043794 20.509665
455000 20.931863 20.510593
456000 20.937694 20.511530
457000 20.818013 20.512200
458000 21.011964 20.513291
459000 21.053754 20.514469
460000 21.125623 20.515797
461000 20.766141 20.516340
462000 20.804446 20.516964
463000 21.172104 20.518379
464000 21.245537 20.519946
465000 21.089696 20.521171
466000 20.779277 20.521725
467000 21.108768 20.522982
468000 21.040780 20.524089
469000 20.813480 20.524706
470000 20.635451 20.524941
471000 20.720209 20.525356
472000 20.966692 20.526291
473000 21.133059 20.527574
474000 20.755490 20.528055
475000 21.038600 20.529130
476000 21.003755 20.530127
477000 21.266571 20.531671
478000 20.982960 20.532615
479000 21.085334 20.533769
480000 21.190135 20.535136
481000 21.202143 20.536523
482000 20.870255 20.537215
483000 20.573630 20.537291
484000 20.645981 20.537515
485000 20.919442 20.538303
486000 20.983616 20.539219
487000 20.263780 20.538653
488000 20.579744 20.538737
489000 20.633189 20.538931
490000 20.641558 20.539140
491000 20.572206 20.539207
492000 20.602510 20.539336
493000 20.546425 20.539350
494000 20.643330 20.539561
495000 20.407369 20.539294
496000 20.627166 20.539471
497000 20.885695 20.540168
498000 20.581507 20.540251
499000 20.466801 20.540104
500000 20.653445 20.540330
501000 20.807135 20.540863
502000 20.392243 20.540567
503000 20.136454 20.539763
504000 20.440887 20.539567
505000 20.572000 20.539631
506000 20.718466 20.539985
507000 20.779899 20.540458
508000 20.650785 20.540675
509000 20.804078 20.541193
510000 20.411643 20.540939
511000 20.439920 20.540741
512000 20.361842 20.540391
513000 20.667804 20.540640
514000 21.055143 20.541641
515000 21.012383 20.542555
516000 20.559471 20.542588
517000 20.703299 20.542899
518000 20.884474 20.543558
519000 20.767149 20.543989
520000 20.935131 20.544741
521000 20.965154 20.545548
522000 20.690995 20.545827
523000 20.243276 20.545248
524000 20.490452 20.545143
525000 20.469172 20.544999
526000 20.544403 20.544998
527000 20.550192 20.545007
528000 20.522485 20.544965
529000 20.564254 20.545001
530000 20.521360 20.544957
531000 20.342897 20.544576
532000 20.425926 20.544353
533000 20.433765 20.544146
534000 20.406893 20.543889
535000 20.488894 20.543786
536000 20.742596 20.544157
537000 20.550574 20.544169
538000 20.447457 20.543989
539000 20.379441 20.543684
540000 20.672827 20.543923
541000 20.931420 20.544639
542000 20.891561 20.545279
543000 20.915201 20.545960
544000 20.667388 20.546184
545000 20.811151 20.546670
546000 20.486911 20.546560
547000 20.433144 20.546353
548000 20.530728 20.546324
549000 20.943004 20.547047
550000 20.770475 20.547453
551000 20.835444 20.547976
552000 20.767177 20.548373
553000 20.828403 20.548879
554000 20.516757 20.548821
555000 20.164534 20.548129
556000 20.072988 20.547274
557000 19.759799 20.545861
558000 19.807199 20.544537
559000 19.770711 20.543153
560000 20.039764 20.542254
561000 20.132836 20.541524
562000 20.012688 20.540583
563000 20.488570 20.540491
564000 20.419733 20.540276
565000 20.072683 20.539449
566000 20.471520 20.539329
567000 20.053253 20.538472
568000 20.195325 20.537867
569000 20.187001 20.537251
570000 20.337050 20.536900
571000 20.338892 20.536553
572000 20.317321 20.536169
573000 20.214656 20.535608
574000 20.132061 20.534905
575000 20.203665 20.534329
576000 20.442888 20.534171
577000 20.411473 20.533958
578000 20.561051 20.534005
579000 20.561169 20.534052
580000 20.299400 20.533647
581000 20.622162 20.533799
582000 20.475017 20.533698
583000 20.461718 20.533575
584000 20.540469 20.533587
585000 20.226464 20.533062
586000 20.253118 20.532584
587000 20.223663 20.532058
588000 20.103944 20.531330
589000 20.349986 20.531022
590000 20.255779 20.530555
591000 20.100016 20.529827
592000 20.463400 20.529715
593000 20.140486 20.529058
594000 20.363586 20.528780
595000 20.080365 20.528026
596000 20.324680 20.527685
597000 20.397545 20.527467
598000 20.467227 20.527366
599000 19.958460 20.526416
600000 19.993565 20.525528
601000 20.165300 20.524929
602000 20.537814 20.524950
603000 20.117584 20.524275
604000 20.167016 20.523683
605000 20.126412 20.523027
606000 20.204142 20.522500
607000 20.382562 20.522270
608000 19.833910 20.521138
609000 19.858766 20.520050
610000 20.059456 20.519295
611000 20.231225 20.518823
612000 20.013959 20.517999
613000 19.712858 20.516685
614000 19.481613 20.514999
615000 19.956096 20.514091
616000 20.283746 20.513717
617000 19.574994 20.512195
618000 19.781451 20.511013
619000 19.807348 20.509876
620000 20.001980 20.509057
621000 19.775670 20.507876
622000 19.943131 20.506968
623000 19.888729 20.505975
624000 19.759736 20.504780
625000 19.824256 20.503691
626000 19.947490 20.502802
627000 19.998835 20.501998
628000 19.980850 20.501169
629000 20.074412 20.500490
630000 19.675566 20.499181
631000 19.582770 20.497728
632000 19.850687 20.496705
633000 20.342043 20.496460
634000 19.982542 20.495650
635000 20.400900 20.495500
636000 20.150286 20.494958
637000 19.824272 20.493905
638000 20.348303 20.493677
639000 19.810917 20.492608
640000 19.696167 20.491364
641000 20.022707 20.490633
642000 19.854391 20.489642
643000 19.889387 20.488708
644000 20.025488 20.487989
645000 20.189253 20.487526
646000 20.238806 20.487141
647000 20.059869 20.486480
648000 19.841013 20.485484
649000 19.985654 20.484714
650000 20.443206 20.484650
651000 20.465950 20.484621
652000 20.094269 20.484023
653000 20.160959 20.483528
654000 20.255272 20.483179
655000 19.960149 20.482380
656000 20.190806 20.481936
657000 20.144518 20.481422
658000 20.653957 20.481685
659000 20.445392 20.481629
660000 20.572617 20.481767
661000 20.394781 20.481636
662000 20.166003 20.481159
663000 20.254329 20.480817
664000 20.277625 20.480511
665000 20.486127 20.480519
666000 20.235069 20.480151
667000 20.089703 20.479565
668000 20.023881 20.478883
669000 20.088516 20.478300
670000 19.953595 20.477516
671000 19.967634 20.476757
672000 20.149231 20.476269
673000 19.981641 20.475534
674000 19.858157 20.474618
675000 20.009521 20.473929
676000 20.193410 20.473514
677000 20.471487 20.473511
678000 20.055539 20.472895
679000 20.041732 20.472260
680000 20.688670 20.472578
681000 20.305568 20.472333
682000 20.096527 20.471782
683000 20.307401 20.471541
684000 20.401393 20.471439
685000 20.056852 20.470833
686000 20.208305 20.470451
687000 20.021976 20.469798
688000 20.299231 20.469550
689000 19.853304 20.468655
690000 19.854381 20.467765
691000 19.868663 20.466898
692000 20.028643 20.466265
693000 20.025100 20.465628
694000 20.056472 20.465039
695000 19.944918 20.464290
696000 19.735183 20.463243
697000 19.759809 20.462234
698000 19.688216 20.461125
699000 19.885755 20.460302
700000 19.646991 20.459140
701000 19.750984 20.458129
702000 19.863496 20.457282
703000 19.759944 20.456290
704000 19.666839 20.455169
705000 20.032427 20.454569
706000 19.775462 20.453608
707000 20.128122 20.453147
708000 20.025478 20.452543
709000 20.027959 20.451944
710000 19.832850 20.451072
711000 20.099023 20.450577
712000 20.099112 20.450084
713000 20.064093 20.449542
714000 19.812414 20.448650
715000 20.043438 20.448083
716000 19.926735 20.447355
717000 20.023919 20.446764
718000 20.143428 20.446342
719000 20.366716 20.446231
720000 19.907466 20.445483
721000 19.934331 20.444774
722000 20.114085 20.444316
723000 19.838810 20.443478
724000 20.147713 20.443070
725000 20.098560 20.442595
726000 20.380125 20.442509
727000 20.047231 20.441965
728000 20.031911 20.441402
729000 19.647796 20.440313
730000 19.576913 20.439130
731000 20.009896 20.438543
732000 19.943519 20.437867
733000 19.888034 20.437117
734000 19.696601 20.436108
735000 19.724653 20.435140
736000 19.937879 20.434464
737000 19.901656 20.433741
738000 19.561575 20.432560
739000 19.775464 20.431670
740000 19.723870 20.430714
741000 19.702829 20.429732
742000 19.740281 20.428802
743000 19.879717 20.428063
744000 19.990350 20.427475
745000 19.905779 20.426775
746000 20.269005 20.426563
747000 20.198565 20.426258
748000 19.817772 20.425445
749000 19.618664 20.424367
750000 19.449900 20.423068
751000 19.881278 20.422347
752000 19.642183 20.421309
753000 19.215440 20.419708
754000 19.400061 20.418356
755000 19.480023 20.417113
756000 19.197613 20.415500
757000 19.225817 20.413928
758000 19.651895 20.412923
759000 19.030201 20.411101
760000 19.324643 20.409671
761000 19.662299 20.408689
762000 19.557531 20.407572
763000 19.314970 20.406140
764000 19.112098 20.404447
765000 19.402383 20.403137
766000 19.533811 20.402002
767000 19.760430 20.401165
768000 19.669328 20.400212
769000 19.874176 20.399528
770000 19.573169 20.398455
771000 19.762533 20.397630
772000 19.805134 20.396863
773000 19.758998 20.396038
774000 20.034823 20.395571
775000 19.915868 20.394952
776000 19.875006 20.394282
777000 19.868106 20.393605
778000 19.720463 20.392740
779000 19.635957 20.391768
780000 19.893476 20.391129
781000 19.899300 20.390500
782000 19.970322 20.389962
783000 19.913916 20.389354
784000 20.472377 20.389460
785000 20.457337 20.389547
786000 20.469898 20.389649
787000 20.246430 20.389467
788000 20.106074 20.389107
789000 20.309200 20.389006
790000 19.819519 20.388285
791000 19.864731 20.387623
792000 19.978958 20.387107
793000 19.725967 20.386274
794000 19.627290 20.385318
795000 19.655467 20.384400
796000 19.843798 20.383720
797000 19.834576 20.383031
798000 19.541274 20.381977
799000 19.692627 20.381114
800000 19.558625 20.380086
801000 19.634860 20.379155
802000 19.641375 20.378235
803000 19.368615 20.376978
804000 19.745617 20.376193
805000 19.698327 20.375351
806000 19.693779 20.374505
807000 19.787809 20.373778
808000 19.562174 20.372774
809000 19.572682 20.371785
810000 19.347569 20.370520
811000 20.114679 20.370205
812000 20.032393 20.369789
813000 19.882071 20.369189
814000 20.077174 20.368830
815000 19.835691 20.368176
816000 19.802353 20.367482
817000 19.859540 20.366861
818000 19.666009 20.366004
819000 20.098893 20.365678
820000 19.999085 20.365231
821000 19.607793 20.364308
822000 19.914714 20.363761
823000 19.507959 20.362721
824000 19.716164 20.361937
825000 19.810600 20.361268
826000 19.715905 20.360487
827000 19.715006 20.359707
828000 19.890233 20.359140
829000 19.679064 20.358319
830000 19.939408 20.357815
831000 19.944578 20.357317
832000 19.929847 20.356803
833000 20.051531 20.356437
834000 19.868384 20.355852
835000 19.962837 20.355381
836000 20.127949 20.355109
837000 19.818814 20.354468
838000 19.988992 20.354032
839000 19.973800 20.353579
840000 19.899283 20.353038
841000 19.768259 20.352343
842000 19.508872 20.351341
843000 19.842885 20.350738
844000 19.786787 20.350070
845000 20.027333 20.349688
846000 19.750051 20.348979
847000 19.482120 20.347956
848000 19.292768 20.346711
849000 19.753942 20.346013
850000 19.764763 20.345329
851000 19.612475 20.344468
852000 19.832013 20.343867
853000 19.690162 20.343100
854000 19.602543 20.342233
855000 19.954130 20.341779
856000 20.055195 20.341444
857000 19.867167 20.340891
858000 19.603048 20.340031
859000 19.790036 20.339391
860000 19.694049 20.338640
861000 19.866515 20.338092
862000 19.849187 20.337525
863000 19.715423 20.336804
864000 19.840602 20.336230
865000 19.524218 20.335291
866000 19.900496 20.334789
867000 19.686352 20.334041
868000 19.959180 20.333609
869000 20.031295 20.333261
870000 19.833987 20.332687
871000 19.968809 20.332270
872000 19.887492 20.331759
873000 19.839894 20.331196
874000 19.755716 20.330538
875000 19.950268 20.330103
876000 20.008766 20.329736
877000 20.002571 20.329363
878000 20.118696 20.329123
879000 19.959041 20.328702
880000 20.149012 20.328498
881000 20.059689 20.328193
882000 19.970014 20.327787
883000 20.034735 20.327455
884000 20.591453 20.327754
885000 20.125847 20.327525
886000 20.200890 20.327382
887000 20.174360 20.327210
888000 19.985908 20.326826
889000 20.042362 20.326506
890000 20.301044 20.326477
891000 20.134579 20.326262
892000 20.035853 20.325936
893000 19.925072 20.325487
894000 19.842962 20.324947
895000 19.843221 20.324409
896000 20.111031 20.324171
897000 20.178433 20.324009
898000 20.343153 20.324030
899000 20.207775 20.323901
900000 20.230694 20.323797
901000 20.254492 20.323720
902000 20.064703 20.323433
903000 20.227104 20.323326
904000 20.281566 20.323280
905000 20.303949 20.323259
906000 20.259791 20.323189
907000 20.236489 20.323093
908000 20.129784 20.322880
909000 20.253432 20.322804
910000 20.608143 20.323117
911000 20.392930 20.323194
912000 19.917799 20.322749
913000 20.336573 20.322765
914000 20.376660 20.322824
915000 20.378165 20.322884
916000 20.281672 20.322839
917000 20.335416 20.322853
918000 20.404849 20.322942
919000 20.306016 20.322924
920000 20.272984 20.322869
921000 20.156320 20.322689
922000 20.170400 20.322523
923000 20.145225 20.322331
924000 19.893001 20.321867
925000 20.029509 20.321551
926000 20.343154 20.321574
927000 20.139220 20.321377
928000 20.126884 20.321168
929000 20.223385 20.321062
930000 20.160451 20.320890
931000 20.099862 20.320652
932000 19.910893 20.320213
933000 19.835937 20.319694
934000 19.714118 20.319045
935000 19.715910 20.318400
936000 19.983419 20.318042
937000 19.484225 20.317152
938000 19.940698 20.316751
939000 20.446116 20.316889
940000 20.317919 20.316890
941000 20.606378 20.317197
942000 20.030972 20.316894
943000 20.315266 20.316892
944000 20.528022 20.317116
945000 20.291448 20.317088
946000 20.474774 20.317255
947000 20.568383 20.317520
948000 20.376300 20.317582
949000 20.282731 20.317546
950000 20.219026 20.317442
951000 20.458139 20.317590
952000 20.501102 20.317783
953000 20.405275 20.317874
954000 20.434391 20.317997
955000 19.928800 20.317589
956000 20.463984 20.317742
957000 20.545709 20.317980
958000 20.432309 20.318100
959000 20.385646 20.318170
960000 20.245735 20.318095
961000 20.250237 20.318024
962000 20.708977 20.318430
963000 20.545032 20.318666
964000 20.627409 20.318986
965000 20.486261 20.319159
966000 20.233685 20.319071
967000 20.525541 20.319284
968000 20.392482 20.319360
969000 20.426268 20.319470
970000 20.402897 20.319556
971000 20.175590 20.319408
972000 20.196909 20.319282
973000 20.418299 20.319384
974000 20.687837 20.319762
975000 20.740516 20.320194
976000 20.608002 20.320489
977000 20.472376 20.320644
978000 20.644203 20.320975
979000 20.625639 20.321286
980000 20.600348 20.321571
981000 20.665279 20.321921
982000 20.830950 20.322439
983000 20.652110 20.322775
984000 20.827965 20.323288
985000 20.597173 20.323566
986000 20.345791 20.323589
987000 20.346876 20.323612
988000 20.757920 20.324052
989000 20.544804 20.324275
990000 20.280109 20.324231
991000 20.386036 20.324293
992000 20.343930 20.324313
993000 20.629644 20.324620
994000 20.191117 20.324486
995000 20.561662 20.324724
996000 20.472627 20.324873
997000 20.371704 20.324920
998000 20.373056 20.324968
999000 20.418717 20.325062
1000000 20.425121 20.325162
1001000 20.054363 20.324891
1002000 20.596895 20.325163
1003000 20.245063 20.325083
1004000 20.472063 20.325229
1005000 20.550165 20.325453
1006000 20.117707 20.325247
1007000 20.568790 20.325489
1008000 20.758700 20.325918
1009000 20.189748 20.325783
1010000 20.056363 20.325517
1011000 20.443508 20.325633
1012000 20.508994 20.325815
1013000 20.667158 20.326151
1014000 20.368820 20.326194
1015000 19.923335 20.325797
1016000 20.223863 20.325696
1017000 19.948900 20.325326
1018000 20.023604 20.325029
1019000 20.207961 20.324915
1020000 20.168999 20.324762
1021000 19.864219 20.324311
1022000 19.995508 20.323989
1023000 20.050024 20.323721
1024000 20.506223 20.323899
1025000 20.357400 20.323932
1026000 20.585732 20.324187
1027000 20.326830 20.324190
1028000 20.535859 20.324396
1029000 20.496396 20.324563
1030000 20.713478 20.324940
1031000 20.964746 20.325561
1032000 20.890814 20.326109
1033000 20.776121 20.326544
1034000 20.875497 20.327075
1035000 20.763012 20.327496
1036000 20.883930 20.328034
1037000 21.194045 20.328869
1038000 20.705373 20.329231
1039000 20.733522 20.329620
1040000 20.697458 20.329974
1041000 21.177464 20.330788
1042000 20.989336 20.331420
1043000 20.970268 20.332033
1044000 20.951118 20.332626
1045000 21.230978 20.333485
1046000 20.732021 20.333866
1047000 20.972180 20.334476
1048000 21.097642 20.335204
1049000 20.947843 20.335788
1050000 20.706684 20.336142
1051000 20.912233 20.336690
1052000 21.187449 20.337498
1053000 21.384241 20.338492
1054000 20.607187 20.338747
1055000 20.705774 20.339095
1056000 20.244980 20.339006
1057000 20.784078 20.339427
1058000 20.554705 20.339631
1059000 20.697938 20.339969
1060000 20.659279 20.340270
1061000 20.573001 20.340490
1062000 20.915079 20.341031
1063000 20.542456 20.341220
1064000 20.450584 20.341323
1065000 20.866861 20.341816
1066000 20.945321 20.342383
1067000 20.631843 20.342654
1068000 20.610842 20.342905
1069000 20.541341 20.343091
1070000 20.581868 20.343314
1071000 20.377766 20.343346
1072000 20.520885 20.343512
1073000 20.595612 20.343746
1074000 20.781542 20.344154
1075000 20.929461 20.344699
1076000 20.903581 20.345218
1077000 21.196094 20.346008
1078000 21.178054 20.346780
1079000 21.081383 20.347461
1080000 20.912454 20.347984
1081000 20.910060 20.348504
1082000 21.021132 20.349125
1083000 21.212608 20.349923
1084000 21.136523 20.350648
1085000 20.894127 20.351149
1086000 21.045578 20.351789
1087000 20.987576 20.352374
1088000 21.570627 20.353493
1089000 21.317968 20.354379
1090000 21.201097 20.355156
1091000 21.022476 20.355767
1092000 20.862554 20.356232
1093000 21.054466 20.356870
1094000 21.318599 20.357749
1095000 21.054316 20.358386
1096000 21.015401 20.358985
1097000 21.145916 20.359702
1098000 21.001201 20.360287
1099000 20.842451 20.360725
1100000 21.048473 20.361351
1101000 20.821622 20.361769
1102000 20.934652 20.362289
1103000 21.324506 20.363161
1104000 20.930593 20.363675
1105000 20.531392 20.363827
1106000 20.902940 20.364314
1107000 20.890461 20.364789
1108000 20.671636 20.365066
1109000 20.727190 20.365393
1110000 21.005855 20.365970
1111000 20.635407 20.366212
1112000 20.451616 20.366289
1113000 20.555033 20.366459
1114000 20.402473 20.366491
1115000 20.736866 20.366823
1116000 20.509424 20.366951
1117000 20.729788 20.367276
1118000 20.693852 20.367568
1119000 20.587281 20.367764
1120000 20.949443 20.368284
1121000 20.933935 20.368788
1122000 20.857464 20.369224
1123000 21.070767 20.369849
1124000 20.448074 20.369918
1125000 21.038992 20.370513
1126000 21.080031 20.371143
1127000 21.230734 20.371906
1128000 20.781482 20.372269
1129000 20.662844 20.372526
1130000 20.441632 20.372587
1131000 20.833576 20.372995
1132000 20.841496 20.373409
1133000 20.766725 20.373756
1134000 20.603311 20.373958
1135000 20.732246 20.374274
1136000 20.761688 20.374615
1137000 20.815471 20.375003
1138000 20.720102 20.375306
1139000 20.874859 20.375745
1140000 20.573012 20.375918
1141000 20.390314 20.375930
1142000 20.392209 20.375945
1143000 20.512376 20.376064
1144000 20.479313 20.376154
1145000 20.636424 20.376382
1146000 20.967987 20.376898
1147000 20.840978 20.377302
1148000 20.666043 20.377554
1149000 20.936713 20.378041
1150000 20.607374 20.378240
1151000 21.044137 20.378818
1152000 20.609436 20.379019
1153000 20.693541 20.379291
1154000 20.940964 20.379778
1155000 20.527042 20.379906
1156000 20.352597 20.379882
1157000 20.898462 20.380330
1158000 20.688229 20.380596
1159000 20.194134 20.380435
1160000 20.540372 20.380573
1161000 20.524980 20.380698
1162000 20.151670 20.380500
1163000 20.025846 20.380195
1164000 20.495836 20.380295
1165000 20.310422 20.380235
1166000 20.545104 20.380376
1167000 20.013934 20.380062
1168000 20.174287 20.379886
1169000 20.072328 20.379623
1170000 20.196143 20.379466
1171000 19.961586 20.379109
1172000 20.085304 20.378859
1173000 20.099655 20.378621
1174000 20.283540 20.378540
1175000 20.496395 20.378640
1176000 20.416944 20.378672
1177000 20.174398 20.378499
1178000 19.998711 20.378176
1179000 19.581710 20.377501
1180000 19.707125 20.376933
1181000 20.141140 20.376733
1182000 19.995379 20.376411
1183000 20.168955 20.376235
1184000 20.308710 20.376178
1185000 20.518784 20.376298
1186000 20.328812 20.376258
1187000 19.443019 20.375472
1188000 20.124141 20.375261
1189000 20.362360 20.375250
1190000 20.769581 20.375581
1191000 20.366916 20.375574
1192000 20.643967 20.375799
1193000 20.340437 20.375769
1194000 20.326329 20.375728
1195000 20.578843 20.375898
1196000 20.228537 20.375775
1197000 20.522132 20.375897
1198000 20.690351 20.376160
1199000 20.589516 20.376337
1200000 20.294959 20.376270
1201000 20.254138 20.376168
1202000 20.774219 20.376499
1203000 20.444634 20.376556
1204000 20.895005 20.376986
1205000 20.731524 20.377281
1206000 20.678763 20.377531
1207000 20.452505 20.377593
1208000 20.824807 20.377963
1209000 20.734300 20.378258
1210000 20.447623 20.378315
1211000 20.607157 20.378504
1212000 20.423820 20.378541
1213000 20.383266 20.378545
1214000 20.213858 20.378410
1215000 20.624498 20.378612
1216000 20.327052 20.378570
1217000 20.293141 20.378500
1218000 20.559718 20.378648
1219000 20.747024 20.378951
1220000 20.506688 20.379055
1221000 20.492789 20.379148
1222000 20.384820 20.379153
1223000 20.415563 20.379183
1224000 19.762196 20.378679
1225000 19.909390 20.378296
1226000 19.825741 20.377845
1227000 19.868693 20.377430
1228000 19.950506 20.377082
1229000 19.982195 20.376761
1230000 19.892172 20.376367
1231000 19.831881 20.375925
1232000 19.694914 20.375372
1233000 19.553081 20.374705
1234000 19.616184 20.374090
1235000 19.975362 20.373767
1236000 19.891188 20.373377
1237000 20.111036 20.373165
1238000 20.008430 20.372870
1239000 20.090627 20.372643
1240000 19.979726 20.372326
1241000 20.078343 20.372089
1242000 19.951168 20.371750
1243000 19.998194 20.371449
1244000 19.803676 20.370993
1245000 19.865074 20.370587
1246000 20.193625 20.370445
1247000 20.197541 20.370306
1248000 20.410931 20.370338
1249000 20.394867 20.370358
1250000 20.176061 20.370203
1251000 20.112269 20.369996
1252000 19.981135 20.369686
1253000 20.120678 20.369487
1254000 20.115843 20.369285
1255000 20.305971 20.369234
1256000 20.499666 20.369338
1257000 20.243325 20.369238
1258000 20.016175 20.368957
1259000 20.331497 20.368928
1260000 20.627859 20.369133
1261000 20.631011 20.369341
1262000 20.385737 20.369354
1263000 20.449730 20.369417
1264000 20.367130 20.369416
1265000 19.997396 20.369122
1266000 20.218126 20.369002
1267000 20.563355 20.369156
1268000 20.525690 20.369279
1269000 20.410997 20.369312
1270000 20.209895 20.369186
1271000 20.483357 20.369276
1272000 20.373719 20.369280
1273000 20.314798 20.369237
1274000 20.295471 20.369179
1275000 20.803037 20.369519
1276000 20.474704 20.369602
1277000 20.380006 20.369610
1278000 20.720874 20.369885
1279000 20.463232 20.369958
1280000 20.498074 20.370058
1281000 20.450362 20.370121
1282000 20.349322 20.370104
1283000 20.733412 20.370388
1284000 20.760553 20.370691
1285000 20.940902 20.371135
1286000 20.840575 20.371500
1287000 21.008248 20.371995
1288000 20.840386 20.372359
1289000 20.725435 20.372632
1290000 20.347993 20.372613
1291000 20.725022 20.372886
1292000 20.638480 20.373092
1293000 20.800710 20.373423
1294000 20.623126 20.373616
1295000 20.400885 20.373637
1296000 20.252803 20.373543
1297000 20.290564 20.373479
1298000 20.528203 20.373599
1299000 20.368144 20.373594
1300000 20.301544 20.373539
1301000 20.859760 20.373913
1302000 20.503052 20.374012
1303000 20.140729 20.373833
1304000 20.288503 20.373767
1305000 20.353879 20.373752
1306000 20.562606 20.373897
1307000 20.096716 20.373685
1308000 20.368899 20.373681
1309000 20.277453 20.373608
1310000 20.066215 20.373373
1311000 20.280468 20.373302
1312000 20.144157 20.373127
1313000 20.081235 20.372905
1314000 20.255913 20.372816
1315000 20.202498 20.372687
1316000 19.912273 20.372337
1317000 20.064793 20.372103
1318000 20.318137 20.372062
1319000 20.040399 20.371811
1320000 20.719748 20.372074
1321000 20.209926 20.371952
1322000 20.419374 20.371988
1323000 20.371813 20.371987
1324000 20.885045 20.372375
1325000 20.658848 20.372591
1326000 20.351417 20.372575
1327000 20.634921 20.372773
1328000 20.513260 20.372879
1329000 20.560989 20.373020
1330000 20.589368 20.373183
1331000 20.701532 20.373430
1332000 20.745269 20.373709
1333000 20.928414 20.374125
1334000 20.821515 20.374460
1335000 21.007729 20.374935
1336000 20.738509 20.375207
1337000 20.619485 20.375389
1338000 20.695349 20.375629
1339000 20.496397 20.375719
1340000 20.527110 20.375832
1341000 20.245493 20.375734
1342000 20.607454 20.375907
1343000 20.419959 20.375940
1344000 20.515892 20.376044
1345000 20.674946 20.376266
1346000 20.434389 20.376310
1347000 20.329301 20.376275
1348000 20.426021 20.376312
1349000 20.331610 20.376278
1350000 20.465519 20.376344
1351000 20.861331 20.376703
1352000 20.839629 20.377046
1353000 20.547568 20.377172
1354000 20.622922 20.377353
1355000 20.607106 20.377523
1356000 20.626536 20.377707
1357000 20.607102 20.377876
1358000 20.664164 20.378086
1359000 21.005199 20.378548
1360000 20.831619 20.378881
1361000 21.040503 20.379367
1362000 20.845986 20.379710
1363000 20.811252 20.380026
1364000 21.060790 20.380525
1365000 20.756652 20.380801
1366000 20.597277 20.380960
1367000 20.652596 20.381158
1368000 20.503409 20.381248
1369000 20.498963 20.381334
1370000 20.473716 20.381401
1371000 20.314606 20.381352
1372000 20.731877 20.381608
1373000 20.832107 20.381936
1374000 20.703718 20.382170
1375000 20.706548 20.382406
1376000 20.975680 20.382837
1377000 21.054634 20.383325
1378000 21.134583 20.383870
1379000 21.465681 20.384655
1380000 21.656724 20.385576
1381000 21.308629 20.386245
1382000 21.104678 20.386765
1383000 21.246337 20.387386
1384000 21.092184 20.387895
1385000 21.264402 20.388528
1386000 21.018043 20.388983
1387000 21.014974 20.389434
1388000 21.048837 20.389909
1389000 20.750479 20.390169
1390000 20.972627 20.390588
1391000 20.741319 20.390840
1392000 21.073830 20.391330
1393000 20.885346 20.391685
1394000 20.645304 20.391867
1395000 20.885877 20.392221
1396000 21.147305 20.392762
1397000 21.206862 20.393345
1398000 21.097424 20.393848
1399000 20.876398 20.394193
1400000 21.116600 20.394709
1401000 21.072662 20.395193
1402000 20.879420 20.395539
1403000 20.719458 20.395769
1404000 20.884976 20.396118
1405000 20.689333 20.396327
1406000 20.881364 20.396672
1407000 20.931677 20.397052
1408000 20.973589 20.397461
1409000 21.181282 20.398018
1410000 21.104190 20.398518
1411000 21.030416 20.398966
1412000 21.094374 20.399459
1413000 20.855174 20.399781
1414000 20.760668 20.400036
1415000 20.941190 20.400419
1416000 21.134106 20.400937
1417000 20.902771 20.401291
1418000 20.819299 20.401586
1419000 20.711030 20.401804
1420000 20.745846 20.402046
1421000 20.781542 20.402313
1422000 20.971455 20.402714
1423000 20.825829 20.403011
1424000 20.991461 20.403424
1425000 21.113038 20.403922
1426000 21.216116 20.404492
1427000 21.266936 20.405096
1428000 20.944758 20.405474
1429000 20.704815 20.405684
1430000 21.018306 20.406112
1431000 20.707921 20.406323
1432000 20.691424 20.406522
1433000 20.876840 20.406850
1434000 21.128212 20.407353
1435000 21.305247 20.407979
1436000 21.271459 20.408580
1437000 21.274585 20.409183
1438000 20.871309 20.409504
1439000 21.144363 20.410015
1440000 20.985357 20.410414
1441000 20.761103 20.410658
1442000 20.561707 20.410763
1443000 20.573994 20.410876
1444000 20.846242 20.411177
1445000 20.565502 20.411284
1446000 20.547468 20.411378
1447000 20.610072 20.411515
1448000 20.601083 20.411646
1449000 20.859771 20.411956
1450000 20.594116 20.412081
1451000 20.400511 20.412073
1452000 20.669042 20.412250
1453000 20.535699 20.412335
1454000 20.196436 20.412187
1455000 20.055526 20.411942
1456000 20.320071 20.411879
1457000 20.692002 20.412071
1458000 20.366979 20.412040
1459000 20.796447 20.412303
1460000 20.738393 20.412527
1461000 20.797760 20.412790
1462000 20.587642 20.412910
1463000 20.913002 20.413252
1464000 20.798300 20.413515
1465000 20.651358 20.413677
1466000 20.712916 20.413881
1467000 20.582176 20.413996
1468000 20.410442 20.413994
1469000 20.596398 20.414118
1470000 20.437176 20.414133
1471000 20.371108 20.414104
1472000 20.484026 20.414152
1473000 20.578511 20.414263
1474000 20.462190 20.414296
1475000 20.826327 20.414575
1476000 20.689120 20.414761
1477000 20.464202 20.414795
1478000 20.433005 20.414807
1479000 21.066022 20.415247
1480000 20.864296 20.415551
1481000 20.619235 20.415688
1482000 20.989971 20.416076
1483000 21.302961 20.416674
1484000 21.180031 20.417188
1485000 20.818760 20.417459
1486000 20.694189 20.417645
1487000 20.638994 20.417794
1488000 20.843823 20.418080
1489000 20.535182 20.418159
1490000 20.545179 20.418244
1491000 20.619413 20.418379
1492000 20.652237 20.418535
1493000 20.574698 20.418640
1494000 20.778780 20.418881
1495000 20.590675 20.418996
1496000 20.429762 20.419003
1497000 20.627135 20.419142
1498000 20.422306 20.419144
1499000 20.429270 20.419151
1500000 20.567154 20.419250
1501000 20.341468 20.419198
1502000 20.045300 20.418949
1503000 19.923826 20.418620
1504000 20.333620 20.418563
1505000 20.231128 20.418439
1506000 20.458383 20.418465
1507000 20.546791 20.418550
1508000 20.810035 20.418810
1509000 20.679520 20.418983
1510000 20.363612 20.418946
1511000 20.566270 20.419043
1512000 20.277506 20.418950
1513000 20.397501 20.418936
1514000 20.736496 20.419145
1515000 20.340666 20.419094
1516000 19.777800 20.418671
1517000 19.871277 20.418310
1518000 20.376095 20.418282
1519000 20.282494 20.418193
1520000 20.190649 20.418043
1521000 20.414416 20.418040
1522000 20.310530 20.417970
1523000 20.437251 20.417982
1524000 20.376106 20.417955
1525000 20.500226 20.418009
1526000 20.363605 20.417973
1527000 20.455025 20.417998
1528000 20.333933 20.417943
1529000 20.414083 20.417940
1530000 20.598841 20.418058
1531000 20.743271 20.418271
1532000 20.442688 20.418287
1533000 20.350358 20.418242
1534000 20.543279 20.418324
1535000 20.557849 20.418415
1536000 20.663269 20.418574
1537000 20.659522 20.418731
1538000 20.929878 20.419063
1539000 20.552284 20.419150
1540000 20.653253 20.419302
1541000 20.822185 20.419563
1542000 20.795417 20.419807
1543000 20.633330 20.419945
1544000 20.657321 20.420099
1545000 20.237218 20.419981
1546000 20.506594 20.420037
1547000 20.504797 20.420092
1548000 20.690428 20.420266
1549000 20.331341 20.420209
1550000 20.618520 20.420337
1551000 20.483770 20.420378
1552000 20.632809 20.420515
1553000 20.529461 20.420585
1554000 20.212879 20.420451
1555000 20.095167 20.420242
1556000 20.572504 20.420340
1557000 20.396820 20.420325
1558000 19.886790 20.419982
1559000 20.322801 20.419920
1560000 20.466941 20.419950
1561000 20.195545 20.419806
1562000 20.158189 20.419639
1563000 20.292064 20.419557
1564000 20.098506 20.419352
1565000 20.303096 20.419277
1566000 19.871788 20.418928
1567000 20.365255 20.418894
1568000 20.356298 20.418854
1569000 20.183819 20.418704
1570000 20.279645 20.418615
1571000 20.047427 20.418379
1572000 20.023698 20.418128
1573000 19.906302 20.417803
1574000 19.714624 20.417356
1575000 19.954768 20.417062
1576000 20.037947 20.416822
1577000 19.963718 20.416534
1578000 19.921420 20.416221
1579000 19.825610 20.415846
1580000 20.103082 20.415649
1581000 19.935813 20.415345
1582000 19.813640 20.414965
1583000 19.589725 20.414443
1584000 19.834293 20.414077
1585000 19.400830 20.413438
1586000 19.269920 20.412717
1587000 19.369832 20.412060
1588000 19.350284 20.411391
1589000 19.280893 20.410680
1590000 19.381580 20.410032
1591000 19.518044 20.409472
1592000 19.577654 20.408949
1593000 19.447369 20.408346
1594000 19.797035 20.407962
1595000 19.540030 20.407418
1596000 19.491114 20.406844
1597000 19.548100 20.406306
1598000 19.419808 20.405689
1599000 19.505826 20.405126
1600000 19.769650 20.404729
1601000 19.533875 20.404185
1602000 19.754536 20.403779
1603000 19.680916 20.403328
1604000 20.065339 20.403118
1605000 19.923858 20.402819
1606000 19.762289 20.402420
1607000 19.477896 20.401845
1608000 19.836512 20.401493
1609000 19.430597 20.400890
1610000 19.756474 20.400490
1611000 19.879218 20.400166
1612000 19.464784 20.399586
1613000 19.574577 20.399074
1614000 19.639295 20.398604
1615000 19.486547 20.398039
1616000 19.512151 20.397491
1617000 19.743054 20.397086
1618000 19.713598 20.396664
1619000 19.712924 20.396241
1620000 19.375307 20.395611
1621000 19.454555 20.395030
1622000 19.778961 20.394651
1623000 19.670552 20.394205
1624000 19.471111 20.393636
1625000 19.767796 20.393251
1626000 19.533905 20.392722
1627000 19.595347 20.392232
1628000 19.647799 20.391775
1629000 19.810959 20.391419
1630000 20.283533 20.391352
1631000 19.676643 20.390914
1632000 19.711916 20.390498
1633000 19.811993 20.390144
1634000 19.851355 20.389814
1635000 19.388200 20.389202
1636000 19.364174 20.388575
1637000 19.471415 20.388015
1638000 19.331457 20.387370
1639000 19.797160 20.387010
1640000 19.580517 20.386518
1641000 19.310665 20.385862
1642000 19.695546 20.385442
1643000 19.773249 20.385069
1644000 19.813431 20.384721
1645000 19.794194 20.384362
1646000 20.146657 20.384218
1647000 19.720445 20.383815
1648000 20.420504 20.383837
1649000 19.950818 20.383575
1650000 19.879034 20.383269
1651000 19.762201 20.382893
1652000 19.864566 20.382579
1653000 20.041246 20.382373
1654000 20.277355 20.382309
1655000 20.365393 20.382299
1656000 20.364294 20.382288
1657000 20.357034 20.382273
1658000 20.259583 20.382199
1659000 20.324620 20.382164
1660000 20.208722 20.382059
1661000 20.154002 20.381922
1662000 20.464773 20.381972
1663000 20.100796 20.381803
1664000 19.768684 20.381435
1665000 20.219758 20.381337
1666000 19.872483 20.381032
1667000 19.935000 20.380764
1668000 20.315671 20.380725
1669000 20.633559 20.380877
1670000 19.996864 20.380647
1671000 20.109537 20.380485
1672000 20.532154 20.380575
1673000 20.579251 20.380694
1674000 20.190389 20.380580
1675000 20.426234 20.380608
1676000 20.519269 20.380690
1677000 20.084151 20.380514
1678000 20.707281 20.380708
1679000 20.408544 20.380725
1680000 20.348323 20.380706
1681000 20.525516 20.380792
1682000 20.302642 20.380745
1683000 20.294494 20.380694
1684000 20.350730 20.380676
1685000 19.902661 20.380393
1686000 20.127910 20.380243
1687000 19.493736 20.379717
1688000 19.667154 20.379295
1689000 19.808027 20.378957
1690000 19.688245 20.378548
1691000 19.637692 20.378110
1692000 19.690934 20.377704
1693000 19.826914 20.377379
1694000 19.800783 20.377038
1695000 19.950748 20.376787
1696000 19.754955 20.376420
1697000 19.857098 20.376114
1698000 19.801489 20.375776
1699000 19.611173 20.375326
1700000 19.984763 20.375096
1701000 19.469741 20.374564
1702000 19.572095 20.374092
1703000 19.335239 20.373482
1704000 19.706156 20.373091
1705000 19.633976 20.372657
1706000 19.627727 20.372220
1707000 19.919058 20.371955
1708000 19.908409 20.371684
1709000 20.319607 20.371653
1710000 20.040249 20.371459
1711000 20.081185 20.371290
1712000 20.076440 20.371117
1713000 19.995896 20.370898
1714000 19.819005 20.370576
1715000 19.914392 20.370310
1716000 20.210307 20.370217
1717000 20.029501 20.370019
1718000 20.332219 20.369997
1719000 20.283750 20.369947
1720000 20.245382 20.369874
1721000 20.302193 20.369835
1722000 20.297814 20.369793
1723000 20.624592 20.369941
1724000 20.362139 20.369936
1725000 19.973299 20.369706
1726000 20.066154 20.369531
1727000 20.364553 20.369528
1728000 20.394143 20.369542
1729000 20.413973 20.369568
1730000 20.498893 20.369642
1731000 20.565089 20.369755
1732000 20.629586 20.369905
1733000 20.479826 20.369969
1734000 20.725229 20.370174
1735000 20.427045 20.370206
1736000 20.567258 20.370320
1737000 20.410785 20.370343
1738000 20.842063 20.370615
1739000 20.566504 20.370727
1740000 20.680250 20.370905
1741000 20.419701 20.370933
1742000 20.462969 20.370986
1743000 20.447036 20.371030
1744000 20.357419 20.371022
1745000 20.278219 20.370969
1746000 20.176568 20.370857
1747000 20.363046 20.370853
1748000 20.072894 20.370682
1749000 20.451915 20.370729
1750000 20.618783 20.370871
1751000 20.442145 20.370911
1752000 20.707230 20.371103
1753000 20.670076 20.371274
1754000 20.744602 20.371487
1755000 20.398676 20.371502
1756000 20.211025 20.371411
1757000 20.459023 20.371461
1758000 19.943729 20.371217
1759000 20.319878 20.371188
1760000 20.248837 20.371119
1761000 20.374014 20.371120
1762000 20.569299 20.371233
1763000 20.196553 20.371134
1764000 20.492917 20.371203
1765000 20.957352 20.371535
1766000 20.676859 20.371708
1767000 20.792861 20.371946
1768000 20.987518 20.372294
1769000 20.673622 20.372464
1770000 20.494179 20.372533
1771000 21.061424 20.372922
1772000 21.086773 20.373325
1773000 20.795059 20.373563
1774000 20.998933 20.373915
1775000 20.919201 20.374223
1776000 20.957897 20.374551
1777000 20.965593 20.374884
1778000 20.969511 20.375218
1779000 21.047356 20.375596
1780000 21.169702 20.376042
1781000 20.839846 20.376303
1782000 20.737838 20.376506
1783000 21.306883 20.377027
1784000 21.004369 20.377379
1785000 21.023963 20.377741
1786000 21.077721 20.378133
1787000 20.887426 20.378418
1788000 21.002289 20.378767
1789000 21.008470 20.379119
1790000 21.175974 20.379564
1791000 20.882043 20.379845
1792000 20.740294 20.380046
1793000 20.431521 20.380075
1794000 20.593815 20.380194
1795000 20.760315 20.380406
1796000 20.934198 20.380714
1797000 21.051521 20.381087
1798000 20.488851 20.381147
1799000 20.585642 20.381261
1800000 20.714759 20.381446
1801000 20.584106 20.381559
1802000 20.806007 20.381794
1803000 20.665486 20.381952
1804000 20.855332 20.382214
1805000 21.255022 20.382697
1806000 20.914377 20.382992
1807000 20.889229 20.383272
1808000 21.005158 20.383616
1809000 21.645081 20.384313
1810000 21.205173 20.384767
1811000 20.992119 20.385102
1812000 20.619735 20.385232
1813000 20.839091 20.385482
1814000 21.207017 20.385935
1815000 20.729518 20.386124
1816000 20.931288 20.386424
1817000 21.245241 20.386897
1818000 21.285872 20.387392
1819000 21.136764 20.387804
1820000 21.060597 20.388173
1821000 21.659795 20.388872
1822000 21.431017 20.389443
1823000 21.419089 20.390008
1824000 21.699170 20.390726
1825000 21.428962 20.391295
1826000 21.336969 20.391813
1827000 21.490829 20.392414
1828000 21.403022 20.392967
1829000 21.058354 20.393331
1830000 20.983843 20.393654
1831000 21.161460 20.394073
1832000 20.887346 20.394342
1833000 20.577118 20.394442
1834000 20.904428 20.394720
1835000 20.997772 20.395049
1836000 20.838426 20.395290
1837000 21.168102 20.395711
1838000 20.815048 20.395939
1839000 20.569266 20.396033
1840000 21.087644 20.396409
1841000 20.896584 20.396681
1842000 20.877155 20.396942
1843000 20.896242 20.397213
1844000 20.688684 20.397371
1845000 20.542254 20.397449
1846000 20.763205 20.397647
1847000 20.643679 20.397781
1848000 20.673856 20.397930
1849000 20.590513 20.398034
1850000 20.644703 20.398167
1851000 20.362188 20.398148
1852000 20.447778 20.398175
1853000 20.221954 20.398080
1854000 20.717420 20.398252
1855000 20.557458 20.398338
1856000 20.399865 20.398339
1857000 20.416368 20.398348
1858000 20.380493 20.398339
1859000 20.571165 20.398432
1860000 20.831063 20.398664
1861000 20.460987 20.398698
1862000 20.387460 20.398692
1863000 20.910767 20.398967
1864000 20.829576 20.399198
1865000 20.521818 20.399263
1866000 20.637389 20.399391
1867000 20.868408 20.399642
1868000 20.689401 20.399797
1869000 21.192392 20.400221
1870000 20.939536 20.400510
1871000 21.067799 20.400866
1872000 20.653386 20.401001
1873000 21.044323 20.401345
1874000 20.652838 20.401479
1875000 20.972830 20.401784
1876000 20.714308 20.401950
1877000 20.950143 20.402242
1878000 20.977568 20.402549
1879000 21.133232 20.402938
1880000 20.894220 20.403199
1881000 20.642070 20.403326
1882000 20.487003 20.403370
1883000 20.299385 20.403315
1884000 20.960603 20.403611
1885000 20.846348 20.403846
1886000 20.973894 20.404148
1887000 20.776269 20.404345
1888000 20.190031 20.404232
1889000 20.603215 20.404337
1890000 20.662823 20.404474
1891000 20.610993 20.404583
1892000 20.508998 20.404638
1893000 20.469452 20.404672
1894000 20.135725 20.404530
1895000 20.785571 20.404732
1896000 20.700909 20.404888
1897000 20.249229 20.404806
1898000 19.958527 20.404571
1899000 20.177094 20.404451
1900000 19.915326 20.404193
1901000 20.087072 20.404027
1902000 20.376558 20.404012
1903000 20.240194 20.403926
1904000 20.108171 20.403771
1905000 20.423413 20.403781
1906000 20.358630 20.403757
1907000 20.610065 20.403865
1908000 20.505584 20.403919
1909000 20.735620 20.404093
1910000 20.013022 20.403888
1911000 20.655996 20.404020
1912000 21.000353 20.404332
1913000 20.236876 20.404244
1914000 20.141901 20.404107
1915000 20.360377 20.404084
1916000 20.244302 20.404001
1917000 20.223540 20.403907
1918000 20.375839 20.403892
1919000 20.559867 20.403973
1920000 20.359207 20.403950
1921000 20.540065 20.404021
1922000 20.345722 20.403990
1923000 20.573958 20.404079
1924000 20.333824 20.404042
1925000 20.582238 20.404135
1926000 20.624042 20.404249
1927000 20.411723 20.404253
1928000 20.496279 20.404301
1929000 20.436909 20.404318
1930000 20.479807 20.404357
1931000 20.479052 20.404395
1932000 20.535565 20.404463
1933000 19.932998 20.404219
1934000 20.878492 20.404465
1935000 20.667453 20.404601
1936000 20.248802 20.404520
1937000 20.481631 20.404560
1938000 20.470490 20.404594
1939000 20.628630 20.404709
1940000 20.554222 20.404787
1941000 20.597159 20.404886
1942000 20.531476 20.404951
1943000 20.395862 20.404946
1944000 20.364234 20.404925
1945000 20.599661 20.405025
1946000 20.390170 20.405018
1947000 20.036992 20.404829
1948000 20.111392 20.404678
1949000 20.281305 20.404615
1950000 20.382722 20.404603
1951000 20.603042 20.404705
1952000 20.202770 20.404602
1953000 19.996544 20.404393
1954000 20.423028 20.404402
1955000 20.163579 20.404279
1956000 20.433307 20.404294
1957000 20.289037 20.404235
1958000 20.366379 20.404216
1959000 20.259758 20.404142
1960000 20.204700 20.404040
1961000 20.538688 20.404109
1962000 20.268695 20.404040
1963000 20.321769 20.403998
1964000 20.231261 20.403910
1965000 20.220482 20.403817
1966000 20.163488 20.403694
1967000 20.071974 20.403526
1968000 20.503300 20.403577
1969000 20.419757 20.403585
1970000 20.743419 20.403757
1971000 19.863051 20.403483
1972000 20.207008 20.403383
1973000 20.589911 20.403478
1974000 20.637165 20.403596
1975000 20.425851 20.403607
1976000 20.867280 20.403842
1977000 20.593930 20.403938
1978000 20.588300 20.404031
1979000 20.561629 20.404111
1980000 20.682913 20.404252
1981000 20.355351 20.404227
1982000 20.427165 20.404239
1983000 20.753862 20.404415
1984000 20.642875 20.404535
1985000 20.352654 20.404509
1986000 20.693871 20.404655
1987000 20.946404 20.404928
1988000 20.627495 20.405039
1989000 20.689886 20.405183
1990000 20.344480 20.405152
1991000 20.254272 20.405076
1992000 20.295219 20.405021
1993000 20.816598 20.405228
1994000 20.605869 20.405328
1995000 20.570887 20.405411
1996000 20.486929 20.405452
1997000 20.421400 20.405460
1998000 20.447064 20.405481
1999000 20.371007 20.405464
2000000 20.548282 20.405535
2001000 20.455467 20.405560
2002000 20.191677 20.405453
2003000 20.754489 20.405628
2004000 20.335637 20.405593
2005000 20.361254 20.405571
2006000 20.300493 20.405518
2007000 20.264091 20.405448
2008000 20.503752 20.405497
2009000 20.462181 20.405525
2010000 20.573660 20.405609
2011000 20.738283 20.405774
2012000 20.444210 20.405793
2013000 20.321726 20.405751
2014000 20.657356 20.405876
2015000 20.943174 20.406143
2016000 20.798466 20.406337
2017000 20.881088 20.406573
2018000 20.689266 20.406713
2019000 20.808685 20.406912
2020000 20.638714 20.407027
2021000 20.696537 20.407170
2022000 20.454012 20.407193
2023000 20.351732 20.407166
2024000 20.751834 20.407336
2025000 20.632383 20.407447
2026000 20.958802 20.407719
2027000 20.697099 20.407862
2028000 20.999463 20.408154
2029000 20.657727 20.408277
2030000 20.483317 20.408314
2031000 20.605862 20.408411
2032000 20.494774 20.408454
2033000 20.573394 20.408535
2034000 20.333678 20.408498
2035000 20.121872 20.408357
2036000 19.761954 20.408040
2037000 20.210433 20.407943
2038000 20.310879 20.407895
2039000 20.369588 20.407876
2040000 20.299804 20.407823
2041000 20.469891 20.407854
2042000 20.594028 20.407945
2043000 20.887816 20.408180
2044000 20.537399 20.408243
2045000 20.645882 20.408359
2046000 20.638675 20.408472
2047000 20.598031 20.408564
2048000 20.585105 20.408650
2049000 20.543936 20.408716
2050000 20.566213 20.408793
2051000 20.642989 20.408907
2052000 20.922316 20.409158
2053000 21.083602 20.409486
2054000 21.014787 20.409781
2055000 20.833818 20.409987
2056000 20.507312 20.410035
2057000 20.835181 20.410241
2058000 20.669956 20.410367
2059000 20.562506 20.410441
2060000 20.447061 20.410459
2061000 20.801398 20.410649
2062000 20.504505 20.410694
2063000 20.630215 20.410801
2064000 20.585178 20.410885
2065000 20.830381 20.411088
2066000 20.603687 20.411182
2067000 20.729380 20.411335
2068000 20.728108 20.411489
2069000 20.696120 20.411626
2070000 20.863089 20.411844
2071000 20.620765 20.411945
2072000 20.586578 20.412029
2073000 20.847262 20.412239
2074000 20.639487 20.412349
2075000 20.791235 20.412532
2076000 20.483582 20.412566
2077000 20.834018 20.412769
2078000 20.906384 20.413006
2079000 20.740292 20.413164
2080000 20.768889 20.413335
2081000 20.699634 20.413472
2082000 20.927805 20.413719
2083000 20.830699 20.413920
2084000 20.974246 20.414188
2085000 20.907385 20.414425
2086000 20.889954 20.414653
2087000 20.697791 20.414789
2088000 20.802623 20.414974
2089000 20.522458 20.415026
2090000 20.508715 20.415071
2091000 20.841001 20.415274
2092000 20.745942 20.415432
2093000 20.728626 20.415582
2094000 20.558966 20.415650
2095000 20.823848 20.415845
2096000 20.818560 20.416037
2097000 20.447681 20.416053
2098000 20.254959 20.415976
2099000 20.367034 20.415952
2100000 20.234143 20.415866
2101000 20.802204 20.416050
2102000 20.774681 20.416220
2103000 20.516291 20.416268
2104000 20.630786 20.416370
2105000 20.726877 20.416517
2106000 20.731149 20.416667
2107000 20.396107 20.416657
2108000 20.093205 20.416504
2109000 20.458365 20.416523
2110000 20.359292 20.416496
2111000 20.157150 20.416373
2112000 20.369318 20.416351
2113000 20.262591 20.416278
2114000 20.213523 20.416183
2115000 19.996047 20.415984
2116000 19.892657 20.415737
2117000 20.150437 20.415611
2118000 20.146677 20.415484
2119000 19.999933 20.415288
2120000 20.090131 20.415135
2121000 20.329530 20.415094
2122000 20.136969 20.414963
2123000 20.045588 20.414789
2124000 20.107776 20.414645
2125000 20.283078 20.414583
2126000 20.292544 20.414526
2127000 20.223827 20.414436
2128000 20.243744 20.414356
2129000 20.308667 20.414306
2130000 20.232429 20.414221
2131000 20.312236 20.414173
2132000 20.053118 20.414003
2133000 20.220390 20.413913
2134000 20.075181 20.413754
2135000 20.302217 20.413702
2136000 20.112281 20.413561
2137000 20.305067 20.413510
2138000 20.357875 20.413484
2139000 20.061881 20.413319
2140000 20.219142 20.413229
2141000 20.158744 20.413110
2142000 20.134883 20.412980
2143000 20.083035 20.412826
2144000 20.363112 20.412803
2145000 20.331683 20.412765
2146000 20.380638 20.412750
2147000 20.468870 20.412776
2148000 20.238040 20.412695
2149000 20.465535 20.412719
2150000 20.448219 20.412736
2151000 20.210489 20.412642
2152000 20.319401 20.412598
2153000 20.370013 20.412579
2154000 20.135489 20.412450
2155000 20.578509 20.412527
2156000 20.516528 20.412575
2157000 20.485576 20.412609
2158000 20.246728 20.412532
2159000 20.338720 20.412498
2160000 20.372967 20.412480
2161000 20.400350 20.412474
2162000 20.589846 20.412556
2163000 20.406010 20.412553
2164000 20.352610 20.412526
2165000 20.572601 20.412599
2166000 20.250789 20.412525
2167000 20.481897 20.412557
2168000 20.381164 20.412542
2169000 20.298735 20.412490
2170000 20.277383 20.412428
2171000 20.252222 20.412354
2172000 20.744628 20.412507
2173000 20.360220 20.412483
2174000 20.189929 20.412380
2175000 20.391780 20.412371
2176000 20.406407 20.412368
2177000 20.517566 20.412416
2178000 20.855033 20.412620
2179000 20.348041 20.412590
2180000 20.704117 20.412724
2181000 20.706934 20.412859
2182000 20.867821 20.413067
2183000 20.315531 20.413022
2184000 20.718371 20.413162
2185000 20.526769 20.413214
2186000 20.568079 20.413285
2187000 20.546455 20.413346
2188000 20.195450 20.413246
2189000 20.438500 20.413258
2190000 20.439315 20.413270
2191000 20.271091 20.413205
2192000 20.612968 20.413296
2193000 20.654106 20.413406
2194000 20.614768 20.413498
2195000 20.499329 20.413537
2196000 20.446420 20.413552
2197000 20.335380 20.413516
2198000 20.625367 20.413613
2199000 20.664946 20.413727
2200000 20.733423 20.413872
2201000 20.793698 20.414045
2202000 20.971336 20.414298
2203000 20.747013 20.414449
2204000 20.804095 20.414626
2205000 20.485731 20.414658
2206000 20.667386 20.414772
2207000 20.261518 20.414703
2208000 20.508621 20.414746
2209000 20.951190 20.414988
2210000 20.671975 20.415105
2211000 20.698592 20.415233
2212000 20.569468 20.415303
2213000 20.542905 20.415360
2214000 20.544890 20.415419
2215000 20.460787 20.415439
2216000 20.314628 20.415394
2217000 20.776793 20.415557
2218000 20.549464 20.415617
2219000 20.785895 20.415784
2220000 20.631215 20.415881
2221000 20.610440 20.415969
2222000 20.365961 20.415946
2223000 20.557860 20.416010
2224000 20.691880 20.416134
2225000 20.155941 20.416017
2226000 20.754425 20.416169
2227000 20.622838 20.416262
2228000 20.285149 20.416203
2229000 20.438926 20.416213
2230000 20.417429 20.416214
2231000 20.443759 20.416226
2232000 20.376351 20.416208
2233000 20.639618 20.416308
2234000 20.235273 20.416227
2235000 20.480923 20.416256
2236000 20.140428 20.416133
2237000 20.200893 20.416037
2238000 20.093908 20.415893
2239000 20.112218 20.415757
2240000 19.995133 20.415569
2241000 20.233315 20.415488
2242000 19.942076 20.415277
2243000 20.217257 20.415189
2244000 20.066924 20.415033
2245000 20.196117 20.414936
2246000 20.276795 20.414874
2247000 20.051515 20.414713
2248000 19.977223 20.414518
2249000 19.846754 20.414266
2250000 19.957426 20.414063
2251000 19.729246 20.413758
2252000 19.803193 20.413487
2253000 19.939307 20.413277
2254000 19.798119 20.413004
2255000 20.042423 20.412839
2256000 20.213718 20.412751
2257000 19.849269 20.412502
2258000 19.962816 20.412302
2259000 20.148719 20.412186
2260000 20.170788 20.412079
2261000 20.230280 20.411999
2262000 20.340277 20.411967
2263000 20.555229 20.412030
2264000 20.240192 20.411954
2265000 20.381864 20.411941
2266000 20.025507 20.411770
2267000 19.756267 20.411481
2268000 19.776171 20.411201
2269000 19.924478 20.410987
2270000 19.958560 20.410787
2271000 20.192646 20.410691
2272000 19.947623 20.410487
2273000 19.893579 20.410260
2274000 20.074252 20.410112
2275000 20.240271 20.410038
2276000 20.311775 20.409994
2277000 20.086530 20.409852
2278000 19.710548 20.409545
2279000 19.697075 20.409233
2280000 19.613547 20.408884
2281000 19.292525 20.408394
2282000 19.794075 20.408125
2283000 19.760792 20.407842
2284000 19.562985 20.407472
2285000 19.622528 20.407128
2286000 19.327526 20.406656
2287000 19.267936 20.406158
2288000 19.585140 20.405799
2289000 19.442068 20.405378
2290000 19.544546 20.405002
2291000 19.829992 20.404751
2292000 19.450515 20.404335
2293000 19.964423 20.404143
2294000 19.622639 20.403802
2295000 19.438469 20.403382
2296000 19.963960 20.403190
2297000 19.940108 20.402989
2298000 19.724321 20.402693
2299000 19.509724 20.402305
2300000 19.747855 20.402021
2301000 19.753869 20.401739
2302000 19.650210 20.401412
2303000 19.675719 20.401097
2304000 19.587996 20.400744
2305000 19.424688 20.400321
2306000 19.660924 20.400000
2307000 19.660521 20.399680
2308000 19.897103 20.399462
2309000 19.684990 20.399153
2310000 19.766853 20.398879
2311000 19.637211 20.398549
2312000 19.909894 20.398338
2313000 19.834030 20.398094
2314000 19.673667 20.397781
2315000 19.913693 20.397572
2316000 19.345621 20.397118
2317000 19.877865 20.396893
2318000 19.642347 20.396568
2319000 19.901447 20.396354
2320000 19.903737 20.396142
2321000 20.055397 20.395995
2322000 20.065678 20.395853
2323000 20.145841 20.395745
2324000 19.759970 20.395472
2325000 19.618619 20.395138
2326000 20.216103 20.395061
2327000 19.613384 20.394725
2328000 20.266467 20.394670
2329000 19.822203 20.394424
2330000 19.951588 20.394234
2331000 19.998557 20.394064
2332000 20.005435 20.393897
2333000 20.044540 20.393748
2334000 19.947869 20.393557
2335000 20.061280 20.393414
2336000 19.829054 20.393173
2337000 20.153226 20.393070
2338000 20.004989 20.392904
2339000 19.832110 20.392664
2340000 19.848970 20.392432
2341000 20.179620 20.392341
2342000 19.710089 20.392050
2343000 19.741830 20.391772
2344000 19.684092 20.391470
2345000 19.709249 20.391179
2346000 19.589027 20.390837
2347000 19.399671 20.390415
2348000 19.027698 20.389835
2349000 19.525446 20.389467
2350000 19.596189 20.389129
2351000 19.521621 20.388760
2352000 19.528891 20.388395
2353000 19.429646 20.387987
2354000 19.393206 20.387565
2355000 19.427435 20.387157
2356000 19.541404 20.386798
2357000 19.835078 20.386564
2358000 19.633531 20.386245
2359000 19.656328 20.385935
2360000 19.917400 20.385737
2361000 19.918447 20.385539
2362000 19.780715 20.385283
2363000 20.013810 20.385125
2364000 19.877880 20.384911
2365000 19.368347 20.384481
2366000 19.581942 20.384142
2367000 19.614916 20.383817
2368000 19.451131 20.383423
2369000 19.640196 20.383109
2370000 19.394335 20.382692
2371000 19.158429 20.382176
2372000 19.592341 20.381843
2373000 19.473531 20.381460
2374000 19.244317 20.380981
2375000 19.196404 20.380482
2376000 19.247253 20.380005
2377000 19.273086 20.379539
2378000 19.619996 20.379220
2379000 19.755843 20.378958
2380000 19.744770 20.378692
2381000 19.601740 20.378365
2382000 19.730015 20.378093
2383000 19.880845 20.377884
2384000 20.031785 20.377739
2385000 19.836012 20.377512
2386000 20.111496 20.377401
2387000 20.246918 20.377346
2388000 19.980722 20.377180
2389000 20.092265 20.377061
2390000 19.990719 20.376899
2391000 19.977345 20.376732
2392000 19.747122 20.376469
2393000 19.579826 20.376136
2394000 19.776603 20.375885
2395000 19.658908 20.375586
2396000 19.707572 20.375307
2397000 19.616800 20.374991
2398000 19.522154 20.374635
2399000 19.656087 20.374336
2400000 19.613186 20.374018
2401000 19.572161 20.373684
2402000 19.984674 20.373522
2403000 19.927191 20.373337
2404000 20.013850 20.373187
2405000 20.027917 20.373044
2406000 19.784814 20.372799
2407000 19.567288 20.372464
2408000 19.853700 20.372249
2409000 19.596062 20.371927
2410000 19.375574 20.371513
2411000 19.795822 20.371275
2412000 19.624975 20.370965
2413000 19.636930 20.370661
2414000 19.719625 20.370391
2415000 19.694718 20.370112
2416000 19.514551 20.369757
2417000 19.683663 20.369474
2418000 20.179722 20.369395
2419000 19.608833 20.369081
2420000 19.895092 20.368885
2421000 19.698295 20.368608
2422000 20.132044 20.368510
2423000 20.168940 20.368428
2424000 20.039725 20.368292
2425000 19.847219 20.368077
2426000 19.990222 20.367922
2427000 20.024356 20.367780
2428000 19.834367 20.367560
2429000 20.133166 20.367464
2430000 20.040623 20.367329
2431000 20.477070 20.367374
2432000 20.253184 20.367328
2433000 20.263384 20.367285
2434000 20.217241 20.367223
2435000 19.856328 20.367013
2436000 20.074948 20.366893
2437000 20.074317 20.366773
2438000 20.113218 20.366669
2439000 20.391423 20.366680
2440000 20.451270 20.366714
2441000 20.355165 20.366709
2442000 20.427013 20.366734
2443000 20.196133 20.366664
2444000 20.327310 20.366648
2445000 20.358702 20.366645
2446000 20.176913 20.366567
2447000 20.565105 20.366649
2448000 20.383390 20.366655
2449000 20.231048 20.366600
2450000 20.547873 20.366674
2451000 20.506173 20.366731
2452000 20.286942 20.366698
2453000 20.138476 20.366605
2454000 20.258884 20.366561
2455000 20.074819 20.366443
2456000 20.098508 20.366333
2457000 20.062480 20.366210
2458000 20.290729 20.366179
2459000 20.137905 20.366086
2460000 20.162205 20.366003
2461000 20.439598 20.366033
2462000 20.388715 20.366043
2463000 20.240161 20.365991
2464000 20.352799 20.365986
2465000 20.577460 20.366072
2466000 20.658817 20.366191
2467000 20.710445 20.366330
2468000 20.800825 20.366506
2469000 20.216148 20.366445
2470000 20.293540 20.366416
2471000 20.412472 20.366434
2472000 20.375114 20.366438
2473000 20.550575 20.366512
2474000 20.297847 20.366485
2475000 20.401833 20.366499
2476000 20.418499 20.366520
2477000 20.579602 20.366606
2478000 20.444269 20.366637
2479000 20.439819 20.366667
2480000 20.439425 20.366696
2481000 20.184129 20.366623
2482000 20.506668 20.366679
2483000 20.543689 20.366750
2484000 20.713069 20.366890
2485000 21.015255 20.367151
2486000 20.784324 20.367318
2487000 20.681108 20.367445
2488000 20.507391 20.367501
2489000 20.605814 20.367597
2490000 20.907274 20.367813
2491000 20.920687 20.368035
2492000 20.426914 20.368059
2493000 20.733493 20.368205
2494000 20.956612 20.368441
2495000 21.264837 20.368801
2496000 21.250313 20.369154
2497000 21.184615 20.369480
2498000 20.899407 20.369693
2499000 21.018907 20.369952
2500000 20.795301 20.370122
2501000 20.912541 20.370339
2502000 21.059718 20.370615
2503000 21.469668 20.371054
2504000 21.360896 20.371449
2505000 21.576394 20.371930
2506000 21.152077 20.372242
2507000 21.146378 20.372550
2508000 21.164369 20.372866
2509000 21.369998 20.373264
2510000 21.218914 20.373600
2511000 21.371986 20.373998
2512000 21.345951 20.374385
2513000 21.272752 20.374742
2514000 21.123931 20.375040
2515000 21.309951 20.375412
2516000 21.377154 20.375810
2517000 21.030610 20.376070
2518000 21.201952 20.376398
2519000 21.175351 20.376716
2520000 20.710214 20.376848
2521000 20.798667 20.377015
2522000 21.165489 20.377328
2523000 20.812065 20.377500
2524000 20.614596 20.377594
2525000 20.772600 20.377751
2526000 21.072087 20.378026
2527000 20.800726 20.378193
2528000 20.895840 20.378398
2529000 21.093651 20.378680
2530000 20.249637 20.378629
2531000 20.540388 20.378693
2532000 20.893592 20.378897
2533000 20.826976 20.379074
2534000 20.675216 20.379190
2535000 21.168038 20.379502
2536000 21.138132 20.379801
2537000 20.824119 20.379976
2538000 20.799593 20.380141
2539000 20.476652 20.380179
2540000 20.607117 20.380269
2541000 21.129181 20.380563
2542000 20.607879 20.380653
2543000 20.603872 20.380740
2544000 20.520073 20.380795
2545000 20.807500 20.380963
2546000 21.034115 20.381219
2547000 20.635862 20.381319
2548000 20.735673 20.381459
2549000 20.627240 20.381555
2550000 20.346663 20.381541
2551000 20.485846 20.381582
2552000 20.466126 20.381615
2553000 20.782100 20.381772
2554000 20.504187 20.381820
2555000 20.352609 20.381809
2556000 20.456323 20.381838
2557000 20.239015 20.381782
2558000 20.199187 20.381711
2559000 20.338925 20.381694
2560000 20.736468 20.381832
2561000 20.778768 20.381987
2562000 20.451859 20.382015
2563000 20.525583 20.382071
2564000 20.807076 20.382236
2565000 20.275424 20.382195
2566000 20.424959 20.382211
2567000 20.586622 20.382291
2568000 20.403313 20.382299
2569000 20.312317 20.382272
2570000 20.429554 20.382290
2571000 20.042543 20.382158
2572000 20.259394 20.382111
2573000 20.381535 20.382110
2574000 20.230042 20.382051
2575000 19.892160 20.381861
2576000 20.457473 20.381890
2577000 20.449610 20.381917
2578000 20.380220 20.381916
2579000 20.249918 20.381865
2580000 20.556462 20.381932
2581000 20.545889 20.381996
2582000 20.788478 20.382153
2583000 20.623756 20.382247
2584000 20.421023 20.382262
2585000 20.669500 20.382373
2586000 20.489237 20.382414
2587000 20.221971 20.382352
2588000 20.587613 20.382432
2589000 20.580440 20.382508
2590000 20.406038 20.382517
2591000 20.156512 20.382430
2592000 20.226990 20.382370
2593000 20.166618 20.382287
2594000 20.398314 20.382293
2595000 20.718374 20.382423
2596000 20.586367 20.382501
2597000 20.774195 20.382652
2598000 20.847151 20.382831
2599000 20.417127 20.382844
2600000 20.485609 20.382883
2601000 20.633082 20.382980
2602000 20.645602 20.383081
2603000 20.676594 20.383193
2604000 20.553629 20.383259
2605000 20.250329 20.383208
2606000 20.281642 20.383169
2607000 20.209272 20.383102
2608000 20.391722 20.383105
2609000 20.601364 20.383189
2610000 20.527926 20.383245
2611000 20.411751 20.383255
2612000 19.957041 20.383092
2613000 20.042097 20.382962
2614000 20.054167 20.382836
2615000 19.832057 20.382625
2616000 19.691611 20.382361
2617000 19.607029 20.382065
2618000 19.367053 20.381677
2619000 19.715966 20.381423
2620000 19.557779 20.381109
2621000 19.582882 20.380804
2622000 19.605858 20.380509
2623000 19.553133 20.380193
2624000 19.595430 20.379894
2625000 19.448165 20.379539
2626000 19.458178 20.379188
2627000 19.584992 20.378886
2628000 19.424863 20.378523
2629000 19.457927 20.378173
2630000 19.678628 20.377907
2631000 19.638400 20.377626
2632000 19.451974 20.377274
2633000 19.381173 20.376896
2634000 19.423338 20.376534
2635000 19.448971 20.376182
2636000 19.296605 20.375772
2637000 19.231578 20.375338
2638000 18.987764 20.374812
2639000 19.265603 20.374392
2640000 19.451360 20.374042
2641000 19.260673 20.373621
2642000 19.123386 20.373147
2643000 19.573608 20.372845
2644000 19.361224 20.372462
2645000 19.161303 20.372004
2646000 19.350310 20.371618
2647000 19.302949 20.371215
2648000 19.489785 20.370882
2649000 19.288502 20.370473
2650000 19.466136 20.370132
2651000 19.864480 20.369941
2652000 19.426761 20.369585
2653000 19.687803 20.369328
2654000 19.665051 20.369063
2655000 19.782770 20.368842
2656000 19.982802 20.368697
2657000 19.911208 20.368525
2658000 19.890142 20.368345
2659000 19.433569 20.367993
2660000 19.525174 20.367676
2661000 19.963130 20.367524
2662000 19.880963 20.367342
2663000 20.087019 20.367236
2664000 19.807717 20.367026
2665000 19.518615 20.366708
2666000 19.842750 20.366511
2667000 19.518007 20.366193
2668000 19.582340 20.365899
2669000 19.662886 20.365636
2670000 19.551070 20.365331
2671000 19.678043 20.365074
2672000 19.642443 20.364803
2673000 19.903630 20.364631
2674000 19.923912 20.364466
2675000 19.178110 20.364022
2676000 19.556338 20.363721
2677000 19.363054 20.363347
2678000 19.708598 20.363102
2679000 19.335494 20.362719
2680000 19.284145 20.362316
2681000 19.594552 20.362030
2682000 19.460061 20.361694
2683000 19.761907 20.361470
2684000 19.380310 20.361104
2685000 19.526304 20.360794
2686000 19.376405 20.360427
2687000 19.115507 20.359964
2688000 19.402939 20.359608
2689000 19.008263 20.359105
2690000 19.468603 20.358774
2691000 19.204591 20.358345
2692000 19.224448 20.357924
2693000 19.304618 20.357533
2694000 19.721268 20.357297
2695000 19.775064 20.357081
2696000 19.423972 20.356735
2697000 19.167966 20.356294
2698000 19.128024 20.355838
2699000 19.037381 20.355350
2700000 19.403010 20.354997
2701000 19.344324 20.354623
2702000 19.552946 20.354326
2703000 19.567531 20.354035
2704000 20.070023 20.353930
2705000 19.869554 20.353751
2706000 19.988601 20.353616
2707000 20.055636 20.353506
2708000 19.294048 20.353115
2709000 19.473088 20.352790
2710000 19.888498 20.352619
2711000 19.957527 20.352473
2712000 19.926204 20.352316
2713000 19.986648 20.352181
2714000 20.158094 20.352110
2715000 19.170238 20.351674
2716000 19.490631 20.351357
2717000 19.885900 20.351186
2718000 19.716584 20.350952
2719000 19.452308 20.350622
2720000 20.035094 20.350506
2721000 19.907014 20.350343
2722000 19.865326 20.350165
2723000 19.560111 20.349875
2724000 19.827535 20.349683
2725000 19.723627 20.349453
2726000 19.619519 20.349185
2727000 19.769736 20.348973
2728000 20.080920 20.348875
2729000 19.679888 20.348629
2730000 19.835442 20.348441
2731000 19.760717 20.348226
2732000 19.340309 20.347857
2733000 19.566371 20.347571
2734000 19.474607 20.347252
2735000 19.488749 20.346938
2736000 19.474157 20.346619
2737000 19.537976 20.346324
2738000 19.707433 20.346090
2739000 19.765740 20.345879
2740000 19.571670 20.345596
2741000 19.498421 20.345287
2742000 19.401596 20.344943
2743000 19.577072 20.344663
2744000 19.714939 20.344433
2745000 19.670985 20.344188
2746000 19.710933 20.343957
2747000 19.823088 20.343768
2748000 19.275328 20.343379
2749000 19.406320 20.343038
2750000 19.664428 20.342791
2751000 19.375271 20.342440
2752000 19.620913 20.342177
2753000 19.379403 20.341828
2754000 19.526366 20.341532
2755000 19.752935 20.341318
2756000 19.679124 20.341078
2757000 19.906321 20.340920
2758000 20.109849 20.340836
2759000 19.869892 20.340666
2760000 19.604354 20.340399
2761000 19.759904 20.340188
2762000 20.004697 20.340067
2763000 19.828504 20.339882
2764000 19.978221 20.339751
2765000 19.789521 20.339552
2766000 19.639881 20.339299
2767000 19.755984 20.339088
2768000 19.602356 20.338822
2769000 20.117713 20.338742
2770000 19.982962 20.338614
2771000 19.779127 20.338412
2772000 19.694902 20.338180
2773000 19.613153 20.337918
2774000 19.517907 20.337623
2775000 19.797747 20.337428
2776000 19.662657 20.337185
2777000 19.907402 20.337030
2778000 19.831323 20.336848
2779000 19.815331 20.336661
2780000 19.711178 20.336436
2781000 19.656583 20.336191
2782000 19.633691 20.335939
2783000 19.978796 20.335810
2784000 19.885821 20.335649
2785000 19.612871 20.335389
2786000 19.755702 20.335181
2787000 19.450972 20.334864
2788000 19.200426 20.334457
2789000 19.542347 20.334173
2790000 19.267676 20.333791
2791000 19.380063 20.333449
2792000 19.490788 20.333147
2793000 19.436748 20.332826
2794000 19.385828 20.332487
2795000 19.209460 20.332085
2796000 19.325285 20.331725
2797000 19.076762 20.331277
2798000 18.703544 20.330695
2799000 18.994562 20.330218
2800000 19.250505 20.329832
2801000 19.023138 20.329365
2802000 19.230456 20.328973
2803000 19.474397 20.328668
2804000 19.357605 20.328322
2805000 19.296840 20.327954
2806000 19.206959 20.327555
2807000 19.333425 20.327201
2808000 19.600587 20.326942
2809000 19.545015 20.326664
2810000 19.247012 20.326279
2811000 19.601275 20.326021
2812000 19.379413 20.325685
2813000 19.590966 20.325424
2814000 19.486532 20.325125
2815000 19.730206 20.324914
2816000 19.613206 20.324661
2817000 19.308013 20.324300
2818000 19.337324 20.323950
2819000 19.635015 20.323706
2820000 19.813033 20.323525
2821000 19.710422 20.323307
2822000 19.555257 20.323035
2823000 19.567256 20.322768
2824000 19.782671 20.322576
2825000 20.011794 20.322466
2826000 19.733078 20.322258
2827000 19.280970 20.321889
2828000 19.085379 20.321452
2829000 19.416579 20.321132
2830000 19.461371 20.320828
2831000 19.328674 20.320478
2832000 19.639936 20.320238
2833000 19.439319 20.319927
2834000 19.344085 20.319582
2835000 19.439740 20.319272
2836000 19.666679 20.319042
2837000 19.768740 20.318848
2838000 18.793576 20.318311
2839000 19.177973 20.317909
2840000 19.270412 20.317540
2841000 19.386938 20.317212
2842000 19.640533 20.316974
2843000 20.092437 20.316895
2844000 19.499253 20.316608
2845000 19.733847 20.316403
2846000 19.459908 20.316102
2847000 19.405702 20.315782
2848000 19.369596 20.315450
2849000 19.776535 20.315261
2850000 19.702485 20.315046
2851000 19.762905 20.314852
2852000 19.617412 20.314608
2853000 19.722786 20.314400
2854000 19.881142 20.314248
2855000 20.058875 20.314159
2856000 19.544677 20.313890
2857000 19.535227 20.313617
2858000 19.318485 20.313269
2859000 19.843421 20.313105
2860000 19.751362 20.312908
2861000 19.574404 20.312650
2862000 20.144314 20.312591
2863000 20.113748 20.312522
2864000 19.888848 20.312374
2865000 19.825687 20.312204
2866000 19.853649 20.312044
2867000 20.033278 20.311947
2868000 19.725839 20.311742
2869000 19.904740 20.311600
2870000 19.609058 20.311356
2871000 19.843367 20.311193
2872000 19.471082 20.310900
2873000 19.680430 20.310681
2874000 19.717769 20.310474
2875000 19.842315 20.310312
2876000 19.396978 20.309994
2877000 19.687501 20.309778
2878000 19.590453 20.309528
2879000 19.491747 20.309244
2880000 19.670022 20.309022
2881000 19.637656 20.308789
2882000 19.568983 20.308532
2883000 19.622228 20.308294
2884000 19.387391 20.307975
2885000 19.962461 20.307855
2886000 20.164073 20.307805
2887000 20.015943 20.307704
2888000 19.901965 20.307563
2889000 20.085791 20.307487
2890000 20.259979 20.307470
2891000 20.144474 20.307414
2892000 19.579107 20.307162
2893000 20.158526 20.307111
2894000 20.244173 20.307089
2895000 20.329000 20.307096
2896000 20.040409 20.307004
2897000 20.348166 20.307019
2898000 20.405454 20.307053
2899000 19.870833 20.306902
2900000 20.207821 20.306868
2901000 20.128239 20.306806
2902000 20.235502 20.306782
2903000 19.914466 20.306647
2904000 20.115547 20.306581
2905000 20.183363 20.306538
2906000 19.869232 20.306388
2907000 19.509849 20.306114
2908000 19.951925 20.305992
2909000 20.027850 20.305896
2910000 20.011495 20.305795
2911000 19.846032 20.305637
2912000 19.970461 20.305522
2913000 20.159558 20.305472
2914000 19.968070 20.305356
2915000 20.220225 20.305327
2916000 20.037241 20.305235
2917000 20.190357 20.305196
2918000 20.406392 20.305231
2919000 20.253877 20.305213
2920000 20.020815 20.305116
2921000 20.113649 20.305050
2922000 19.948054 20.304928
2923000 20.110999 20.304861
2924000 19.777339 20.304681
2925000 19.985909 20.304572
2926000 19.893679 20.304432
2927000 19.876332 20.304285
2928000 19.476711 20.304003
2929000 19.136560 20.303604
2930000 19.348110 20.303278
2931000 19.410512 20.302973
2932000 19.443989 20.302681
2933000 19.574068 20.302432
2934000 19.560688 20.302179
2935000 19.431458 20.301883
2936000 19.551215 20.301627
2937000 19.590594 20.301385
2938000 19.350378 20.301061
2939000 19.150653 20.300670
2940000 19.001250 20.300228
2941000 19.438129 20.299935
2942000 19.574732 20.299688
2943000 18.982588 20.299241
2944000 19.225467 20.298876
2945000 19.047307 20.298451
2946000 19.577086 20.298206
2947000 19.549732 20.297952
2948000 19.485039 20.297676
2949000 19.284601 20.297333
2950000 19.441602 20.297043
2951000 19.477297 20.296765
2952000 19.212125 20.296397
2953000 19.308853 20.296063
2954000 19.399357 20.295759
2955000 19.928113 20.295635
2956000 19.681162 20.295427
2957000 19.584025 20.295187
2958000 19.689262 20.294982
2959000 19.627493 20.294756
2960000 19.807462 20.294592
2961000 19.797353 20.294424
2962000 19.671280 20.294213
2963000 19.768453 20.294036
2964000 19.595120 20.293800
2965000 19.522579 20.293540
2966000 19.466687 20.293261
2967000 19.503571 20.292995
2968000 19.807417 20.292831
2969000 19.910209 20.292702
2970000 19.587754 20.292465
2971000 19.777733 20.292292
2972000 20.007276 20.292196
2973000 19.855669 20.292049
2974000 19.410274 20.291753
2975000 19.531958 20.291497
2976000 18.914335 20.291034
2977000 19.172542 20.290659
2978000 19.333128 20.290337
2979000 19.159107 20.289958
2980000 19.573146 20.289717
2981000 19.256008 20.289370
2982000 19.763120 20.289194
2983000 19.024309 20.288770
2984000 19.430950 20.288482
2985000 19.220183 20.288124
2986000 19.800726 20.287961
2987000 19.453188 20.287682
2988000 19.296606 20.287350
2989000 19.384046 20.287048
2990000 19.434126 20.286762
2991000 19.231150 20.286410
2992000 19.501340 20.286147
2993000 19.761075 20.285972
2994000 19.768766 20.285799
2995000 19.270192 20.285460
2996000 19.376664 20.285157
2997000 19.813981 20.284999
2998000 19.780318 20.284831
2999000 19.720952 20.284643
3000000 19.933947 20.284526
