# r N rho/M
0 0.009666666666666667 80.25943835773471
0.2 0.031 204.8194534535147
0.4 0.04433333333333334 146.4569210178358
0.6 0.05533333333333333 121.863904205317
0.8 0.083 137.0968922309816
1 0.08966666666666667 118.486952643001
1.2 0.112 123.3321440150196
1.4 0.1263333333333333 119.2420474022766
1.6 0.1473333333333333 121.6803742291042
1.8 0.1426666666666667 104.7344397587865
2 0.1716666666666667 113.421525299527
2.2 0.1826666666666667 109.7175566886863
2.4 0.1916666666666667 105.5297363223754
2.6 0.1863333333333333 94.70146772581865
2.8 0.21 99.1061871549265
3 0.2073333333333333 91.32451616350265
3.2 0.2353333333333333 97.17912240469181
3.4 0.2273333333333333 88.35348972504559
3.6 0.2533333333333334 92.9885212811656
3.8 0.265 92.15136700370358
4 0.2773333333333333 91.61816412544316
4.2 0.2763333333333333 86.94077158881912
4.4 0.3016666666666667 90.59707007596816
4.6 0.339 97.38260129136258
4.8 0.3406666666666667 93.78381784475452
5 0.3523333333333333 93.11576873133984
5.2 0.352 89.44968686803622
5.4 0.3946666666666667 96.57755192710532
5.6 0.384 90.61137111307566
5.8 0.3903333333333333 88.92976640491871
6 0.4116666666666667 90.66380824913648
6.2 0.412 87.81021313511766
6.4 0.446 92.08616556478587
6.6 0.4786666666666667 95.83601666967976
6.8 0.4793333333333333 93.14686086848648
7 0.4846666666666667 91.49231499889723
7.2 0.5013333333333333 92.00969474136386
7.4 0.5366666666666666 95.83240920085984
7.6 0.507 88.15234541675041
7.8 0.5413333333333333 91.70851734450177
8 0.5496666666666666 90.79227923248544
8.199999999999999 0.5773333333333334 93.03626891725352
8.4 0.5649999999999999 88.880945623069
8.6 0.5863333333333334 90.09187762558952
8.800000000000001 0.6003333333333334 90.14658740708214
9 0.594 87.21344469633532
9.199999999999999 0.6193333333333333 88.95618151393886
9.4 0.611 85.89202886760296
9.6 0.6183333333333333 85.11202646869845
9.800000000000001 0.6573333333333333 88.63374198163947
10 0.6333333333333333 83.68966915304904
10.2 0.6686666666666666 86.62614877245427
10.4 0.7156666666666667 90.93204436821675
10.6 0.7493333333333333 93.413295062589
10.8 0.746 91.27557483651255
11 0.783 94.06078126340297
11.2 0.8096666666666666 95.52735261877638
11.4 0.8286666666666667 96.0537938663342
11.6 0.832 94.77741116425153
11.8 0.8179999999999999 91.6032328731411
12 0.874 96.2431195260064
12.2 0.8823333333333333 95.56796990859398
12.4 0.8806666666666667 93.84894138470101
12.6 0.894 93.75759927672412
12.8 0.914 94.3573490204196
13 0.9126666666666666 92.77016766844058
13.2 0.9203333333333333 92.13204805883908
13.4 0.9336666666666666 92.07178448456024
13.6 0.923 89.68138308235017
13.8 0.918 87.90287904176088
14 0.9463333333333334 89.32141756597979
14.2 0.984 91.56853348398843
14.4 0.9706666666666667 89.07321512195864
14.6 0.996 90.14590174091946
14.8 0.9783333333333334 87.35034813805083
15 1.055333333333333 92.96894475036956
15.2 1.063666666666667 92.47012959396797
15.4 1.065333333333333 91.41222919109525
15.6 1.083 91.73675272545759
15.8 1.071333333333333 89.59979901995324
16 1.092 90.18663031098312
16.2 1.133 92.41753913294794
16.4 1.173666666666667 94.56717749932147
16.6 1.126666666666667 89.68645584568984
16.8 1.135 89.27422414352506
17 1.156333333333333 89.88218646808889
17.2 1.169333333333333 89.8357892866879
17.4 1.176333333333333 89.33479807656082
17.6 1.188 89.19556843943384
17.8 1.216 90.27200268194053
18 1.231333333333333 90.394630950691
18.2 1.252666666666667 90.95019568454549
18.4 1.226 88.04651119705791
18.6 1.275 90.58092374375002
18.8 1.239666666666667 87.13378487687274
19 1.27 88.32621592053098
19.2 1.310666666666667 90.2049833086044
19.4 1.304666666666667 88.86634971921703
19.6 1.361333333333333 91.77997014528793
19.8 1.326 88.49481762116669
20 1.348333333333333 89.08545045370616
20.2 1.377333333333333 90.1004984211565
20.4 1.376666666666667 89.17397667752648
20.6 1.361333333333333 87.32463178872054
20.8 1.381 87.73438747497019
21 1.396 87.84269032906499
21.2 1.417333333333333 88.34371232342716
21.4 1.438333333333333 88.81478661962778
21.6 1.453 88.8896851457458
21.8 1.443333333333333 87.48823453227966
22 1.535666666666667 92.23882913590838
22.2 1.496 89.04676035061264
22.4 1.553333333333333 91.6338952662614
22.6 1.571333333333333 91.87543092395742
22.8 1.553333333333333 90.02628306860767
23 1.55 89.05193628413686
23.2 1.588 90.4486351735766
23.4 1.567666666666667 88.52733109014615
23.6 1.624666666666667 90.96865465030352
23.8 1.620666666666667 89.98212548034596
24 1.659 91.34286916112393
24.2 1.653666666666667 90.2967482967108
24.4 1.688333333333333 91.43403241160341
24.6 1.644666666666667 88.34506367161829
24.8 1.699666666666667 90.56316277831007
25 1.705 90.12055951954649
25.2 1.730333333333333 90.73372443055088
25.4 1.682 87.50478046959914
25.6 1.777333333333333 91.74204685938683
25.8 1.78 91.16744864897632
26 1.781 90.51698426816618
26.2 1.764333333333333 88.98541961170923
26.4 1.812 90.69717733572061
26.6 1.807 89.76685723757001
26.8 1.881333333333333 92.76207633539057
27 1.903333333333333 93.15165903779923
27.2 1.838666666666667 89.32511901087821
27.4 1.824 87.96578363532164
27.6 1.841666666666667 88.17418422398853
27.8 1.89 89.83726317640819
28 1.884 88.91240790470549
28.2 1.901666666666667 89.1096607909938
28.4 1.888333333333333 87.86174495033782
28.6 1.877 86.72368917939255
28.8 1.906666666666667 87.4826219947808
29 1.929666666666667 87.92731301760452
29.2 1.944 87.9737113375238
29.4 1.943333333333333 87.34528663843108
29.6 1.952333333333333 87.15689762258326
29.8 1.985666666666667 88.05004576911217
30 2.041333333333333 89.91500594618813
30.2 2.016333333333333 88.22565505520977
30.4 2.031666666666667 88.3117267118826
30.6 2.024666666666667 87.43224121699687
30.8 2.089666666666667 89.65320162687361
31 2.088 89.00375001268239
31.2 2.09 88.51791929649416
31.4 2.108666666666667 88.73966595075231
31.6 2.131 89.11193452622292
31.8 2.126333333333333 88.35756364238659
32 2.176666666666667 89.88380585023197
32.2 2.172666666666667 89.16137030722027
32.4 2.263 92.29518581547271
32.6 2.222333333333333 90.08056574804293
32.8 2.292 92.33795973946812
33 2.264333333333334 90.67048206645329
33.2 2.261 89.99160207120032
33.4 2.36 93.36950167090879
33.6 2.310666666666667 90.87355679337969
33.8 2.299 89.87973343951717
34 2.347 91.21655735396567
34.2 2.340666666666666 90.43842055905051
34.4 2.395666666666667 92.02534458429673
34.6 2.355333333333333 89.95302741640469
34.8 2.409333333333334 91.48652883215949
35 2.473333333333333 93.3800518970863
35.2 2.432333333333333 91.31033430170436
35.4 2.473 92.31246735748898
35.6 2.494 92.57334485557554
35.8 2.516 92.86821857794975
36 2.527666666666667 92.78052064145774
36.2 2.532333333333333 92.43826934511682
36.4 2.578666666666667 93.61238874609421
36.6 2.552666666666667 92.16213494018542
36.8 2.563666666666667 92.05624219909902
37 2.556 91.28483400648363
37.2 2.589333333333333 91.97811969169283
37.4 2.552666666666667 90.19075237461998
37.6 2.551333333333333 89.66415561274319
37.8 2.606666666666666 91.12408977678133
38 2.532333333333333 88.05961448140079
38.2 2.524666666666667 87.33336375932673
38.4 2.48 85.34143893896449
38.6 2.485333333333333 85.08183436121266
38.8 2.442 83.1674601485672
39 2.319333333333333 78.58471227623689
39.2 2.229 75.13867046541877
39.4 2.182 73.18094767243642
39.6 2.122333333333333 70.82032476042839
39.8 2.072666666666667 68.81544072912708
40 1.972 65.14580035650502
40.2 1.907 62.68507426349746
40.4 1.854 60.64121154628177
40.6 1.787 58.16182477696342
40.8 1.727333333333333 55.94425510205112
41 1.624 52.34095867954493
41.2 1.554666666666667 49.86313450815287
41.4 1.537 49.05836059810693
41.6 1.432666666666667 45.50837525554211
41.8 1.371 43.34117466966642
42 1.261333333333333 39.68442457081925
42.2 1.159 36.29196553319425
42.4 1.142333333333333 35.60135255554855
42.6 1.013666666666667 31.44307930496937
42.8 0.9523333333333334 29.40253132934839
43 0.8996666666666666 27.64729706781877
43.2 0.7976666666666666 24.39929072651637
43.4 0.7453333333333333 22.69343927070309
43.6 0.699 21.18508404320906
43.8 0.6876666666666666 20.746429639839
44 0.5906666666666667 17.73900642813432
44.2 0.5026666666666667 15.02786628754441
44.4 0.465 13.83915226037262
44.6 0.3913333333333333 11.59448567213589
44.8 0.3443333333333333 10.15641779077768
45 0.3006666666666667 8.829015389011724
45.2 0.2776666666666667 8.117547089484146
45.4 0.248 7.218306729639287
45.6 0.2253333333333333 6.529803364203732
45.8 0.1903333333333333 5.491473349389911
46 0.171 4.912219711157227
46.2 0.145 4.14730076117297
46.4 0.1156666666666667 3.294046642026772
46.6 0.1153333333333333 3.270456915174494
46.8 0.09466666666666666 2.672949397150914
47 0.079 2.221103201486296
47.2 0.06966666666666667 1.950394831956651
47.4 0.06033333333333334 1.681970921241603
47.6 0.05433333333333333 1.508338796102056
47.8 0.05033333333333333 1.391449024676327
48 0.032 0.880943885821569
48.2 0.03566666666666667 0.977811159573733
48.4 0.025 0.682549498312166
48.6 0.018 0.4894132699008715
48.8 0.01533333333333333 0.4151989625798378
49 0.007333333333333333 0.1977629131436175
49.2 0.009333333333333334 0.250675089461422
49.4 0.008999999999999999 0.2407437744654085
49.6 0.005666666666666667 0.1509682062395834
49.8 0.004666666666666667 0.123827453830341
50 0.006333333333333333 0.1673793383060981
50.2 0.002 0.05264604895348021
50.4 0.002333333333333334 0.06117665873760895
50.6 0.001666666666666667 0.04352489554454392
50.8 0.001 0.0260121226128416
51 0.0003333333333333333 0.008636704762956556
