1000 217.000000 217.000000
2000 214.000000 215.500000
3000 212.000000 214.333333
4000 215.000000 214.500000
5000 212.000000 214.000000
6000 214.000000 214.000000
7000 214.000000 214.000000
8000 211.000000 213.625000
9000 214.000000 213.666667
10000 212.000000 213.500000
11000 215.000000 213.636364
12000 216.000000 213.833333
13000 218.000000 214.153846
14000 214.000000 214.142857
15000 213.000000 214.066667
16000 213.000000 214.000000
17000 216.000000 214.117647
18000 215.000000 214.166667
19000 214.000000 214.157895
20000 215.000000 214.200000
21000 216.000000 214.285714
22000 216.000000 214.363636
23000 214.000000 214.347826
24000 217.000000 214.458333
25000 217.000000 214.560000
26000 216.000000 214.615385
27000 215.000000 214.629630
28000 218.000000 214.750000
29000 216.000000 214.793103
30000 212.000000 214.700000
31000 212.000000 214.612903
32000 215.000000 214.625000
33000 216.000000 214.666667
34000 215.000000 214.676471
35000 214.000000 214.657143
36000 210.000000 214.527778
37000 215.000000 214.540541
38000 216.000000 214.578947
39000 208.000000 214.410256
40000 213.000000 214.375000
41000 216.000000 214.414634
42000 213.000000 214.380952
43000 214.000000 214.372093
44000 214.000000 214.363636
45000 214.000000 214.355556
46000 218.000000 214.434783
47000 214.000000 214.425532
48000 213.000000 214.395833
49000 212.000000 214.346939
50000 214.000000 214.340000
51000 212.000000 214.294118
52000 214.000000 214.288462
53000 212.000000 214.245283
54000 214.000000 214.240741
55000 215.000000 214.254545
56000 212.000000 214.214286
57000 215.000000 214.228070
58000 217.000000 214.275862
59000 214.000000 214.271186
60000 215.000000 214.283333
61000 218.000000 214.344262
62000 212.000000 214.306452
63000 216.000000 214.333333
64000 214.000000 214.328125
65000 214.000000 214.323077
66000 213.000000 214.303030
67000 211.000000 214.253731
68000 216.000000 214.279412
69000 212.000000 214.246377
70000 215.000000 214.257143
71000 213.000000 214.239437
72000 217.000000 214.277778
73000 216.000000 214.301370
74000 215.000000 214.310811
75000 213.000000 214.293333
76000 219.000000 214.355263
77000 216.000000 214.376623
78000 213.000000 214.358974
79000 214.000000 214.354430
80000 213.000000 214.337500
81000 217.000000 214.370370
82000 216.000000 214.390244
83000 215.000000 214.397590
84000 212.000000 214.369048
85000 218.000000 214.411765
86000 218.000000 214.453488
87000 215.000000 214.459770
88000 217.000000 214.488636
89000 216.000000 214.505618
90000 215.000000 214.511111
91000 216.000000 214.527473
92000 215.000000 214.532609
93000 214.000000 214.526882
94000 214.000000 214.521277
95000 211.000000 214.484211
96000 212.000000 214.458333
97000 216.000000 214.474227
98000 214.000000 214.469388
99000 215.000000 214.474747
100000 213.000000 214.460000
101000 214.000000 214.455446
102000 213.000000 214.441176
103000 217.000000 214.466019
104000 210.000000 214.423077
105000 214.000000 214.419048
106000 213.000000 214.405660
107000 214.000000 214.401869
108000 217.000000 214.425926
109000 211.000000 214.394495
110000 211.000000 214.363636
111000 215.000000 214.369369
112000 212.000000 214.348214
113000 214.000000 214.345133
114000 214.000000 214.342105
115000 213.000000 214.330435
116000 216.000000 214.344828
117000 213.000000 214.333333
118000 216.000000 214.347458
119000 213.000000 214.336134
120000 215.000000 214.341667
121000 212.000000 214.322314
122000 215.000000 214.327869
123000 212.000000 214.308943
124000 212.000000 214.290323
125000 216.000000 214.304000
126000 213.000000 214.293651
127000 215.000000 214.299213
128000 216.000000 214.312500
129000 213.000000 214.302326
130000 213.000000 214.292308
131000 214.000000 214.290076
132000 213.000000 214.280303
133000 215.000000 214.285714
134000 213.000000 214.276119
135000 214.000000 214.274074
136000 216.000000 214.286765
137000 214.000000 214.284672
138000 216.000000 214.297101
139000 215.000000 214.302158
140000 214.000000 214.300000
141000 216.000000 214.312057
142000 215.000000 214.316901
143000 210.000000 214.286713
144000 216.000000 214.298611
145000 216.000000 214.310345
146000 214.000000 214.308219
147000 214.000000 214.306122
148000 212.000000 214.290541
149000 212.000000 214.275168
150000 212.000000 214.260000
151000 213.000000 214.251656
152000 209.000000 214.217105
153000 214.000000 214.215686
154000 213.000000 214.207792
155000 214.000000 214.206452
156000 210.000000 214.179487
157000 215.000000 214.184713
158000 216.000000 214.196203
159000 215.000000 214.201258
160000 211.000000 214.181250
161000 216.000000 214.192547
162000 215.000000 214.197531
163000 213.000000 214.190184
164000 214.000000 214.189024
165000 216.000000 214.200000
166000 214.000000 214.198795
167000 217.000000 214.215569
168000 213.000000 214.208333
169000 214.000000 214.207101
170000 215.000000 214.211765
171000 214.000000 214.210526
172000 214.000000 214.209302
173000 214.000000 214.208092
174000 215.000000 214.212644
175000 213.000000 214.205714
176000 214.000000 214.204545
177000 215.000000 214.209040
178000 213.000000 214.202247
179000 214.000000 214.201117
180000 214.000000 214.200000
181000 214.000000 214.198895
182000 215.000000 214.203297
183000 214.000000 214.202186
184000 211.000000 214.184783
185000 212.000000 214.172973
186000 214.000000 214.172043
187000 216.000000 214.181818
188000 212.000000 214.170213
189000 211.000000 214.153439
190000 212.000000 214.142105
191000 214.000000 214.141361
192000 212.000000 214.130208
193000 214.000000 214.129534
194000 212.000000 214.118557
195000 216.000000 214.128205
196000 213.000000 214.122449
197000 211.000000 214.106599
198000 214.000000 214.106061
199000 213.000000 214.100503
200000 213.000000 214.095000
201000 212.000000 214.084577
202000 210.000000 214.064356
203000 211.000000 214.049261
204000 208.000000 214.019608
205000 212.000000 214.009756
206000 210.000000 213.990291
207000 214.000000 213.990338
208000 210.000000 213.971154
209000 213.000000 213.966507
210000 215.000000 213.971429
211000 212.000000 213.962085
212000 212.000000 213.952830
213000 213.000000 213.948357
214000 214.000000 213.948598
215000 213.000000 213.944186
216000 216.000000 213.953704
217000 212.000000 213.944700
218000 214.000000 213.944954
219000 212.000000 213.936073
220000 214.000000 213.936364
221000 210.000000 213.918552
222000 213.000000 213.914414
223000 216.000000 213.923767
224000 215.000000 213.928571
225000 214.000000 213.928889
226000 214.000000 213.929204
227000 216.000000 213.938326
228000 215.000000 213.942982
229000 214.000000 213.943231
230000 214.000000 213.943478
231000 215.000000 213.948052
232000 216.000000 213.956897
233000 216.000000 213.965665
234000 212.000000 213.957265
235000 214.000000 213.957447
236000 212.000000 213.949153
237000 212.000000 213.940928
238000 212.000000 213.932773
239000 213.000000 213.928870
240000 215.000000 213.933333
241000 208.000000 213.908714
242000 214.000000 213.909091
243000 213.000000 213.905350
244000 214.000000 213.905738
245000 213.000000 213.902041
246000 209.000000 213.882114
247000 213.000000 213.878543
248000 211.000000 213.866935
249000 213.000000 213.863454
250000 213.000000 213.860000
251000 214.000000 213.860558
252000 213.000000 213.857143
253000 213.000000 213.853755
254000 215.000000 213.858268
255000 215.000000 213.862745
256000 215.000000 213.867188
257000 215.000000 213.871595
258000 215.000000 213.875969
259000 214.000000 213.876448
260000 213.000000 213.873077
261000 215.000000 213.877395
262000 213.000000 213.874046
263000 212.000000 213.866920
264000 212.000000 213.859848
265000 211.000000 213.849057
266000 214.000000 213.849624
267000 211.000000 213.838951
268000 212.000000 213.832090
269000 213.000000 213.828996
270000 211.000000 213.818519
271000 212.000000 213.811808
272000 213.000000 213.808824
273000 214.000000 213.809524
274000 213.000000 213.806569
275000 209.000000 213.789091
276000 216.000000 213.797101
277000 212.000000 213.790614
278000 212.000000 213.784173
279000 214.000000 213.784946
280000 216.000000 213.792857
281000 215.000000 213.797153
282000 212.000000 213.790780
283000 216.000000 213.798587
284000 212.000000 213.792254
285000 212.000000 213.785965
286000 215.000000 213.790210
287000 214.000000 213.790941
288000 216.000000 213.798611
289000 214.000000 213.799308
290000 215.000000 213.803448
291000 213.000000 213.800687
292000 212.000000 213.794521
293000 215.000000 213.798635
294000 212.000000 213.792517
295000 213.000000 213.789831
296000 213.000000 213.787162
297000 217.000000 213.797980
298000 214.000000 213.798658
299000 214.000000 213.799331
300000 213.000000 213.796667
301000 213.000000 213.794020
302000 209.000000 213.778146
303000 211.000000 213.768977
304000 213.000000 213.766447
305000 213.000000 213.763934
306000 214.000000 213.764706
307000 212.000000 213.758958
308000 213.000000 213.756494
309000 211.000000 213.747573
310000 212.000000 213.741935
311000 213.000000 213.739550
312000 214.000000 213.740385
313000 212.000000 213.734824
314000 214.000000 213.735669
315000 211.000000 213.726984
316000 211.000000 213.718354
317000 215.000000 213.722397
318000 214.000000 213.723270
319000 215.000000 213.727273
320000 216.000000 213.734375
321000 216.000000 213.741433
322000 211.000000 213.732919
323000 211.000000 213.724458
324000 215.000000 213.728395
325000 217.000000 213.738462
326000 215.000000 213.742331
327000 217.000000 213.752294
328000 214.000000 213.753049
329000 218.000000 213.765957
330000 215.000000 213.769697
331000 214.000000 213.770393
332000 214.000000 213.771084
333000 212.000000 213.765766
334000 212.000000 213.760479
335000 212.000000 213.755224
336000 215.000000 213.758929
337000 209.000000 213.744807
338000 212.000000 213.739645
339000 210.000000 213.728614
340000 212.000000 213.723529
341000 214.000000 213.724340
342000 208.000000 213.707602
343000 209.000000 213.693878
344000 212.000000 213.688953
345000 210.000000 213.678261
346000 209.000000 213.664740
347000 214.000000 213.665706
348000 214.000000 213.666667
349000 215.000000 213.670487
350000 210.000000 213.660000
351000 211.000000 213.652422
352000 212.000000 213.647727
353000 215.000000 213.651558
354000 214.000000 213.652542
355000 214.000000 213.653521
356000 214.000000 213.654494
357000 213.000000 213.652661
358000 214.000000 213.653631
359000 213.000000 213.651811
360000 212.000000 213.647222
361000 216.000000 213.653740
362000 213.000000 213.651934
363000 215.000000 213.655647
364000 215.000000 213.659341
365000 212.000000 213.654795
366000 212.000000 213.650273
367000 215.000000 213.653951
368000 215.000000 213.657609
369000 214.000000 213.658537
370000 215.000000 213.662162
371000 214.000000 213.663073
372000 215.000000 213.666667
373000 215.000000 213.670241
374000 216.000000 213.676471
375000 214.000000 213.677333
376000 213.000000 213.675532
377000 215.000000 213.679045
378000 214.000000 213.679894
379000 213.000000 213.678100
380000 212.000000 213.673684
381000 212.000000 213.669291
382000 216.000000 213.675393
383000 213.000000 213.673629
384000 215.000000 213.677083
385000 215.000000 213.680519
386000 215.000000 213.683938
387000 210.000000 213.674419
388000 213.000000 213.672680
389000 212.000000 213.668380
390000 211.000000 213.661538
391000 213.000000 213.659847
392000 214.000000 213.660714
393000 212.000000 213.656489
394000 214.000000 213.657360
395000 214.000000 213.658228
396000 208.000000 213.643939
397000 211.000000 213.637280
398000 215.000000 213.640704
399000 212.000000 213.636591
400000 213.000000 213.635000
401000 213.000000 213.633416
402000 213.000000 213.631841
403000 215.000000 213.635236
404000 210.000000 213.626238
405000 215.000000 213.629630
406000 211.000000 213.623153
407000 212.000000 213.619165
408000 212.000000 213.615196
409000 214.000000 213.616137
410000 214.000000 213.617073
411000 214.000000 213.618005
412000 214.000000 213.618932
413000 214.000000 213.619855
414000 215.000000 213.623188
415000 213.000000 213.621687
416000 215.000000 213.625000
417000 213.000000 213.623501
418000 213.000000 213.622010
419000 211.000000 213.615752
420000 215.000000 213.619048
421000 213.000000 213.617577
422000 214.000000 213.618483
423000 217.000000 213.626478
424000 211.000000 213.620283
425000 215.000000 213.623529
426000 217.000000 213.631455
427000 216.000000 213.637002
428000 219.000000 213.649533
429000 217.000000 213.657343
430000 218.000000 213.667442
431000 219.000000 213.679814
432000 215.000000 213.682870
433000 215.000000 213.685912
434000 212.000000 213.682028
435000 213.000000 213.680460
436000 215.000000 213.683486
437000 218.000000 213.693364
438000 218.000000 213.703196
439000 217.000000 213.710706
440000 215.000000 213.713636
441000 216.000000 213.718821
442000 218.000000 213.728507
443000 217.000000 213.735892
444000 216.000000 213.740991
445000 217.000000 213.748315
446000 216.000000 213.753363
447000 214.000000 213.753915
448000 217.000000 213.761161
449000 217.000000 213.768374
450000 218.000000 213.777778
451000 217.000000 213.784922
452000 217.000000 213.792035
453000 218.000000 213.801325
454000 213.000000 213.799559
455000 215.000000 213.802198
456000 218.000000 213.811404
457000 215.000000 213.814004
458000 215.000000 213.816594
459000 217.000000 213.823529
460000 216.000000 213.828261
461000 216.000000 213.832972
462000 215.000000 213.835498
463000 213.000000 213.833693
464000 217.000000 213.840517
465000 216.000000 213.845161
466000 216.000000 213.849785
467000 215.000000 213.852248
468000 215.000000 213.854701
469000 217.000000 213.861407
470000 216.000000 213.865957
471000 218.000000 213.874735
472000 214.000000 213.875000
473000 215.000000 213.877378
474000 216.000000 213.881857
475000 215.000000 213.884211
476000 216.000000 213.888655
477000 216.000000 213.893082
478000 215.000000 213.895397
479000 213.000000 213.893528
480000 216.000000 213.897917
481000 214.000000 213.898129
482000 215.000000 213.900415
483000 217.000000 213.906832
484000 213.000000 213.904959
485000 217.000000 213.911340
486000 217.000000 213.917695
487000 217.000000 213.924025
488000 216.000000 213.928279
489000 218.000000 213.936605
490000 215.000000 213.938776
491000 218.000000 213.947047
492000 215.000000 213.949187
493000 216.000000 213.953347
494000 220.000000 213.965587
495000 209.000000 213.955556
496000 214.000000 213.955645
497000 218.000000 213.963783
498000 215.000000 213.965863
499000 217.000000 213.971944
500000 217.000000 213.978000
501000 216.000000 213.982036
502000 215.000000 213.984064
503000 216.000000 213.988072
504000 215.000000 213.990079
505000 216.000000 213.994059
506000 216.000000 213.998024
507000 215.000000 214.000000
508000 215.000000 214.001969
509000 213.000000 214.000000
510000 213.000000 213.998039
511000 215.000000 214.000000
512000 214.000000 214.000000
513000 214.000000 214.000000
514000 216.000000 214.003891
515000 215.000000 214.005825
516000 214.000000 214.005814
517000 214.000000 214.005803
518000 214.000000 214.005792
519000 215.000000 214.007707
520000 216.000000 214.011538
521000 215.000000 214.013436
522000 217.000000 214.019157
523000 217.000000 214.024857
524000 215.000000 214.026718
525000 217.000000 214.032381
526000 215.000000 214.034221
527000 216.000000 214.037951
528000 217.000000 214.043561
529000 214.000000 214.043478
530000 214.000000 214.043396
531000 216.000000 214.047081
532000 216.000000 214.050752
533000 215.000000 214.052533
534000 218.000000 214.059925
535000 216.000000 214.063551
536000 213.000000 214.061567
537000 218.000000 214.068901
538000 214.000000 214.068773
539000 215.000000 214.070501
540000 215.000000 214.072222
541000 215.000000 214.073937
542000 215.000000 214.075646
543000 217.000000 214.081031
544000 216.000000 214.084559
545000 216.000000 214.088073
546000 217.000000 214.093407
547000 215.000000 214.095064
548000 214.000000 214.094891
549000 215.000000 214.096539
550000 216.000000 214.100000
551000 216.000000 214.103448
552000 217.000000 214.108696
553000 215.000000 214.110307
554000 216.000000 214.113718
555000 217.000000 214.118919
556000 217.000000 214.124101
557000 212.000000 214.120287
558000 216.000000 214.123656
559000 216.000000 214.127013
560000 214.000000 214.126786
561000 217.000000 214.131907
562000 214.000000 214.131673
563000 215.000000 214.133215
564000 215.000000 214.134752
565000 216.000000 214.138053
566000 213.000000 214.136042
567000 216.000000 214.139330
568000 214.000000 214.139085
569000 216.000000 214.142355
570000 211.000000 214.136842
571000 214.000000 214.136602
572000 215.000000 214.138112
573000 217.000000 214.143106
574000 214.000000 214.142857
575000 216.000000 214.146087
576000 215.000000 214.147569
577000 216.000000 214.150780
578000 215.000000 214.152249
579000 213.000000 214.150259
580000 214.000000 214.150000
581000 211.000000 214.144578
582000 214.000000 214.144330
583000 215.000000 214.145798
584000 208.000000 214.135274
585000 220.000000 214.145299
586000 216.000000 214.148464
587000 213.000000 214.146508
588000 214.000000 214.146259
589000 214.000000 214.146010
590000 216.000000 214.149153
591000 214.000000 214.148900
592000 214.000000 214.148649
593000 218.000000 214.155143
594000 217.000000 214.159933
595000 215.000000 214.161345
596000 215.000000 214.162752
597000 215.000000 214.164154
598000 215.000000 214.165552
599000 216.000000 214.168614
600000 214.000000 214.168333
601000 216.000000 214.171381
602000 216.000000 214.174419
603000 215.000000 214.175788
604000 214.000000 214.175497
605000 215.000000 214.176860
606000 216.000000 214.179868
607000 219.000000 214.187809
608000 217.000000 214.192434
609000 217.000000 214.197044
610000 217.000000 214.201639
611000 217.000000 214.206219
612000 216.000000 214.209150
613000 215.000000 214.210440
614000 217.000000 214.214984
615000 217.000000 214.219512
616000 217.000000 214.224026
617000 215.000000 214.225284
618000 217.000000 214.229773
619000 214.000000 214.229402
620000 215.000000 214.230645
621000 217.000000 214.235105
622000 215.000000 214.236334
623000 216.000000 214.239165
624000 216.000000 214.241987
625000 218.000000 214.248000
626000 216.000000 214.250799
627000 215.000000 214.251994
628000 215.000000 214.253185
629000 216.000000 214.255962
630000 217.000000 214.260317
631000 218.000000 214.266244
632000 218.000000 214.272152
633000 215.000000 214.273302
634000 217.000000 214.277603
635000 216.000000 214.280315
636000 216.000000 214.283019
637000 218.000000 214.288854
638000 215.000000 214.289969
639000 217.000000 214.294210
640000 216.000000 214.296875
641000 217.000000 214.301092
642000 216.000000 214.303738
643000 215.000000 214.304821
644000 215.000000 214.305901
645000 213.000000 214.303876
646000 216.000000 214.306502
647000 214.000000 214.306028
648000 216.000000 214.308642
649000 216.000000 214.311248
650000 213.000000 214.309231
651000 213.000000 214.307220
652000 215.000000 214.308282
653000 214.000000 214.307810
654000 217.000000 214.311927
655000 216.000000 214.314504
656000 213.000000 214.312500
657000 214.000000 214.312024
658000 215.000000 214.313070
659000 213.000000 214.311077
660000 214.000000 214.310606
661000 212.000000 214.307110
662000 216.000000 214.309668
663000 216.000000 214.312217
664000 216.000000 214.314759
665000 216.000000 214.317293
666000 216.000000 214.319820
667000 215.000000 214.320840
668000 217.000000 214.324850
669000 214.000000 214.324365
670000 216.000000 214.326866
671000 217.000000 214.330849
672000 217.000000 214.334821
673000 213.000000 214.332838
674000 213.000000 214.330861
675000 216.000000 214.333333
676000 215.000000 214.334320
677000 216.000000 214.336780
678000 217.000000 214.340708
679000 214.000000 214.340206
680000 214.000000 214.339706
681000 216.000000 214.342144
682000 213.000000 214.340176
683000 215.000000 214.341142
684000 215.000000 214.342105
685000 215.000000 214.343066
686000 210.000000 214.336735
687000 215.000000 214.337700
688000 217.000000 214.341570
689000 217.000000 214.345428
690000 214.000000 214.344928
691000 215.000000 214.345876
692000 215.000000 214.346821
693000 215.000000 214.347763
694000 216.000000 214.350144
695000 212.000000 214.346763
696000 217.000000 214.350575
697000 214.000000 214.350072
698000 212.000000 214.346705
699000 212.000000 214.343348
700000 217.000000 214.347143
701000 216.000000 214.349501
702000 214.000000 214.349003
703000 217.000000 214.352774
704000 212.000000 214.349432
705000 213.000000 214.347518
706000 216.000000 214.349858
707000 213.000000 214.347949
708000 216.000000 214.350282
709000 213.000000 214.348378
710000 214.000000 214.347887
711000 214.000000 214.347398
712000 216.000000 214.349719
713000 216.000000 214.352034
714000 216.000000 214.354342
715000 215.000000 214.355245
716000 215.000000 214.356145
717000 214.000000 214.355649
718000 218.000000 214.360724
719000 217.000000 214.364395
720000 215.000000 214.365278
721000 216.000000 214.367545
722000 213.000000 214.365651
723000 215.000000 214.366528
724000 217.000000 214.370166
725000 215.000000 214.371034
726000 214.000000 214.370523
727000 216.000000 214.372765
728000 213.000000 214.370879
729000 215.000000 214.371742
730000 216.000000 214.373973
731000 213.000000 214.372093
732000 215.000000 214.372951
733000 214.000000 214.372442
734000 215.000000 214.373297
735000 214.000000 214.372789
736000 215.000000 214.373641
737000 212.000000 214.370421
738000 213.000000 214.368564
739000 213.000000 214.366712
740000 215.000000 214.367568
741000 215.000000 214.368421
742000 212.000000 214.365229
743000 214.000000 214.364738
744000 213.000000 214.362903
745000 209.000000 214.355705
746000 213.000000 214.353887
747000 212.000000 214.350736
748000 209.000000 214.343583
749000 215.000000 214.344459
750000 216.000000 214.346667
751000 211.000000 214.342210
752000 211.000000 214.337766
753000 215.000000 214.338645
754000 212.000000 214.335544
755000 214.000000 214.335099
756000 214.000000 214.334656
757000 212.000000 214.331572
758000 215.000000 214.332454
759000 216.000000 214.334651
760000 216.000000 214.336842
761000 217.000000 214.340342
762000 217.000000 214.343832
763000 216.000000 214.346003
764000 215.000000 214.346859
765000 214.000000 214.346405
766000 215.000000 214.347258
767000 216.000000 214.349413
768000 214.000000 214.348958
769000 216.000000 214.351105
770000 217.000000 214.354545
771000 215.000000 214.355383
772000 215.000000 214.356218
773000 214.000000 214.355757
774000 216.000000 214.357881
775000 215.000000 214.358710
776000 215.000000 214.359536
777000 216.000000 214.361647
778000 217.000000 214.365039
779000 213.000000 214.363286
780000 214.000000 214.362821
781000 215.000000 214.363636
782000 215.000000 214.364450
783000 213.000000 214.362708
784000 214.000000 214.362245
785000 215.000000 214.363057
786000 215.000000 214.363868
787000 215.000000 214.364676
788000 216.000000 214.366751
789000 216.000000 214.368821
790000 214.000000 214.368354
791000 214.000000 214.367889
792000 216.000000 214.369949
793000 214.000000 214.369483
794000 217.000000 214.372796
795000 214.000000 214.372327
796000 215.000000 214.373116
797000 217.000000 214.376412
798000 217.000000 214.379699
799000 213.000000 214.377972
800000 212.000000 214.375000
801000 210.000000 214.369538
802000 217.000000 214.372818
803000 213.000000 214.371108
804000 215.000000 214.371891
805000 216.000000 214.373913
806000 217.000000 214.377171
807000 217.000000 214.380421
808000 214.000000 214.379950
809000 217.000000 214.383189
810000 218.000000 214.387654
811000 214.000000 214.387176
812000 216.000000 214.389163
813000 215.000000 214.389914
814000 215.000000 214.390663
815000 215.000000 214.391411
816000 215.000000 214.392157
817000 215.000000 214.392901
818000 213.000000 214.391198
819000 216.000000 214.393162
820000 212.000000 214.390244
821000 217.000000 214.393423
822000 215.000000 214.394161
823000 212.000000 214.391252
824000 214.000000 214.390777
825000 216.000000 214.392727
826000 217.000000 214.395884
827000 217.000000 214.399033
828000 216.000000 214.400966
829000 212.000000 214.398070
830000 212.000000 214.395181
831000 213.000000 214.393502
832000 211.000000 214.389423
833000 212.000000 214.386555
834000 210.000000 214.381295
835000 213.000000 214.379641
836000 212.000000 214.376794
837000 213.000000 214.375149
838000 212.000000 214.372315
839000 215.000000 214.373063
840000 215.000000 214.373810
841000 215.000000 214.374554
842000 213.000000 214.372922
843000 217.000000 214.376038
844000 214.000000 214.375592
845000 216.000000 214.377515
846000 213.000000 214.375887
847000 212.000000 214.373081
848000 212.000000 214.370283
849000 212.000000 214.367491
850000 214.000000 214.367059
851000 215.000000 214.367803
852000 212.000000 214.365023
853000 215.000000 214.365768
854000 215.000000 214.366511
855000 213.000000 214.364912
856000 214.000000 214.364486
857000 215.000000 214.365228
858000 215.000000 214.365967
859000 214.000000 214.365541
860000 213.000000 214.363953
861000 216.000000 214.365854
862000 215.000000 214.366589
863000 215.000000 214.367323
864000 214.000000 214.366898
865000 216.000000 214.368786
866000 214.000000 214.368360
867000 217.000000 214.371396
868000 215.000000 214.372120
869000 210.000000 214.367089
870000 213.000000 214.365517
871000 211.000000 214.361653
872000 213.000000 214.360092
873000 212.000000 214.357388
874000 214.000000 214.356979
875000 214.000000 214.356571
876000 213.000000 214.355023
877000 214.000000 214.354618
878000 214.000000 214.354214
879000 215.000000 214.354949
880000 215.000000 214.355682
881000 214.000000 214.355278
882000 213.000000 214.353741
883000 213.000000 214.352208
884000 215.000000 214.352941
885000 214.000000 214.352542
886000 214.000000 214.352144
887000 208.000000 214.344983
888000 210.000000 214.340090
889000 216.000000 214.341957
890000 214.000000 214.341573
891000 210.000000 214.336700
892000 214.000000 214.336323
893000 213.000000 214.334826
894000 214.000000 214.334452
895000 215.000000 214.335196
896000 214.000000 214.334821
897000 213.000000 214.333333
898000 216.000000 214.335189
899000 216.000000 214.337041
900000 211.000000 214.333333
901000 218.000000 214.337403
902000 216.000000 214.339246
903000 215.000000 214.339978
904000 215.000000 214.340708
905000 213.000000 214.339227
906000 212.000000 214.336645
907000 216.000000 214.338479
908000 213.000000 214.337004
909000 216.000000 214.338834
910000 215.000000 214.339560
911000 213.000000 214.338090
912000 216.000000 214.339912
913000 216.000000 214.341731
914000 214.000000 214.341357
915000 210.000000 214.336612
916000 214.000000 214.336245
917000 213.000000 214.334787
918000 217.000000 214.337691
919000 216.000000 214.339499
920000 215.000000 214.340217
921000 214.000000 214.339848
922000 216.000000 214.341649
923000 216.000000 214.343445
924000 213.000000 214.341991
925000 213.000000 214.340541
926000 212.000000 214.338013
927000 214.000000 214.337648
928000 214.000000 214.337284
929000 212.000000 214.334769
930000 212.000000 214.332258
931000 212.000000 214.329753
932000 216.000000 214.331545
933000 210.000000 214.326902
934000 211.000000 214.323340
935000 212.000000 214.320856
936000 213.000000 214.319444
937000 211.000000 214.315902
938000 215.000000 214.316631
939000 213.000000 214.315229
940000 214.000000 214.314894
941000 213.000000 214.313496
942000 217.000000 214.316348
943000 212.000000 214.313892
944000 215.000000 214.314619
945000 216.000000 214.316402
946000 213.000000 214.315011
947000 212.000000 214.312566
948000 216.000000 214.314346
949000 214.000000 214.314015
950000 214.000000 214.313684
951000 215.000000 214.314406
952000 211.000000 214.310924
953000 217.000000 214.313746
954000 212.000000 214.311321
955000 214.000000 214.310995
956000 213.000000 214.309623
957000 213.000000 214.308255
958000 210.000000 214.303758
959000 214.000000 214.303441
960000 216.000000 214.305208
961000 214.000000 214.304891
962000 215.000000 214.305613
963000 214.000000 214.305296
964000 211.000000 214.301867
965000 211.000000 214.298446
966000 212.000000 214.296066
967000 214.000000 214.295760
968000 213.000000 214.294421
969000 214.000000 214.294118
970000 213.000000 214.292784
971000 211.000000 214.289392
972000 212.000000 214.287037
973000 212.000000 214.284687
974000 216.000000 214.286448
975000 212.000000 214.284103
976000 212.000000 214.281762
977000 211.000000 214.278403
978000 213.000000 214.277096
979000 212.000000 214.274770
980000 214.000000 214.274490
981000 214.000000 214.274210
982000 215.000000 214.274949
983000 213.000000 214.273652
984000 212.000000 214.271341
985000 214.000000 214.271066
986000 213.000000 214.269777
987000 215.000000 214.270517
988000 216.000000 214.272267
989000 214.000000 214.271992
990000 213.000000 214.270707
991000 213.000000 214.269425
992000 215.000000 214.270161
993000 213.000000 214.268882
994000 214.000000 214.268612
995000 216.000000 214.270352
996000 213.000000 214.269076
997000 215.000000 214.269809
998000 213.000000 214.268537
999000 214.000000 214.268268
1000000 214.000000 214.268000
1001000 213.000000 214.266733
1002000 212.000000 214.264471
1003000 212.000000 214.262213
1004000 212.000000 214.259960
1005000 214.000000 214.259701
1006000 214.000000 214.259443
1007000 216.000000 214.261172
1008000 212.000000 214.258929
1009000 213.000000 214.257681
1010000 212.000000 214.255446
1011000 214.000000 214.255193
1012000 214.000000 214.254941
1013000 215.000000 214.255676
1014000 213.000000 214.254438
1015000 215.000000 214.255172
1016000 213.000000 214.253937
1017000 213.000000 214.252704
1018000 213.000000 214.251473
1019000 212.000000 214.249264
1020000 215.000000 214.250000
1021000 215.000000 214.250735
1022000 212.000000 214.248532
1023000 213.000000 214.247312
1024000 214.000000 214.247070
1025000 209.000000 214.241951
1026000 214.000000 214.241715
1027000 215.000000 214.242454
1028000 215.000000 214.243191
1029000 215.000000 214.243926
1030000 214.000000 214.243689
1031000 214.000000 214.243453
1032000 215.000000 214.244186
1033000 214.000000 214.243950
1034000 215.000000 214.244681
1035000 214.000000 214.244444
1036000 214.000000 214.244208
1037000 214.000000 214.243973
1038000 210.000000 214.239884
1039000 213.000000 214.238691
1040000 212.000000 214.236538
1041000 209.000000 214.231508
1042000 212.000000 214.229367
1043000 213.000000 214.228188
1044000 208.000000 214.222222
1045000 212.000000 214.220096
1046000 211.000000 214.217017
1047000 214.000000 214.216810
1048000 212.000000 214.214695
1049000 214.000000 214.214490
1050000 214.000000 214.214286
1051000 215.000000 214.215033
1052000 215.000000 214.215779
1053000 215.000000 214.216524
1054000 215.000000 214.217268
1055000 213.000000 214.216114
1056000 212.000000 214.214015
1057000 215.000000 214.214759
1058000 213.000000 214.213611
1059000 213.000000 214.212465
1060000 212.000000 214.210377
1061000 214.000000 214.210179
1062000 213.000000 214.209040
1063000 215.000000 214.209784
1064000 215.000000 214.210526
1065000 213.000000 214.209390
1066000 211.000000 214.206379
1067000 214.000000 214.206186
1068000 214.000000 214.205993
1069000 215.000000 214.206735
1070000 215.000000 214.207477
1071000 214.000000 214.207283
1072000 213.000000 214.206157
1073000 213.000000 214.205033
1074000 216.000000 214.206704
1075000 213.000000 214.205581
1076000 214.000000 214.205390
1077000 215.000000 214.206128
1078000 213.000000 214.205009
1079000 213.000000 214.203892
1080000 212.000000 214.201852
1081000 212.000000 214.199815
1082000 210.000000 214.195933
1083000 214.000000 214.195753
1084000 216.000000 214.197417
1085000 210.000000 214.193548
1086000 214.000000 214.193370
1087000 210.000000 214.189512
1088000 213.000000 214.188419
1089000 213.000000 214.187328
1090000 210.000000 214.183486
1091000 216.000000 214.185151
1092000 216.000000 214.186813
1093000 213.000000 214.185727
1094000 212.000000 214.183729
1095000 213.000000 214.182648
1096000 215.000000 214.183394
1097000 213.000000 214.182315
1098000 211.000000 214.179417
1099000 211.000000 214.176524
1100000 212.000000 214.174545
1101000 211.000000 214.171662
1102000 213.000000 214.170599
1103000 214.000000 214.170444
1104000 215.000000 214.171196
1105000 217.000000 214.173756
1106000 214.000000 214.173599
1107000 214.000000 214.173442
1108000 214.000000 214.173285
1109000 211.000000 214.170424
1110000 213.000000 214.169369
1111000 215.000000 214.170117
1112000 215.000000 214.170863
1113000 215.000000 214.171608
1114000 215.000000 214.172352
1115000 213.000000 214.171300
1116000 216.000000 214.172939
1117000 216.000000 214.174575
1118000 214.000000 214.174419
1119000 215.000000 214.175156
1120000 215.000000 214.175893
1121000 209.000000 214.171276
1122000 214.000000 214.171123
1123000 216.000000 214.172752
1124000 217.000000 214.175267
1125000 214.000000 214.175111
1126000 214.000000 214.174956
1127000 215.000000 214.175688
1128000 215.000000 214.176418
1129000 213.000000 214.175376
1130000 213.000000 214.174336
1131000 209.000000 214.169761
1132000 214.000000 214.169611
1133000 213.000000 214.168579
1134000 213.000000 214.167549
1135000 215.000000 214.168282
1136000 216.000000 214.169894
1137000 214.000000 214.169745
1138000 214.000000 214.169596
1139000 214.000000 214.169447
1140000 215.000000 214.170175
1141000 214.000000 214.170026
1142000 216.000000 214.171629
1143000 216.000000 214.173228
1144000 214.000000 214.173077
1145000 217.000000 214.175546
1146000 214.000000 214.175393
1147000 209.000000 214.170881
1148000 216.000000 214.172474
1149000 215.000000 214.173194
1150000 216.000000 214.174783
1151000 213.000000 214.173762
1152000 215.000000 214.174479
1153000 214.000000 214.174328
1154000 215.000000 214.175043
1155000 214.000000 214.174892
1156000 217.000000 214.177336
1157000 215.000000 214.178047
1158000 214.000000 214.177893
1159000 217.000000 214.180328
1160000 215.000000 214.181034
1161000 213.000000 214.180017
1162000 216.000000 214.181583
1163000 214.000000 214.181427
1164000 213.000000 214.180412
1165000 215.000000 214.181116
1166000 215.000000 214.181818
1167000 216.000000 214.183376
1168000 216.000000 214.184932
1169000 214.000000 214.184773
1170000 216.000000 214.186325
1171000 214.000000 214.186166
1172000 216.000000 214.187713
1173000 216.000000 214.189258
1174000 214.000000 214.189097
1175000 212.000000 214.187234
1176000 213.000000 214.186224
1177000 215.000000 214.186916
1178000 215.000000 214.187606
1179000 214.000000 214.187447
1180000 215.000000 214.188136
1181000 215.000000 214.188823
1182000 211.000000 214.186125
1183000 211.000000 214.183432
1184000 213.000000 214.182432
1185000 216.000000 214.183966
1186000 212.000000 214.182125
1187000 214.000000 214.181971
1188000 216.000000 214.183502
1189000 212.000000 214.181665
1190000 215.000000 214.182353
1191000 211.000000 214.179681
1192000 212.000000 214.177852
1193000 215.000000 214.178541
1194000 211.000000 214.175879
1195000 211.000000 214.173222
1196000 213.000000 214.172241
1197000 214.000000 214.172097
1198000 212.000000 214.170284
1199000 213.000000 214.169308
1200000 212.000000 214.167500
1201000 210.000000 214.164030
1202000 211.000000 214.161398
1203000 210.000000 214.157938
1204000 208.000000 214.152824
1205000 210.000000 214.149378
1206000 210.000000 214.145937
1207000 214.000000 214.145816
1208000 214.000000 214.145695
1209000 212.000000 214.143921
1210000 215.000000 214.144628
1211000 216.000000 214.146160
1212000 213.000000 214.145215
1213000 212.000000 214.143446
1214000 214.000000 214.143328
1215000 213.000000 214.142387
1216000 213.000000 214.141447
1217000 212.000000 214.139688
1218000 211.000000 214.137110
1219000 212.000000 214.135357
1220000 213.000000 214.134426
1221000 210.000000 214.131040
1222000 213.000000 214.130115
1223000 212.000000 214.128373
1224000 213.000000 214.127451
1225000 213.000000 214.126531
1226000 212.000000 214.124796
1227000 215.000000 214.125509
1228000 213.000000 214.124593
1229000 212.000000 214.122864
1230000 212.000000 214.121138
1231000 211.000000 214.118603
1232000 211.000000 214.116071
1233000 214.000000 214.115977
1234000 211.000000 214.113452
1235000 211.000000 214.110931
1236000 212.000000 214.109223
1237000 213.000000 214.108327
1238000 209.000000 214.104200
1239000 214.000000 214.104116
1240000 211.000000 214.101613
1241000 213.000000 214.100725
1242000 212.000000 214.099034
1243000 210.000000 214.095736
1244000 215.000000 214.096463
1245000 215.000000 214.097189
1246000 208.000000 214.092295
1247000 210.000000 214.089014
1248000 212.000000 214.087340
1249000 212.000000 214.085669
1250000 210.000000 214.082400
1251000 212.000000 214.080735
1252000 215.000000 214.081470
1253000 215.000000 214.082203
1254000 211.000000 214.079745
1255000 215.000000 214.080478
1256000 214.000000 214.080414
1257000 209.000000 214.076372
1258000 211.000000 214.073927
1259000 207.000000 214.068308
1260000 209.000000 214.064286
1261000 214.000000 214.064235
1262000 213.000000 214.063391
1263000 214.000000 214.063341
1264000 214.000000 214.063291
1265000 214.000000 214.063241
1266000 211.000000 214.060821
1267000 212.000000 214.059195
1268000 210.000000 214.055994
1269000 213.000000 214.055162
1270000 214.000000 214.055118
1271000 215.000000 214.055862
1272000 214.000000 214.055818
1273000 216.000000 214.057345
1274000 212.000000 214.055730
1275000 210.000000 214.052549
1276000 212.000000 214.050940
1277000 212.000000 214.049334
1278000 212.000000 214.047731
1279000 214.000000 214.047694
1280000 213.000000 214.046875
1281000 212.000000 214.045277
1282000 207.000000 214.039782
1283000 213.000000 214.038971
1284000 213.000000 214.038162
1285000 215.000000 214.038911
1286000 212.000000 214.037325
1287000 211.000000 214.034965
1288000 209.000000 214.031056
1289000 213.000000 214.030256
1290000 213.000000 214.029457
1291000 211.000000 214.027111
1292000 212.000000 214.025542
1293000 211.000000 214.023202
1294000 211.000000 214.020866
1295000 212.000000 214.019305
1296000 212.000000 214.017747
1297000 213.000000 214.016962
1298000 215.000000 214.017720
1299000 213.000000 214.016936
1300000 213.000000 214.016154
1301000 211.000000 214.013836
1302000 213.000000 214.013057
1303000 213.000000 214.012279
1304000 211.000000 214.009969
1305000 211.000000 214.007663
1306000 212.000000 214.006126
1307000 209.000000 214.002295
1308000 211.000000 214.000000
1309000 211.000000 213.997708
1310000 212.000000 213.996183
1311000 211.000000 213.993898
1312000 210.000000 213.990854
1313000 209.000000 213.987053
1314000 212.000000 213.985540
1315000 211.000000 213.983270
1316000 212.000000 213.981763
1317000 207.000000 213.976462
1318000 207.000000 213.971168
1319000 213.000000 213.970432
1320000 211.000000 213.968182
1321000 208.000000 213.963664
1322000 212.000000 213.962179
1323000 211.000000 213.959940
1324000 210.000000 213.956949
1325000 211.000000 213.954717
1326000 213.000000 213.953997
1327000 210.000000 213.951017
1328000 211.000000 213.948795
1329000 212.000000 213.947329
1330000 209.000000 213.943609
1331000 210.000000 213.940646
1332000 212.000000 213.939189
1333000 208.000000 213.934734
1334000 210.000000 213.931784
1335000 211.000000 213.929588
1336000 208.000000 213.925150
1337000 210.000000 213.922214
1338000 207.000000 213.917040
1339000 209.000000 213.913368
1340000 209.000000 213.909701
1341000 211.000000 213.907532
1342000 210.000000 213.904620
1343000 210.000000 213.901713
1344000 210.000000 213.898810
1345000 213.000000 213.898141
1346000 209.000000 213.894502
1347000 213.000000 213.893838
1348000 208.000000 213.889466
1349000 210.000000 213.886583
1350000 209.000000 213.882963
1351000 214.000000 213.883050
1352000 208.000000 213.878698
1353000 212.000000 213.877310
1354000 206.000000 213.871492
1355000 210.000000 213.868635
1356000 211.000000 213.866519
1357000 211.000000 213.864407
1358000 206.000000 213.858616
1359000 211.000000 213.856512
1360000 208.000000 213.852206
1361000 210.000000 213.849375
1362000 210.000000 213.846549
1363000 211.000000 213.844461
1364000 211.000000 213.842375
1365000 208.000000 213.838095
1366000 213.000000 213.837482
1367000 207.000000 213.832480
1368000 208.000000 213.828216
1369000 209.000000 213.824690
1370000 212.000000 213.823358
1371000 212.000000 213.822028
1372000 212.000000 213.820700
1373000 211.000000 213.818645
1374000 212.000000 213.817322
1375000 210.000000 213.814545
1376000 210.000000 213.811773
1377000 209.000000 213.808279
1378000 213.000000 213.807692
1379000 213.000000 213.807107
1380000 212.000000 213.805797
1381000 213.000000 213.805214
1382000 210.000000 213.802460
1383000 212.000000 213.801157
1384000 212.000000 213.799855
1385000 211.000000 213.797834
1386000 213.000000 213.797258
1387000 209.000000 213.793800
1388000 213.000000 213.793228
1389000 212.000000 213.791937
1390000 209.000000 213.788489
1391000 211.000000 213.786485
1392000 209.000000 213.783046
1393000 210.000000 213.780330
1394000 209.000000 213.776901
1395000 212.000000 213.775627
1396000 214.000000 213.775788
1397000 214.000000 213.775948
1398000 210.000000 213.773247
1399000 213.000000 213.772695
1400000 213.000000 213.772143
1401000 212.000000 213.770878
1402000 212.000000 213.769615
1403000 213.000000 213.769066
1404000 211.000000 213.767094
1405000 209.000000 213.763701
1406000 211.000000 213.761735
1407000 210.000000 213.759062
1408000 208.000000 213.754972
1409000 210.000000 213.752307
1410000 209.000000 213.748936
1411000 212.000000 213.747697
1412000 212.000000 213.746459
1413000 214.000000 213.746638
1414000 212.000000 213.745403
1415000 209.000000 213.742049
1416000 212.000000 213.740819
1417000 209.000000 213.737474
1418000 209.000000 213.734133
1419000 215.000000 213.735025
1420000 213.000000 213.734507
1421000 214.000000 213.734694
1422000 213.000000 213.734177
1423000 211.000000 213.732256
1424000 213.000000 213.731742
1425000 211.000000 213.729825
1426000 213.000000 213.729313
1427000 213.000000 213.728802
1428000 213.000000 213.728291
1429000 213.000000 213.727782
1430000 211.000000 213.725874
1431000 213.000000 213.725367
1432000 212.000000 213.724162
1433000 214.000000 213.724355
1434000 213.000000 213.723849
1435000 212.000000 213.722648
1436000 213.000000 213.722145
1437000 213.000000 213.721642
1438000 212.000000 213.720445
1439000 213.000000 213.719944
1440000 212.000000 213.718750
1441000 212.000000 213.717557
1442000 213.000000 213.717060
1443000 214.000000 213.717256
1444000 211.000000 213.715374
1445000 212.000000 213.714187
1446000 215.000000 213.715076
1447000 211.000000 213.713200
1448000 209.000000 213.709945
1449000 211.000000 213.708075
1450000 209.000000 213.704828
1451000 215.000000 213.705720
1452000 212.000000 213.704545
1453000 207.000000 213.699931
1454000 211.000000 213.698074
1455000 214.000000 213.698282
1456000 215.000000 213.699176
1457000 212.000000 213.698010
1458000 211.000000 213.696159
1459000 211.000000 213.694311
1460000 212.000000 213.693151
1461000 212.000000 213.691992
1462000 212.000000 213.690834
1463000 213.000000 213.690362
1464000 213.000000 213.689891
1465000 213.000000 213.689420
1466000 212.000000 213.688267
1467000 214.000000 213.688480
1468000 213.000000 213.688011
1469000 213.000000 213.687543
1470000 214.000000 213.687755
1471000 213.000000 213.687288
1472000 212.000000 213.686141
1473000 213.000000 213.685675
1474000 213.000000 213.685210
1475000 212.000000 213.684068
1476000 214.000000 213.684282
1477000 211.000000 213.682464
1478000 212.000000 213.681326
1479000 215.000000 213.682218
1480000 213.000000 213.681757
1481000 216.000000 213.683322
1482000 215.000000 213.684211
1483000 213.000000 213.683749
1484000 212.000000 213.682615
1485000 210.000000 213.680135
1486000 212.000000 213.679004
1487000 211.000000 213.677202
1488000 212.000000 213.676075
1489000 211.000000 213.674278
1490000 211.000000 213.672483
1491000 210.000000 213.670020
1492000 206.000000 213.664879
1493000 209.000000 213.661755
1494000 209.000000 213.658635
1495000 211.000000 213.656856
1496000 209.000000 213.653743
1497000 213.000000 213.653307
1498000 211.000000 213.651535
1499000 211.000000 213.649767
1500000 211.000000 213.648000
1501000 209.000000 213.644903
1502000 207.000000 213.640479
1503000 208.000000 213.636727
1504000 213.000000 213.636303
1505000 211.000000 213.634551
1506000 210.000000 213.632138
1507000 210.000000 213.629728
1508000 209.000000 213.626658
1509000 209.000000 213.623592
1510000 210.000000 213.621192
1511000 209.000000 213.618134
1512000 207.000000 213.613757
1513000 213.000000 213.613351
1514000 208.000000 213.609643
1515000 208.000000 213.605941
1516000 206.000000 213.600923
1517000 212.000000 213.599868
1518000 209.000000 213.596838
1519000 211.000000 213.595128
1520000 210.000000 213.592763
1521000 208.000000 213.589086
1522000 205.000000 213.583443
1523000 207.000000 213.579120
1524000 210.000000 213.576772
1525000 210.000000 213.574426
1526000 212.000000 213.573394
1527000 213.000000 213.573019
1528000 213.000000 213.572644
1529000 213.000000 213.572269
1530000 212.000000 213.571242
1531000 212.000000 213.570216
1532000 212.000000 213.569191
1533000 210.000000 213.566862
1534000 210.000000 213.564537
1535000 209.000000 213.561564
1536000 210.000000 213.559245
1537000 213.000000 213.558881
1538000 213.000000 213.558518
1539000 209.000000 213.555556
1540000 209.000000 213.552597
1541000 210.000000 213.550292
1542000 214.000000 213.550584
1543000 211.000000 213.548931
1544000 211.000000 213.547280
1545000 211.000000 213.545631
1546000 211.000000 213.543984
1547000 213.000000 213.543633
1548000 213.000000 213.543282
1549000 217.000000 213.545513
1550000 213.000000 213.545161
1551000 212.000000 213.544165
1552000 209.000000 213.541237
1553000 211.000000 213.539601
1554000 211.000000 213.537967
1555000 214.000000 213.538264
1556000 210.000000 213.535990
1557000 213.000000 213.535645
1558000 212.000000 213.534660
1559000 210.000000 213.532393
1560000 212.000000 213.531410
1561000 212.000000 213.530429
1562000 214.000000 213.530730
1563000 215.000000 213.531670
1564000 213.000000 213.531330
1565000 214.000000 213.531629
1566000 207.000000 213.527458
1567000 210.000000 213.525207
1568000 211.000000 213.523597
1569000 212.000000 213.522626
1570000 211.000000 213.521019
1571000 213.000000 213.520687
1572000 211.000000 213.519084
1573000 211.000000 213.517483
1574000 211.000000 213.515883
1575000 212.000000 213.514921
1576000 208.000000 213.511421
1577000 212.000000 213.510463
1578000 214.000000 213.510773
1579000 210.000000 213.508550
1580000 210.000000 213.506329
1581000 209.000000 213.503479
1582000 212.000000 213.502528
1583000 213.000000 213.502211
1584000 213.000000 213.501894
1585000 209.000000 213.499054
1586000 214.000000 213.499369
1587000 214.000000 213.499685
1588000 215.000000 213.500630
1589000 212.000000 213.499685
1590000 211.000000 213.498113
1591000 214.000000 213.498429
1592000 214.000000 213.498744
1593000 211.000000 213.497175
1594000 208.000000 213.493726
1595000 212.000000 213.492790
1596000 213.000000 213.492481
1597000 211.000000 213.490920
1598000 210.000000 213.488736
1599000 210.000000 213.486554
1600000 212.000000 213.485625
1601000 210.000000 213.483448
1602000 211.000000 213.481898
1603000 211.000000 213.480349
1604000 212.000000 213.479426
1605000 214.000000 213.479751
1606000 209.000000 213.476961
1607000 210.000000 213.474798
1608000 207.000000 213.470771
1609000 211.000000 213.469236
1610000 210.000000 213.467081
1611000 209.000000 213.464308
1612000 211.000000 213.462779
1613000 209.000000 213.460012
1614000 209.000000 213.457249
1615000 212.000000 213.456347
1616000 210.000000 213.454208
1617000 211.000000 213.452690
1618000 213.000000 213.452410
1619000 213.000000 213.452131
1620000 211.000000 213.450617
1621000 211.000000 213.449105
1622000 208.000000 213.445746
1623000 210.000000 213.443623
1624000 211.000000 213.442118
1625000 212.000000 213.441231
1626000 213.000000 213.440959
1627000 211.000000 213.439459
1628000 210.000000 213.437346
1629000 212.000000 213.436464
1630000 212.000000 213.435583
1631000 211.000000 213.434090
1632000 211.000000 213.432598
1633000 212.000000 213.431721
1634000 213.000000 213.431457
1635000 213.000000 213.431193
1636000 215.000000 213.432152
1637000 212.000000 213.431277
1638000 213.000000 213.431013
1639000 212.000000 213.430140
1640000 211.000000 213.428659
1641000 211.000000 213.427179
1642000 212.000000 213.426309
1643000 212.000000 213.425441
1644000 215.000000 213.426399
1645000 213.000000 213.426140
1646000 215.000000 213.427096
1647000 213.000000 213.426837
1648000 213.000000 213.426578
1649000 214.000000 213.426925
1650000 213.000000 213.426667
1651000 211.000000 213.425197
1652000 213.000000 213.424939
1653000 214.000000 213.425287
1654000 214.000000 213.425635
1655000 215.000000 213.426586
1656000 212.000000 213.425725
1657000 212.000000 213.424864
1658000 211.000000 213.423402
1659000 214.000000 213.423749
1660000 215.000000 213.424699
1661000 214.000000 213.425045
1662000 214.000000 213.425391
1663000 213.000000 213.425135
1664000 213.000000 213.424880
1665000 215.000000 213.425826
1666000 211.000000 213.424370
1667000 211.000000 213.422915
1668000 213.000000 213.422662
1669000 217.000000 213.424805
1670000 212.000000 213.423952
1671000 215.000000 213.424895
1672000 212.000000 213.424043
1673000 214.000000 213.424387
1674000 211.000000 213.422939
1675000 216.000000 213.424478
1676000 214.000000 213.424821
1677000 214.000000 213.425164
1678000 212.000000 213.424315
1679000 209.000000 213.421680
1680000 212.000000 213.420833
1681000 210.000000 213.418798
1682000 211.000000 213.417360
1683000 211.000000 213.415924
1684000 213.000000 213.415677
1685000 212.000000 213.414837
1686000 213.000000 213.414591
1687000 208.000000 213.411381
1688000 210.000000 213.409360
1689000 215.000000 213.410302
1690000 213.000000 213.410059
1691000 215.000000 213.410999
1692000 214.000000 213.411348
1693000 214.000000 213.411695
1694000 213.000000 213.411452
1695000 214.000000 213.411799
1696000 216.000000 213.413325
1697000 213.000000 213.413082
1698000 215.000000 213.414016
1699000 214.000000 213.414361
1700000 211.000000 213.412941
1701000 213.000000 213.412698
1702000 213.000000 213.412456
1703000 214.000000 213.412801
1704000 211.000000 213.411385
1705000 210.000000 213.409384
1706000 212.000000 213.408558
1707000 214.000000 213.408905
1708000 213.000000 213.408665
1709000 213.000000 213.408426
1710000 212.000000 213.407602
1711000 209.000000 213.405026
1712000 210.000000 213.403037
1713000 214.000000 213.403386
1714000 213.000000 213.403151
1715000 211.000000 213.401749
1716000 213.000000 213.401515
1717000 213.000000 213.401281
1718000 213.000000 213.401048
1719000 215.000000 213.401978
1720000 212.000000 213.401163
1721000 217.000000 213.403254
1722000 213.000000 213.403020
1723000 213.000000 213.402786
1724000 214.000000 213.403132
1725000 215.000000 213.404058
1726000 213.000000 213.403824
1727000 214.000000 213.404169
1728000 213.000000 213.403935
1729000 212.000000 213.403123
1730000 216.000000 213.404624
1731000 215.000000 213.405546
1732000 209.000000 213.403002
1733000 213.000000 213.402770
1734000 214.000000 213.403114
1735000 214.000000 213.403458
1736000 211.000000 213.402074
1737000 216.000000 213.403569
1738000 216.000000 213.405063
1739000 214.000000 213.405405
1740000 215.000000 213.406322
1741000 210.000000 213.404365
1742000 213.000000 213.404133
1743000 213.000000 213.403901
1744000 213.000000 213.403670
1745000 212.000000 213.402865
1746000 215.000000 213.403780
1747000 213.000000 213.403549
1748000 213.000000 213.403318
1749000 213.000000 213.403087
1750000 213.000000 213.402857
1751000 213.000000 213.402627
1752000 211.000000 213.401256
1753000 212.000000 213.400456
1754000 213.000000 213.400228
1755000 211.000000 213.398860
1756000 214.000000 213.399203
1757000 215.000000 213.400114
1758000 211.000000 213.398749
1759000 210.000000 213.396816
1760000 210.000000 213.394886
1761000 211.000000 213.393526
1762000 213.000000 213.393303
1763000 211.000000 213.391946
1764000 208.000000 213.388889
1765000 212.000000 213.388102
1766000 210.000000 213.386183
1767000 209.000000 213.383701
1768000 212.000000 213.382919
1769000 210.000000 213.381006
1770000 213.000000 213.380791
1771000 209.000000 213.378317
1772000 214.000000 213.378668
1773000 213.000000 213.378455
1774000 213.000000 213.378241
1775000 214.000000 213.378592
1776000 213.000000 213.378378
1777000 209.000000 213.375914
1778000 215.000000 213.376828
1779000 214.000000 213.377178
1780000 212.000000 213.376404
1781000 213.000000 213.376193
1782000 212.000000 213.375421
1783000 212.000000 213.374649
1784000 214.000000 213.375000
1785000 213.000000 213.374790
1786000 212.000000 213.374020
1787000 214.000000 213.374370
1788000 208.000000 213.371365
1789000 213.000000 213.371157
1790000 213.000000 213.370950
1791000 214.000000 213.371301
1792000 215.000000 213.372210
1793000 212.000000 213.371445
1794000 213.000000 213.371237
1795000 213.000000 213.371031
1796000 211.000000 213.369710
1797000 213.000000 213.369505
1798000 212.000000 213.368743
1799000 210.000000 213.366870
1800000 213.000000 213.366667
1801000 212.000000 213.365908
1802000 214.000000 213.366260
1803000 214.000000 213.366611
1804000 214.000000 213.366962
1805000 213.000000 213.366759
1806000 212.000000 213.366002
1807000 214.000000 213.366353
1808000 213.000000 213.366150
1809000 210.000000 213.364290
1810000 214.000000 213.364641
1811000 211.000000 213.363335
1812000 210.000000 213.361479
1813000 211.000000 213.360177
1814000 210.000000 213.358324
1815000 212.000000 213.357576
1816000 213.000000 213.357379
1817000 209.000000 213.354981
1818000 209.000000 213.352585
1819000 214.000000 213.352941
1820000 214.000000 213.353297
1821000 212.000000 213.352554
1822000 212.000000 213.351811
1823000 211.000000 213.350521
1824000 211.000000 213.349232
1825000 205.000000 213.344658
1826000 215.000000 213.345564
1827000 209.000000 213.343186
1828000 216.000000 213.344639
1829000 214.000000 213.344997
1830000 212.000000 213.344262
1831000 210.000000 213.342436
1832000 211.000000 213.341157
1833000 213.000000 213.340971
1834000 211.000000 213.339695
1835000 215.000000 213.340599
1836000 212.000000 213.339869
1837000 216.000000 213.341317
1838000 211.000000 213.340044
1839000 213.000000 213.339859
1840000 214.000000 213.340217
1841000 213.000000 213.340033
1842000 210.000000 213.338219
1843000 214.000000 213.338578
1844000 211.000000 213.337310
1845000 213.000000 213.337127
1846000 213.000000 213.336945
1847000 209.000000 213.334597
1848000 212.000000 213.333874
1849000 209.000000 213.331531
1850000 213.000000 213.331351
1851000 213.000000 213.331172
1852000 214.000000 213.331533
1853000 211.000000 213.330275
1854000 210.000000 213.328479
1855000 209.000000 213.326146
1856000 213.000000 213.325970
1857000 214.000000 213.326333
1858000 212.000000 213.325619
1859000 209.000000 213.323292
1860000 211.000000 213.322043
1861000 211.000000 213.320795
1862000 211.000000 213.319549
1863000 212.000000 213.318841
1864000 210.000000 213.317060
1865000 213.000000 213.316890
1866000 210.000000 213.315113
1867000 206.000000 213.311194
1868000 213.000000 213.311028
1869000 213.000000 213.310861
1870000 208.000000 213.308021
1871000 210.000000 213.306253
1872000 211.000000 213.305021
1873000 208.000000 213.302189
1874000 205.000000 213.297759
1875000 215.000000 213.298667
1876000 213.000000 213.298507
1877000 210.000000 213.296750
1878000 214.000000 213.297125
1879000 210.000000 213.295370
1880000 214.000000 213.295745
1881000 212.000000 213.295056
1882000 213.000000 213.294899
1883000 212.000000 213.294211
1884000 213.000000 213.294055
1885000 212.000000 213.293369
1886000 212.000000 213.292683
1887000 214.000000 213.293058
1888000 214.000000 213.293432
1889000 209.000000 213.291159
1890000 213.000000 213.291005
1891000 214.000000 213.291380
1892000 212.000000 213.290698
1893000 211.000000 213.289488
1894000 215.000000 213.290391
1895000 214.000000 213.290765
1896000 213.000000 213.290612
1897000 214.000000 213.290986
1898000 212.000000 213.290306
1899000 213.000000 213.290153
1900000 211.000000 213.288947
1901000 212.000000 213.288269
1902000 212.000000 213.287592
1903000 210.000000 213.285864
1904000 212.000000 213.285189
1905000 211.000000 213.283990
1906000 213.000000 213.283841
1907000 208.000000 213.281070
1908000 210.000000 213.279350
1909000 208.000000 213.276585
1910000 209.000000 213.274346
1911000 211.000000 213.273155
1912000 208.000000 213.270397
1913000 210.000000 213.268688
1914000 210.000000 213.266980
1915000 209.000000 213.264752
1916000 211.000000 213.263570
1917000 210.000000 213.261868
1918000 210.000000 213.260167
1919000 211.000000 213.258989
1920000 207.000000 213.255729
1921000 210.000000 213.254034
1922000 212.000000 213.253382
1923000 211.000000 213.252210
1924000 207.000000 213.248960
1925000 210.000000 213.247273
1926000 211.000000 213.246106
1927000 208.000000 213.243383
1928000 213.000000 213.243257
1929000 212.000000 213.242613
1930000 210.000000 213.240933
1931000 211.000000 213.239772
1932000 211.000000 213.238613
1933000 212.000000 213.237972
1934000 210.000000 213.236298
1935000 210.000000 213.234625
1936000 209.000000 213.232438
1937000 210.000000 213.230769
1938000 211.000000 213.229618
1939000 213.000000 213.229500
1940000 213.000000 213.229381
1941000 214.000000 213.229778
1942000 211.000000 213.228630
1943000 213.000000 213.228513
1944000 211.000000 213.227366
1945000 209.000000 213.225193
1946000 208.000000 213.222508
1947000 213.000000 213.222393
1948000 214.000000 213.222793
1949000 211.000000 213.221652
1950000 210.000000 213.220000
1951000 210.000000 213.218350
1952000 209.000000 213.216189
1953000 214.000000 213.216590
1954000 212.000000 213.215967
1955000 213.000000 213.215857
1956000 212.000000 213.215235
1957000 213.000000 213.215125
1958000 211.000000 213.213994
1959000 212.000000 213.213374
1960000 213.000000 213.213265
1961000 215.000000 213.214176
1962000 212.000000 213.213558
1963000 212.000000 213.212939
1964000 210.000000 213.211303
1965000 212.000000 213.210687
1966000 210.000000 213.209054
1967000 210.000000 213.207422
1968000 213.000000 213.207317
1969000 212.000000 213.206704
1970000 211.000000 213.205584
1971000 213.000000 213.205479
1972000 213.000000 213.205375
1973000 212.000000 213.204764
1974000 214.000000 213.205167
1975000 213.000000 213.205063
1976000 213.000000 213.204960
1977000 210.000000 213.203338
1978000 211.000000 213.202224
1979000 215.000000 213.203133
1980000 210.000000 213.201515
1981000 210.000000 213.199899
1982000 210.000000 213.198285
1983000 209.000000 213.196167
1984000 215.000000 213.197077
1985000 214.000000 213.197481
1986000 210.000000 213.195871
1987000 208.000000 213.193256
1988000 210.000000 213.191650
1989000 213.000000 213.191554
1990000 210.000000 213.189950
1991000 212.000000 213.189352
1992000 210.000000 213.187751
1993000 210.000000 213.186152
1994000 211.000000 213.185055
1995000 212.000000 213.184461
1996000 209.000000 213.182365
1997000 213.000000 213.182273
1998000 211.000000 213.181181
1999000 210.000000 213.179590
2000000 208.000000 213.177000
2001000 212.000000 213.176412
2002000 211.000000 213.175325
2003000 207.000000 213.172242
2004000 212.000000 213.171657
2005000 211.000000 213.170574
2006000 213.000000 213.170489
2007000 211.000000 213.169407
2008000 211.000000 213.168327
2009000 211.000000 213.167247
2010000 211.000000 213.166169
2011000 212.000000 213.165589
2012000 208.000000 213.163022
2013000 211.000000 213.161947
2014000 210.000000 213.160377
2015000 211.000000 213.159305
2016000 213.000000 213.159226
2017000 212.000000 213.158651
2018000 211.000000 213.157582
2019000 211.000000 213.156513
2020000 211.000000 213.155446
2021000 210.000000 213.153884
2022000 210.000000 213.152324
2023000 210.000000 213.150766
2024000 209.000000 213.148715
2025000 213.000000 213.148642
2026000 209.000000 213.146594
2027000 207.000000 213.143562
2028000 209.000000 213.141519
2029000 206.000000 213.137999
2030000 207.000000 213.134975
2031000 214.000000 213.135401
2032000 210.000000 213.133858
2033000 213.000000 213.133792
2034000 213.000000 213.133727
2035000 208.000000 213.131204
2036000 209.000000 213.129175
2037000 210.000000 213.127639
2038000 207.000000 213.124632
2039000 210.000000 213.123100
2040000 209.000000 213.121078
2041000 207.000000 213.118079
2042000 208.000000 213.115573
2043000 208.000000 213.113069
2044000 205.000000 213.109100
2045000 210.000000 213.107579
2046000 212.000000 213.107038
2047000 204.000000 213.102589
2048000 205.000000 213.098633
2049000 210.000000 213.097121
2050000 206.000000 213.093659
2051000 209.000000 213.091663
2052000 209.000000 213.089669
2053000 210.000000 213.088164
2054000 210.000000 213.086660
2055000 209.000000 213.084672
2056000 212.000000 213.084144
2057000 211.000000 213.083131
2058000 211.000000 213.082119
2059000 210.000000 213.080622
2060000 208.000000 213.078155
2061000 210.000000 213.076662
2062000 211.000000 213.075655
2063000 210.000000 213.074164
2064000 207.000000 213.071221
2065000 211.000000 213.070218
2066000 212.000000 213.069700
2067000 208.000000 213.067247
2068000 208.000000 213.064797
2069000 211.000000 213.063799
2070000 209.000000 213.061836
2071000 212.000000 213.061323
2072000 210.000000 213.059846
2073000 212.000000 213.059334
2074000 210.000000 213.057859
2075000 210.000000 213.056386
2076000 209.000000 213.054432
2077000 208.000000 213.051998
2078000 210.000000 213.050529
2079000 209.000000 213.048581
2080000 210.000000 213.047115
2081000 208.000000 213.044690
2082000 209.000000 213.042747
2083000 210.000000 213.041287
2084000 208.000000 213.038868
2085000 207.000000 213.035971
2086000 209.000000 213.034036
2087000 209.000000 213.032103
2088000 210.000000 213.030651
2089000 213.000000 213.030637
2090000 213.000000 213.030622
2091000 212.000000 213.030129
2092000 211.000000 213.029159
2093000 207.000000 213.026278
2094000 210.000000 213.024833
2095000 210.000000 213.023389
2096000 211.000000 213.022424
2097000 210.000000 213.020982
2098000 208.000000 213.018589
2099000 209.000000 213.016675
2100000 211.000000 213.015714
2101000 209.000000 213.013803
2102000 209.000000 213.011893
2103000 213.000000 213.011888
2104000 211.000000 213.010932
2105000 208.000000 213.008551
2106000 211.000000 213.007597
2107000 211.000000 213.006645
2108000 209.000000 213.004744
2109000 209.000000 213.002845
2110000 212.000000 213.002370
2111000 211.000000 213.001421
2112000 211.000000 213.000473
2113000 211.000000 212.999527
2114000 209.000000 212.997635
2115000 214.000000 212.998109
2116000 212.000000 212.997637
2117000 211.000000 212.996693
2118000 212.000000 212.996223
2119000 209.000000 212.994337
2120000 211.000000 212.993396
2121000 207.000000 212.990570
2122000 207.000000 212.987747
2123000 211.000000 212.986811
2124000 211.000000 212.985876
2125000 210.000000 212.984471
2126000 210.000000 212.983067
2127000 212.000000 212.982605
2128000 211.000000 212.981673
2129000 209.000000 212.979803
2130000 209.000000 212.977934
2131000 213.000000 212.977945
2132000 216.000000 212.979362
2133000 212.000000 212.978903
2134000 209.000000 212.977038
2135000 211.000000 212.976112
2136000 212.000000 212.975655
2137000 213.000000 212.975667
2138000 208.000000 212.973340
2139000 211.000000 212.972417
2140000 210.000000 212.971028
2141000 211.000000 212.970107
2142000 211.000000 212.969188
2143000 210.000000 212.967802
2144000 211.000000 212.966884
2145000 209.000000 212.965035
2146000 209.000000 212.963187
2147000 209.000000 212.961341
2148000 211.000000 212.960428
2149000 208.000000 212.958120
2150000 209.000000 212.956279
2151000 212.000000 212.955834
2152000 211.000000 212.954926
2153000 210.000000 212.953553
2154000 208.000000 212.951253
2155000 209.000000 212.949420
2156000 210.000000 212.948052
2157000 212.000000 212.947612
2158000 211.000000 212.946710
2159000 213.000000 212.946735
2160000 211.000000 212.945833
2161000 212.000000 212.945396
2162000 209.000000 212.943571
2163000 211.000000 212.942672
2164000 209.000000 212.940850
2165000 208.000000 212.938568
2166000 210.000000 212.937211
2167000 209.000000 212.935395
2168000 213.000000 212.935424
2169000 216.000000 212.936837
2170000 210.000000 212.935484
2171000 210.000000 212.934132
2172000 211.000000 212.933241
2173000 210.000000 212.931891
2174000 211.000000 212.931003
2175000 210.000000 212.929655
2176000 216.000000 212.931066
2177000 214.000000 212.931557
2178000 215.000000 212.932507
2179000 211.000000 212.931620
2180000 211.000000 212.930734
2181000 209.000000 212.928932
2182000 210.000000 212.927589
2183000 211.000000 212.926706
2184000 211.000000 212.925824
2185000 210.000000 212.924485
2186000 214.000000 212.924977
2187000 209.000000 212.923182
2188000 209.000000 212.921389
2189000 210.000000 212.920055
2190000 212.000000 212.919635
2191000 210.000000 212.918302
2192000 213.000000 212.918339
2193000 209.000000 212.916553
2194000 212.000000 212.916135
2195000 214.000000 212.916629
2196000 210.000000 212.915301
2197000 211.000000 212.914429
2198000 215.000000 212.915378
2199000 212.000000 212.914961
2200000 211.000000 212.914091
2201000 210.000000 212.912767
2202000 213.000000 212.912807
2203000 207.000000 212.910123
2204000 213.000000 212.910163
2205000 212.000000 212.909751
2206000 214.000000 212.910245
2207000 214.000000 212.910739
2208000 212.000000 212.910326
2209000 210.000000 212.909009
2210000 214.000000 212.909502
2211000 213.000000 212.909543
2212000 214.000000 212.910036
2213000 213.000000 212.910077
2214000 207.000000 212.907407
2215000 212.000000 212.906998
2216000 210.000000 212.905686
2217000 213.000000 212.905728
2218000 214.000000 212.906222
2219000 216.000000 212.907616
2220000 209.000000 212.905856
2221000 211.000000 212.904998
2222000 212.000000 212.904590
2223000 213.000000 212.904633
2224000 210.000000 212.903327
2225000 210.000000 212.902022
2226000 209.000000 212.900270
2227000 207.000000 212.897620
2228000 209.000000 212.895871
2229000 210.000000 212.894572
2230000 211.000000 212.893722
2231000 208.000000 212.891528
2232000 210.000000 212.890233
2233000 212.000000 212.889834
2234000 207.000000 212.887198
2235000 211.000000 212.886353
2236000 212.000000 212.885957
2237000 212.000000 212.885561
2238000 213.000000 212.885612
2239000 212.000000 212.885217
2240000 210.000000 212.883929
2241000 211.000000 212.883088
2242000 209.000000 212.881356
2243000 211.000000 212.880517
2244000 210.000000 212.879234
2245000 214.000000 212.879733
2246000 212.000000 212.879341
2247000 210.000000 212.878060
2248000 210.000000 212.876779
2249000 206.000000 212.873722
2250000 212.000000 212.873333
2251000 210.000000 212.872057
2252000 209.000000 212.870337
2253000 211.000000 212.869507
2254000 211.000000 212.868678
2255000 210.000000 212.867406
2256000 212.000000 212.867021
2257000 210.000000 212.865751
2258000 211.000000 212.864925
2259000 207.000000 212.862328
2260000 208.000000 212.860177
2261000 212.000000 212.859797
2262000 211.000000 212.858974
2263000 208.000000 212.856827
2264000 208.000000 212.854682
2265000 213.000000 212.854746
2266000 210.000000 212.853486
2267000 209.000000 212.851787
2268000 209.000000 212.850088
2269000 210.000000 212.848832
2270000 209.000000 212.847137
2271000 209.000000 212.845443
2272000 212.000000 212.845070
2273000 211.000000 212.844259
2274000 214.000000 212.844767
2275000 210.000000 212.843516
2276000 215.000000 212.844464
2277000 208.000000 212.842336
2278000 210.000000 212.841089
2279000 212.000000 212.840720
2280000 212.000000 212.840351
2281000 213.000000 212.840421
2282000 212.000000 212.840053
2283000 211.000000 212.839247
2284000 209.000000 212.837566
2285000 211.000000 212.836761
2286000 211.000000 212.835958
2287000 212.000000 212.835592
2288000 209.000000 212.833916
2289000 212.000000 212.833552
2290000 211.000000 212.832751
2291000 209.000000 212.831078
2292000 210.000000 212.829843
2293000 209.000000 212.828173
2294000 210.000000 212.826940
2295000 208.000000 212.824837
2296000 209.000000 212.823171
2297000 212.000000 212.822812
2298000 213.000000 212.822889
2299000 214.000000 212.823401
2300000 212.000000 212.823043
2301000 211.000000 212.822251
2302000 211.000000 212.821460
2303000 211.000000 212.820669
2304000 210.000000 212.819444
2305000 211.000000 212.818655
2306000 208.000000 212.816565
2307000 210.000000 212.815345
2308000 211.000000 212.814558
2309000 206.000000 212.811607
2310000 209.000000 212.809957
2311000 210.000000 212.808741
2312000 214.000000 212.809256
2313000 213.000000 212.809339
2314000 209.000000 212.807692
2315000 210.000000 212.806479
2316000 213.000000 212.806563
2317000 211.000000 212.805783
2318000 212.000000 212.805436
2319000 212.000000 212.805088
2320000 211.000000 212.804310
2321000 211.000000 212.803533
2322000 209.000000 212.801895
2323000 212.000000 212.801550
2324000 210.000000 212.800344
2325000 209.000000 212.798710
2326000 211.000000 212.797936
2327000 210.000000 212.796734
2328000 212.000000 212.796392
2329000 210.000000 212.795191
2330000 210.000000 212.793991
2331000 214.000000 212.794509
2332000 212.000000 212.794168
2333000 210.000000 212.792970
2334000 210.000000 212.791774
2335000 211.000000 212.791006
2336000 211.000000 212.790240
2337000 210.000000 212.789046
2338000 212.000000 212.788708
2339000 209.000000 212.787088
2340000 212.000000 212.786752
2341000 213.000000 212.786843
2342000 214.000000 212.787361
2343000 213.000000 212.787452
2344000 209.000000 212.785836
2345000 211.000000 212.785075
2346000 215.000000 212.786019
2347000 210.000000 212.784832
2348000 212.000000 212.784497
2349000 210.000000 212.783312
2350000 212.000000 212.782979
2351000 214.000000 212.783496
2352000 213.000000 212.783588
2353000 213.000000 212.783680
2354000 212.000000 212.783347
2355000 214.000000 212.783864
2356000 213.000000 212.783956
2357000 209.000000 212.782350
2358000 211.000000 212.781595
2359000 212.000000 212.781263
2360000 213.000000 212.781356
2361000 210.000000 212.780178
2362000 212.000000 212.779848
2363000 208.000000 212.777825
2364000 208.000000 212.775804
2365000 210.000000 212.774630
2366000 213.000000 212.774725
2367000 212.000000 212.774398
2368000 210.000000 212.773226
2369000 211.000000 212.772478
2370000 213.000000 212.772574
2371000 213.000000 212.772670
2372000 214.000000 212.773187
2373000 214.000000 212.773704
2374000 216.000000 212.775063
2375000 208.000000 212.773053
2376000 211.000000 212.772306
2377000 209.000000 212.770719
2378000 210.000000 212.769554
2379000 212.000000 212.769231
2380000 213.000000 212.769328
2381000 209.000000 212.767745
2382000 213.000000 212.767842
2383000 210.000000 212.766681
2384000 213.000000 212.766779
2385000 215.000000 212.767715
2386000 208.000000 212.765717
2387000 210.000000 212.764558
2388000 214.000000 212.765075
2389000 216.000000 212.766429
2390000 213.000000 212.766527
2391000 209.000000 212.764952
2392000 211.000000 212.764214
2393000 214.000000 212.764730
2394000 214.000000 212.765246
2395000 208.000000 212.763257
2396000 210.000000 212.762104
2397000 213.000000 212.762203
2398000 212.000000 212.761885
2399000 210.000000 212.760734
2400000 212.000000 212.760417
2401000 207.000000 212.758017
2402000 211.000000 212.757286
2403000 208.000000 212.755306
2404000 208.000000 212.753328
2405000 209.000000 212.751767
2406000 210.000000 212.750623
2407000 210.000000 212.749481
2408000 210.000000 212.748339
2409000 212.000000 212.748028
2410000 212.000000 212.747718
2411000 211.000000 212.746993
2412000 211.000000 212.746269
2413000 212.000000 212.745959
2414000 213.000000 212.746065
2415000 208.000000 212.744099
2416000 211.000000 212.743377
2417000 210.000000 212.742242
2418000 211.000000 212.741522
2419000 210.000000 212.740389
2420000 211.000000 212.739669
2421000 211.000000 212.738951
2422000 209.000000 212.737407
2423000 210.000000 212.736277
2424000 210.000000 212.735149
2425000 212.000000 212.734845
2426000 209.000000 212.733306
2427000 210.000000 212.732180
2428000 213.000000 212.732290
2429000 213.000000 212.732400
2430000 214.000000 212.732922
2431000 214.000000 212.733443
2432000 212.000000 212.733141
2433000 214.000000 212.733662
2434000 208.000000 212.731717
2435000 214.000000 212.732238
2436000 215.000000 212.733169
2437000 215.000000 212.734099
2438000 214.000000 212.734619
2439000 212.000000 212.734317
2440000 212.000000 212.734016
2441000 209.000000 212.732487
2442000 213.000000 212.732596
2443000 211.000000 212.731887
2444000 212.000000 212.731588
2445000 215.000000 212.732515
2446000 213.000000 212.732625
2447000 214.000000 212.733143
2448000 214.000000 212.733660
2449000 216.000000 212.734994
2450000 213.000000 212.735102
2451000 212.000000 212.734802
2452000 211.000000 212.734095
2453000 210.000000 212.732980
2454000 214.000000 212.733496
2455000 213.000000 212.733605
2456000 212.000000 212.733306
2457000 211.000000 212.732601
2458000 212.000000 212.732303
2459000 211.000000 212.731598
2460000 214.000000 212.732114
2461000 216.000000 212.733442
2462000 214.000000 212.733956
2463000 211.000000 212.733252
2464000 213.000000 212.733360
2465000 213.000000 212.733469
2466000 208.000000 212.731549
2467000 211.000000 212.730847
2468000 211.000000 212.730146
2469000 216.000000 212.731470
2470000 212.000000 212.731174
2471000 214.000000 212.731688
2472000 210.000000 212.730583
2473000 212.000000 212.730287
2474000 210.000000 212.729184
2475000 213.000000 212.729293
2476000 213.000000 212.729402
2477000 213.000000 212.729512
2478000 213.000000 212.729621
2479000 212.000000 212.729326
2480000 213.000000 212.729435
2481000 211.000000 212.728738
2482000 208.000000 212.726833
2483000 211.000000 212.726138
2484000 212.000000 212.725845
2485000 213.000000 212.725956
2486000 215.000000 212.726870
2487000 215.000000 212.727784
2488000 211.000000 212.727090
2489000 211.000000 212.726396
2490000 209.000000 212.724900
2491000 212.000000 212.724609
2492000 211.000000 212.723917
2493000 212.000000 212.723626
2494000 210.000000 212.722534
2495000 212.000000 212.722244
2496000 212.000000 212.721955
2497000 213.000000 212.722066
2498000 212.000000 212.721777
2499000 214.000000 212.722289
2500000 212.000000 212.722000
2501000 213.000000 212.722111
2502000 210.000000 212.721023
2503000 213.000000 212.721135
2504000 209.000000 212.719649
2505000 213.000000 212.719760
2506000 212.000000 212.719473
2507000 211.000000 212.718787
2508000 211.000000 212.718102
2509000 212.000000 212.717816
2510000 211.000000 212.717131
2511000 214.000000 212.717642
2512000 210.000000 212.716561
2513000 211.000000 212.715877
2514000 212.000000 212.715593
2515000 212.000000 212.715308
2516000 214.000000 212.715819
2517000 214.000000 212.716329
2518000 213.000000 212.716442
2519000 212.000000 212.716157
2520000 213.000000 212.716270
2521000 213.000000 212.716382
2522000 213.000000 212.716495
2523000 214.000000 212.717004
2524000 211.000000 212.716323
2525000 213.000000 212.716436
2526000 209.000000 212.714964
2527000 210.000000 212.713890
2528000 211.000000 212.713212
2529000 211.000000 212.712535
2530000 212.000000 212.712253
2531000 210.000000 212.711181
2532000 210.000000 212.710111
2533000 208.000000 212.708251
2534000 210.000000 212.707182
2535000 211.000000 212.706509
2536000 209.000000 212.705047
2537000 212.000000 212.704769
2538000 213.000000 212.704886
2539000 212.000000 212.704608
2540000 211.000000 212.703937
2541000 210.000000 212.702873
2542000 209.000000 212.701416
2543000 210.000000 212.700354
2544000 209.000000 212.698899
2545000 210.000000 212.697839
2546000 209.000000 212.696386
2547000 209.000000 212.694935
2548000 213.000000 212.695055
2549000 209.000000 212.693605
2550000 211.000000 212.692941
2551000 210.000000 212.691886
2552000 210.000000 212.690831
2553000 211.000000 212.690168
2554000 208.000000 212.688332
2555000 211.000000 212.687671
2556000 211.000000 212.687011
2557000 206.000000 212.684396
2558000 211.000000 212.683737
2559000 211.000000 212.683079
2560000 209.000000 212.681641
2561000 212.000000 212.681374
2562000 213.000000 212.681499
2563000 206.000000 212.678892
2564000 209.000000 212.677457
2565000 212.000000 212.677193
2566000 212.000000 212.676929
2567000 209.000000 212.675497
2568000 211.000000 212.674844
2569000 212.000000 212.674582
2570000 210.000000 212.673541
2571000 209.000000 212.672112
2572000 212.000000 212.671851
2573000 211.000000 212.671201
2574000 212.000000 212.670940
2575000 210.000000 212.669903
2576000 212.000000 212.669643
2577000 212.000000 212.669383
2578000 210.000000 212.668348
2579000 214.000000 212.668864
2580000 212.000000 212.668605
2581000 213.000000 212.668733
2582000 212.000000 212.668474
2583000 209.000000 212.667054
2584000 213.000000 212.667183
2585000 212.000000 212.666925
2586000 209.000000 212.665507
2587000 212.000000 212.665249
2588000 213.000000 212.665379
2589000 205.000000 212.662418
2590000 207.000000 212.660232
2591000 211.000000 212.659591
2592000 210.000000 212.658565
2593000 213.000000 212.658696
2594000 211.000000 212.658057
2595000 214.000000 212.658574
2596000 210.000000 212.657550
2597000 211.000000 212.656912
2598000 212.000000 212.656659
2599000 207.000000 212.654482
2600000 210.000000 212.653462
2601000 210.000000 212.652441
2602000 213.000000 212.652575
2603000 211.000000 212.651940
2604000 210.000000 212.650922
2605000 213.000000 212.651056
2606000 211.000000 212.650422
2607000 214.000000 212.650940
2608000 210.000000 212.649923
2609000 210.000000 212.648908
2610000 214.000000 212.649425
2611000 214.000000 212.649943
2612000 211.000000 212.649311
2613000 211.000000 212.648680
2614000 212.000000 212.648432
2615000 213.000000 212.648566
2616000 211.000000 212.647936
2617000 210.000000 212.646924
2618000 212.000000 212.646677
2619000 211.000000 212.646048
2620000 210.000000 212.645038
2621000 213.000000 212.645174
2622000 212.000000 212.644928
2623000 214.000000 212.645444
2624000 212.000000 212.645198
2625000 213.000000 212.645333
2626000 211.000000 212.644707
2627000 214.000000 212.645223
2628000 211.000000 212.644597
2629000 211.000000 212.643971
2630000 211.000000 212.643346
2631000 213.000000 212.643482
2632000 210.000000 212.642477
2633000 206.000000 212.639954
2634000 210.000000 212.638952
2635000 210.000000 212.637951
2636000 211.000000 212.637329
2637000 215.000000 212.638225
2638000 211.000000 212.637604
2639000 209.000000 212.636226
2640000 208.000000 212.634470
2641000 208.000000 212.632715
2642000 211.000000 212.632097
2643000 208.000000 212.630344
2644000 210.000000 212.629349
2645000 210.000000 212.628355
2646000 212.000000 212.628118
2647000 211.000000 212.627503
2648000 212.000000 212.627266
2649000 209.000000 212.625897
2650000 214.000000 212.626415
2651000 213.000000 212.626556
2652000 215.000000 212.627451
2653000 215.000000 212.628345
2654000 213.000000 212.628485
2655000 213.000000 212.628625
2656000 213.000000 212.628765
2657000 210.000000 212.627776
2658000 208.000000 212.626035
2659000 214.000000 212.626551
2660000 211.000000 212.625940
2661000 214.000000 212.626456
2662000 212.000000 212.626221
2663000 213.000000 212.626361
2664000 212.000000 212.626126
2665000 213.000000 212.626266
2666000 213.000000 212.626407
2667000 208.000000 212.624672
2668000 213.000000 212.624813
2669000 210.000000 212.623829
2670000 214.000000 212.624345
2671000 207.000000 212.622239
2672000 207.000000 212.620135
2673000 210.000000 212.619155
2674000 209.000000 212.617801
2675000 213.000000 212.617944
2676000 212.000000 212.617713
2677000 210.000000 212.616735
2678000 208.000000 212.615011
2679000 212.000000 212.614782
2680000 211.000000 212.614179
2681000 211.000000 212.613577
2682000 210.000000 212.612603
2683000 209.000000 212.611256
2684000 209.000000 212.609911
2685000 212.000000 212.609683
2686000 212.000000 212.609456
2687000 208.000000 212.607741
2688000 209.000000 212.606399
2689000 211.000000 212.605801
2690000 210.000000 212.604833
2691000 209.000000 212.603493
2692000 210.000000 212.602526
2693000 211.000000 212.601931
2694000 210.000000 212.600965
2695000 211.000000 212.600371
2696000 211.000000 212.599777
2697000 212.000000 212.599555
2698000 212.000000 212.599333
2699000 208.000000 212.597629
2700000 210.000000 212.596667
2701000 211.000000 212.596076
2702000 209.000000 212.594745
2703000 213.000000 212.594895
2704000 211.000000 212.594305
2705000 212.000000 212.594085
2706000 212.000000 212.593865
2707000 213.000000 212.594016
2708000 212.000000 212.593796
2709000 211.000000 212.593208
2710000 211.000000 212.592620
2711000 211.000000 212.592032
2712000 214.000000 212.592552
2713000 213.000000 212.592702
2714000 215.000000 212.593589
2715000 211.000000 212.593002
2716000 209.000000 212.591679
2717000 214.000000 212.592197
2718000 214.000000 212.592715
2719000 213.000000 212.592865
2720000 212.000000 212.592647
2721000 211.000000 212.592062
2722000 214.000000 212.592579
2723000 214.000000 212.593096
2724000 211.000000 212.592511
2725000 214.000000 212.593028
2726000 211.000000 212.592443
2727000 213.000000 212.592593
2728000 209.000000 212.591276
2729000 216.000000 212.592525
2730000 213.000000 212.592674
2731000 213.000000 212.592823
2732000 211.000000 212.592240
2733000 211.000000 212.591658
2734000 213.000000 212.591807
2735000 212.000000 212.591590
2736000 212.000000 212.591374
2737000 211.000000 212.590793
2738000 212.000000 212.590577
2739000 213.000000 212.590727
2740000 212.000000 212.590511
2741000 214.000000 212.591025
2742000 212.000000 212.590810
2743000 211.000000 212.590230
2744000 210.000000 212.589286
2745000 212.000000 212.589071
2746000 212.000000 212.588857
2747000 208.000000 212.587186
2748000 215.000000 212.588064
2749000 209.000000 212.586759
2750000 210.000000 212.585818
2751000 211.000000 212.585242
2752000 212.000000 212.585029
2753000 212.000000 212.584817
2754000 212.000000 212.584604
2755000 210.000000 212.583666
2756000 213.000000 212.583817
2757000 208.000000 212.582155
2758000 212.000000 212.581943
2759000 211.000000 212.581370
2760000 215.000000 212.582246
2761000 214.000000 212.582760
2762000 213.000000 212.582911
2763000 214.000000 212.583424
2764000 211.000000 212.582851
2765000 214.000000 212.583363
2766000 217.000000 212.584960
2767000 209.000000 212.583665
2768000 213.000000 212.583815
2769000 212.000000 212.583604
2770000 213.000000 212.583755
2771000 214.000000 212.584266
2772000 212.000000 212.584055
2773000 210.000000 212.583123
2774000 211.000000 212.582552
2775000 213.000000 212.582703
2776000 212.000000 212.582493
2777000 211.000000 212.581923
2778000 213.000000 212.582073
2779000 214.000000 212.582584
2780000 216.000000 212.583813
2781000 214.000000 212.584322
2782000 211.000000 212.583753
2783000 211.000000 212.583184
2784000 213.000000 212.583333
2785000 212.000000 212.583124
2786000 213.000000 212.583274
2787000 211.000000 212.582705
2788000 210.000000 212.581779
2789000 213.000000 212.581929
2790000 212.000000 212.581720
2791000 211.000000 212.581154
2792000 213.000000 212.581304
2793000 211.000000 212.580738
2794000 212.000000 212.580530
2795000 209.000000 212.579249
2796000 211.000000 212.578684
2797000 211.000000 212.578119
2798000 209.000000 212.576841
2799000 213.000000 212.576992
2800000 211.000000 212.576429
2801000 211.000000 212.575866
2802000 212.000000 212.575660
2803000 209.000000 212.574385
2804000 209.000000 212.573110
2805000 209.000000 212.571836
2806000 214.000000 212.572345
2807000 210.000000 212.571429
2808000 211.000000 212.570869
2809000 212.000000 212.570666
2810000 210.000000 212.569751
2811000 213.000000 212.569904
2812000 212.000000 212.569701
2813000 212.000000 212.569499
2814000 211.000000 212.568941
2815000 211.000000 212.568384
2816000 210.000000 212.567472
2817000 212.000000 212.567270
2818000 212.000000 212.567069
2819000 212.000000 212.566868
2820000 211.000000 212.566312
2821000 210.000000 212.565402
2822000 208.000000 212.563785
2823000 213.000000 212.563939
2824000 211.000000 212.563385
2825000 212.000000 212.563186
2826000 213.000000 212.563340
2827000 209.000000 212.562080
2828000 213.000000 212.562235
2829000 211.000000 212.561683
2830000 211.000000 212.561131
2831000 212.000000 212.560933
2832000 214.000000 212.561441
2833000 209.000000 212.560184
2834000 212.000000 212.559986
2835000 211.000000 212.559436
2836000 214.000000 212.559944
2837000 212.000000 212.559746
2838000 205.000000 212.557082
2839000 212.000000 212.556886
2840000 209.000000 212.555634
2841000 213.000000 212.555790
2842000 211.000000 212.555243
2843000 208.000000 212.553641
2844000 212.000000 212.553446
2845000 212.000000 212.553251
2846000 212.000000 212.553057
2847000 212.000000 212.552863
2848000 213.000000 212.553020
2849000 211.000000 212.552475
2850000 209.000000 212.551228
2851000 212.000000 212.551035
2852000 212.000000 212.550842
2853000 208.000000 212.549246
2854000 209.000000 212.548003
2855000 210.000000 212.547110
2856000 211.000000 212.546569
2857000 208.000000 212.544977
2858000 211.000000 212.544437
2859000 212.000000 212.544246
2860000 209.000000 212.543007
2861000 207.000000 212.541070
2862000 207.000000 212.539133
2863000 208.000000 212.537548
2864000 211.000000 212.537011
2865000 208.000000 212.535428
2866000 211.000000 212.534892
2867000 213.000000 212.535054
2868000 209.000000 212.533821
2869000 209.000000 212.532590
2870000 210.000000 212.531707
2871000 210.000000 212.530825
2872000 210.000000 212.529944
2873000 210.000000 212.529064
2874000 209.000000 212.527836
2875000 210.000000 212.526957
2876000 208.000000 212.525382
2877000 210.000000 212.524505
2878000 206.000000 212.522238
2879000 212.000000 212.522056
2880000 206.000000 212.519792
2881000 209.000000 212.518570
2882000 210.000000 212.517696
2883000 206.000000 212.515435
2884000 208.000000 212.513870
2885000 210.000000 212.512998
2886000 205.000000 212.510395
2887000 210.000000 212.509525
2888000 207.000000 212.507618
2889000 208.000000 212.506057
2890000 209.000000 212.504844
2891000 209.000000 212.503632
2892000 209.000000 212.502420
2893000 210.000000 212.501555
2894000 210.000000 212.500691
2895000 209.000000 212.499482
2896000 211.000000 212.498964
2897000 210.000000 212.498101
2898000 211.000000 212.497585
2899000 207.000000 212.495688
2900000 211.000000 212.495172
2901000 210.000000 212.494312
2902000 210.000000 212.493453
2903000 210.000000 212.492594
2904000 208.000000 212.491047
2905000 210.000000 212.490189
2906000 210.000000 212.489332
2907000 212.000000 212.489164
2908000 210.000000 212.488308
2909000 209.000000 212.487109
2910000 211.000000 212.486598
2911000 212.000000 212.486431
2912000 211.000000 212.485920
2913000 210.000000 212.485067
2914000 210.000000 212.484214
2915000 210.000000 212.483362
2916000 208.000000 212.481824
2917000 212.000000 212.481659
2918000 211.000000 212.481151
2919000 210.000000 212.480301
2920000 210.000000 212.479452
2921000 210.000000 212.478603
2922000 212.000000 212.478439
2923000 210.000000 212.477592
2924000 210.000000 212.476744
2925000 211.000000 212.476239
2926000 212.000000 212.476077
2927000 212.000000 212.475914
2928000 210.000000 212.475068
2929000 211.000000 212.474565
2930000 211.000000 212.474061
2931000 206.000000 212.471853
2932000 207.000000 212.469986
2933000 211.000000 212.469485
2934000 209.000000 212.468303
2935000 210.000000 212.467462
2936000 209.000000 212.466281
2937000 211.000000 212.465781
2938000 210.000000 212.464942
2939000 214.000000 212.465464
2940000 207.000000 212.463605
2941000 209.000000 212.462428
2942000 211.000000 212.461931
2943000 212.000000 212.461774
2944000 208.000000 212.460258
2945000 211.000000 212.459762
2946000 212.000000 212.459606
2947000 213.000000 212.459790
2948000 210.000000 212.458955
2949000 211.000000 212.458460
2950000 212.000000 212.458305
2951000 213.000000 212.458489
2952000 210.000000 212.457656
2953000 211.000000 212.457162
2954000 212.000000 212.457007
2955000 212.000000 212.456853
2956000 214.000000 212.457375
2957000 213.000000 212.457558
2958000 212.000000 212.457404
2959000 212.000000 212.457249
2960000 208.000000 212.455743
2961000 214.000000 212.456265
2962000 209.000000 212.455098
2963000 211.000000 212.454607
2964000 210.000000 212.453779
2965000 214.000000 212.454300
2966000 216.000000 212.455496
2967000 212.000000 212.455342
2968000 212.000000 212.455189
2969000 212.000000 212.455035
2970000 212.000000 212.454882
2971000 213.000000 212.455066
2972000 215.000000 212.455922
2973000 211.000000 212.455432
2974000 214.000000 212.455952
2975000 214.000000 212.456471
2976000 213.000000 212.456653
2977000 212.000000 212.456500
2978000 213.000000 212.456682
2979000 213.000000 212.456865
2980000 212.000000 212.456711
2981000 213.000000 212.456894
2982000 212.000000 212.456740
2983000 213.000000 212.456923
2984000 212.000000 212.456769
2985000 213.000000 212.456951
2986000 214.000000 212.457468
2987000 213.000000 212.457650
2988000 211.000000 212.457162
2989000 211.000000 212.456674
2990000 212.000000 212.456522
2991000 212.000000 212.456369
2992000 212.000000 212.456217
2993000 210.000000 212.455396
2994000 213.000000 212.455578
2995000 209.000000 212.454424
2996000 211.000000 212.453939
2997000 211.000000 212.453453
2998000 212.000000 212.453302
2999000 206.000000 212.451150
3000000 211.000000 212.450667
