1000 33.113615 33.113615
2000 32.919295 33.016455
3000 32.945527 32.992812
4000 32.946099 32.981134
5000 33.144137 33.013735
6000 33.141685 33.035060
7000 32.995586 33.029420
8000 33.162222 33.046021
9000 33.335246 33.078157
10000 33.392935 33.109635
11000 33.229353 33.120518
12000 33.101555 33.118938
13000 33.069307 33.115120
14000 33.004825 33.107242
15000 32.997197 33.099906
16000 33.343952 33.115158
17000 33.546256 33.140517
18000 33.197926 33.143707
19000 33.356085 33.154884
20000 33.614632 33.177872
21000 33.477942 33.192161
22000 32.959573 33.181589
23000 33.037352 33.175317
24000 33.033932 33.169426
25000 32.997261 33.162540
26000 33.072611 33.159081
27000 33.160525 33.159134
28000 33.252977 33.162486
29000 32.948906 33.155121
30000 32.932227 33.147691
31000 33.112336 33.146551
32000 33.171201 33.147321
33000 33.316313 33.152442
34000 33.787988 33.171135
35000 33.711611 33.186577
36000 33.719834 33.201390
37000 33.584366 33.211740
38000 33.601683 33.222002
39000 33.564908 33.230794
40000 33.536482 33.238437
41000 33.691734 33.249493
42000 33.806855 33.262763
43000 33.665003 33.272118
44000 33.619146 33.280005
45000 33.445381 33.283680
46000 33.810314 33.295128
47000 33.804408 33.305964
48000 34.095240 33.322407
49000 34.088753 33.338047
50000 34.048946 33.352265
51000 34.113651 33.367194
52000 34.158155 33.382405
53000 34.128280 33.396478
54000 34.293173 33.413083
55000 34.406730 33.431150
56000 34.488369 33.450029
57000 34.307143 33.465066
58000 34.160113 33.477049
59000 34.338839 33.491656
60000 34.338784 33.505775
61000 34.321118 33.519141
62000 34.441774 33.534022
63000 34.216924 33.544862
64000 34.092863 33.553424
65000 34.412420 33.566640
66000 34.235914 33.576780
67000 34.488532 33.590388
68000 34.575988 33.604883
69000 34.444168 33.617046
70000 34.721782 33.632828
71000 34.445434 33.644273
72000 34.747251 33.659592
73000 34.576315 33.672150
74000 34.627938 33.685066
75000 34.493455 33.695845
76000 34.258663 33.703250
77000 34.310963 33.711143
78000 34.377294 33.719683
79000 34.603354 33.730869
80000 34.876895 33.745194
81000 34.726461 33.757308
82000 34.560545 33.767104
83000 34.583126 33.776936
84000 34.572367 33.786405
85000 34.328702 33.792785
86000 34.514121 33.801173
87000 34.486594 33.809051
88000 34.407755 33.815855
89000 34.301732 33.821314
90000 34.280575 33.826417
91000 34.294804 33.831564
92000 34.330688 33.836989
93000 34.171662 33.840588
94000 33.918564 33.841417
95000 34.097437 33.844112
96000 34.160678 33.847410
97000 34.073751 33.849743
98000 34.204475 33.853363
99000 34.132102 33.856178
100000 34.188936 33.859506
101000 34.220482 33.863080
102000 34.300609 33.867370
103000 34.384023 33.872386
104000 34.056823 33.874159
105000 34.206061 33.877320
106000 34.085446 33.879283
107000 34.359527 33.883772
108000 33.968704 33.884558
109000 34.161830 33.887102
110000 34.068852 33.888754
111000 33.909149 33.888938
112000 34.192330 33.891647
113000 33.942852 33.892100
114000 33.853309 33.891760
115000 33.987167 33.892589
116000 33.921992 33.892843
117000 33.740650 33.891542
118000 33.866331 33.891328
119000 33.824447 33.890766
120000 33.895289 33.890804
121000 33.973918 33.891491
122000 34.092628 33.893139
123000 34.331454 33.896703
124000 33.958920 33.897205
125000 33.918026 33.897371
126000 34.088847 33.898891
127000 34.195521 33.901227
128000 34.149627 33.903167
129000 33.965355 33.903649
130000 33.878672 33.903457
131000 34.093333 33.904907
132000 33.751092 33.903741
133000 33.836439 33.903235
134000 33.909953 33.903285
135000 33.776762 33.902348
136000 33.631437 33.900356
137000 33.697541 33.898876
138000 33.991315 33.899546
139000 34.169983 33.901491
140000 34.074828 33.902729
141000 34.213089 33.904931
142000 34.163307 33.906750
143000 34.148611 33.908441
144000 34.128820 33.909972
145000 34.138365 33.911547
146000 34.052938 33.912515
147000 34.126934 33.913974
148000 34.116786 33.915344
149000 34.464525 33.919030
150000 34.519031 33.923030
151000 34.872748 33.929320
152000 34.815563 33.935150
153000 34.377063 33.938039
154000 34.574035 33.942168
155000 34.566037 33.946193
156000 34.506351 33.949784
157000 34.622401 33.954068
158000 34.645586 33.958445
159000 34.491733 33.961799
160000 34.379371 33.964409
161000 34.541908 33.967996
162000 34.396385 33.970640
163000 34.396689 33.973254
164000 34.334447 33.975456
165000 34.467561 33.978439
166000 34.590588 33.982126
167000 34.516126 33.985324
168000 34.614002 33.989066
169000 34.558761 33.992437
170000 34.551638 33.995727
171000 34.543165 33.998928
172000 34.615313 34.002512
173000 34.867093 34.007509
174000 34.934467 34.012837
175000 34.924674 34.018047
176000 34.984687 34.023539
177000 35.062573 34.029410
178000 35.126202 34.035571
179000 34.936898 34.040607
180000 34.986035 34.045859
181000 35.084471 34.051597
182000 34.747774 34.055422
183000 35.073485 34.060986
184000 34.747868 34.064719
185000 34.739223 34.068365
186000 34.747248 34.072015
187000 34.607633 34.074879
188000 34.713699 34.078277
189000 34.604731 34.081062
190000 34.596188 34.083773
191000 34.917686 34.088139
192000 35.087791 34.093346
193000 34.941507 34.097741
194000 34.978727 34.102282
195000 34.929076 34.106522
196000 34.872498 34.110430
197000 34.929030 34.114585
198000 34.909263 34.118599
199000 34.782892 34.121937
200000 34.918199 34.125918
201000 34.703835 34.128793
202000 34.604233 34.131147
203000 34.662359 34.133764
204000 34.816324 34.137110
205000 34.845152 34.140564
206000 34.392386 34.141786
207000 34.399838 34.143033
208000 34.302130 34.143797
209000 34.373867 34.144898
210000 34.449658 34.146350
211000 34.487091 34.147964
212000 34.460564 34.149439
213000 34.447707 34.150839
214000 34.493920 34.152442
215000 34.331045 34.153273
216000 34.370886 34.154281
217000 34.660732 34.156615
218000 34.416539 34.157807
219000 34.506393 34.159399
220000 34.501191 34.160952
221000 34.615970 34.163011
222000 34.529953 34.164664
223000 34.443013 34.165912
224000 34.612553 34.167906
225000 34.674913 34.170159
226000 34.619653 34.172148
227000 34.424772 34.173261
228000 34.527415 34.174815
229000 34.524577 34.176342
230000 34.570571 34.178056
231000 34.316060 34.178653
232000 34.089846 34.178271
233000 33.994619 34.177482
234000 34.399965 34.178433
235000 34.092616 34.178068
236000 34.127915 34.177855
237000 34.193664 34.177922
238000 34.109540 34.177635
239000 34.123685 34.177409
240000 34.154320 34.177313
241000 34.298632 34.177816
242000 34.003804 34.177097
243000 34.116189 34.176847
244000 34.307446 34.177382
245000 34.316990 34.177952
246000 34.223263 34.178136
247000 34.223429 34.178319
248000 34.405869 34.179237
249000 34.275559 34.179624
250000 34.350567 34.180307
251000 34.412138 34.181231
252000 34.588460 34.182847
253000 34.849673 34.185483
254000 34.777091 34.187812
255000 34.768175 34.190088
256000 34.575927 34.191595
257000 34.491888 34.192763
258000 34.396339 34.193552
259000 34.686445 34.195456
260000 34.546669 34.196806
261000 34.483224 34.197904
262000 34.593215 34.199413
263000 34.464294 34.200420
264000 34.510413 34.201594
265000 34.454836 34.202550
266000 34.396295 34.203278
267000 34.207672 34.203294
268000 34.252447 34.203478
269000 34.289003 34.203796
270000 34.464617 34.204762
271000 34.456942 34.205692
272000 34.115177 34.205359
273000 34.052538 34.204800
274000 34.275569 34.205058
275000 34.373892 34.205672
276000 34.176182 34.205565
277000 34.157529 34.205392
278000 34.226173 34.205466
279000 34.221224 34.205523
280000 34.183551 34.205444
281000 34.179348 34.205352
282000 33.922103 34.204347
283000 34.071722 34.203878
284000 34.300821 34.204220
285000 34.026813 34.203597
286000 34.203636 34.203597
287000 34.480750 34.204563
288000 34.146083 34.204360
289000 34.155732 34.204192
290000 34.428668 34.204966
291000 34.639756 34.206460
292000 34.380659 34.207057
293000 34.311720 34.207414
294000 34.156683 34.207241
295000 34.371380 34.207798
296000 34.222716 34.207848
297000 34.153314 34.207664
298000 34.502588 34.208654
299000 34.474804 34.209544
300000 34.516618 34.210568
301000 34.445919 34.211350
302000 34.237220 34.211435
303000 34.245576 34.211548
304000 34.274735 34.211756
305000 34.658663 34.213221
306000 34.582110 34.214427
307000 34.511258 34.215394
308000 34.390613 34.215962
309000 34.578489 34.217136
310000 34.518159 34.218107
311000 34.700553 34.219658
312000 34.866209 34.221730
313000 34.787965 34.223539
314000 34.753134 34.225226
315000 34.715745 34.226783
316000 34.676861 34.228207
317000 34.644824 34.229522
318000 34.684289 34.230952
319000 34.665275 34.232313
320000 34.632625 34.233564
321000 35.045175 34.236093
322000 34.689935 34.237502
323000 34.872061 34.239467
324000 34.802907 34.241206
325000 34.844357 34.243062
326000 34.770793 34.244680
327000 34.678902 34.246008
328000 34.734771 34.247498
329000 34.606152 34.248589
330000 34.234098 34.248545
331000 34.347830 34.248845
332000 34.562035 34.249788
333000 34.630554 34.250931
334000 34.497025 34.251668
335000 34.900191 34.253604
336000 34.722118 34.254998
337000 34.560339 34.255904
338000 34.814542 34.257557
339000 34.788708 34.259124
340000 34.817687 34.260767
341000 34.787162 34.262311
342000 34.712414 34.263627
343000 35.094085 34.266048
344000 34.889347 34.267860
345000 34.769741 34.269314
346000 34.806999 34.270868
347000 34.586118 34.271777
348000 34.534691 34.272532
349000 34.505603 34.273200
350000 34.468206 34.273757
351000 34.667675 34.274880
352000 34.792881 34.276351
353000 34.908733 34.278143
354000 34.907413 34.279920
355000 34.840853 34.281500
356000 34.672816 34.282600
357000 34.534747 34.283306
358000 34.333913 34.283447
359000 34.529617 34.284133
360000 34.433663 34.284548
361000 34.572949 34.285347
362000 34.103931 34.284846
363000 34.005681 34.284077
364000 33.954294 34.283171
365000 33.980057 34.282341
366000 34.094688 34.281828
367000 33.975751 34.280994
368000 33.920267 34.280014
369000 33.935311 34.279080
370000 34.057007 34.278479
371000 33.993333 34.277711
372000 34.046003 34.277088
373000 34.284841 34.277109
374000 34.222269 34.276962
375000 33.909168 34.275981
376000 33.893169 34.274963
377000 33.890583 34.273944
378000 33.992893 34.273200
379000 33.970377 34.272401
380000 34.023607 34.271746
381000 34.045175 34.271152
382000 34.084010 34.270662
383000 33.898267 34.269689
384000 33.752504 34.268343
385000 33.928274 34.267459
386000 34.207435 34.267304
387000 34.216159 34.267172
388000 34.148417 34.266866
389000 34.186437 34.266659
390000 34.458783 34.267151
391000 34.025438 34.266533
392000 34.126227 34.266175
393000 34.307295 34.266280
394000 33.965425 34.265516
395000 33.944647 34.264704
396000 34.003477 34.264044
397000 34.618294 34.264937
398000 34.397951 34.265271
399000 34.567379 34.266028
400000 34.489002 34.266586
401000 34.426336 34.266984
402000 34.534112 34.267648
403000 34.334428 34.267814
404000 34.711179 34.268912
405000 34.616903 34.269771
406000 34.622366 34.270639
407000 34.637053 34.271540
408000 34.812706 34.272866
409000 34.897429 34.274393
410000 34.703652 34.275440
411000 34.795244 34.276705
412000 34.489700 34.277222
413000 34.593931 34.277988
414000 34.526386 34.278588
415000 34.320747 34.278690
416000 34.236264 34.278588
417000 34.485156 34.279083
418000 34.294817 34.279121
419000 34.339700 34.279266
420000 34.265025 34.279232
421000 34.611240 34.280020
422000 34.362554 34.280216
423000 34.498079 34.280731
424000 34.662490 34.281631
425000 34.478484 34.282095
426000 34.485388 34.282572
427000 34.295928 34.282603
428000 34.289180 34.282618
429000 34.144757 34.282297
430000 33.887084 34.281378
431000 34.064991 34.280876
432000 33.991651 34.280206
433000 34.166229 34.279943
434000 34.209843 34.279782
435000 34.176616 34.279544
436000 34.122709 34.279185
437000 34.132137 34.278848
438000 34.144365 34.278541
439000 33.967552 34.277833
440000 33.780736 34.276703
441000 34.201084 34.276532
442000 34.119858 34.276177
443000 34.432844 34.276531
444000 34.498584 34.277031
445000 33.976179 34.276355
446000 34.340574 34.276499
447000 34.170657 34.276262
448000 34.129876 34.275935
449000 34.208844 34.275786
450000 34.255606 34.275741
451000 34.068937 34.275282
452000 34.427137 34.275618
453000 34.348911 34.275780
454000 34.063950 34.275314
455000 34.010143 34.274731
456000 34.077713 34.274299
457000 34.371169 34.274511
458000 34.290138 34.274545
459000 34.214440 34.274414
460000 34.226383 34.274310
461000 34.106468 34.273945
462000 34.001795 34.273356
463000 34.143674 34.273076
464000 34.058810 34.272614
465000 34.118691 34.272283
466000 34.373519 34.272501
467000 34.183130 34.272309
468000 34.227069 34.272213
469000 34.264824 34.272197
470000 34.151104 34.271939
471000 34.171032 34.271725
472000 34.584375 34.272387
473000 34.321979 34.272492
474000 34.047039 34.272017
475000 34.197881 34.271861
476000 33.997787 34.271285
477000 33.959433 34.270631
478000 33.895644 34.269847
479000 33.930202 34.269137
480000 33.945826 34.268464
481000 34.011673 34.267930
482000 33.928429 34.267226
483000 33.641390 34.265930
484000 33.412375 34.264166
485000 33.571355 34.262738
486000 33.568462 34.261309
487000 33.394248 34.259529
488000 33.742097 34.258469
489000 33.651483 34.257227
490000 33.656500 34.256001
491000 33.650634 34.254768
492000 33.762173 34.253767
493000 33.667863 34.252579
494000 33.600551 34.251259
495000 33.657918 34.250060
496000 33.546877 34.248643
497000 33.272248 34.246678
498000 33.618758 34.245417
499000 33.364881 34.243652
500000 33.794938 34.242755
501000 33.616113 34.241504
502000 33.546280 34.240119
503000 33.646552 34.238939
504000 33.683081 34.237836
505000 33.640795 34.236654
506000 33.718231 34.235630
507000 33.750564 34.234673
508000 33.620226 34.233463
509000 33.422371 34.231870
510000 33.572977 34.230578
511000 33.321765 34.228799
512000 33.509078 34.227394
513000 33.642169 34.226253
514000 33.475721 34.224793
515000 33.531259 34.223446
516000 33.420366 34.221890
517000 33.316689 34.220139
518000 33.292015 34.218347
519000 33.217771 34.216419
520000 32.911892 34.213910
521000 33.374367 34.212299
522000 33.571125 34.211071
523000 33.468775 34.209651
524000 33.631872 34.208549
525000 33.648945 34.207483
526000 33.747440 34.206608
527000 33.959396 34.206139
528000 33.775731 34.205324
529000 33.740131 34.204445
530000 33.800277 34.203682
531000 33.908102 34.203125
532000 33.979291 34.202705
533000 33.923256 34.202180
534000 33.945701 34.201700
535000 33.628228 34.200628
536000 33.857624 34.199988
537000 33.586099 34.198845
538000 33.494191 34.197535
539000 33.570948 34.196373
540000 33.389878 34.194879
541000 33.501328 34.193597
542000 33.727983 34.192738
543000 33.805829 34.192026
544000 33.450845 34.190663
545000 33.421616 34.189252
546000 33.506078 34.188001
547000 33.473812 34.186695
548000 33.393892 34.185249
549000 33.463836 34.183934
550000 33.733650 34.183116
551000 33.647140 34.182143
552000 33.863383 34.181566
553000 33.795909 34.180868
554000 33.684419 34.179972
555000 33.723753 34.179150
556000 33.657686 34.178212
557000 33.848781 34.177621
558000 33.867011 34.177064
559000 33.666218 34.176150
560000 33.300831 34.174587
561000 33.489998 34.173367
562000 33.482207 34.172137
563000 33.759909 34.171405
564000 33.348530 34.169946
565000 33.536994 34.168826
566000 33.662268 34.167931
567000 33.369755 34.166523
568000 33.404930 34.165182
569000 33.527232 34.164061
570000 33.365193 34.162659
571000 33.656769 34.161773
572000 33.511777 34.160637
573000 33.584625 34.159632
574000 33.581045 34.158624
575000 33.545104 34.157557
576000 33.217444 34.155925
577000 33.323202 34.154481
578000 33.607035 34.153534
579000 33.629428 34.152629
580000 33.602163 34.151680
581000 33.506858 34.150570
582000 33.514095 34.149477
583000 33.388482 34.148171
584000 33.421260 34.146927
585000 33.380997 34.145617
586000 33.475809 34.144474
587000 33.202918 34.142870
588000 33.562176 34.141883
589000 33.316357 34.140481
590000 33.580094 34.139531
591000 33.598304 34.138616
592000 33.890774 34.138197
593000 33.681107 34.137426
594000 33.692307 34.136677
595000 33.598232 34.135772
596000 33.265828 34.134312
597000 33.691678 34.133571
598000 33.684626 34.132820
599000 33.900764 34.132433
600000 33.719323 34.131744
601000 33.816871 34.131220
602000 33.895566 34.130829
603000 33.655161 34.130040
604000 33.723293 34.129366
605000 33.489207 34.128308
606000 33.703274 34.127607
607000 33.762208 34.127005
608000 33.596760 34.126133
609000 33.645218 34.125343
610000 33.624822 34.124523
611000 33.679867 34.123795
612000 33.640206 34.123005
613000 33.737360 34.122376
614000 33.621455 34.121560
615000 33.467548 34.120496
616000 33.654415 34.119740
617000 33.379494 34.118540
618000 33.179657 34.117021
619000 33.173460 34.115496
620000 33.169823 34.113971
621000 33.232378 34.112551
622000 33.111015 34.110941
623000 33.233605 34.109533
624000 33.494244 34.108547
625000 33.603379 34.107739
626000 33.620069 34.106960
627000 33.720586 34.106343
628000 33.623115 34.105574
629000 33.534285 34.104666
630000 33.560175 34.103801
631000 33.532131 34.102895
632000 33.708709 34.102272
633000 33.622040 34.101513
634000 33.610120 34.100738
635000 33.374061 34.099594
636000 33.419501 34.098524
637000 33.518038 34.097613
638000 33.125783 34.096090
639000 33.142199 34.094597
640000 33.335968 34.093412
641000 33.160906 34.091957
642000 33.330450 34.090771
643000 33.160315 34.089324
644000 33.427086 34.088295
645000 33.529820 34.087430
646000 33.258991 34.086147
647000 33.360597 34.085026
648000 33.062271 34.083447
649000 33.353373 34.082322
650000 33.392319 34.081261
651000 33.451482 34.080294
652000 33.113661 34.078811
653000 33.181685 34.077437
654000 33.241683 34.076159
655000 33.289282 34.074958
656000 33.221504 34.073657
657000 33.187723 34.072308
658000 33.290880 34.071121
659000 33.106302 34.069657
660000 33.084978 34.068165
661000 33.098406 34.066698
662000 33.265535 34.065487
663000 33.233968 34.064233
664000 33.049485 34.062705
665000 33.070580 34.061213
666000 33.027891 34.059662
667000 32.944765 34.057990
668000 32.901880 34.056259
669000 32.823279 34.054416
670000 33.092446 34.052981
671000 33.106026 34.051569
672000 32.962625 34.049949
673000 32.812482 34.048110
674000 32.661100 34.046052
675000 32.529650 34.043806
676000 32.569922 34.041625
677000 32.582102 34.039470
678000 32.839590 34.037700
679000 32.982409 34.036146
680000 33.154511 34.034849
681000 33.177841 34.033591
682000 33.151207 34.032297
683000 33.099468 34.030931
684000 33.137521 34.029625
685000 33.129184 34.028310
686000 33.124180 34.026992
687000 33.119849 34.025672
688000 33.316937 34.024642
689000 33.221234 34.023476
690000 33.324139 34.022462
691000 33.322819 34.021450
692000 33.225294 34.020299
693000 33.496925 34.019544
694000 33.277476 34.018475
695000 33.254198 34.017375
696000 33.080913 34.016030
697000 32.963193 34.014519
698000 33.206533 34.013362
699000 33.236943 34.012251
700000 33.193038 34.011080
701000 33.043649 34.009700
702000 33.057645 34.008344
703000 32.677309 34.006451
704000 32.842344 34.004797
705000 32.955134 34.003308
706000 33.062761 34.001976
707000 33.020807 34.000588
708000 33.150904 33.999388
709000 33.172320 33.998222
710000 33.146177 33.997022
711000 33.152979 33.995835
712000 33.251619 33.994789
713000 33.140162 33.993591
714000 33.077615 33.992308
715000 33.003039 33.990924
716000 33.411306 33.990115
717000 33.164762 33.988964
718000 33.331572 33.988048
719000 33.460285 33.987314
720000 33.208833 33.986233
721000 33.212595 33.985160
722000 33.073079 33.983896
723000 32.784869 33.982238
724000 33.184670 33.981136
725000 33.119794 33.979948
726000 33.384151 33.979128
727000 33.433692 33.978377
728000 33.406985 33.977593
729000 33.171457 33.976487
730000 33.402332 33.975700
731000 33.337109 33.974827
732000 33.304451 33.973911
733000 33.662326 33.973486
734000 33.204845 33.972439
735000 33.282794 33.971500
736000 33.071497 33.970277
737000 33.236864 33.969282
738000 33.260852 33.968322
739000 32.985652 33.966993
740000 33.013849 33.965705
741000 33.118479 33.964561
742000 33.098679 33.963394
743000 33.198724 33.962365
744000 33.422301 33.961639
745000 33.266457 33.960706
746000 33.558644 33.960167
747000 33.619783 33.959711
748000 33.625827 33.959265
749000 33.311959 33.958401
750000 33.446162 33.957718
751000 33.389321 33.956961
752000 33.255695 33.956029
753000 33.233651 33.955069
754000 33.451100 33.954401
755000 33.704545 33.954070
756000 33.748421 33.953798
757000 33.243685 33.952860
758000 33.227462 33.951903
759000 33.189622 33.950898
760000 33.084322 33.949758
761000 33.140302 33.948695
762000 33.087243 33.947564
763000 32.948671 33.946255
764000 33.033266 33.945060
765000 32.940567 33.943747
766000 33.021795 33.942543
767000 33.034380 33.941359
768000 33.144650 33.940322
769000 32.993974 33.939091
770000 33.006565 33.937880
771000 32.778025 33.936376
772000 33.201174 33.935423
773000 33.241293 33.934525
774000 33.158554 33.933523
775000 33.449432 33.932898
776000 33.892721 33.932846
777000 33.840170 33.932727
778000 33.540302 33.932223
779000 33.630416 33.931835
780000 33.873755 33.931761
781000 33.679662 33.931438
782000 33.682198 33.931119
783000 34.019514 33.931232
784000 34.007201 33.931329
785000 33.972753 33.931382
786000 33.844112 33.931271
787000 33.670190 33.930939
788000 33.704335 33.930652
789000 33.670219 33.930322
790000 33.430102 33.929688
791000 33.153001 33.928706
792000 32.772516 33.927247
793000 33.109753 33.926216
794000 32.895963 33.924918
795000 33.037186 33.923802
796000 32.846412 33.922448
797000 32.814840 33.921058
798000 33.020569 33.919930
799000 32.629324 33.918315
800000 32.819759 33.916941
801000 32.908866 33.915683
802000 33.120039 33.914691
803000 33.043998 33.913607
804000 33.286035 33.912826
805000 32.991244 33.911681
806000 33.251633 33.910862
807000 33.199937 33.909981
808000 33.265647 33.909184
809000 33.119363 33.908208
810000 33.141753 33.907261
811000 33.194920 33.906383
812000 33.361664 33.905712
813000 33.513464 33.905230
814000 33.289684 33.904473
815000 33.179729 33.903584
816000 33.430268 33.903004
817000 33.563968 33.902589
818000 33.667030 33.902301
819000 33.557163 33.901880
820000 33.553821 33.901455
821000 33.318104 33.900745
822000 33.662041 33.900454
823000 33.850335 33.900393
824000 33.755157 33.900217
825000 33.758239 33.900045
826000 33.744512 33.899857
827000 33.895255 33.899851
828000 33.829332 33.899766
829000 33.923506 33.899795
830000 33.754329 33.899619
831000 33.716007 33.899399
832000 33.931385 33.899437
833000 33.991451 33.899547
834000 34.096091 33.899783
835000 34.018863 33.899926
836000 34.023128 33.900073
837000 33.851720 33.900015
838000 33.877820 33.899989
839000 34.056499 33.900175
840000 34.188027 33.900518
841000 34.160235 33.900827
842000 33.976638 33.900917
843000 34.192263 33.901262
844000 34.180335 33.901593
845000 34.382349 33.902162
846000 34.322044 33.902658
847000 34.143004 33.902942
848000 33.967184 33.903018
849000 33.926084 33.903045
850000 34.106680 33.903285
851000 33.987497 33.903384
852000 33.944351 33.903432
853000 33.596307 33.903072
854000 33.688717 33.902821
855000 33.829136 33.902734
856000 33.767796 33.902577
857000 33.857645 33.902524
858000 34.017528 33.902658
859000 34.266940 33.903083
860000 34.181407 33.903406
861000 34.159012 33.903703
862000 34.091697 33.903921
863000 34.040738 33.904080
864000 34.152753 33.904367
865000 33.919744 33.904385
866000 34.052429 33.904556
867000 33.779563 33.904412
868000 33.903830 33.904411
869000 33.803015 33.904295
870000 34.101116 33.904521
871000 33.564474 33.904130
872000 33.632461 33.903819
873000 33.468530 33.903320
874000 33.614149 33.902989
875000 33.641590 33.902691
876000 33.667652 33.902422
877000 33.889047 33.902407
878000 33.646105 33.902115
879000 33.659998 33.901840
880000 33.724997 33.901639
881000 33.702414 33.901413
882000 33.844591 33.901348
883000 33.661691 33.901077
884000 33.906410 33.901083
885000 34.095617 33.901303
886000 33.729148 33.901108
887000 33.906570 33.901115
888000 33.921590 33.901138
889000 34.072958 33.901331
890000 33.757725 33.901170
891000 33.629166 33.900864
892000 33.796227 33.900747
893000 33.955358 33.900808
894000 34.013795 33.900935
895000 34.475398 33.901576
896000 34.315557 33.902038
897000 34.314576 33.902498
898000 34.253768 33.902889
899000 34.650101 33.903721
900000 34.773423 33.904687
901000 34.716476 33.905588
902000 34.380794 33.906115
903000 34.375031 33.906634
904000 34.355771 33.907131
905000 34.394240 33.907669
906000 34.622716 33.908458
907000 34.569034 33.909187
908000 34.507060 33.909845
909000 34.602090 33.910607
910000 34.822923 33.911609
911000 34.866990 33.912658
912000 34.523098 33.913327
913000 34.650772 33.914135
914000 34.711145 33.915007
915000 34.564414 33.915717
916000 34.743852 33.916621
917000 34.685186 33.917459
918000 35.067976 33.918712
919000 34.878075 33.919756
920000 34.994619 33.920924
921000 34.873669 33.921959
922000 35.003770 33.923132
923000 34.793862 33.924076
924000 34.518715 33.924719
925000 34.567800 33.925414
926000 34.771736 33.926328
927000 34.840564 33.927315
928000 34.866988 33.928327
929000 35.045162 33.929529
930000 34.914256 33.930588
931000 35.250576 33.932006
932000 35.223233 33.933391
933000 35.114950 33.934658
934000 35.016703 33.935816
935000 35.013597 33.936969
936000 34.892343 33.937990
937000 35.109104 33.939240
938000 35.010439 33.940382
939000 34.813360 33.941311
940000 34.622846 33.942036
941000 34.786637 33.942934
942000 34.702021 33.943740
943000 34.891737 33.944745
944000 34.961241 33.945822
945000 34.776223 33.946701
946000 34.868439 33.947675
947000 34.660328 33.948427
948000 34.758458 33.949282
949000 34.588737 33.949956
950000 34.311338 33.950336
951000 34.360785 33.950768
952000 34.449243 33.951291
953000 34.262791 33.951618
954000 34.223598 33.951903
955000 34.194819 33.952158
956000 34.559216 33.952793
957000 34.260976 33.953115
958000 34.528327 33.953715
959000 34.563700 33.954351
960000 34.323397 33.954736
961000 34.483191 33.955286
962000 34.507589 33.955860
963000 34.386468 33.956307
964000 34.722416 33.957102
965000 34.423758 33.957585
966000 34.607848 33.958258
967000 34.531037 33.958851
968000 34.600928 33.959514
969000 34.416077 33.959985
970000 34.495534 33.960537
971000 34.433683 33.961024
972000 34.354933 33.961430
973000 34.444658 33.961926
974000 34.340691 33.962315
975000 34.396438 33.962760
976000 34.289745 33.963096
977000 34.088629 33.963224
978000 34.366256 33.963636
979000 34.395754 33.964077
980000 34.194833 33.964313
981000 34.238812 33.964593
982000 33.995520 33.964624
983000 34.457754 33.965126
984000 34.228924 33.965394
985000 34.082475 33.965513
986000 34.067851 33.965617
987000 34.054459 33.965707
988000 34.254592 33.965999
989000 34.500193 33.966539
990000 34.067274 33.966641
991000 34.235437 33.966912
992000 34.226918 33.967174
993000 34.187500 33.967396
994000 34.099742 33.967529
995000 34.157439 33.967720
996000 34.431461 33.968186
997000 34.447351 33.968666
998000 34.513102 33.969212
999000 34.239449 33.969482
1000000 34.427841 33.969941
1001000 34.537051 33.970507
1002000 34.665350 33.971201
1003000 34.607821 33.971835
1004000 34.583541 33.972445
1005000 34.732785 33.973201
1006000 34.579213 33.973804
1007000 34.394929 33.974222
1008000 34.267039 33.974512
1009000 34.148816 33.974685
1010000 34.241854 33.974950
1011000 34.114323 33.975088
1012000 33.996333 33.975109
1013000 33.962543 33.975096
1014000 34.043811 33.975164
1015000 33.748853 33.974941
1016000 33.738836 33.974709
1017000 33.858835 33.974595
1018000 33.456789 33.974086
1019000 33.436093 33.973558
1020000 33.697816 33.973288
1021000 33.671609 33.972992
1022000 33.671936 33.972698
1023000 33.665481 33.972397
1024000 33.524051 33.971959
1025000 33.382575 33.971384
1026000 33.380276 33.970808
1027000 33.477721 33.970328
1028000 33.686886 33.970052
1029000 33.441892 33.969539
1030000 33.794893 33.969370
1031000 33.931668 33.969333
1032000 33.996213 33.969359
1033000 34.000748 33.969390
1034000 34.134454 33.969549
1035000 34.146338 33.969720
1036000 34.069437 33.969816
1037000 34.187149 33.970026
1038000 33.916050 33.969974
1039000 33.872698 33.969880
1040000 33.824565 33.969740
1041000 33.627687 33.969412
1042000 33.804378 33.969253
1043000 33.742760 33.969036
1044000 33.722025 33.968800
1045000 33.906573 33.968740
1046000 33.897347 33.968672
1047000 33.722874 33.968437
1048000 33.779897 33.968257
1049000 33.739439 33.968039
1050000 33.777327 33.967857
1051000 33.860560 33.967755
1052000 33.702187 33.967503
1053000 33.586496 33.967141
1054000 33.758990 33.966944
1055000 34.017359 33.966991
1056000 33.971112 33.966995
1057000 33.944924 33.966974
1058000 33.723275 33.966744
1059000 33.569703 33.966369
1060000 33.512972 33.965941
1061000 33.812407 33.965797
1062000 33.898625 33.965733
1063000 33.890799 33.965663
1064000 33.660919 33.965377
1065000 33.790609 33.965212
1066000 33.916397 33.965167
1067000 33.954515 33.965157
1068000 34.098641 33.965282
1069000 33.819639 33.965145
1070000 33.932553 33.965115
1071000 34.177596 33.965313
1072000 33.960679 33.965309
1073000 33.944044 33.965289
1074000 33.813889 33.965148
1075000 33.873095 33.965063
1076000 33.680339 33.964798
1077000 33.800404 33.964645
1078000 33.692220 33.964393
1079000 33.746942 33.964191
1080000 33.973474 33.964200
1081000 33.664486 33.963922
1082000 33.966905 33.963925
1083000 33.837874 33.963809
1084000 33.967406 33.963812
1085000 34.175254 33.964007
1086000 33.783457 33.963841
1087000 33.841255 33.963728
1088000 33.739504 33.963522
1089000 33.732514 33.963310
1090000 33.698787 33.963067
1091000 33.641759 33.962773
1092000 33.648351 33.962485
1093000 33.567509 33.962123
1094000 33.611199 33.961803
1095000 33.351496 33.961245
1096000 33.201762 33.960552
1097000 33.267087 33.959920
1098000 33.425208 33.959433
1099000 33.474774 33.958992
1100000 33.640196 33.958702
1101000 33.514549 33.958299
1102000 33.510666 33.957893
1103000 33.750476 33.957705
1104000 33.481114 33.957273
1105000 33.460410 33.956823
1106000 33.546433 33.956452
1107000 33.308803 33.955867
1108000 33.333808 33.955306
1109000 33.460691 33.954860
1110000 33.912516 33.954822
1111000 33.483178 33.954397
1112000 33.588400 33.954068
1113000 33.634948 33.953781
1114000 33.782486 33.953627
1115000 33.700913 33.953401
1116000 33.652592 33.953131
1117000 33.761312 33.952960
1118000 33.748219 33.952776
1119000 33.518621 33.952388
1120000 33.528287 33.952010
1121000 33.556106 33.951657
1122000 33.332436 33.951105
1123000 33.089274 33.950337
1124000 33.215312 33.949683
1125000 33.284729 33.949092
1126000 33.359034 33.948568
1127000 33.261054 33.947958
1128000 33.396479 33.947469
1129000 33.480954 33.947056
1130000 33.486226 33.946648
1131000 33.644112 33.946381
1132000 33.557695 33.946037
1133000 33.378576 33.945537
1134000 33.620706 33.945250
1135000 33.653033 33.944993
1136000 33.553368 33.944648
1137000 33.556832 33.944307
1138000 33.629101 33.944030
1139000 33.699231 33.943815
1140000 33.494598 33.943421
1141000 33.640567 33.943155
1142000 33.512576 33.942778
1143000 33.906338 33.942747
1144000 33.808758 33.942629
1145000 33.666201 33.942388
1146000 33.776076 33.942243
1147000 33.781045 33.942102
1148000 33.636657 33.941836
1149000 33.549181 33.941495
1150000 33.553022 33.941157
1151000 33.755210 33.940995
1152000 33.907675 33.940966
1153000 34.036934 33.941049
1154000 33.965654 33.941071
1155000 34.062668 33.941176
1156000 33.836599 33.941086
1157000 34.077554 33.941204
1158000 34.014397 33.941267
1159000 34.036897 33.941349
1160000 33.812294 33.941238
1161000 33.978015 33.941270
1162000 34.018960 33.941337
1163000 33.924158 33.941322
1164000 33.816173 33.941214
1165000 34.171426 33.941412
1166000 33.837020 33.941322
1167000 34.103965 33.941462
1168000 34.039200 33.941545
1169000 33.939211 33.941543
1170000 33.376765 33.941061
1171000 33.707123 33.940861
1172000 33.546377 33.940524
1173000 33.557272 33.940198
1174000 33.703975 33.939996
1175000 33.738731 33.939825
1176000 34.035175 33.939906
1177000 34.318986 33.940228
1178000 34.288708 33.940524
1179000 34.065275 33.940630
1180000 33.853492 33.940556
1181000 33.839179 33.940470
1182000 33.762662 33.940320
1183000 33.880315 33.940269
1184000 33.839871 33.940184
1185000 33.789306 33.940057
1186000 33.903695 33.940026
1187000 33.833999 33.939937
1188000 33.942291 33.939939
1189000 33.865570 33.939876
1190000 33.872857 33.939820
1191000 33.895104 33.939782
1192000 34.234189 33.940029
1193000 33.940334 33.940030
1194000 34.303275 33.940334
1195000 34.181096 33.940535
1196000 34.052705 33.940629
1197000 34.239504 33.940879
1198000 34.126972 33.941034
1199000 34.524832 33.941521
1200000 34.312022 33.941830
1201000 34.084619 33.941949
1202000 33.876417 33.941894
1203000 34.229214 33.942133
1204000 34.288011 33.942420
1205000 34.220824 33.942651
1206000 34.324870 33.942968
1207000 34.108897 33.943106
1208000 34.190619 33.943311
1209000 34.247658 33.943562
1210000 34.224583 33.943795
1211000 34.230842 33.944032
1212000 34.119418 33.944176
1213000 34.155245 33.944350
1214000 34.359943 33.944693
1215000 34.253132 33.944947
1216000 34.294342 33.945234
1217000 34.302905 33.945528
1218000 34.494805 33.945979
1219000 34.888092 33.946752
1220000 34.990970 33.947608
1221000 34.977425 33.948451
1222000 34.380379 33.948804
1223000 34.627677 33.949360
1224000 34.772969 33.950032
1225000 34.687828 33.950635
1226000 34.546284 33.951121
1227000 34.770195 33.951788
1228000 34.615431 33.952329
1229000 34.539086 33.952806
1230000 34.929165 33.953600
1231000 34.981765 33.954435
1232000 35.202806 33.955448
1233000 35.356274 33.956584
1234000 35.297140 33.957671
1235000 34.959249 33.958482
1236000 34.932519 33.959270
1237000 35.066428 33.960165
1238000 35.294268 33.961242
1239000 35.324619 33.962343
1240000 35.260783 33.963390
1241000 35.276247 33.964448
1242000 35.321698 33.965541
1243000 35.264114 33.966585
1244000 35.032312 33.967442
1245000 35.268326 33.968487
1246000 35.087802 33.969385
1247000 34.872811 33.970110
1248000 34.864187 33.970826
1249000 34.977403 33.971632
1250000 35.434477 33.972802
1251000 35.419293 33.973959
1252000 35.445106 33.975134
1253000 35.280041 33.976175
1254000 35.592958 33.977464
1255000 35.928537 33.979019
1256000 35.667445 33.980363
1257000 35.813574 33.981822
1258000 35.400519 33.982949
1259000 35.369176 33.984051
1260000 35.719039 33.985427
1261000 35.708546 33.986794
1262000 35.720985 33.988168
1263000 35.792022 33.989596
1264000 35.774949 33.991009
1265000 35.493787 33.992197
1266000 35.385538 33.993297
1267000 35.741854 33.994677
1268000 35.794019 33.996096
1269000 35.860134 33.997565
1270000 35.563061 33.998798
1271000 35.512057 33.999989
1272000 35.791648 34.001397
1273000 35.670136 34.002708
1274000 35.875544 34.004178
1275000 35.947381 34.005702
1276000 35.674554 34.007010
1277000 35.828065 34.008436
1278000 35.981805 34.009980
1279000 35.711219 34.011310
1280000 36.000196 34.012864
1281000 35.927177 34.014359
1282000 35.905700 34.015834
1283000 35.826956 34.017245
1284000 35.920969 34.018728
1285000 35.523315 34.019899
1286000 35.582889 34.021114
1287000 35.824352 34.022516
1288000 35.819157 34.023910
1289000 35.897515 34.025364
1290000 35.982811 34.026881
1291000 36.057059 34.028454
1292000 36.218916 34.030149
1293000 35.944593 34.031630
1294000 36.358800 34.033428
1295000 36.640897 34.035442
1296000 36.554036 34.037385
1297000 36.443008 34.039240
1298000 36.308990 34.040989
1299000 36.242463 34.042683
1300000 35.812541 34.044045
1301000 35.986250 34.045538
1302000 35.833088 34.046911
1303000 35.972795 34.048389
1304000 36.103328 34.049965
1305000 36.308475 34.051695
1306000 36.089806 34.053256
1307000 36.095634 34.054818
1308000 36.190910 34.056451
1309000 36.211318 34.058098
1310000 36.028348 34.059602
1311000 36.113512 34.061168
1312000 36.078137 34.062706
1313000 36.105575 34.064262
1314000 36.105445 34.065815
1315000 36.066854 34.067337
1316000 36.069842 34.068858
1317000 36.164905 34.070450
1318000 36.007095 34.071919
1319000 35.827357 34.073250
1320000 35.888271 34.074625
1321000 35.837104 34.075959
1322000 35.774255 34.077244
1323000 35.696625 34.078468
1324000 35.955578 34.079886
1325000 35.934657 34.081286
1326000 35.562306 34.082403
1327000 35.745319 34.083656
1328000 35.708675 34.084879
1329000 36.068585 34.086372
1330000 35.869970 34.087713
1331000 35.959203 34.089119
1332000 35.759653 34.090373
1333000 35.900772 34.091731
1334000 35.974712 34.093143
1335000 35.858260 34.094465
1336000 35.952579 34.095856
1337000 35.994379 34.097276
1338000 35.975396 34.098680
1339000 36.098703 34.100173
1340000 36.365278 34.101864
1341000 36.706105 34.103806
1342000 36.158923 34.105337
1343000 36.355776 34.107013
1344000 36.561743 34.108839
1345000 36.339072 34.110497
1346000 36.454789 34.112239
1347000 36.160772 34.113760
1348000 36.367607 34.115432
1349000 36.284338 34.117040
1350000 36.377123 34.118714
1351000 36.102238 34.120182
1352000 36.198939 34.121719
1353000 36.253148 34.123295
1354000 36.515630 34.125062
1355000 36.506979 34.126819
1356000 36.364612 34.128470
1357000 36.289937 34.130063
1358000 36.413726 34.131744
1359000 36.308675 34.133346
1360000 36.220273 34.134881
1361000 36.289992 34.136464
1362000 36.412286 34.138135
1363000 35.900380 34.139428
1364000 35.956131 34.140760
1365000 35.986670 34.142112
1366000 35.827686 34.143346
1367000 36.005170 34.144708
1368000 35.883966 34.145979
1369000 36.061031 34.147378
1370000 35.823312 34.148602
1371000 36.084066 34.150013
1372000 35.949406 34.151325
1373000 35.867565 34.152575
1374000 35.732499 34.153725
1375000 35.682900 34.154837
1376000 35.542923 34.155846
1377000 35.743432 34.156999
1378000 35.733626 34.158143
1379000 35.957332 34.159447
1380000 35.807599 34.160642
1381000 35.974401 34.161955
1382000 35.756163 34.163109
1383000 35.508793 34.164082
1384000 35.725900 34.165210
1385000 35.646928 34.166280
1386000 35.825739 34.167477
1387000 36.079122 34.168856
1388000 36.192985 34.170314
1389000 35.931963 34.171582
1390000 35.846405 34.172787
1391000 35.912614 34.174038
1392000 35.873957 34.175259
1393000 36.123361 34.176658
1394000 36.036897 34.177992
1395000 35.927525 34.179246
1396000 35.782166 34.180394
1397000 35.873359 34.181606
1398000 35.790708 34.182757
1399000 35.698886 34.183841
1400000 35.472499 34.184761
1401000 35.298407 34.185556
1402000 35.383845 34.186411
1403000 35.648262 34.187453
1404000 35.609309 34.188466
1405000 35.805591 34.189617
1406000 35.649620 34.190655
1407000 35.785708 34.191789
1408000 35.832142 34.192954
1409000 35.675282 34.194006
1410000 35.632133 34.195026
1411000 35.843056 34.196194
1412000 35.789529 34.197322
1413000 36.049912 34.198633
1414000 36.118100 34.199991
1415000 35.849015 34.201156
1416000 35.607832 34.202150
1417000 35.721820 34.203222
1418000 35.455255 34.204105
1419000 35.633706 34.205112
1420000 35.667829 34.206142
1421000 35.259861 34.206884
1422000 35.296661 34.207650
1423000 35.419880 34.208502
1424000 35.656243 34.209519
1425000 35.863054 34.210679
1426000 35.708421 34.211730
1427000 35.779998 34.212829
1428000 35.758293 34.213911
1429000 35.821889 34.215036
1430000 35.903517 34.216217
1431000 35.576099 34.217167
1432000 35.628499 34.218153
1433000 35.807782 34.219262
1434000 35.532046 34.220178
1435000 35.619224 34.221152
1436000 35.900453 34.222322
1437000 35.701303 34.223351
1438000 35.685154 34.224368
1439000 35.816916 34.225474
1440000 35.559285 34.226401
1441000 35.782433 34.227480
1442000 35.693987 34.228497
1443000 35.861149 34.229629
1444000 35.820639 34.230731
1445000 35.874064 34.231868
1446000 35.538442 34.232772
1447000 35.943629 34.233954
1448000 35.646163 34.234929
1449000 35.433060 34.235756
1450000 35.644875 34.236728
1451000 35.713467 34.237746
1452000 35.632574 34.238706
1453000 35.995368 34.239915
1454000 35.847062 34.241021
1455000 35.897988 34.242159
1456000 35.863121 34.243273
1457000 35.726080 34.244290
1458000 35.984181 34.245484
1459000 35.755954 34.246519
1460000 35.906674 34.247656
1461000 35.458033 34.248484
1462000 35.771822 34.249526
1463000 35.903994 34.250657
1464000 35.507291 34.251516
1465000 35.440148 34.252327
1466000 35.341070 34.253070
1467000 35.669469 34.254035
1468000 35.572214 34.254933
1469000 35.710656 34.255924
1470000 35.860476 34.257016
1471000 35.531352 34.257882
1472000 35.375161 34.258641
1473000 35.677171 34.259604
1474000 35.266649 34.260287
1475000 35.268699 34.260971
1476000 35.447514 34.261775
1477000 35.573855 34.262663
1478000 34.950098 34.263128
1479000 35.340445 34.263857
1480000 35.340412 34.264584
1481000 35.413093 34.265360
1482000 35.179698 34.265976
1483000 35.394495 34.266737
1484000 35.327627 34.267452
1485000 35.518319 34.268295
1486000 35.628551 34.269210
1487000 35.771715 34.270220
1488000 35.627391 34.271133
1489000 35.762860 34.272134
1490000 35.933320 34.273249
1491000 36.274530 34.274592
1492000 35.794186 34.275610
1493000 35.924853 34.276715
1494000 35.688897 34.277660
1495000 36.060878 34.278853
1496000 36.038401 34.280029
1497000 35.754715 34.281014
1498000 35.732272 34.281983
1499000 35.714282 34.282938
1500000 35.612919 34.283825
1501000 35.606436 34.284706
1502000 35.971993 34.285829
1503000 36.100534 34.287037
1504000 35.937165 34.288134
1505000 35.904582 34.289208
1506000 35.883997 34.290267
1507000 35.692581 34.291198
1508000 35.325884 34.291884
1509000 35.157956 34.292458
1510000 35.146990 34.293023
1511000 35.208563 34.293629
1512000 35.292816 34.294290
1513000 35.401544 34.295022
1514000 35.317288 34.295697
1515000 35.310363 34.296367
1516000 35.330239 34.297049
1517000 35.539470 34.297868
1518000 35.991427 34.298984
1519000 35.852677 34.300006
1520000 35.661506 34.300902
1521000 35.380935 34.301612
1522000 35.631745 34.302486
1523000 35.653042 34.303373
1524000 35.449353 34.304125
1525000 35.501061 34.304910
1526000 35.237170 34.305521
1527000 35.093609 34.306037
1528000 35.129787 34.306576
1529000 35.223119 34.307175
1530000 35.353418 34.307859
1531000 35.317789 34.308519
1532000 35.211168 34.309108
1533000 35.543678 34.309913
1534000 35.728514 34.310838
1535000 35.736790 34.311767
1536000 35.645200 34.312635
1537000 35.665213 34.313515
1538000 35.802407 34.314483
1539000 35.736052 34.315407
1540000 35.732991 34.316328
1541000 35.867079 34.317334
1542000 35.948298 34.318392
1543000 35.929124 34.319435
1544000 36.027842 34.320542
1545000 35.918239 34.321576
1546000 35.613915 34.322412
1547000 35.583101 34.323227
1548000 35.659617 34.324090
1549000 35.642761 34.324941
1550000 35.441522 34.325662
1551000 35.392296 34.326350
1552000 35.578840 34.327157
1553000 35.223754 34.327734
1554000 35.349750 34.328392
1555000 35.528734 34.329164
1556000 35.837282 34.330133
1557000 35.467840 34.330863
1558000 35.475443 34.331598
1559000 34.962114 34.332003
1560000 35.368577 34.332667
1561000 35.406368 34.333355
1562000 35.380819 34.334025
1563000 35.627050 34.334853
1564000 35.683925 34.335715
1565000 35.447214 34.336425
1566000 35.509812 34.337175
1567000 35.433897 34.337875
1568000 35.431360 34.338572
1569000 35.360438 34.339223
1570000 35.168897 34.339752
1571000 35.001660 34.340173
1572000 35.284468 34.340774
1573000 35.270401 34.341365
1574000 35.028068 34.341801
1575000 35.348500 34.342440
1576000 35.103871 34.342923
1577000 35.367951 34.343573
1578000 35.557507 34.344343
1579000 35.701049 34.345202
1580000 35.360247 34.345844
1581000 35.296514 34.346446
1582000 35.374571 34.347096
1583000 35.340564 34.347723
1584000 35.500765 34.348451
1585000 35.628924 34.349259
1586000 35.822079 34.350188
1587000 35.776363 34.351086
1588000 35.841399 34.352025
1589000 35.738120 34.352897
1590000 35.630289 34.353700
1591000 35.237784 34.354256
1592000 35.766155 34.355143
1593000 35.647605 34.355954
1594000 35.847716 34.356890
1595000 35.556238 34.357642
1596000 35.534650 34.358380
1597000 35.714993 34.359229
1598000 35.666495 34.360047
1599000 35.495230 34.360757
1600000 35.713404 34.361602
1601000 35.573591 34.362359
1602000 35.839296 34.363281
1603000 36.103697 34.364367
1604000 35.759160 34.365237
1605000 35.637350 34.366029
1606000 35.864973 34.366963
1607000 35.773842 34.367838
1608000 35.794231 34.368725
1609000 35.622696 34.369504
1610000 35.649757 34.370300
1611000 35.675862 34.371110
1612000 35.952357 34.372091
1613000 36.158921 34.373199
1614000 36.001981 34.374208
1615000 35.895315 34.375150
1616000 35.877913 34.376080
1617000 35.526796 34.376791
1618000 35.780992 34.377659
1619000 35.548626 34.378382
1620000 35.663870 34.379176
1621000 35.783834 34.380043
1622000 35.695058 34.380853
1623000 35.760681 34.381703
1624000 35.656544 34.382488
1625000 35.637887 34.383261
1626000 35.306850 34.383829
1627000 35.296841 34.384390
1628000 35.283611 34.384943
1629000 35.393901 34.385562
1630000 35.400402 34.386184
1631000 35.298322 34.386744
1632000 35.244979 34.387270
1633000 35.333306 34.387849
1634000 35.226548 34.388362
1635000 35.294583 34.388916
1636000 35.186851 34.389404
1637000 35.431688 34.390041
1638000 35.211328 34.390542
1639000 35.315247 34.391107
1640000 35.138056 34.391562
1641000 35.231596 34.392074
1642000 35.089422 34.392499
1643000 34.978317 34.392855
1644000 35.076314 34.393271
1645000 34.996624 34.393638
1646000 34.696714 34.393822
1647000 34.682222 34.393997
1648000 34.876696 34.394290
1649000 35.132870 34.394738
1650000 34.810351 34.394990
1651000 34.870828 34.395278
1652000 34.906026 34.395587
1653000 35.025142 34.395968
1654000 34.967937 34.396314
1655000 34.933527 34.396638
1656000 35.079218 34.397050
1657000 35.071195 34.397457
1658000 34.895416 34.397758
1659000 35.064949 34.398160
1660000 35.168879 34.398624
1661000 35.165030 34.399085
1662000 35.174221 34.399552
1663000 34.909357 34.399858
1664000 35.203502 34.400341
1665000 35.150020 34.400792
1666000 34.868666 34.401072
1667000 35.227630 34.401568
1668000 35.191442 34.402042
1669000 35.291892 34.402575
1670000 35.302887 34.403114
1671000 35.365665 34.403690
1672000 35.193777 34.404163
1673000 35.368153 34.404739
1674000 35.322297 34.405287
1675000 35.178731 34.405749
1676000 35.174480 34.406207
1677000 34.999667 34.406561
1678000 35.325207 34.407109
1679000 35.249807 34.407611
1680000 35.075319 34.408008
1681000 35.230309 34.408497
1682000 35.100838 34.408909
1683000 34.829603 34.409159
1684000 35.224906 34.409643
1685000 35.180101 34.410101
1686000 34.992840 34.410446
1687000 35.167662 34.410895
1688000 35.247470 34.411391
1689000 35.089334 34.411792
1690000 35.033666 34.412160
1691000 35.265316 34.412664
1692000 35.246071 34.413157
1693000 35.062790 34.413541
1694000 35.101165 34.413947
1695000 35.358142 34.414504
1696000 35.232219 34.414986
1697000 35.144354 34.415416
1698000 35.280144 34.415925
1699000 35.575335 34.416607
1700000 35.557727 34.417279
1701000 35.524255 34.417929
1702000 35.310899 34.418454
1703000 35.332178 34.418991
1704000 35.404035 34.419569
1705000 35.561222 34.420238
1706000 35.489938 34.420865
1707000 35.714142 34.421623
1708000 35.441552 34.422220
1709000 35.423857 34.422806
1710000 35.208704 34.423266
1711000 35.493061 34.423891
1712000 35.310874 34.424409
1713000 35.666800 34.425134
1714000 35.215560 34.425596
1715000 35.389957 34.426158
1716000 35.462993 34.426762
1717000 35.332943 34.427290
1718000 35.520758 34.427926
1719000 35.644791 34.428634
1720000 35.659800 34.429350
1721000 35.382891 34.429904
1722000 35.253878 34.430383
1723000 35.658176 34.431095
1724000 35.354175 34.431631
1725000 35.340131 34.432157
1726000 35.240456 34.432626
1727000 35.560381 34.433279
1728000 35.402559 34.433839
1729000 35.662085 34.434550
1730000 35.610423 34.435230
1731000 35.822892 34.436031
1732000 35.762157 34.436797
1733000 35.566558 34.437449
1734000 35.410805 34.438010
1735000 35.550750 34.438651
1736000 35.466041 34.439243
1737000 35.434874 34.439816
1738000 35.638195 34.440506
1739000 35.586474 34.441165
1740000 35.699794 34.441888
1741000 35.747660 34.442638
1742000 35.947307 34.443502
1743000 35.714756 34.444231
1744000 36.057941 34.445157
1745000 36.078177 34.446093
1746000 35.485136 34.446688
1747000 35.615104 34.447356
1748000 35.687277 34.448066
1749000 35.740713 34.448805
1750000 35.801505 34.449578
1751000 35.893742 34.450403
1752000 35.773761 34.451158
1753000 35.722908 34.451883
1754000 35.727390 34.452611
1755000 35.720258 34.453333
1756000 35.663952 34.454022
1757000 35.711863 34.454738
1758000 35.614133 34.455398
1759000 35.555539 34.456023
1760000 35.517435 34.456626
1761000 35.661964 34.457311
1762000 35.536809 34.457923
1763000 35.633735 34.458590
1764000 35.574630 34.459223
1765000 35.564418 34.459849
1766000 35.409628 34.460387
1767000 35.316429 34.460871
1768000 35.184367 34.461281
1769000 35.253599 34.461729
1770000 35.282243 34.462192
1771000 35.105421 34.462555
1772000 35.350517 34.463056
1773000 35.435559 34.463605
1774000 35.771451 34.464342
1775000 35.798169 34.465094
1776000 35.832018 34.465863
1777000 35.588805 34.466495
1778000 35.987542 34.467351
1779000 35.794272 34.468097
1780000 35.868924 34.468884
1781000 35.517464 34.469472
1782000 35.595506 34.470104
1783000 35.662988 34.470773
1784000 35.726819 34.471477
1785000 35.911492 34.472284
1786000 35.829332 34.473044
1787000 35.889206 34.473836
1788000 35.783244 34.474569
1789000 35.611660 34.475204
1790000 35.403238 34.475723
1791000 35.455407 34.476270
1792000 35.270335 34.476713
1793000 35.270610 34.477156
1794000 35.473713 34.477711
1795000 35.175996 34.478100
1796000 34.959270 34.478368
1797000 34.962899 34.478638
1798000 35.192384 34.479035
1799000 35.269387 34.479474
1800000 35.272741 34.479915
1801000 35.205530 34.480318
1802000 35.134436 34.480681
1803000 35.294135 34.481132
1804000 34.971761 34.481404
1805000 34.786493 34.481573
1806000 35.082046 34.481905
1807000 34.936344 34.482157
1808000 35.148422 34.482525
1809000 35.346659 34.483003
1810000 35.566405 34.483601
1811000 35.544154 34.484187
1812000 35.892589 34.484964
1813000 35.285565 34.485406
1814000 35.428392 34.485926
1815000 35.450876 34.486457
1816000 35.364267 34.486941
1817000 35.705568 34.487611
1818000 35.546699 34.488194
1819000 35.804345 34.488918
1820000 35.806403 34.489641
1821000 35.762833 34.490341
1822000 35.965823 34.491150
1823000 35.806676 34.491872
1824000 35.931704 34.492661
1825000 35.671403 34.493307
1826000 35.529146 34.493875
1827000 35.608837 34.494485
1828000 35.778942 34.495188
1829000 35.662000 34.495825
1830000 35.694916 34.496481
1831000 35.454108 34.497004
1832000 35.435353 34.497516
1833000 35.525405 34.498077
1834000 35.574161 34.498663
1835000 35.270745 34.499084
1836000 35.304873 34.499523
1837000 35.297558 34.499958
1838000 35.239041 34.500360
1839000 35.330476 34.500811
1840000 35.304927 34.501248
1841000 35.278991 34.501670
1842000 35.119935 34.502006
1843000 35.383526 34.502484
1844000 35.436145 34.502991
1845000 35.309022 34.503428
1846000 35.300971 34.503860
1847000 35.503275 34.504401
1848000 35.360443 34.504864
1849000 35.552253 34.505430
1850000 35.621668 34.506034
1851000 35.571930 34.506610
1852000 35.742959 34.507277
1853000 35.439206 34.507780
1854000 35.266601 34.508189
1855000 35.189579 34.508557
1856000 35.113493 34.508883
1857000 35.157822 34.509232
1858000 35.364469 34.509693
1859000 34.788922 34.509843
1860000 35.054352 34.510135
1861000 34.864460 34.510326
1862000 34.723368 34.510440
1863000 34.916479 34.510658
1864000 35.242450 34.511051
1865000 35.454112 34.511556
1866000 35.345861 34.512004
1867000 35.326700 34.512440
1868000 35.452355 34.512943
1869000 35.496622 34.513469
1870000 35.569296 34.514034
1871000 35.601734 34.514615
1872000 35.583464 34.515186
1873000 35.605045 34.515768
1874000 35.738789 34.516421
1875000 35.339781 34.516860
1876000 35.374320 34.517317
1877000 35.300206 34.517734
1878000 35.588225 34.518304
1879000 35.645818 34.518904
1880000 35.590771 34.519474
1881000 35.636271 34.520068
1882000 35.277068 34.520470
1883000 35.374273 34.520924
1884000 35.467722 34.521426
1885000 35.614824 34.522006
1886000 35.611823 34.522584
1887000 35.807646 34.523265
1888000 35.747135 34.523913
1889000 35.692170 34.524532
1890000 35.884437 34.525251
1891000 35.712655 34.525879
1892000 35.607354 34.526451
1893000 35.659803 34.527050
1894000 35.397020 34.527509
1895000 35.436555 34.527989
1896000 35.576221 34.528542
1897000 35.499356 34.529053
1898000 35.589622 34.529612
1899000 35.583786 34.530167
1900000 35.534754 34.530696
1901000 35.656636 34.531288
1902000 35.609125 34.531855
1903000 35.515716 34.532372
1904000 35.724715 34.532998
1905000 35.442424 34.533476
1906000 35.479950 34.533972
1907000 35.683039 34.534575
1908000 35.598589 34.535132
1909000 35.626768 34.535704
1910000 36.016279 34.536479
1911000 35.680692 34.537078
1912000 35.867343 34.537774
1913000 35.631865 34.538346
1914000 35.787942 34.538999
1915000 35.693986 34.539602
1916000 35.790794 34.540255
1917000 35.823998 34.540924
1918000 35.631183 34.541493
1919000 35.733095 34.542114
1920000 35.789306 34.542763
1921000 35.637398 34.543333
1922000 35.827898 34.544002
1923000 35.695047 34.544600
1924000 35.810799 34.545258
1925000 35.719216 34.545868
1926000 35.721487 34.546479
1927000 35.860054 34.547160
1928000 35.815230 34.547818
1929000 35.875890 34.548506
1930000 35.826949 34.549169
1931000 35.856293 34.549846
1932000 35.927030 34.550559
1933000 35.686239 34.551146
1934000 35.950410 34.551870
1935000 35.905152 34.552569
1936000 35.803478 34.553215
1937000 36.080544 34.554004
1938000 36.036444 34.554768
1939000 35.916048 34.555471
1940000 36.021452 34.556226
1941000 35.979439 34.556959
1942000 36.002636 34.557704
1943000 35.761170 34.558323
1944000 35.663511 34.558892
1945000 35.856268 34.559559
1946000 35.798941 34.560196
1947000 35.639397 34.560750
1948000 35.763125 34.561367
1949000 35.915343 34.562062
1950000 35.852118 34.562723
1951000 35.891386 34.563404
1952000 35.638152 34.563955
1953000 35.988676 34.564685
1954000 36.237147 34.565540
1955000 36.330177 34.566443
1956000 36.182922 34.567270
1957000 36.389739 34.568201
1958000 36.375533 34.569124
1959000 36.452275 34.570085
1960000 36.223706 34.570929
1961000 36.202304 34.571761
1962000 36.314456 34.572649
1963000 36.390096 34.573575
1964000 36.335258 34.574472
1965000 36.315660 34.575358
1966000 36.313383 34.576242
1967000 36.015379 34.576974
1968000 36.485320 34.577943
1969000 36.396185 34.578867
1970000 36.245770 34.579713
1971000 36.632490 34.580754
1972000 36.341199 34.581647
1973000 36.619518 34.582680
1974000 36.609974 34.583707
1975000 36.422979 34.584638
1976000 36.336371 34.585525
1977000 36.508408 34.586497
1978000 36.439809 34.587434
1979000 36.432421 34.588367
1980000 36.367973 34.589265
1981000 36.498668 34.590229
1982000 36.520569 34.591203
1983000 36.668718 34.592251
1984000 36.588724 34.593257
1985000 36.465081 34.594200
1986000 36.537764 34.595179
1987000 36.459048 34.596117
1988000 36.466640 34.597058
1989000 36.382116 34.597955
1990000 36.425095 34.598873
1991000 36.369102 34.599762
1992000 36.456713 34.600695
1993000 36.673872 34.601735
1994000 36.887164 34.602881
1995000 36.505472 34.603835
1996000 36.554724 34.604812
1997000 36.708441 34.605865
1998000 36.384888 34.606756
1999000 36.491212 34.607699
2000000 36.597606 34.608694
2001000 36.490520 34.609634
2002000 36.644757 34.610651
2003000 36.664991 34.611676
2004000 36.571231 34.612654
2005000 36.889900 34.613790
2006000 36.754454 34.614857
2007000 36.917978 34.616004
2008000 36.609340 34.616997
2009000 36.748407 34.618058
2010000 36.637534 34.619063
2011000 36.935489 34.620215
2012000 36.900572 34.621348
2013000 37.082107 34.622570
2014000 36.773358 34.623638
2015000 36.796477 34.624717
2016000 36.910161 34.625850
2017000 37.116463 34.627085
2018000 36.950004 34.628236
2019000 36.868090 34.629346
2020000 37.106160 34.630572
2021000 36.905987 34.631698
2022000 36.870399 34.632805
2023000 36.910001 34.633931
2024000 36.963535 34.635082
2025000 36.862836 34.636182
2026000 37.037550 34.637367
2027000 37.001003 34.638533
2028000 37.089425 34.639742
2029000 36.878939 34.640845
2030000 36.931975 34.641974
2031000 37.033657 34.643151
2032000 37.181085 34.644400
2033000 37.210609 34.645663
2034000 36.968733 34.646805
2035000 37.007857 34.647965
2036000 37.141100 34.649189
2037000 36.745030 34.650218
2038000 36.917804 34.651331
2039000 36.832725 34.652401
2040000 36.690571 34.653400
2041000 36.934800 34.654518
2042000 36.829433 34.655583
2043000 36.672931 34.656570
2044000 36.825004 34.657631
2045000 36.752140 34.658655
2046000 36.835305 34.659719
2047000 37.131818 34.660927
2048000 37.032161 34.662085
2049000 37.103085 34.663276
2050000 37.130032 34.664479
2051000 36.771162 34.665506
2052000 36.835371 34.666564
2053000 36.671302 34.667540
2054000 36.618973 34.668490
2055000 36.964962 34.669608
2056000 36.820310 34.670654
2057000 37.209411 34.671888
2058000 36.877531 34.672960
2059000 37.308783 34.674240
2060000 37.156989 34.675445
2061000 36.880182 34.676515
2062000 36.970389 34.677628
2063000 36.908514 34.678709
2064000 36.878575 34.679775
2065000 36.893775 34.680847
2066000 36.620894 34.681786
2067000 37.039309 34.682926
2068000 36.889564 34.683994
2069000 36.884060 34.685057
2070000 36.657813 34.686010
2071000 36.897625 34.687078
2072000 36.995656 34.688192
2073000 37.287597 34.689446
2074000 37.012538 34.690566
2075000 36.778570 34.691572
2076000 36.821229 34.692598
2077000 37.088250 34.693752
2078000 36.623803 34.694680
2079000 36.832482 34.695709
2080000 36.758990 34.696701
2081000 36.614278 34.697622
2082000 36.474490 34.698475
2083000 36.655177 34.699415
2084000 36.907270 34.700474
2085000 36.879281 34.701519
2086000 36.778587 34.702515
2087000 36.669577 34.703458
2088000 37.110669 34.704610
2089000 37.034000 34.705725
2090000 37.005149 34.706826
2091000 36.928381 34.707888
2092000 37.021710 34.708994
2093000 36.875117 34.710029
2094000 37.055680 34.711149
2095000 37.016816 34.712250
2096000 37.276507 34.713473
2097000 37.476728 34.714791
2098000 37.375059 34.716059
2099000 37.303017 34.717291
2100000 37.258230 34.718501
2101000 37.312938 34.719736
2102000 37.391059 34.721007
2103000 37.346148 34.722255
2104000 37.133849 34.723402
2105000 37.232762 34.724594
2106000 36.942787 34.725647
2107000 37.017124 34.726734
2108000 36.530561 34.727590
2109000 36.693924 34.728523
2110000 36.756583 34.729484
2111000 36.855442 34.730491
2112000 36.935057 34.731535
2113000 36.941885 34.732581
2114000 37.011507 34.733659
2115000 37.017072 34.734738
2116000 36.812512 34.735720
2117000 37.172254 34.736871
2118000 37.005437 34.737942
2119000 37.086198 34.739050
2120000 37.047706 34.740139
2121000 36.889190 34.741153
2122000 37.135206 34.742281
2123000 36.707898 34.743207
2124000 36.819651 34.744184
2125000 36.694017 34.745102
2126000 36.760764 34.746050
2127000 36.432562 34.746843
2128000 36.637020 34.747731
2129000 36.707139 34.748652
2130000 36.613681 34.749527
2131000 36.613513 34.750402
2132000 36.653977 34.751295
2133000 36.572624 34.752149
2134000 36.477544 34.752957
2135000 36.661419 34.753851
2136000 36.680715 34.754753
2137000 36.899612 34.755757
2138000 36.700563 34.756666
2139000 36.693899 34.757572
2140000 36.730790 34.758494
2141000 36.585755 34.759348
2142000 36.955276 34.760373
2143000 36.815558 34.761332
2144000 36.965662 34.762360
2145000 36.988677 34.763398
2146000 36.593004 34.764250
2147000 36.800260 34.765199
2148000 36.805282 34.766148
2149000 36.933201 34.767157
2150000 36.737335 34.768073
2151000 36.586719 34.768919
2152000 36.772179 34.769850
2153000 36.607867 34.770703
2154000 36.683586 34.771591
2155000 36.492387 34.772390
2156000 36.479766 34.773182
2157000 36.548409 34.774005
2158000 36.511073 34.774810
2159000 36.505991 34.775612
2160000 36.576946 34.776446
2161000 36.732444 34.777351
2162000 36.637211 34.778211
2163000 36.432279 34.778976
2164000 36.464722 34.779755
2165000 37.024342 34.780791
2166000 37.045643 34.781837
2167000 36.687633 34.782717
2168000 36.683679 34.783593
2169000 36.756361 34.784503
2170000 36.710233 34.785390
2171000 36.664879 34.786256
2172000 36.757316 34.787164
2173000 36.465239 34.787936
2174000 36.435831 34.788694
2175000 36.508762 34.789485
2176000 36.329640 34.790192
2177000 36.672635 34.791057
2178000 36.256449 34.791730
2179000 36.151376 34.792354
2180000 36.197850 34.792999
2181000 36.386333 34.793729
2182000 36.874866 34.794683
2183000 36.710986 34.795561
2184000 36.714556 34.796439
2185000 36.787144 34.797350
2186000 36.844811 34.798287
2187000 36.742038 34.799176
2188000 36.851156 34.800114
2189000 36.843210 34.801047
2190000 36.711152 34.801919
2191000 36.768347 34.802817
2192000 36.856821 34.803754
2193000 36.992993 34.804752
2194000 37.128897 34.805811
2195000 36.587092 34.806623
2196000 36.621654 34.807449
2197000 36.676460 34.808300
2198000 36.353691 34.809003
2199000 36.768637 34.809894
2200000 36.861565 34.810827
2201000 36.786227 34.811724
2202000 36.570004 34.812523
2203000 36.494422 34.813286
2204000 36.358381 34.813987
2205000 36.596959 34.814796
2206000 36.686408 34.815644
2207000 36.634670 34.816469
2208000 36.469814 34.817217
2209000 36.821370 34.818125
2210000 36.830169 34.819035
2211000 36.717599 34.819894
2212000 36.802880 34.820790
2213000 36.735106 34.821655
2214000 36.812658 34.822555
2215000 37.123256 34.823593
2216000 37.037590 34.824592
2217000 36.987550 34.825568
2218000 37.041007 34.826567
2219000 36.974515 34.827535
2220000 36.987772 34.828508
2221000 36.967042 34.829471
2222000 37.283134 34.830575
2223000 37.343643 34.831706
2224000 37.157402 34.832751
2225000 37.094295 34.833768
2226000 37.189120 34.834826
2227000 37.078243 34.835833
2228000 36.744777 34.836690
2229000 36.680463 34.837517
2230000 36.842741 34.838416
2231000 37.058011 34.839411
2232000 36.811640 34.840295
2233000 36.744492 34.841148
2234000 36.570225 34.841922
2235000 36.382304 34.842611
2236000 36.394248 34.843305
2237000 36.579669 34.844081
2238000 36.827741 34.844967
2239000 36.604207 34.845753
2240000 36.706874 34.846584
2241000 36.819372 34.847464
2242000 36.797292 34.848334
2243000 36.894900 34.849246
2244000 36.752786 34.850095
2245000 36.628479 34.850887
2246000 36.839366 34.851772
2247000 36.580034 34.852541
2248000 37.045940 34.853517
2249000 36.623808 34.854304
2250000 36.535827 34.855051
2251000 36.889910 34.855955
2252000 36.868407 34.856849
2253000 36.887631 34.857750
2254000 37.102473 34.858746
2255000 36.955816 34.859676
2256000 36.816620 34.860544
2257000 37.148475 34.861557
2258000 36.944046 34.862480
2259000 37.078193 34.863461
2260000 37.120206 34.864459
2261000 36.779245 34.865306
2262000 36.917962 34.866213
2263000 36.631631 34.866994
2264000 36.910379 34.867896
2265000 36.956884 34.868818
2266000 37.027552 34.869771
2267000 37.154015 34.870779
2268000 37.015839 34.871724
2269000 37.038528 34.872679
2270000 37.001797 34.873617
2271000 37.162355 34.874625
2272000 37.089213 34.875600
2273000 37.107354 34.876582
2274000 37.142431 34.877578
2275000 37.363245 34.878671
2276000 37.231881 34.879705
2277000 37.333047 34.880782
2278000 37.218377 34.881808
2279000 37.223366 34.882836
2280000 37.057848 34.883790
2281000 37.272292 34.884837
2282000 37.301817 34.885896
2283000 37.364654 34.886982
2284000 37.524578 34.888137
2285000 37.724345 34.889378
2286000 37.580593 34.890555
2287000 37.179728 34.891556
2288000 37.310662 34.892613
2289000 37.254586 34.893645
2290000 37.152613 34.894632
2291000 37.353530 34.895705
2292000 37.521144 34.896850
2293000 37.416254 34.897949
2294000 37.257596 34.898978
2295000 37.378165 34.900058
2296000 37.210333 34.901064
2297000 37.296435 34.902107
2298000 37.017006 34.903027
2299000 37.007061 34.903943
2300000 37.076647 34.904887
2301000 37.167745 34.905871
2302000 37.222767 34.906877
2303000 37.434692 34.907975
2304000 37.095280 34.908924
2305000 37.431898 34.910019
2306000 37.375793 34.911088
2307000 37.339125 34.912140
2308000 37.112316 34.913094
2309000 37.214810 34.914091
2310000 37.031946 34.915007
2311000 37.111225 34.915958
2312000 37.305146 34.916991
2313000 37.110560 34.917939
2314000 36.953202 34.918819
2315000 37.116745 34.919768
2316000 37.155670 34.920734
2317000 37.053879 34.921654
2318000 36.973516 34.922540
2319000 37.168856 34.923508
2320000 36.802534 34.924318
2321000 36.941745 34.925187
2322000 36.939226 34.926055
2323000 37.265670 34.927062
2324000 37.034069 34.927969
2325000 36.677099 34.928721
2326000 36.584170 34.929433
2327000 36.512971 34.930113
2328000 36.721608 34.930883
2329000 36.808238 34.931689
2330000 36.848880 34.932512
2331000 36.945975 34.933375
2332000 37.252647 34.934370
2333000 36.904719 34.935214
2334000 36.692080 34.935967
2335000 36.919197 34.936817
2336000 36.904793 34.937659
2337000 36.924364 34.938509
2338000 36.860064 34.939331
2339000 36.999827 34.940212
2340000 36.990837 34.941088
2341000 37.154451 34.942034
2342000 36.985014 34.942906
2343000 37.020281 34.943793
2344000 37.181368 34.944747
2345000 36.992822 34.945621
2346000 36.980486 34.946488
2347000 36.719194 34.947243
2348000 36.874106 34.948064
2349000 36.741186 34.948827
2350000 36.961768 34.949684
2351000 36.637931 34.950402
2352000 36.803311 34.951190
2353000 36.961999 34.952044
2354000 36.850347 34.952851
2355000 36.843228 34.953653
2356000 36.531080 34.954323
2357000 36.968084 34.955177
2358000 36.735265 34.955932
2359000 36.785052 34.956708
2360000 36.879702 34.957523
2361000 36.612078 34.958223
2362000 36.659118 34.958943
2363000 37.012540 34.959812
2364000 36.985827 34.960669
2365000 36.878689 34.961480
2366000 36.710079 34.962220
2367000 36.628647 34.962924
2368000 36.706268 34.963660
2369000 36.741056 34.964410
2370000 36.762173 34.965169
2371000 37.043825 34.966045
2372000 36.886529 34.966855
2373000 36.850775 34.967649
2374000 36.882912 34.968456
2375000 36.927093 34.969280
2376000 36.742740 34.970027
2377000 36.805785 34.970799
2378000 36.781636 34.971561
2379000 36.536737 34.972218
2380000 36.578426 34.972893
2381000 36.410866 34.973497
2382000 36.293565 34.974051
2383000 36.543908 34.974710
2384000 36.587266 34.975387
2385000 36.495667 34.976024
2386000 36.490367 34.976659
2387000 36.632342 34.977352
2388000 36.703724 34.978075
2389000 36.656047 34.978778
2390000 36.831504 34.979553
2391000 36.996937 34.980397
2392000 37.007316 34.981244
2393000 36.821301 34.982013
2394000 36.830798 34.982785
2395000 36.949643 34.983606
2396000 37.081504 34.984482
2397000 36.809780 34.985243
2398000 37.019251 34.986092
2399000 36.904444 34.986891
2400000 36.722443 34.987614
2401000 36.799428 34.988369
2402000 36.973757 34.989196
2403000 36.708604 34.989911
2404000 36.845992 34.990683
2405000 36.526004 34.991322
2406000 36.636234 34.992005
2407000 36.549998 34.992653
2408000 36.503673 34.993280
2409000 36.381430 34.993856
2410000 36.483730 34.994475
2411000 36.356504 34.995039
2412000 36.287847 34.995575
2413000 36.345885 34.996135
2414000 36.486332 34.996752
2415000 36.347254 34.997312
2416000 36.369737 34.997880
2417000 36.450106 34.998480
2418000 36.448290 34.999080
2419000 36.076646 34.999525
2420000 36.460623 35.000129
2421000 36.418599 35.000715
2422000 36.710689 35.001421
2423000 36.767351 35.002150
2424000 36.934089 35.002947
2425000 36.968539 35.003758
2426000 36.649792 35.004436
2427000 36.393543 35.005008
2428000 36.226104 35.005511
2429000 36.854001 35.006272
2430000 36.652018 35.006950
2431000 36.761130 35.007671
2432000 36.794157 35.008406
2433000 36.770049 35.009130
2434000 37.023097 35.009957
2435000 36.929180 35.010745
2436000 37.045933 35.011581
2437000 36.955562 35.012379
2438000 36.908067 35.013156
2439000 36.855540 35.013912
2440000 36.791684 35.014640
2441000 36.785963 35.015366
2442000 36.918023 35.016145
2443000 37.057587 35.016981
2444000 36.810475 35.017714
2445000 36.761465 35.018428
2446000 36.726967 35.019126
2447000 36.781363 35.019846
2448000 36.878194 35.020605
2449000 36.507189 35.021212
2450000 36.459267 35.021799
2451000 36.375342 35.022352
2452000 36.395191 35.022911
2453000 36.573596 35.023544
2454000 36.687976 35.024222
2455000 36.374692 35.024772
2456000 36.303092 35.025292
2457000 36.316288 35.025818
2458000 36.293970 35.026334
2459000 35.926457 35.026700
2460000 36.035181 35.027110
2461000 36.281413 35.027620
2462000 36.087489 35.028050
2463000 36.311330 35.028571
2464000 36.204797 35.029048
2465000 36.226607 35.029534
2466000 36.144447 35.029986
2467000 36.145328 35.030438
2468000 36.105451 35.030874
2469000 36.180769 35.031340
2470000 36.174893 35.031803
2471000 36.059723 35.032219
2472000 36.390049 35.032768
2473000 36.533847 35.033375
2474000 36.504956 35.033970
2475000 36.512295 35.034567
2476000 36.503579 35.035160
2477000 36.464804 35.035738
2478000 36.457176 35.036311
2479000 36.515226 35.036908
2480000 36.732210 35.037591
2481000 36.550513 35.038201
2482000 36.627190 35.038841
2483000 36.977998 35.039622
2484000 36.839777 35.040347
2485000 36.831032 35.041068
2486000 36.863663 35.041801
2487000 36.704427 35.042469
2488000 36.651957 35.043116
2489000 36.786438 35.043817
2490000 36.726318 35.044492
2491000 36.729261 35.045169
2492000 36.694743 35.045831
2493000 36.605903 35.046456
2494000 36.545656 35.047058
2495000 36.744616 35.047738
2496000 36.836932 35.048455
2497000 36.541597 35.049053
2498000 36.660491 35.049698
2499000 36.459940 35.050262
2500000 36.593429 35.050879
2501000 36.784097 35.051572
2502000 36.352140 35.052092
2503000 36.186489 35.052545
2504000 36.289616 35.053039
2505000 36.311769 35.053542
2506000 36.527281 35.054130
2507000 36.621162 35.054755
2508000 36.427872 35.055303
2509000 36.456002 35.055861
2510000 36.512422 35.056441
2511000 36.629571 35.057068
2512000 36.655694 35.057704
2513000 36.426337 35.058249
2514000 36.601038 35.058862
2515000 36.740015 35.059531
2516000 36.959575 35.060286
2517000 36.798325 35.060977
2518000 36.743354 35.061645
2519000 36.841492 35.062351
2520000 37.248195 35.063219
2521000 37.061182 35.064011
2522000 37.228297 35.064869
2523000 37.260824 35.065740
2524000 36.891306 35.066463
2525000 37.102716 35.067269
2526000 36.920357 35.068003
2527000 36.797731 35.068688
2528000 36.980247 35.069444
2529000 36.749528 35.070108
2530000 36.765174 35.070778
2531000 36.674290 35.071412
2532000 36.560478 35.072000
2533000 36.599820 35.072603
2534000 36.773603 35.073274
2535000 36.553192 35.073858
2536000 36.519612 35.074428
2537000 36.540436 35.075006
2538000 36.364143 35.075514
2539000 36.611957 35.076119
2540000 36.757231 35.076781
2541000 36.507077 35.077344
2542000 36.642873 35.077959
2543000 36.581661 35.078551
2544000 36.340081 35.079047
2545000 36.227204 35.079498
2546000 36.255146 35.079960
2547000 36.583805 35.080550
2548000 36.639366 35.081162
2549000 36.814019 35.081842
2550000 36.864059 35.082541
2551000 36.677401 35.083166
2552000 36.751896 35.083820
2553000 36.606807 35.084416
2554000 36.673652 35.085038
2555000 36.682058 35.085663
2556000 36.713409 35.086300
2557000 36.808380 35.086974
2558000 36.808540 35.087647
2559000 36.775901 35.088307
2560000 36.882130 35.089007
2561000 36.578596 35.089589
2562000 36.489578 35.090135
2563000 36.791669 35.090799
2564000 36.826256 35.091476
2565000 36.777425 35.092133
2566000 36.804114 35.092801
2567000 36.415943 35.093316
2568000 36.495329 35.093862
2569000 36.626544 35.094459
2570000 36.819293 35.095130
2571000 36.505563 35.095678
2572000 36.879615 35.096372
2573000 36.839587 35.097049
2574000 36.531943 35.097607
2575000 36.845435 35.098286
2576000 36.960766 35.099009
2577000 36.879679 35.099700
2578000 36.952386 35.100418
2579000 37.090558 35.101190
2580000 37.017403 35.101933
2581000 36.783959 35.102584
2582000 36.994722 35.103317
2583000 37.100984 35.104091
2584000 37.121645 35.104871
2585000 36.990900 35.105601
2586000 36.714571 35.106223
2587000 36.668296 35.106827
2588000 36.767046 35.107468
2589000 36.956751 35.108183
2590000 37.114347 35.108957
2591000 36.973578 35.109677
2592000 36.891519 35.110364
2593000 36.340778 35.110839
2594000 36.487101 35.111369
2595000 36.683985 35.111975
2596000 36.526150 35.112520
2597000 36.558840 35.113077
2598000 36.875854 35.113756
2599000 36.884857 35.114437
2600000 36.810081 35.115089
2601000 36.978294 35.115806
2602000 36.838231 35.116468
2603000 36.667588 35.117063
2604000 36.749998 35.117691
2605000 37.160193 35.118475
2606000 36.970040 35.119185
2607000 36.918677 35.119875
2608000 37.073040 35.120624
2609000 36.885655 35.121301
2610000 36.885982 35.121977
2611000 37.012976 35.122701
2612000 36.994602 35.123418
2613000 36.998302 35.124135
2614000 36.732570 35.124751
2615000 36.808773 35.125395
2616000 36.878537 35.126065
2617000 36.673101 35.126656
2618000 36.675101 35.127247
2619000 36.710436 35.127852
2620000 36.586900 35.128409
2621000 36.516342 35.128938
2622000 36.601659 35.129500
2623000 36.595187 35.130059
2624000 36.711713 35.130662
2625000 36.794546 35.131295
2626000 36.529526 35.131828
2627000 37.009932 35.132543
2628000 36.559523 35.133086
2629000 36.783008 35.133713
2630000 36.441789 35.134211
2631000 36.810709 35.134848
2632000 36.826375 35.135491
2633000 36.834207 35.136136
2634000 36.841090 35.136783
2635000 36.667108 35.137364
2636000 36.781914 35.137988
2637000 36.696791 35.138579
2638000 36.927756 35.139257
2639000 36.962028 35.139948
2640000 36.909854 35.140618
2641000 36.840389 35.141262
2642000 36.933275 35.141940
2643000 37.016958 35.142650
2644000 37.067809 35.143378
2645000 37.036075 35.144093
2646000 36.698129 35.144681
2647000 36.999467 35.145381
2648000 37.072135 35.146109
2649000 36.979546 35.146801
2650000 36.964337 35.147487
2651000 36.954592 35.148169
2652000 37.288533 35.148976
2653000 36.996662 35.149672
2654000 37.036701 35.150383
2655000 36.963166 35.151066
2656000 37.260197 35.151860
2657000 37.245316 35.152648
2658000 37.237197 35.153432
2659000 36.877865 35.154081
2660000 37.066944 35.154800
2661000 36.881725 35.155449
2662000 37.079273 35.156171
2663000 37.036526 35.156878
2664000 37.119188 35.157614
2665000 36.951484 35.158287
2666000 37.086945 35.159011
2667000 36.718613 35.159596
2668000 36.815203 35.160216
2669000 37.041687 35.160921
2670000 36.662804 35.161483
2671000 36.773926 35.162087
2672000 36.704311 35.162664
2673000 36.675605 35.163230
2674000 36.466706 35.163718
2675000 36.605231 35.164257
2676000 36.616769 35.164800
2677000 36.548376 35.165316
2678000 36.345607 35.165757
2679000 36.362421 35.166204
2680000 36.561807 35.166725
2681000 36.609871 35.167263
2682000 36.362444 35.167708
2683000 36.559995 35.168227
2684000 36.323182 35.168658
2685000 36.593680 35.169188
2686000 36.558235 35.169706
2687000 36.613748 35.170243
2688000 36.487010 35.170733
2689000 36.679318 35.171294
2690000 36.621788 35.171833
2691000 36.547754 35.172344
2692000 36.231033 35.172738
2693000 36.295643 35.173155
2694000 36.261179 35.173558
2695000 36.367568 35.174002
2696000 36.277706 35.174411
2697000 36.233946 35.174804
2698000 36.567388 35.175320
2699000 36.396224 35.175772
2700000 36.213056 35.176156
2701000 36.336782 35.176586
2702000 36.363274 35.177025
2703000 36.537779 35.177529
2704000 36.434727 35.177994
2705000 36.556733 35.178503
2706000 36.417666 35.178961
2707000 36.361218 35.179398
2708000 36.570746 35.179912
2709000 36.669572 35.180462
2710000 36.406774 35.180914
2711000 36.292567 35.181324
2712000 36.397286 35.181773
2713000 36.572973 35.182285
2714000 36.280991 35.182690
2715000 36.527153 35.183186
2716000 36.453819 35.183653
2717000 36.435555 35.184114
2718000 36.404622 35.184563
2719000 36.714101 35.185126
2720000 36.701653 35.185683
2721000 36.723932 35.186249
2722000 36.941092 35.186893
2723000 37.023020 35.187568
2724000 36.849681 35.188178
2725000 37.089229 35.188875
2726000 37.186626 35.189608
2727000 36.903424 35.190237
2728000 37.040740 35.190915
2729000 36.829565 35.191515
2730000 36.913201 35.192146
2731000 36.790244 35.192731
2732000 36.690571 35.193280
2733000 36.701857 35.193832
2734000 36.665407 35.194370
2735000 36.625680 35.194893
2736000 36.545554 35.195387
2737000 36.524274 35.195872
2738000 36.303500 35.196277
2739000 36.569561 35.196778
2740000 36.558402 35.197275
2741000 36.364225 35.197701
2742000 36.312624 35.198108
2743000 36.480519 35.198575
2744000 36.624756 35.199095
2745000 36.588205 35.199601
2746000 36.462798 35.200061
2747000 36.829469 35.200654
2748000 36.528230 35.201137
2749000 36.321702 35.201545
2750000 36.343642 35.201960
2751000 36.734548 35.202517
2752000 36.723689 35.203070
2753000 36.594653 35.203575
2754000 36.702114 35.204120
2755000 36.410528 35.204557
2756000 36.655454 35.205084
2757000 36.458982 35.205539
2758000 36.409091 35.205975
2759000 36.357015 35.206392
2760000 36.424915 35.206834
2761000 36.349042 35.207247
2762000 36.479111 35.207708
2763000 36.346584 35.208120
2764000 36.537939 35.208601
2765000 36.285952 35.208991
2766000 36.400935 35.209422
2767000 36.732715 35.209972
2768000 36.624274 35.210483
2769000 36.384729 35.210907
2770000 36.614710 35.211414
2771000 36.897975 35.212023
2772000 36.984805 35.212662
2773000 37.039061 35.213321
2774000 36.724042 35.213866
2775000 36.987892 35.214505
2776000 36.911562 35.215116
2777000 36.757903 35.215672
2778000 36.616821 35.216176
2779000 36.651923 35.216693
2780000 36.726153 35.217236
2781000 36.728496 35.217779
2782000 36.902934 35.218385
2783000 37.075560 35.219052
2784000 37.078923 35.219720
2785000 37.116586 35.220401
2786000 37.007682 35.221043
2787000 36.948261 35.221663
2788000 37.164117 35.222359
2789000 36.869153 35.222950
2790000 36.907723 35.223554
2791000 36.949550 35.224172
2792000 37.114911 35.224849
2793000 36.786963 35.225409
2794000 36.515619 35.225870
2795000 36.530960 35.226337
2796000 36.592544 35.226826
2797000 36.611685 35.227321
2798000 36.354861 35.227724
2799000 36.429511 35.228153
2800000 36.350483 35.228554
2801000 36.446660 35.228989
2802000 36.325066 35.229380
2803000 36.409887 35.229801
2804000 36.495123 35.230253
2805000 36.575165 35.230732
2806000 36.533746 35.231197
2807000 36.651546 35.231703
2808000 36.326933 35.232093
2809000 36.488343 35.232540
2810000 36.192001 35.232881
2811000 36.257498 35.233246
2812000 36.161256 35.233576
2813000 36.120420 35.233891
2814000 36.332388 35.234281
2815000 36.456127 35.234715
2816000 36.460808 35.235151
2817000 36.300172 35.235529
2818000 36.260447 35.235893
2819000 36.298865 35.236270
2820000 36.168043 35.236600
2821000 36.299178 35.236977
2822000 36.246431 35.237334
2823000 36.162460 35.237662
2824000 36.188389 35.237999
2825000 36.220433 35.238347
2826000 36.056152 35.238636
2827000 36.135571 35.238953
2828000 36.286067 35.239324
2829000 36.022673 35.239600
2830000 36.215956 35.239945
2831000 36.202609 35.240285
2832000 36.083729 35.240583
2833000 36.362919 35.240979
2834000 36.296902 35.241352
2835000 36.215356 35.241696
2836000 36.220073 35.242041
2837000 36.317167 35.242420
2838000 36.440428 35.242842
2839000 36.582463 35.243314
2840000 36.237143 35.243664
2841000 36.435965 35.244083
2842000 36.699922 35.244595
2843000 36.761960 35.245129
2844000 36.646615 35.245622
2845000 36.373715 35.246018
2846000 36.318723 35.246395
2847000 36.241987 35.246745
2848000 36.460590 35.247171
2849000 36.010774 35.247439
2850000 36.211302 35.247778
2851000 36.275314 35.248138
2852000 36.220206 35.248479
2853000 36.281875 35.248841
2854000 36.076153 35.249131
2855000 36.313020 35.249504
2856000 36.139563 35.249815
2857000 36.080721 35.250106
2858000 36.096786 35.250402
2859000 36.306251 35.250772
2860000 36.181130 35.251097
2861000 36.054683 35.251378
2862000 35.928259 35.251614
2863000 36.216529 35.251951
2864000 36.175331 35.252274
2865000 35.972367 35.252525
2866000 36.163073 35.252843
2867000 36.160264 35.253159
2868000 36.179459 35.253482
2869000 36.149387 35.253794
2870000 36.188265 35.254120
2871000 36.155980 35.254434
2872000 36.215273 35.254769
2873000 36.112281 35.255067
2874000 36.305990 35.255433
2875000 36.334798 35.255808
2876000 36.409479 35.256209
2877000 36.406157 35.256609
2878000 36.380151 35.257000
2879000 36.362743 35.257384
2880000 36.242133 35.257726
2881000 35.964518 35.257971
2882000 36.307996 35.258335
2883000 36.199899 35.258662
2884000 35.965846 35.258907
2885000 36.214718 35.259238
2886000 36.070005 35.259519
2887000 35.943643 35.259756
2888000 35.826426 35.259952
2889000 36.014734 35.260214
2890000 36.156846 35.260524
2891000 35.865303 35.260733
2892000 36.027134 35.260998
2893000 36.024876 35.261262
2894000 35.892085 35.261480
2895000 36.139309 35.261783
2896000 35.745105 35.261950
2897000 35.683567 35.262096
2898000 35.822768 35.262289
2899000 35.713991 35.262445
2900000 35.466976 35.262516
2901000 35.605503 35.262634
2902000 35.557230 35.262735
2903000 35.622776 35.262859
2904000 35.657877 35.262995
2905000 35.830399 35.263191
2906000 35.600017 35.263307
2907000 35.651753 35.263440
2908000 35.642853 35.263571
2909000 35.647177 35.263703
2910000 35.668019 35.263842
2911000 35.971226 35.264085
2912000 35.879592 35.264296
2913000 35.835940 35.264492
2914000 36.030235 35.264755
2915000 35.865085 35.264961
2916000 35.937919 35.265192
2917000 36.125971 35.265487
2918000 36.196878 35.265806
2919000 36.154574 35.266110
2920000 36.031162 35.266372
2921000 35.884234 35.266584
2922000 36.116901 35.266875
2923000 36.014043 35.267131
2924000 35.809685 35.267316
2925000 35.732598 35.267475
2926000 35.962238 35.267713
2927000 35.825208 35.267903
2928000 35.883860 35.268113
2929000 36.106248 35.268400
2930000 35.790667 35.268578
2931000 35.612359 35.268695
2932000 35.671974 35.268833
2933000 35.669674 35.268969
2934000 35.689444 35.269113
2935000 36.038356 35.269375
2936000 36.221762 35.269699
2937000 36.029960 35.269958
2938000 35.924365 35.270181
2939000 35.965959 35.270418
2940000 35.886263 35.270627
2941000 36.288388 35.270973
2942000 36.165595 35.271277
2943000 35.717285 35.271429
2944000 35.869882 35.271632
2945000 35.789807 35.271808
2946000 36.052103 35.272073
2947000 36.006739 35.272322
2948000 36.099114 35.272603
2949000 36.233434 35.272928
2950000 36.236369 35.273255
2951000 36.227622 35.273578
2952000 36.431456 35.273971
2953000 36.438155 35.274365
2954000 36.302803 35.274713
2955000 36.464322 35.275116
2956000 36.433455 35.275507
2957000 36.381050 35.275881
2958000 36.408681 35.276264
2959000 36.109350 35.276546
2960000 36.507604 35.276962
2961000 36.592819 35.277406
2962000 36.494455 35.277817
2963000 36.310730 35.278166
2964000 37.043144 35.278761
2965000 36.825003 35.279283
2966000 36.530454 35.279704
2967000 36.695152 35.280181
2968000 36.699228 35.280660
2969000 36.656163 35.281123
2970000 36.420420 35.281506
2971000 36.200337 35.281816
2972000 36.221560 35.282132
2973000 36.646995 35.282591
2974000 36.606291 35.283036
2975000 36.666254 35.283501
2976000 36.768321 35.284000
2977000 36.794643 35.284507
2978000 36.791637 35.285013
2979000 36.685876 35.285484
2980000 36.622818 35.285932
2981000 36.475232 35.286331
2982000 36.710140 35.286809
2983000 36.597258 35.287248
2984000 36.821182 35.287762
2985000 36.542279 35.288183
2986000 36.720543 35.288662
2987000 36.909005 35.289205
2988000 36.947187 35.289760
2989000 36.793069 35.290263
2990000 36.631125 35.290711
2991000 36.532708 35.291126
2992000 36.381027 35.291491
2993000 36.439829 35.291874
2994000 36.116507 35.292150
2995000 36.291404 35.292483
2996000 36.214198 35.292791
2997000 36.771875 35.293284
2998000 36.703204 35.293755
2999000 36.521289 35.294164
3000000 36.513193 35.294570
