# r N rho/M
0 0.0045 37.36215233894546
0.2 0.01775 117.2756547999963
0.4 0.0265 87.54379865351839
0.6 0.03925 86.44261879624145
0.8 0.055 90.84733822534929
1 0.0635 83.90990512450445
1.2 0.0775 85.34143893896449
1.4 0.0985 92.97104223581201
1.6 0.095 78.45906483098348
1.8 0.12075 88.64497851079537
2 0.1355 89.52592239661695
2.2 0.1425 85.59170708834559
2.4 0.164 90.29674829671082
2.6 0.1775 90.21204215384334
2.8 0.21425 101.1119076092524
3 0.22375 98.55559722628803
3.2 0.22875 94.46058463203933
3.4 0.26775 104.0614965126728
3.6 0.2815 103.3273766078215
3.8 0.3025 105.1916547872465
4 0.32625 107.7779785309826
4.2 0.3605 113.421525299527
4.4 0.3685 110.6685756563346
4.6 0.40275 115.6957010917294
4.8 0.4185 115.210942567602
5 0.44175 116.7470884685034
5.2 0.4595 116.7674179427916
5.4 0.4815 117.8262447286348
5.6 0.513 121.0511285963745
5.8 0.5265 119.9526610047559
6 0.55825 122.9467310649727
6.2 0.607 129.370872264603
6.4 0.61825 127.6508337677777
6.6 0.65325 130.7901348665772
6.8 0.67375 130.9270462659446
7 0.699 131.9528091834164
7.2 0.6885 126.3603886225313
7.4 0.74175 132.4540798597599
7.6 0.7635 132.7501296364673
7.8 0.7885 133.5815873019821
8 0.8129999999999999 134.2888835949254
8.199999999999999 0.8575 138.1846430656089
8.4 0.86525 136.1136959298415
8.6 0.90025 138.3261162577094
8.800000000000001 0.91275 137.0593520085745
9 0.94175 138.2714840787438
9.199999999999999 0.926 133.0033758050173
9.4 0.94075 132.2470149872299
9.6 0.965 132.8298202840334
9.800000000000001 0.96025 129.47852546329
10 0.9625 127.186273515489
10.2 0.97775 126.6680712297116
10.4 0.9905 125.8521517653265
10.6 0.9672500000000001 120.5791943718273
10.8 1.00825 123.3627323443884
11 0.98725 118.5970706287287
11.2 0.993 117.1576712438595
11.4 1.0065 116.6671080367643
11.6 0.9855 112.2633878634254
11.8 0.98825 110.6685756563346
12 0.99425 109.4848073097619
12.2 0.998 108.0961473012204
12.4 0.98725 105.2070787835496
12.6 0.9742499999999999 102.1737596144838
12.8 0.98575 101.7645041541342
13 0.986 100.2243082407769
13.2 0.94675 94.77654817063299
13.4 0.9742499999999999 96.07383366735039
13.6 0.963 93.56790022568062
13.8 0.92375 88.45346897039937
14 0.955 90.13943688852839
14.2 0.9665 89.94002806125491
14.4 0.9525 87.40615117135879
14.6 0.94925 85.91465585097167
14.8 0.94325 84.21793786836434
15 0.94175 82.96289044724625
15.2 0.9335 81.15405763958235
15.4 0.8935 76.66785993326997
15.6 0.9125 77.29435536655592
15.8 0.91775 76.75502384931121
16 0.94825 78.31453497471588
16.2 0.944 77.00102113107047
16.4 0.9097499999999999 73.30232013349138
16.6 0.86975 69.23502512288941
16.8 0.88975 69.98391271515544
17 0.92475 71.88113456589669
17.2 0.88625 68.0874871054679
17.4 0.89225 67.76053294174955
17.6 0.8705000000000001 65.35752721088144
17.8 0.89375 66.3491796027832
18 0.9067499999999999 66.56632237239229
18.2 0.8905 64.65498876297586
18.4 0.9045 64.95764223306597
18.6 0.93125 66.15959626381742
18.8 0.909 63.89186108072921
19 0.916 63.70615258520188
19.2 0.94275 64.88358190299094
19.4 0.92625 63.09079440017229
19.6 0.98475 66.39103251756045
19.8 0.9755 65.10308792567731
20 0.967 63.89045531920929
20.2 0.9662500000000001 63.20881408478399
20.4 0.9765 63.2530665077031
20.6 0.97275 62.39841006793187
20.8 0.9855 62.6084278469103
21 0.9835 61.88630797896521
21.2 0.98075 61.13106481270074
21.4 1.0235 63.19949068726933
21.6 1.00775 61.65077784282542
21.8 1.00225 60.75178964894501
22 1.01725 61.10046598990848
22.2 1.0155 60.4458456791759
22.4 1.018 60.05363007363999
22.6 1.05825 61.87558852902711
22.8 1.0205 59.1449497026915
23 1.05825 60.79949133721795
23.2 1.03175 58.76598195235368
23.4 1.025 57.88253095943001
23.6 1.071 59.96764205815043
23.8 1.048 58.18671380300447
24 1.07925 59.42241804830802
24.2 1.06425 58.1122642862978
24.4 1.04675 56.68819748875374
24.6 1.06775 57.35535573695
24.8 1.0665 56.82620892512318
25 1.09175 57.70622924074187
25.2 1.08 56.63210694567229
25.4 1.08875 56.6413969894626
25.6 1.0935 56.44407065307923
25.8 1.092 55.92969321611356
26 1.10975 56.40158522829726
26.2 1.0985 55.40363694131642
26.4 1.09875 54.99642582650276
26.6 1.0965 54.47114497011373
26.8 1.081 53.30039219625648
27 1.14425 56.00111340840724
27.2 1.115 54.16833268516816
27.4 1.1045 53.26656141733154
27.6 1.12275 53.75433411990035
27.8 1.14825 54.57970235042894
28 1.14475 54.02467035504862
28.2 1.13475 53.17292949127793
28.4 1.17325 54.58982820634625
28.6 1.16175 53.67674262341998
28.8 1.18825 54.51987355872288
29 1.20725 55.00962962886667
29.2 1.18775 53.75039899235798
29.4 1.186 53.30609431552963
29.6 1.2025 53.68251804225185
29.8 1.202 53.30006127974123
30 1.205 53.07686912074953
30.2 1.222 53.46921002354092
30.4 1.25375 54.49753602872328
30.6 1.2305 53.13732605409022
30.8 1.246 53.45727670780883
31 1.2405 52.87794630782207
31.2 1.253 53.06839850646277
31.4 1.2805 53.88767416215855
31.6 1.26225 52.78345347523459
31.8 1.28275 53.30333818573668
32 1.30925 54.0644898052448
32.2 1.31525 53.97491207267787
32.4 1.2855 52.42839653813088
32.6 1.3275 53.80918750436192
32.8 1.3115 52.83648961531956
33 1.3185 52.79656879344266
33.2 1.31325 52.26955834586635
33.4 1.326 52.46099966763774
33.6 1.31175 51.58830992082335
33.8 1.328 51.91834972060845
34 1.31075 50.94252345620388
34.2 1.3375 51.67817751255913
34.4 1.27625 49.02491137847866
34.6 1.3215 50.46968259161285
34.8 1.307 49.62903701589615
35 1.32575 50.05334385548336
35.2 1.27675 47.92947895835318
35.4 1.25225 46.74415173813813
35.6 1.2805 47.53013956999377
35.8 1.2645 46.67403115732013
36 1.23775 45.43284561148528
36.2 1.24025 45.2730934139586
36.4 1.1905 43.2182841787326
36.6 1.19425 43.11750965747576
36.8 1.18325 42.48818693879232
37 1.19275 42.59780350595985
37.2 1.14875 40.80581809828739
37.4 1.15375 40.76426503743189
37.6 1.141 40.09934735594721
37.8 1.0785 37.70230082772072
38 1.0595 36.84315975110339
38.2 0.994 34.38448517696228
38.4 1.023 35.20334356232285
38.6 0.9825 33.63448320542842
38.8 0.98675 33.60585229385695
39 0.9945000000000001 33.69610363267501
39.2 0.9672500000000001 32.60559847809614
39.4 0.9685 32.48201091693615
39.6 0.893 29.79859431964625
39.8 0.8275 27.47416076070408
40 0.7455000000000001 24.62788750799924
40.2 0.621 20.41291616026844
40.4 0.58275 19.06076916321235
40.6 0.51925 16.9001273169772
40.8 0.46275 14.98738173396805
41 0.426 13.72983275707274
41.2 0.403 12.92549948978491
41.4 0.3785 12.08106017331391
41.6 0.3505 11.13356365314158
41.8 0.32625 10.31368215607489
42 0.277 8.715052013306234
42.2 0.2585 8.094454780268089
42.4 0.246 7.666705044060352
42.6 0.20975 6.506266903206833
42.8 0.21075 6.506737988442604
43 0.1765 5.423951017936287
43.2 0.1545 4.725896887480292
43.4 0.1395 4.247408020925421
43.6 0.123 3.727847406744941
43.8 0.10325 3.114981377091678
44 0.089 2.672863835390442
44.2 0.07775 2.324436214568788
44.4 0.0645 1.919624345793622
44.6 0.058 1.718433140503957
44.8 0.04325 1.275697200729337
45 0.033 0.9690382744037258
45.2 0.02575 0.752797734288896
45.4 0.018 0.5239093594093031
45.6 0.01125 0.3260071945885739
45.8 0.0055 0.1586853069438416
46 0.00275 0.0789976854133472
46.2 0.00025 0.007150518553746502
