# r N rho/M
0 0 0
0.2 0 0
0.4 0 0
0.6 0 0
0.8 0 0
1 0 0
1.2 0 0
1.4 0 0
1.6 0 0
1.8 0 0
2 0 0
2.2 0 0
2.4 0 0
2.6 0 0
2.8 0 0
3 0 0
3.2 0 0
3.4 0 0
3.6 0 0
3.8 0 0
4 0 0
4.2 0 0
4.4 0 0
4.6 0 0
4.8 0 0
5 0 0
5.2 0 0
5.4 0 0
5.6 0 0
5.8 0 0
6 0 0
6.2 0 0
6.4 0 0
6.6 0 0
6.8 0 0
7 0 0
7.2 0 0
7.4 0 0
7.6 0 0
7.8 0 0
8 0 0
8.199999999999999 0 0
8.4 0 0
8.6 0 0
8.800000000000001 0 0
9 0 0
9.199999999999999 0 0
9.4 0 0
9.6 0 0
9.800000000000001 0 0
10 0 0
10.2 0 0
10.4 0 0
10.6 0 0
10.8 0 0
11 0 0
11.2 0 0
11.4 0 0
11.6 0 0
11.8 0 0
12 0 0
12.2 0 0
12.4 0 0
12.6 0 0
12.8 0 0
13 0 0
13.2 0 0
13.4 0 0
13.6 0 0
13.8 0 0
14 0 0
14.2 0 0
14.4 0.00025 0.02294124702660336
14.6 0 0
14.8 0.00075 0.06696363996954494
15 0.0015 0.1321415828732354
15.2 0.003 0.2608057556708592
15.4 0.00325 0.2788702235961135
15.6 0.01 0.8470614286745853
15.8 0.00925 0.7736136972009029
16 0.0135 1.114944605492923
16.2 0.0185 1.509024248861021
16.4 0.0255 2.054640465407013
16.6 0.027 2.14929080576949
16.8 0.041 3.224883867739672
17 0.049 3.808786800463841
17.2 0.06225 4.782449728987732
17.4 0.073 5.543871005601252
17.6 0.08699999999999999 6.531998698847427
17.8 0.11875 8.815625261908256
18 0.13175 9.672029746415976
18.2 0.149 10.81818453192971
18.4 0.18225 13.08848015143866
18.6 0.2115 15.02577676219853
18.8 0.25175 17.69502313209414
19 0.2915 20.27330074081479
19.2 0.34575 23.79580847834433
19.4 0.363 24.7254611252497
19.6 0.41975 28.29919867910231
19.8 0.4835 32.26790672687338
20 0.51225 33.8447629134074
20.2 0.56575 37.00945569828361
20.4 0.62725 40.63029796923376
20.6 0.63975 41.03765905007393
20.8 0.69125 43.91484094284804
21 0.7435 46.7844127934526
21.2 0.79075 49.28818710236361
21.4 0.8295 51.22030046418164
21.6 0.87675 53.63663554819865
21.8 0.89725 54.38717212523413
22 0.93025 55.87486703083053
22.2 1.014 60.35656082588317
22.4 1.01625 59.95039446202028
22.6 1.0915 63.81970694961785
22.8 1.08225 62.72378423884163
23 1.11475 64.04557804693003
23.2 1.19275 67.93615214312561
23.4 1.19925 67.72256122253312
23.6 1.24325 69.61229784201264
23.8 1.26125 70.02671067179331
24 1.3095 72.09975115520903
24.2 1.38675 75.72204134275169
24.4 1.4375 77.84980548371959
24.6 1.431 76.86772564699176
24.8 1.435 76.460956218989
25 1.4895 78.7299550758736
25.2 1.5175 79.57335397227565
25.4 1.51225 78.67366484253942
25.6 1.529 78.92362508327219
25.8 1.53175 78.45266262251093
26 1.58975 80.79695437412532
26.2 1.56025 78.6923300297578
26.4 1.559 78.03360897703556
26.6 1.54575 76.78866606252012
26.8 1.57075 77.44828033512478
27 1.5435 75.54093820919954
27.2 1.616 78.50764629527512
27.4 1.56725 75.58353859783873
27.6 1.62025 77.57333320665201
27.8 1.681 79.90287798917575
28 1.6745 79.0253859004402
28.2 1.732 81.15929841717858
28.4 1.79525 83.53069600463935
28.6 1.80075 83.20068369195054
28.8 1.9035 87.33732743027898
29 1.92075 87.52101562198854
29.2 1.977 89.46709223985832
29.4 1.99425 89.63379307651347
29.6 2.0445 91.27144127848975
29.8 2.07825 92.15545121016824
30 2.124 93.55624067425062
30.2 2.1465 93.92116146933763
30.4 2.214 96.23732384254703
30.6 2.202 95.0901194401517
30.8 2.30475 98.88094582048346
31 2.26775 96.66583050347724
31.2 2.32125 98.31206706554407
31.4 2.3035 96.93889686257887
31.6 2.32875 97.38123769495151
31.8 2.37175 98.55559722628801
32 2.4225 100.0353076595039
32.2 2.40875 98.84970116332471
32.4 2.3915 97.53598624732788
32.6 2.456 99.55206366155396
32.8 2.466 99.34790956262147
33 2.502 100.1873455602529
33.2 2.48425 98.87732748579363
33.4 2.47925 98.08743093966127
33.6 2.4775 97.43475344298825
33.8 2.46525 96.37930094030871
34 2.47275 96.10385266170371
34.2 2.45225 94.74976508797991
34.4 2.47875 95.21684550785815
34.6 2.51525 96.06043824332518
34.8 2.4705 93.80913232423215
35 2.49675 94.26414201107153
35.2 2.51525 94.42304440963214
35.4 2.47725 92.47111191319838
35.6 2.49575 92.63830209434749
35.8 2.48725 91.80702569873033
36 2.49425 91.55392863376868
36.2 2.4965 91.13023802293702
36.4 2.463 89.41338423537874
36.6 2.469 89.14141205301037
36.8 2.47825 88.98909721619444
37 2.435 86.96344710711568
37.2 2.47025 87.74804975607785
37.4 2.43025 85.86552988708026
37.6 2.45825 86.39283140907733
37.8 2.457 85.89202886760296
38 2.445 85.0226763487001
38.2 2.4615 85.14830006347349
38.4 2.42175 83.336947480015
38.6 2.4165 82.72542357854228
38.8 2.39925 81.71151873933243
39 2.40375 81.44495636706141
39.2 2.41275 81.33280716260165
39.4 2.37325 79.59518059743802
39.6 2.3615 78.80109796847101
39.8 2.2925 76.11421576303819
40 2.1465 70.91047690934991
40.2 1.98925 65.38871734591625
40.4 1.97425 64.57438613551606
40.6 1.87475 61.01784051517189
40.8 1.79775 58.22488495351933
41 1.6865 54.35531207700279
41.2 1.537 49.29650797965113
41.4 1.39275 44.45415206441993
41.6 1.30325 41.39748025950576
41.8 1.2355 39.0576377128905
42 1.17575 36.99177763409677
42.2 1.12875 35.34474210146075
42.4 1.084 33.78336694211961
42.6 1.05875 32.84152602512626
42.8 1.02175 31.54571549082435
43 0.9835 30.22354575716906
43.2 0.9057500000000001 27.70537932579466
43.4 0.84075 25.59862576052364
43.6 0.73625 22.31404596110539
43.8 0.604 18.22226393959684
44 0.5095 15.30139465316213
44.2 0.38175 11.41290707281846
44.4 0.31125 9.263303529120384
44.6 0.2095 6.207099016130673
44.8 0.14525 4.284277882218176
45 0.118 3.46504595089817
45.2 0.065 1.900266125389446
45.4 0.04975 1.448027257256268
45.6 0.0265 0.7679280583641964
45.8 0.01425 0.4111392043544986
46 0.00575 0.1651769785915442
46.2 0.001 0.02860207421498601
46.4 0.0005 0.0142393947061676
