# r N rho/M
0 0 0
0.2 0 0
0.4 0 0
0.6 0 0
0.8 0 0
1 0 0
1.2 0 0
1.4 0 0
1.6 0 0
1.8 0 0
2 0 0
2.2 0 0
2.4 0 0
2.6 0 0
2.8 0 0
3 0 0
3.2 0 0
3.4 0 0
3.6 0 0
3.8 0 0
4 0 0
4.2 0 0
4.4 0 0
4.6 0 0
4.8 0 0
5 0 0
5.2 0 0
5.4 0 0
5.6 0 0
5.8 0 0
6 0 0
6.2 0 0
6.4 0 0
6.6 0 0
6.8 0 0
7 0 0
7.2 0 0
7.4 0 0
7.6 0 0
7.8 0 0
8 0 0
8.199999999999999 0 0
8.4 0 0
8.6 0.0003333333333333333 0.05121766778032377
8.800000000000001 0.0003333333333333333 0.0500536298762255
9 0.001 0.1468239809702615
9.199999999999999 0.001333333333333333 0.1915095403959932
9.4 0.0006666666666666666 0.09371743466186902
9.6 0.0003333333333333333 0.04588249405320671
9.800000000000001 0.0006666666666666666 0.08989223324709886
10 0.0003333333333333333 0.04404719429107844
10.2 0.003 0.3886517143330452
10.4 0.004 0.5082368572047513
10.6 0.005666666666666667 0.7064172669323903
10.8 0.007 0.8564732223265252
11 0.009666666666666667 1.161244213128432
11.2 0.011 1.29781911750499
11.4 0.01066666666666667 1.236412471328518
11.6 0.01766666666666667 2.012501118471688
11.8 0.025 2.799609806636342
12 0.026 2.863067628920099
12.2 0.03366666666666666 3.646530019179445
12.4 0.037 3.942934327669119
12.6 0.044 4.614467973351076
12.8 0.051 5.265016192605469
13 0.06233333333333333 6.336019486485898
13.2 0.074 7.407937221681374
13.4 0.08366666666666667 8.250631169448276
13.6 0.09833333333333333 9.554354644020693
13.8 0.09966666666666667 9.543558763066995
14 0.1133333333333333 10.69717575640477
14.2 0.1313333333333333 12.22154545822881
14.4 0.1383333333333333 12.69415668805386
14.6 0.1433333333333333 12.97280379805735
14.8 0.1693333333333333 15.11890182423503
15 0.1796666666666667 15.82762514859419
15.2 0.2133333333333333 18.54618706992776
15.4 0.211 18.10511297808614
15.6 0.2283333333333333 19.34123595473637
15.8 0.272 22.7484243933671
16 0.277 22.87701153492887
16.2 0.3223333333333334 26.29236844411905
16.4 0.3463333333333333 27.90550906611617
16.6 0.3703333333333333 29.4797788297519
16.8 0.4076666666666667 32.06530870118389
17 0.4373333333333334 33.99406994699701
17.2 0.4713333333333333 36.21089112068891
17.4 0.5193333333333333 39.43995902614955
17.6 0.5533333333333333 41.54451279726717
17.8 0.5996666666666667 44.51736097171355
18 0.6726666666666666 49.38179893299795
18.2 0.6943333333333334 50.41225588369034
18.4 0.7716666666666666 55.41807325209054
18.6 0.8406666666666667 59.72420645274184
18.8 0.858 60.30716920491272
19 0.9386666666666666 65.28257848614574
19.2 1.007666666666667 69.35138976142194
19.4 1.060333333333333 72.22377579377347
19.6 1.103666666666667 74.40829607028607
19.8 1.167666666666667 77.92794020285241
20 1.249333333333333 82.54444210148101
20.2 1.259 82.35953110762539
20.4 1.342 86.92843343915777
20.6 1.399666666666667 89.78357710108658
20.8 1.5 95.29441072589087
21 1.529 96.2116572443699
21.2 1.675333333333333 104.4250936353586
21.4 1.642333333333333 101.4114608748334
21.6 1.703333333333333 104.2042420497273
21.8 1.762666666666667 106.8447538583591
22 1.842 110.6385434784089
22.2 1.891 112.558438384364
22.4 1.965666666666667 115.9581717564686
22.6 1.980333333333333 115.7895492403969
22.8 2.037 118.0580720670089
23 2.087666666666667 119.9424251500106
23.2 2.122666666666666 120.901953985167
23.4 2.118 119.6050737288515
23.6 2.198333333333333 123.0895111651111
23.8 2.252 125.0348086682882
24 2.226333333333333 122.579671112547
24.2 2.237333333333333 122.1672595379002
24.4 2.276333333333334 123.2779876285962
24.6 2.235333333333333 120.0733678520211
24.8 2.293 122.1776812614228
25 2.293 121.2002598113314
25.2 2.273 119.1896102662159
25.4 2.324 120.9043459044877
25.6 2.322333333333333 119.8737510257592
25.8 2.255 115.4958408446301
26 2.234666666666667 113.5739963566884
26.2 2.273333333333333 114.6572004065477
26.4 2.245666666666667 112.4037681587104
26.6 2.166333333333333 107.6175622923755
26.8 2.126666666666666 104.8586192451793
27 2.070333333333333 101.3248606451438
27.2 2.034 98.81469836917671
27.4 1.973666666666667 95.18373627645092
27.6 1.966666666666667 94.15885736136333
27.8 1.963333333333333 93.32301236491081
28 1.87 88.25169999033932
28.2 1.834 85.93888758493389
28.4 1.789333333333333 83.25540104032011
28.6 1.740333333333333 80.40923125654564
28.8 1.717333333333333 78.79553645404033
29 1.659666666666667 75.62447599147572
29.2 1.622666666666667 73.43210335923625
29.4 1.584333333333333 71.20963077057684
29.6 1.535666666666667 68.55588651993189
29.8 1.502333333333333 66.61768613083575
30 1.388666666666667 61.16687047221094
30.2 1.375333333333333 60.17838531291049
30.4 1.378333333333333 59.91287776105572
30.6 1.311 56.61359972118024
30.8 1.296666666666667 55.63103434814776
31 1.291333333333333 55.0447840914961
31.2 1.262333333333333 53.46369383984425
31.4 1.245 52.39371677617135
31.6 1.211 50.64033444920506
31.8 1.202333333333333 49.96170748676727
32 1.151333333333333 47.5434403379328
32.2 1.137333333333333 46.67361084508063
32.4 1.180666666666667 48.15282783302465
32.6 1.198 48.56000499452021
32.8 1.169666666666667 47.12244047786411
33 1.159333333333333 46.42307325586994
33.2 1.154333333333333 45.94440778012189
33.4 1.168666666666667 46.23636622291048
33.6 1.204666666666667 47.37695243093973
33.8 1.158333333333333 45.28520714837207
34 1.191666666666667 46.31432929135453
34.2 1.184 45.74726143915515
34.4 1.206 46.32638050730285
34.6 1.219333333333333 46.56781407998987
34.8 1.181 44.84460039462383
35 1.240333333333333 46.82845998774368
35.2 1.215333333333333 45.62388363217955
35.4 1.233 46.02558522110147
35.6 1.254666666666667 46.57124699764586
35.8 1.252 46.21264294896386
36 1.314333333333333 48.24391308047842
36.2 1.363333333333333 49.76602890898089
36.4 1.412333333333333 51.27141818991742
36.6 1.376 49.67945847911797
36.8 1.453 52.17438041163342
37 1.494 53.3566283277334
37.2 1.513 53.74468142129167
37.4 1.546 54.62323185080797
37.6 1.586333333333333 55.75015894447934
37.8 1.604666666666667 56.0960828881618
38 1.711 59.49848639371203
38.2 1.728 59.77504062956823
38.4 1.715333333333333 59.02782859945044
38.6 1.745333333333333 59.74899204872714
38.8 1.838 62.59696631984705
39 1.820333333333333 61.67736615989216
39.2 1.856666666666667 62.58746739829258
39.4 1.914666666666667 64.21499594110523
39.6 1.932333333333333 64.48019830943983
39.8 2.002666666666667 66.49134253788927
40 1.944 64.22080927639237
40.2 1.963333333333333 64.53680954588359
40.4 2.029666666666667 66.38697179167738
40.6 2.106666666666666 68.56607584226987
40.8 2.069666666666667 67.03162484149658
41 2.122 68.39132655048911
41.2 2.154666666666667 69.10705434406091
41.4 2.212333333333333 70.61382331156706
41.6 2.217333333333333 70.43315779429179
41.8 2.202666666666667 69.63250236254697
42 2.221 69.8777275146323
42.2 2.293666666666667 71.82197723149544
42.4 2.297666666666667 71.60785619066127
42.6 2.269333333333333 70.39279312996761
42.8 2.306 71.19590890319643
43 2.355333333333333 72.38080810715356
43.2 2.339666666666667 71.56649461321285
43.4 2.372 72.22116004039498
43.6 2.376333333333333 72.02120369291244
43.8 2.314 69.81178602024352
44 2.342 70.33536070207208
44.2 2.316 69.23979772271787
44.4 2.249 66.93387835178071
44.6 2.224333333333333 65.90289854357994
44.8 2.211 65.21541065462574
45 2.163333333333334 63.52584243313314
45.2 2.161333333333333 63.18628490782138
45.4 2.076 60.4242127852063
45.6 2.084666666666667 60.4103405913168
45.8 1.906666666666667 55.01090640719841
46 1.906666666666667 54.77172855325407
46.2 1.785 51.05470247375002
46.4 1.679 47.8158874233108
46.6 1.589 45.05857836600234
46.8 1.482333333333333 41.85424637017646
47 1.410333333333333 39.65184660543679
47.2 1.319 36.92685334953335
47.4 1.183333333333333 32.98893243319166
47.6 1.142 31.70287555488125
47.8 1.076333333333333 29.75489338198584
48 1.018 28.02502736769866
48.2 0.9543333333333334 26.16330233513643
48.4 0.894 24.40797005964306
48.6 0.8246666666666667 22.42237832842141
48.8 0.7643333333333333 20.69676567816453
49 0.735 19.8212374309853
49.2 0.639 17.16229094634093
49.4 0.6476666666666666 17.3246353254181
49.6 0.623 16.5976222036342
49.8 0.57 15.12463900356308
50 0.5233333333333333 13.83081900739863
50.2 0.4963333333333333 13.06499448195534
50.4 0.452 11.85079274974253
50.6 0.3996666666666667 10.43726995158163
50.8 0.3493333333333333 9.086901499419332
51 0.3043333333333333 7.885311448579337
51.2 0.2693333333333333 6.951197849060815
51.4 0.236 6.067201081339209
51.6 0.1843333333333333 4.720561713753174
51.8 0.1706666666666667 4.353699512940572
52 0.1563333333333333 3.972718100483804
52.2 0.113 2.860536180972335
52.4 0.09066666666666667 2.286419245643767
52.6 0.07033333333333333 1.766912166429192
52.8 0.05433333333333333 1.359790278304126
53 0.044 1.097024461589123
53.2 0.02966666666666667 0.7368797541176657
53.4 0.01466666666666667 0.3629356832972757
53.6 0.006666666666666667 0.1643552025786509
53.8 0.006 0.147369795025913
54 0.002333333333333334 0.05709821482176836
54.2 0.0003333333333333333 0.008126788614590119
54.4 0.001 0.02429073214581532
