# r N rho/M
0 0 0
0.2 0 0
0.4 0 0
0.6 0 0
0.8 0 0
1 0 0
1.2 0 0
1.4 0 0
1.6 0 0
1.8 0 0
2 0 0
2.2 0 0
2.4 0 0
2.6 0 0
2.8 0 0
3 0 0
3.2 0 0
3.4 0 0
3.6 0 0
3.8 0 0
4 0 0
4.2 0 0
4.4 0 0
4.6 0 0
4.8 0 0
5 0 0
5.2 0 0
5.4 0 0
5.6 0 0
5.8 0 0
6 0 0
6.2 0 0
6.4 0 0
6.6 0 0
6.8 0 0
7 0 0
7.2 0 0
7.4 0 0
7.6 0 0
7.8 0 0
8 0 0
8.199999999999999 0 0
8.4 0 0
8.6 0 0
8.800000000000001 0 0
9 0 0
9.199999999999999 0 0
9.4 0 0
9.6 0 0
9.800000000000001 0 0
10 0 0
10.2 0 0
10.4 0 0
10.6 0 0
10.8 0 0
11 0 0
11.2 0 0
11.4 0 0
11.6 0 0
11.8 0 0
12 0 0
12.2 0 0
12.4 0 0
12.6 0 0
12.8 0 0
13 0 0
13.2 0 0
13.4 0 0
13.6 0 0
13.8 0 0
14 0 0
14.2 0 0
14.4 0 0
14.6 0 0
14.8 0 0
15 0 0
15.2 0 0
15.4 0.0003333333333333333 0.028602074214986
15.6 0.0003333333333333333 0.02823538095581951
15.8 0.0003333333333333333 0.02787797107030281
16 0.001 0.08258848929577209
16.2 0.001333333333333333 0.1087585044224159
16.4 0.001 0.08057413589831423
16.6 0.001 0.07960336317664778
16.8 0.001666666666666667 0.1310928401520192
17 0.001333333333333333 0.1036404571554787
17.2 0.001666666666666667 0.1280441694508094
17.4 0.005666666666666667 0.430346151119732
17.6 0.006666666666666667 0.500536298762255
17.8 0.006 0.4454210658648382
18 0.01166666666666667 0.8564732223265255
18.2 0.01333333333333333 0.9680702041995264
18.4 0.018 1.292689397672954
18.6 0.014 0.9946140646372552
18.8 0.025 1.757201899910044
19 0.025 1.738705037805728
19.2 0.03 2.064712232394302
19.4 0.03966666666666667 2.701863979710482
19.6 0.045 3.033862872089586
19.8 0.057 3.804075870593139
20 0.06366666666666666 4.206507054797991
20.2 0.06033333333333334 3.946803052814455
20.4 0.07966666666666666 5.160431095866544
20.6 0.09433333333333334 6.051143681735534
20.8 0.1076666666666667 6.840021036547277
21 0.1143333333333333 7.194375067542811
21.2 0.1386666666666667 8.643223030702185
21.4 0.1383333333333333 8.541862444297923
21.6 0.1463333333333333 8.952184395270109
21.8 0.1756666666666667 10.64810614284328
22 0.1663333333333333 9.99070452329461
22.2 0.192 11.428461221469
22.4 0.215 12.68323228470786
22.6 0.213 12.45405183716775
22.8 0.2646666666666667 15.33924222241942
23 0.2823333333333333 16.22085807154063
23.2 0.3086666666666666 17.58090599721493
23.4 0.3436666666666667 19.40711851029995
23.6 0.3826666666666667 21.4263470534568
23.8 0.3926666666666667 21.80151045163462
24 0.4343333333333333 23.91395590053134
24.2 0.4856666666666667 26.51932317442202
24.4 0.5143333333333333 27.85443475046477
24.6 0.5676666666666667 30.49283409662869
24.8 0.601 32.02302068823163
25 0.67 35.41394421002707
25.2 0.7236666666666667 37.94700746267115
25.4 0.756 39.3303293906165
25.6 0.8333333333333334 43.01483817488129
25.8 0.905 46.35198934119302
26 0.9026666666666666 45.87684697701554
26.2 1.012666666666667 51.07457109018943
26.4 1.097333333333333 54.92551651751145
26.6 1.116333333333333 55.45641115820365
26.8 1.135 55.96294647803063
27 1.242666666666667 60.81775567301497
27.2 1.322666666666667 64.2570834363968
27.4 1.318 63.56299497333
27.6 1.404333333333333 67.23580780735996
27.8 1.464333333333333 69.60407356859984
28 1.558333333333333 73.54308332528277
28.2 1.611333333333333 75.50501319257913
28.4 1.711 79.61065080848792
28.6 1.729333333333333 79.90099439934089
28.8 1.813333333333333 83.20025588314817
29 1.861333333333333 84.81363204185587
29.2 1.977 89.46709223985832
29.4 1.959333333333333 88.06442450440787
29.6 2.056 91.78482918492291
29.8 2.162 95.86916180266267
30 2.122333333333333 93.48282868376549
30.2 2.232 97.6622559513448
30.4 2.311333333333333 100.4681727678743
30.6 2.365333333333334 102.1434283298995
30.8 2.411333333333333 103.4537024356044
31 2.388 101.7916451294471
31.2 2.440666666666667 103.3697296792552
31.4 2.457666666666667 103.4267399707393
31.6 2.528666666666667 105.7411442696585
31.8 2.515333333333333 104.5220528680748
32 2.58 106.539151191546
32.2 2.607333333333334 106.9991160698185
32.4 2.639 107.6301349390334
32.6 2.680333333333333 108.6452421148962
32.8 2.621333333333333 105.6058341173905
33 2.694666666666667 107.9022783785085
33.2 2.713666666666667 108.0084966035149
33.4 2.708666666666667 107.163922397995
33.6 2.761 108.5841994979175
33.8 2.679666666666667 104.7619511556153
34 2.742666666666667 106.5942101844098
34.2 2.709666666666667 104.6958018690575
34.4 2.670666666666667 102.5889885639885
34.6 2.649666666666667 101.1939732427117
34.8 2.678666666666667 101.7135785411225
35 2.644333333333333 99.83611208889295
35.2 2.681 100.6453362736204
35.4 2.672666666666667 99.76565079826752
35.6 2.655666666666667 98.57415643736572
35.8 2.65 97.81430017152894
36 2.629666666666667 96.5245321561994
36.2 2.611 95.30985438729765
36.4 2.587333333333333 93.92701156245904
36.6 2.586666666666666 93.38967969911711
36.8 2.562333333333333 92.008364814
37 2.531666666666667 90.41579476776776
37.2 2.542 90.2967482967108
37.4 2.519666666666667 89.02479723162085
37.6 2.563333333333333 90.08588406872161
37.8 2.544666666666667 88.9566881529346
38 2.509 87.24821879709144
38.2 2.517333333333333 87.07968881838335
38.4 2.565 88.2664479348564
38.6 2.502333333333334 85.66380506298599
38.8 2.526666666666667 86.05096204288006
39 2.537333333333333 85.97108793427927
39.2 2.602666666666666 87.73481964916847
39.4 2.555333333333333 85.70197752167701
39.6 2.552666666666667 85.18015502047443
39.8 2.574333333333333 85.47147776633135
40 2.557 84.47150685171569
40.2 2.546333333333333 83.70062616655427
40.4 2.546 83.27536386021217
40.6 2.611666666666667 85.00240573167477
40.8 2.585666666666667 83.74364855781752
41 2.545666666666667 82.04595678072343
41.2 2.537 81.36970770616455
41.4 2.501333333333333 79.83819950730739
41.6 2.589666666666667 82.26025299216067
41.8 2.595666666666667 82.05634017814064
42 2.620666666666667 82.45215274201398
42.2 2.579666666666667 80.77754422243035
42.4 2.598666666666666 80.98866195595461
42.6 2.621666666666667 81.32187396697933
42.8 2.636666666666667 81.40497823421273
43 2.646 81.31316936804203
43.2 2.607333333333334 79.75397077426287
43.4 2.653666666666667 80.79716906711415
43.6 2.703333333333333 81.93182240840507
43.8 2.674 80.67273803722176
44 2.691 80.8165907981537
44.2 2.644333333333333 79.05574486677041
44.4 2.590666666666666 77.10243108789678
44.6 2.672666666666667 79.18618919862489
44.8 2.508 73.97568969778442
45 2.407 70.68106443908387
45.2 2.372333333333333 69.35484109947018
45.4 2.319333333333333 67.50669116240613
45.6 2.254666666666667 65.33667153176634
45.8 2.16 62.32004781794505
46 2.127666666666667 61.12026981738125
46.2 1.981333333333333 56.6702430446256
46.4 1.856333333333333 52.86612607909825
46.6 1.730333333333333 49.06630591523352
46.8 1.600333333333333 45.18602132296317
47 1.498333333333333 42.12598688051013
47.2 1.359333333333333 38.05602930487667
47.4 1.283666666666667 35.78602219724538
47.6 1.209 33.56285161633225
47.8 1.171333333333333 32.38113822988487
48 1.051666666666667 28.95185374757344
48.2 0.957 26.23640971155315
48.4 0.895 24.43527203957554
48.6 0.8323333333333334 22.63083212856437
48.8 0.8033333333333333 21.75281521342194
49 0.74 19.95607578085595
49.2 0.7083333333333334 19.02444875376863
49.4 0.634 16.95906144567433
49.6 0.631 16.81075378891361
49.8 0.6023333333333334 15.98258636224473
50 0.5543333333333333 14.65009682121269
50.2 0.517 13.60900365447464
50.4 0.4986666666666666 13.07432592449471
50.6 0.4526666666666667 11.82136162989813
50.8 0.3936666666666667 10.24010560192198
51 0.3576666666666667 9.267184210652385
51.2 0.2866666666666667 7.398552166079582
51.4 0.2596666666666667 6.675635088083678
51.6 0.2163333333333333 5.540044398238354
51.8 0.166 4.234653041883604
52 0.1433333333333333 3.642364143300717
52.2 0.1116666666666667 2.826783541668827
52.4 0.09766666666666667 2.46294426093244
52.6 0.07199999999999999 1.808782122979647
52.8 0.05133333333333333 1.284709833489788
53 0.04633333333333333 1.155200001218849
53.2 0.01933333333333333 0.4802137723463439
53.4 0.016 0.3959298363243007
53.6 0.012 0.2958393646415717
53.8 0.005 0.1228081625215942
54 0.003333333333333334 0.08156887831681195
54.2 0.001 0.02438036584377036
54.4 0.0003333333333333333 0.008096910715271773
54.6 0.0003333333333333333 0.008067251701662718
