1000 41.381423 41.381423
2000 41.705448 41.543436
3000 41.702565 41.596479
4000 41.435792 41.556307
5000 41.672221 41.579490
6000 41.620838 41.586381
7000 41.249613 41.538271
8000 41.302242 41.508768
9000 41.088281 41.462047
10000 40.987146 41.414557
11000 41.669489 41.437733
12000 41.386635 41.433474
13000 41.473952 41.436588
14000 41.963919 41.474255
15000 41.821334 41.497393
16000 41.944502 41.525338
17000 41.633628 41.531708
18000 41.435725 41.526375
19000 41.337022 41.516409
20000 41.759838 41.528581
21000 41.484753 41.526494
22000 41.374184 41.519570
23000 41.584460 41.522392
24000 41.129132 41.506006
25000 41.413153 41.502292
26000 41.317518 41.495185
27000 41.558975 41.497548
28000 41.573475 41.500259
29000 41.771034 41.509596
30000 41.944256 41.524085
31000 41.714195 41.530218
32000 41.196744 41.519797
33000 41.943586 41.532639
34000 42.366364 41.557160
35000 42.079083 41.572072
36000 42.138338 41.587802
37000 41.753674 41.592285
38000 41.795061 41.597621
39000 42.036929 41.608885
40000 42.349208 41.627393
41000 41.862906 41.633138
42000 41.664004 41.633873
43000 42.193258 41.646881
44000 41.918409 41.653053
45000 41.498418 41.649616
46000 41.334042 41.642756
47000 41.502692 41.639776
48000 41.549305 41.637891
49000 41.473457 41.634535
50000 41.787577 41.637596
51000 41.548372 41.635847
52000 41.626567 41.635668
53000 42.085038 41.644147
54000 42.245495 41.655283
55000 42.229883 41.665730
56000 42.298482 41.677029
57000 42.460101 41.690767
58000 42.296105 41.701204
59000 42.176238 41.709256
60000 41.898565 41.712411
61000 41.761893 41.713222
62000 42.046225 41.718593
63000 41.643613 41.717403
64000 41.786932 41.718489
65000 41.944585 41.721968
66000 41.831088 41.723621
67000 41.692896 41.723162
68000 41.839117 41.724868
69000 41.591623 41.722937
70000 41.426437 41.718701
71000 41.356136 41.713594
72000 41.319305 41.708118
73000 41.608522 41.706754
74000 41.284687 41.701050
75000 41.782819 41.702140
76000 41.371635 41.697792
77000 41.395868 41.693871
78000 41.150682 41.686907
79000 41.149250 41.680101
80000 40.971804 41.671247
81000 41.343066 41.667195
82000 41.313030 41.662876
83000 41.545567 41.661463
84000 41.239824 41.656443
85000 41.952775 41.659930
86000 41.382745 41.656707
87000 40.936806 41.648432
88000 41.255694 41.643969
89000 41.030085 41.637071
90000 41.427289 41.634741
91000 41.717491 41.635650
92000 41.252127 41.631481
93000 41.138428 41.626180
94000 41.067263 41.620234
95000 41.478947 41.618746
96000 41.653683 41.619110
97000 41.723683 41.620188
98000 41.789262 41.621914
99000 42.035532 41.626092
100000 42.291838 41.632749
101000 41.940957 41.635801
102000 41.795857 41.637370
103000 42.068649 41.641557
104000 41.616570 41.641317
105000 41.254930 41.637637
106000 41.858160 41.639717
107000 41.821735 41.641418
108000 41.690434 41.641872
109000 41.777674 41.643118
110000 41.693076 41.643572
111000 41.837869 41.645323
112000 41.613087 41.645035
113000 41.358241 41.642497
114000 42.008644 41.645709
115000 42.447407 41.652680
116000 42.629891 41.661104
117000 42.319255 41.666729
118000 42.669380 41.675226
119000 42.082062 41.678645
120000 42.343712 41.684187
121000 42.305689 41.689324
122000 42.340162 41.694659
123000 42.678482 41.702657
124000 42.572380 41.709671
125000 42.481453 41.715845
126000 42.309523 41.720557
127000 42.089752 41.723464
128000 42.203873 41.727217
129000 42.394198 41.732388
130000 42.327690 41.736967
131000 42.618544 41.743696
132000 42.922603 41.752628
133000 42.729568 41.759973
134000 42.643023 41.766563
135000 42.733116 41.773723
136000 43.023190 41.782910
137000 42.725482 41.789790
138000 42.586895 41.795566
139000 42.747423 41.802414
140000 42.839129 41.809819
141000 42.930663 41.817768
142000 42.492717 41.822521
143000 42.467844 41.827034
144000 42.496505 41.831683
145000 42.398843 41.835595
146000 42.556774 41.840534
147000 42.410076 41.844409
148000 42.667280 41.849969
149000 42.651395 41.855347
150000 42.365030 41.858745
151000 42.272137 41.861483
152000 42.372552 41.864845
153000 42.910531 41.871680
154000 42.922023 41.878500
155000 42.558955 41.882890
156000 42.348447 41.885875
157000 42.573034 41.890251
158000 43.060773 41.897660
159000 43.031093 41.904788
160000 43.078057 41.912121
161000 42.922483 41.918397
162000 42.666801 41.923017
163000 42.944988 41.929286
164000 42.683266 41.933884
165000 43.462287 41.943147
166000 42.550120 41.946803
167000 43.023627 41.953251
168000 43.048711 41.959772
169000 42.923341 41.965473
170000 42.812936 41.970459
171000 43.036783 41.976694
172000 42.450327 41.979448
173000 42.312665 41.981374
174000 42.570133 41.984758
175000 42.346715 41.986826
176000 42.399539 41.989171
177000 42.601963 41.992633
178000 42.609072 41.996096
179000 42.568175 41.999292
180000 42.246249 42.000664
181000 42.053371 42.000956
182000 42.266956 42.002417
183000 42.365394 42.004401
184000 42.106911 42.004958
185000 41.851671 42.004129
186000 42.086203 42.004570
187000 41.998967 42.004540
188000 42.003006 42.004532
189000 42.201320 42.005573
190000 42.048057 42.005797
191000 41.756445 42.004492
192000 42.163749 42.005321
193000 42.711104 42.008978
194000 42.430145 42.011149
195000 42.694395 42.014653
196000 42.156461 42.015376
197000 41.980871 42.015201
198000 42.294843 42.016613
199000 42.202171 42.017546
200000 42.051169 42.017714
201000 42.587678 42.020550
202000 41.969829 42.020298
203000 42.499702 42.022660
204000 42.312572 42.024081
205000 41.904780 42.023499
206000 41.970015 42.023240
207000 41.762165 42.021978
208000 42.191097 42.022791
209000 42.035692 42.022853
210000 42.663328 42.025903
211000 42.840694 42.029765
212000 42.441344 42.031706
213000 42.847284 42.035535
214000 42.865388 42.039413
215000 42.485698 42.041489
216000 42.232317 42.042372
217000 42.315355 42.043630
218000 42.245626 42.044557
219000 42.394112 42.046153
220000 42.646163 42.048880
221000 42.516557 42.050996
222000 42.190113 42.051623
223000 42.416565 42.053259
224000 42.384945 42.054740
225000 42.385667 42.056211
226000 42.220364 42.056937
227000 42.565969 42.059180
228000 42.640849 42.061731
229000 42.913838 42.065452
230000 42.923721 42.069184
231000 43.088484 42.073596
232000 42.819608 42.076812
233000 42.356905 42.078014
234000 42.588949 42.080197
235000 42.857089 42.083503
236000 42.825351 42.086647
237000 42.412883 42.088023
238000 42.714421 42.090655
239000 42.680741 42.093124
240000 42.688240 42.095604
241000 42.670034 42.097987
242000 42.700604 42.100477
243000 42.543398 42.102300
244000 42.701067 42.104754
245000 42.800807 42.107595
246000 42.602273 42.109606
247000 42.458925 42.111020
248000 42.886668 42.114148
249000 42.742260 42.116670
250000 43.107614 42.120634
251000 43.026861 42.124245
252000 43.267523 42.128781
253000 43.339767 42.133568
254000 43.210097 42.137806
255000 42.593142 42.139592
256000 42.259619 42.140061
257000 42.035182 42.139653
258000 42.180520 42.139811
259000 42.378106 42.140731
260000 42.276232 42.141252
261000 42.295420 42.141843
262000 42.382227 42.142760
263000 42.313716 42.143410
264000 42.824658 42.145991
265000 42.657275 42.147920
266000 42.617232 42.149685
267000 42.861729 42.152351
268000 42.535490 42.153781
269000 42.515202 42.155125
270000 42.568241 42.156655
271000 42.416870 42.157615
272000 42.648297 42.159419
273000 43.089574 42.162826
274000 42.492297 42.164028
275000 42.435188 42.165015
276000 42.302681 42.165513
277000 42.165367 42.165513
278000 42.738611 42.167574
279000 42.922518 42.170280
280000 43.001382 42.173248
281000 43.157210 42.176750
282000 43.440955 42.181233
283000 42.884822 42.183719
284000 42.322779 42.184209
285000 42.427597 42.185063
286000 42.230692 42.185222
287000 42.401650 42.185977
288000 43.039817 42.188941
289000 42.445707 42.189830
290000 43.202591 42.193322
291000 43.188366 42.196741
292000 43.050405 42.199665
293000 43.283614 42.203364
294000 42.879265 42.205663
295000 42.683722 42.207284
296000 42.716919 42.209006
297000 42.424595 42.209732
298000 42.364761 42.210252
299000 42.884650 42.212507
300000 42.923535 42.214877
301000 42.434208 42.215606
302000 42.966541 42.218093
303000 42.735451 42.219800
304000 42.935398 42.222154
305000 43.090911 42.225002
306000 42.738208 42.226679
307000 42.982637 42.229142
308000 43.028860 42.231738
309000 43.282927 42.235140
310000 43.139927 42.238059
311000 43.186476 42.241109
312000 43.586612 42.245421
313000 43.390703 42.249080
314000 43.391520 42.252718
315000 43.233297 42.255831
316000 43.158128 42.258687
317000 43.148170 42.261493
318000 43.448321 42.265225
319000 43.512512 42.269135
320000 43.334354 42.272464
321000 43.345567 42.275807
322000 43.373375 42.279215
323000 43.583463 42.283253
324000 43.939445 42.288365
325000 43.614659 42.292446
326000 43.546410 42.296292
327000 43.597203 42.300271
328000 43.338366 42.303436
329000 43.703071 42.307690
330000 43.574249 42.311528
331000 43.105813 42.313927
332000 43.468423 42.317405
333000 43.310043 42.320386
334000 43.216343 42.323068
335000 43.216154 42.325734
336000 43.441623 42.329055
337000 43.378107 42.332168
338000 43.222809 42.334803
339000 43.007480 42.336788
340000 43.239948 42.339444
341000 43.266917 42.342164
342000 42.825516 42.343577
343000 43.034763 42.345592
344000 43.333423 42.348464
345000 43.147869 42.350781
346000 43.637564 42.354500
347000 43.550831 42.357948
348000 43.273612 42.360579
349000 43.574732 42.364058
350000 43.059160 42.366044
351000 42.805899 42.367297
352000 42.465751 42.367577
353000 42.930191 42.369170
354000 42.587156 42.369786
355000 43.098981 42.371840
356000 42.953051 42.373473
357000 42.557284 42.373988
358000 42.569356 42.374533
359000 42.193714 42.374030
360000 42.648157 42.374791
361000 43.135520 42.376899
362000 43.459853 42.379890
363000 43.210508 42.382178
364000 43.177522 42.384363
365000 43.598737 42.387690
366000 43.788595 42.391518
367000 43.728470 42.395161
368000 44.073512 42.399722
369000 43.854927 42.403665
370000 43.603814 42.406909
371000 43.937862 42.411035
372000 43.500743 42.413965
373000 43.678056 42.417354
374000 43.906670 42.421336
375000 43.933148 42.425367
376000 43.924913 42.429356
377000 44.268242 42.434233
378000 44.228739 42.438981
379000 44.516032 42.444461
380000 44.083817 42.448775
381000 44.091796 42.453087
382000 43.834066 42.456703
383000 43.620762 42.459742
384000 43.813127 42.463266
385000 43.457982 42.465850
386000 43.573404 42.468719
387000 43.468850 42.471304
388000 43.684376 42.474430
389000 43.099080 42.476036
390000 43.316922 42.478192
391000 43.420806 42.480603
392000 43.564407 42.483368
393000 43.234168 42.485278
394000 43.592526 42.488088
395000 43.357684 42.490290
396000 43.327233 42.492403
397000 43.330700 42.494515
398000 43.494059 42.497026
399000 43.530678 42.499617
400000 43.224433 42.501429
401000 43.753420 42.504551
402000 43.994737 42.508258
403000 44.292736 42.512686
404000 44.252670 42.516993
405000 44.108101 42.520922
406000 44.389284 42.525523
407000 44.480402 42.530327
408000 44.377630 42.534854
409000 44.373223 42.539349
410000 44.279654 42.543594
411000 43.799197 42.546649
412000 44.047830 42.550292
413000 44.047776 42.553918
414000 43.884062 42.557131
415000 43.472861 42.559338
416000 43.680656 42.562033
417000 43.985784 42.565447
418000 44.308020 42.569616
419000 44.333496 42.573826
420000 44.193216 42.577682
421000 43.635342 42.580194
422000 44.013834 42.583591
423000 43.434913 42.585604
424000 44.215121 42.589447
425000 43.814310 42.592329
426000 44.001174 42.595636
427000 43.953150 42.598815
428000 43.897846 42.601851
429000 44.327819 42.605874
430000 43.444390 42.607824
431000 43.453602 42.609786
432000 43.674407 42.612251
433000 43.267783 42.613765
434000 43.973946 42.616899
435000 43.672862 42.619326
436000 43.901589 42.622267
437000 43.909635 42.625213
438000 44.334947 42.629116
439000 44.257298 42.632825
440000 43.641356 42.635117
441000 44.277844 42.638842
442000 43.968271 42.641850
443000 43.742107 42.644334
444000 44.301814 42.648067
445000 44.060894 42.651242
446000 43.780873 42.653775
447000 43.360686 42.655356
448000 43.619675 42.657509
449000 43.450239 42.659274
450000 43.128367 42.660317
451000 43.408760 42.661976
452000 42.747207 42.662165
453000 43.197406 42.663346
454000 43.523356 42.665240
455000 42.814538 42.665569
456000 43.198204 42.666737
457000 43.241213 42.667994
458000 42.771736 42.668220
459000 43.260004 42.669509
460000 43.310177 42.670902
461000 43.056552 42.671739
462000 43.094799 42.672655
463000 43.070044 42.673513
464000 43.162607 42.674567
465000 43.110573 42.675505
466000 43.036506 42.676279
467000 43.134833 42.677261
468000 43.304466 42.678601
469000 42.852575 42.678972
470000 42.800317 42.679230
471000 43.126542 42.680180
472000 43.233371 42.681352
473000 43.045033 42.682121
474000 43.542676 42.683937
475000 43.924679 42.686549
476000 43.561514 42.688387
477000 43.597251 42.690292
478000 42.695960 42.690304
479000 42.870024 42.690679
480000 42.911457 42.691139
481000 43.318394 42.692443
482000 43.050961 42.693187
483000 43.070559 42.693968
484000 43.217753 42.695051
485000 43.093037 42.695871
486000 43.139178 42.696783
487000 43.360025 42.698145
488000 43.916514 42.700642
489000 43.553698 42.702386
490000 43.401403 42.703813
491000 43.650746 42.705742
492000 43.611889 42.707583
493000 43.524747 42.709241
494000 43.726156 42.711299
495000 43.134990 42.712155
496000 43.284200 42.713309
497000 44.041055 42.715980
498000 43.744863 42.718046
499000 43.947829 42.720511
500000 43.974585 42.723019
501000 43.521674 42.724613
502000 43.583954 42.726325
503000 43.471970 42.727807
504000 43.638143 42.729613
505000 43.144993 42.730436
506000 43.862539 42.732673
507000 43.353586 42.733898
508000 43.419228 42.735247
509000 43.604184 42.736954
510000 43.478386 42.738408
511000 43.394996 42.739693
512000 43.912935 42.741984
513000 43.821916 42.744089
514000 43.796402 42.746137
515000 43.717357 42.748023
516000 43.834867 42.750129
517000 43.229163 42.751055
518000 43.295113 42.752106
519000 43.304552 42.753170
520000 43.556085 42.754714
521000 43.492095 42.756130
522000 43.554636 42.757659
523000 43.552902 42.759180
524000 43.684184 42.760945
525000 43.318169 42.762007
526000 42.996707 42.762453
527000 43.487002 42.763828
528000 42.972090 42.764222
529000 43.235480 42.765113
530000 43.001420 42.765559
531000 43.032484 42.766061
532000 43.206419 42.766889
533000 42.771973 42.766899
534000 43.246857 42.767797
535000 43.161212 42.768533
536000 43.299949 42.769524
537000 43.519570 42.770921
538000 43.553032 42.772375
539000 43.186045 42.773142
540000 42.727312 42.773057
541000 42.946575 42.773378
542000 43.057429 42.773902
543000 42.930983 42.774191
544000 43.027964 42.774658
545000 43.338838 42.775693
546000 43.378226 42.776797
547000 43.423413 42.777979
548000 43.111419 42.778587
549000 42.812632 42.778649
550000 43.035488 42.779116
551000 43.375652 42.780199
552000 43.034523 42.780660
553000 43.898346 42.782681
554000 43.661992 42.784268
555000 43.509398 42.785575
556000 43.408039 42.786694
557000 43.120370 42.787293
558000 42.718369 42.787170
559000 43.674296 42.788757
560000 44.085159 42.791072
561000 44.289962 42.793743
562000 44.016523 42.795919
563000 43.785938 42.797678
564000 43.920758 42.799669
565000 43.220324 42.800413
566000 43.655297 42.801924
567000 43.694299 42.803498
568000 43.996132 42.805597
569000 43.674112 42.807124
570000 43.726044 42.808736
571000 43.797746 42.810468
572000 43.848571 42.812283
573000 43.831111 42.814061
574000 43.905570 42.815963
575000 43.627265 42.817373
576000 43.814211 42.819104
577000 43.773330 42.820758
578000 43.791589 42.822437
579000 43.580006 42.823746
580000 43.171045 42.824345
581000 43.781510 42.825992
582000 43.516901 42.827179
583000 43.158520 42.827748
584000 42.876502 42.827831
585000 43.551142 42.829068
586000 43.500685 42.830214
587000 43.698538 42.831693
588000 43.555895 42.832925
589000 44.006827 42.834918
590000 44.629455 42.837959
591000 44.307273 42.840445
592000 44.019487 42.842437
593000 44.449415 42.845147
594000 44.023628 42.847131
595000 44.182050 42.849374
596000 44.076954 42.851434
597000 44.301266 42.853863
598000 43.789922 42.855428
599000 43.797906 42.857001
600000 44.017783 42.858936
601000 44.247728 42.861247
602000 44.683277 42.864273
603000 44.061425 42.866259
604000 43.970461 42.868087
605000 43.796593 42.869622
606000 43.743894 42.871064
607000 43.585667 42.872242
608000 43.695082 42.873595
609000 44.106897 42.875620
610000 44.114230 42.877651
611000 44.132770 42.879705
612000 43.643668 42.880953
613000 44.401285 42.883433
614000 43.920394 42.885122
615000 43.847595 42.886687
616000 44.087392 42.888636
617000 42.934560 42.888711
618000 43.382916 42.889510
619000 43.194850 42.890004
620000 43.031342 42.890232
621000 43.203433 42.890736
622000 42.698580 42.890427
623000 42.343209 42.889549
624000 42.322347 42.888640
625000 42.254517 42.887625
626000 42.521838 42.887041
627000 42.935864 42.887119
628000 43.121759 42.887492
629000 42.873612 42.887470
630000 43.130313 42.887856
631000 43.019636 42.888065
632000 42.799640 42.887925
633000 42.892107 42.887931
634000 42.708361 42.887648
635000 42.676106 42.887315
636000 42.914803 42.887358
637000 42.530903 42.886798
638000 43.273758 42.887405
639000 43.291077 42.888037
640000 42.783181 42.887873
641000 42.507788 42.887280
642000 42.924689 42.887338
643000 42.820359 42.887234
644000 43.091558 42.887551
645000 43.575423 42.888618
646000 42.691227 42.888312
647000 42.893409 42.888320
648000 42.684507 42.888006
649000 42.835434 42.887925
650000 42.791785 42.887777
651000 42.168867 42.886672
652000 42.151071 42.885544
653000 42.089788 42.884326
654000 42.324072 42.883469
655000 41.868711 42.881920
656000 41.571887 42.879923
657000 41.979056 42.878551
658000 42.210607 42.877536
659000 42.202071 42.876511
660000 42.619546 42.876122
661000 42.158327 42.875036
662000 42.320956 42.874199
663000 42.374112 42.873445
664000 42.489656 42.872867
665000 42.762925 42.872701
666000 43.028161 42.872935
667000 42.667898 42.872627
668000 42.447875 42.871992
669000 42.369373 42.871240
670000 42.687933 42.870967
671000 42.603939 42.870569
672000 42.343299 42.869784
673000 42.910242 42.869844
674000 43.215711 42.870357
675000 42.902566 42.870405
676000 42.937910 42.870505
677000 42.682959 42.870228
678000 42.405976 42.869543
679000 42.579566 42.869116
680000 42.774135 42.868977
681000 42.682813 42.868703
682000 42.482184 42.868136
683000 42.808672 42.868049
684000 42.711902 42.867821
685000 42.544249 42.867349
686000 41.969373 42.866040
687000 42.131733 42.864971
688000 42.399803 42.864295
689000 42.329616 42.863519
690000 42.845350 42.863492
691000 42.749537 42.863327
692000 42.816697 42.863260
693000 42.769068 42.863124
694000 42.663412 42.862836
695000 43.120019 42.863206
696000 42.741115 42.863031
697000 42.517541 42.862535
698000 43.005184 42.862740
699000 42.391536 42.862066
700000 42.400309 42.861406
701000 42.252074 42.860537
702000 42.295487 42.859732
703000 42.624967 42.859398
704000 42.884157 42.859433
705000 42.990823 42.859619
706000 42.396643 42.858964
707000 42.899557 42.859021
708000 42.645133 42.858719
709000 42.736322 42.858546
710000 43.028216 42.858785
711000 43.200714 42.859266
712000 43.174962 42.859710
713000 43.381692 42.860442
714000 43.598648 42.861476
715000 43.428330 42.862268
716000 43.385760 42.862999
717000 43.185004 42.863449
718000 43.212339 42.863934
719000 43.845137 42.865299
720000 43.198373 42.865762
721000 43.492422 42.866631
722000 43.858053 42.868004
723000 43.683887 42.869133
724000 43.663223 42.870229
725000 43.601902 42.871239
726000 43.397054 42.871963
727000 43.868908 42.873334
728000 43.855767 42.874684
729000 43.599096 42.875677
730000 43.699073 42.876805
731000 43.477359 42.877627
732000 44.304603 42.879576
733000 44.449656 42.881718
734000 44.229925 42.883555
735000 44.031131 42.885116
736000 43.739192 42.886277
737000 43.434571 42.887021
738000 43.757121 42.888200
739000 43.842054 42.889490
740000 43.613064 42.890468
741000 43.792499 42.891686
742000 44.122512 42.893344
743000 43.374099 42.893991
744000 44.389592 42.896002
745000 43.402797 42.896682
746000 43.398909 42.897355
747000 43.416378 42.898050
748000 43.719619 42.899148
749000 43.808682 42.900363
750000 43.577798 42.901266
751000 43.418416 42.901955
752000 43.468508 42.902708
753000 43.549972 42.903567
754000 43.176289 42.903929
755000 43.595943 42.904846
756000 43.793301 42.906021
757000 44.266342 42.907818
758000 44.262227 42.909605
759000 44.346965 42.911499
760000 44.826381 42.914018
761000 44.310876 42.915854
762000 44.222195 42.917568
763000 43.359488 42.918147
764000 44.142169 42.919749
765000 43.731075 42.920810
766000 43.984300 42.922198
767000 43.956308 42.923547
768000 43.957670 42.924893
769000 44.223779 42.926582
770000 44.469341 42.928586
771000 44.320725 42.930391
772000 44.083686 42.931885
773000 44.162387 42.933477
774000 44.718944 42.935784
775000 44.002276 42.937160
776000 44.425725 42.939078
777000 44.262064 42.940781
778000 43.615505 42.941648
779000 43.876955 42.942849
780000 43.974450 42.944171
781000 44.087163 42.945635
782000 43.880926 42.946831
783000 43.653008 42.947733
784000 44.070593 42.949165
785000 44.050937 42.950569
786000 44.473820 42.952507
787000 44.250611 42.954156
788000 44.047776 42.955544
789000 43.921686 42.956768
790000 43.746940 42.957769
791000 44.169550 42.959301
792000 43.813305 42.960379
793000 44.180925 42.961918
794000 44.103207 42.963355
795000 44.195178 42.964905
796000 44.240974 42.966508
797000 44.323926 42.968211
798000 44.404650 42.970011
799000 44.155203 42.971494
800000 43.902512 42.972658
801000 43.833857 42.973733
802000 43.973733 42.974980
803000 44.378547 42.976728
804000 44.301654 42.978376
805000 44.228656 42.979929
806000 43.802454 42.980950
807000 43.626778 42.981750
808000 44.046471 42.983068
809000 43.745007 42.984010
810000 43.538475 42.984694
811000 43.748537 42.985636
812000 43.366607 42.986105
813000 43.592468 42.986851
814000 43.739775 42.987776
815000 44.073101 42.989108
816000 44.034361 42.990389
817000 44.161697 42.991822
818000 43.820994 42.992836
819000 43.300916 42.993212
820000 43.460818 42.993782
821000 43.317117 42.994176
822000 43.796582 42.995152
823000 44.223140 42.996644
824000 43.873905 42.997709
825000 43.712682 42.998576
826000 43.838859 42.999593
827000 44.098411 43.000922
828000 43.889764 43.001995
829000 43.655635 43.002784
830000 43.500805 43.003384
831000 43.401932 43.003863
832000 43.413194 43.004355
833000 43.369967 43.004794
834000 43.794999 43.005742
835000 43.906566 43.006820
836000 44.711239 43.008859
837000 44.674788 43.010850
838000 44.663207 43.012821
839000 44.562726 43.014669
840000 43.973277 43.015810
841000 43.759060 43.016694
842000 43.757378 43.017573
843000 44.123484 43.018885
844000 43.871720 43.019896
845000 44.077869 43.021148
846000 43.837852 43.022113
847000 44.012489 43.023282
848000 43.885748 43.024299
849000 43.571130 43.024943
850000 43.726444 43.025769
851000 43.947959 43.026852
852000 44.436317 43.028507
853000 44.197545 43.029877
854000 45.071897 43.032268
855000 44.069036 43.033481
856000 43.933862 43.034533
857000 44.219390 43.035915
858000 44.127573 43.037188
859000 44.419894 43.038797
860000 43.968913 43.039879
861000 44.011642 43.041008
862000 43.689080 43.041759
863000 43.975915 43.042842
864000 43.816236 43.043737
865000 42.968204 43.043650
866000 43.015936 43.043618
867000 43.114728 43.043700
868000 43.428379 43.044143
869000 43.035009 43.044132
870000 42.936839 43.044009
871000 42.771703 43.043696
872000 42.978100 43.043621
873000 43.548862 43.044200
874000 43.812265 43.045079
875000 43.404493 43.045489
876000 43.307353 43.045788
877000 43.660846 43.046490
878000 43.940502 43.047508
879000 43.730599 43.048285
880000 43.954651 43.049315
881000 43.175397 43.049458
882000 42.933543 43.049327
883000 43.355123 43.049673
884000 43.028195 43.049649
885000 43.037593 43.049635
886000 43.236544 43.049846
887000 43.301216 43.050129
888000 43.551655 43.050694
889000 43.142865 43.050798
890000 42.754003 43.050464
891000 42.488304 43.049833
892000 42.404324 43.049110
893000 42.618405 43.048627
894000 42.861626 43.048418
895000 43.116236 43.048494
896000 43.193675 43.048656
897000 43.378369 43.049024
898000 43.380911 43.049393
899000 43.265261 43.049633
900000 43.460996 43.050090
901000 43.372112 43.050448
902000 43.141548 43.050549
903000 43.187231 43.050700
904000 43.013146 43.050659
905000 42.806860 43.050389
906000 42.754843 43.050063
907000 43.116675 43.050137
908000 42.484775 43.049514
909000 42.901838 43.049351
910000 42.984186 43.049280
911000 43.338029 43.049597
912000 43.249209 43.049816
913000 43.337161 43.050130
914000 42.898081 43.049964
915000 42.992361 43.049901
916000 43.390776 43.050273
917000 43.330241 43.050579
918000 42.952645 43.050472
919000 43.158952 43.050590
920000 42.746091 43.050259
921000 42.467583 43.049626
922000 42.548578 43.049083
923000 42.973468 43.049001
924000 42.823959 43.048757
925000 42.647407 43.048323
926000 42.426448 43.047652
927000 42.704129 43.047281
928000 42.778044 43.046991
929000 42.221982 43.046103
930000 42.397084 43.045405
931000 41.879707 43.044153
932000 42.159672 43.043204
933000 42.084328 43.042176
934000 41.890966 43.040944
935000 41.872122 43.039694
936000 41.884596 43.038460
937000 41.457194 43.036772
938000 41.702004 43.035349
939000 42.179552 43.034438
940000 42.566319 43.033940
941000 42.268373 43.033126
942000 42.348385 43.032399
943000 42.457247 43.031789
944000 42.330444 43.031046
945000 42.014011 43.029970
946000 42.217740 43.029112
947000 42.193438 43.028229
948000 42.645192 43.027825
949000 42.247224 43.027003
950000 41.925355 43.025843
951000 42.239612 43.025016
952000 42.281993 43.024236
953000 41.644099 43.022787
954000 41.969712 43.021684
955000 41.543155 43.020135
956000 41.003585 43.018026
957000 41.445872 43.016383
958000 41.376985 43.014672
959000 41.538871 43.013133
960000 41.570968 43.011631
961000 41.268267 43.009817
962000 41.560693 43.008310
963000 41.720968 43.006974
964000 42.012477 43.005942
965000 42.118175 43.005022
966000 41.944618 43.003924
967000 41.685002 43.002560
968000 41.806668 43.001325
969000 41.973399 43.000264
970000 42.207762 42.999447
971000 42.738253 42.999178
972000 42.478529 42.998642
973000 42.350175 42.997976
974000 42.588600 42.997556
975000 42.500905 42.997046
976000 42.458053 42.996494
977000 42.236813 42.995716
978000 42.762227 42.995478
979000 42.472631 42.994944
980000 42.158034 42.994090
981000 42.203960 42.993284
982000 42.702392 42.992988
983000 42.314019 42.992297
984000 42.124479 42.991415
985000 42.109307 42.990520
986000 42.028259 42.989544
987000 41.801307 42.988340
988000 41.542956 42.986877
989000 41.912222 42.985790
990000 41.717810 42.984510
991000 42.219284 42.983737
992000 42.517492 42.983267
993000 42.376388 42.982656
994000 42.000021 42.981668
995000 42.416758 42.981100
996000 42.410231 42.980527
997000 42.983339 42.980530
998000 42.559429 42.980108
999000 42.960592 42.980088
1000000 42.362280 42.979470
1001000 42.399270 42.978891
1002000 42.039814 42.977954
1003000 41.944209 42.976923
1004000 42.214529 42.976164
1005000 42.464286 42.975654
1006000 42.339668 42.975022
1007000 42.612836 42.974662
1008000 41.942297 42.973638
1009000 42.037710 42.972711
1010000 42.219390 42.971965
1011000 41.974390 42.970978
1012000 41.733548 42.969755
1013000 42.022592 42.968820
1014000 41.716532 42.967585
1015000 41.626422 42.966264
1016000 41.655112 42.964973
1017000 42.078226 42.964101
1018000 41.911823 42.963068
1019000 42.392157 42.962508
1020000 42.530454 42.962084
1021000 42.048162 42.961189
1022000 41.678027 42.959933
1023000 41.566653 42.958571
1024000 41.578082 42.957223
1025000 41.942197 42.956233
1026000 41.956061 42.955258
1027000 41.934421 42.954264
1028000 42.298650 42.953626
1029000 42.449008 42.953136
1030000 42.730447 42.952920
1031000 42.572230 42.952550
1032000 42.778182 42.952382
1033000 42.750264 42.952186
1034000 42.521379 42.951769
1035000 41.727802 42.950587
1036000 42.298940 42.949958
1037000 42.390776 42.949418
1038000 42.324082 42.948816
1039000 42.230574 42.948125
1040000 42.773908 42.947957
1041000 42.280434 42.947316
1042000 42.157224 42.946558
1043000 42.168453 42.945812
1044000 42.081461 42.944984
1045000 42.190642 42.944262
1046000 42.277281 42.943624
1047000 42.239909 42.942952
1048000 42.029406 42.942080
1049000 42.109214 42.941286
1050000 42.005336 42.940395
1051000 42.011551 42.939511
1052000 41.858519 42.938484
1053000 41.972529 42.937566
1054000 41.931549 42.936612
1055000 41.688011 42.935428
1056000 41.395554 42.933970
1057000 41.877547 42.932971
1058000 41.254615 42.931384
1059000 41.725702 42.930246
1060000 42.071981 42.929436
1061000 42.059858 42.928617
1062000 42.038862 42.927779
1063000 41.577231 42.926508
1064000 42.177738 42.925805
1065000 41.666587 42.924622
1066000 42.059484 42.923811
1067000 42.291978 42.923218
1068000 41.271548 42.921672
1069000 41.654740 42.920487
1070000 41.466690 42.919128
1071000 41.286670 42.917604
1072000 41.523929 42.916304
1073000 40.949713 42.914471
1074000 41.200446 42.912875
1075000 41.141641 42.911227
1076000 40.660645 42.909136
1077000 41.118220 42.907473
1078000 41.527457 42.906193
1079000 41.449354 42.904843
1080000 41.158083 42.903225
1081000 41.148243 42.901602
1082000 41.390893 42.900206
1083000 41.784371 42.899175
1084000 41.910592 42.898263
1085000 41.774644 42.897228
1086000 41.898919 42.896308
1087000 41.353138 42.894889
1088000 41.779008 42.893863
1089000 42.129033 42.893161
1090000 42.210764 42.892535
1091000 41.830948 42.891562
1092000 41.809679 42.890571
1093000 41.687846 42.889471
1094000 41.901176 42.888567
1095000 41.948278 42.887708
1096000 41.949832 42.886853
1097000 42.077088 42.886115
1098000 42.324727 42.885603
1099000 41.990182 42.884789
1100000 42.204062 42.884170
1101000 42.327459 42.883664
1102000 42.773019 42.883564
1103000 42.469424 42.883188
1104000 42.364696 42.882719
1105000 42.413916 42.882294
1106000 42.498914 42.881948
1107000 42.795946 42.881870
1108000 43.364039 42.882305
1109000 42.511818 42.881971
1110000 42.876304 42.881966
1111000 42.830286 42.881919
1112000 42.942916 42.881974
1113000 42.948262 42.882034
1114000 43.073127 42.882205
1115000 42.643574 42.881991
1116000 42.861292 42.881973
1117000 42.309008 42.881460
1118000 42.177814 42.880830
1119000 42.140348 42.880169
1120000 42.030439 42.879410
1121000 42.186533 42.878792
1122000 42.101297 42.878099
1123000 41.694384 42.877045
1124000 42.341279 42.876568
1125000 42.117752 42.875894
1126000 41.878811 42.875008
1127000 42.143338 42.874359
1128000 42.260471 42.873815
1129000 42.505637 42.873489
1130000 42.457010 42.873120
1131000 42.858775 42.873107
1132000 42.663113 42.872922
1133000 42.529430 42.872619
1134000 42.421926 42.872221
1135000 42.593861 42.871976
1136000 42.213428 42.871396
1137000 42.177730 42.870786
1138000 42.150020 42.870153
1139000 41.733965 42.869155
1140000 42.214771 42.868581
1141000 42.465185 42.868228
1142000 42.272018 42.867706
1143000 42.239615 42.867156
1144000 42.511672 42.866846
1145000 42.402030 42.866440
1146000 42.325347 42.865967
1147000 42.054664 42.865260
1148000 42.596259 42.865026
1149000 42.231173 42.864474
1150000 41.798635 42.863547
1151000 42.432112 42.863172
1152000 42.289224 42.862674
1153000 42.258499 42.862150
1154000 42.376018 42.861729
1155000 42.332623 42.861271
1156000 42.087793 42.860602
1157000 42.439946 42.860238
1158000 42.063659 42.859550
1159000 42.282520 42.859052
1160000 42.114059 42.858410
1161000 42.511824 42.858112
1162000 42.894583 42.858143
1163000 42.286678 42.857652
1164000 42.247490 42.857128
1165000 42.052992 42.856437
1166000 42.347861 42.856001
1167000 42.830693 42.855979
1168000 42.531950 42.855702
1169000 43.071744 42.855887
1170000 42.779610 42.855822
1171000 43.201114 42.856116
1172000 43.220542 42.856427
1173000 43.323597 42.856826
1174000 43.621396 42.857477
1175000 43.552314 42.858068
1176000 43.446612 42.858569
1177000 43.013052 42.858700
1178000 43.762252 42.859467
1179000 43.589415 42.860086
1180000 43.469196 42.860602
1181000 43.741353 42.861348
1182000 43.931288 42.862253
1183000 43.976300 42.863195
1184000 43.782164 42.863971
1185000 43.713916 42.864688
1186000 43.411238 42.865149
1187000 43.524684 42.865705
1188000 43.452633 42.866199
1189000 43.740217 42.866934
1190000 44.185562 42.868042
1191000 44.002316 42.868995
1192000 43.846708 42.869815
1193000 43.698530 42.870509
1194000 43.741876 42.871239
1195000 43.613516 42.871860
1196000 43.610222 42.872478
1197000 43.915204 42.873349
1198000 44.204034 42.874460
1199000 43.517406 42.874996
1200000 43.803731 42.875770
1201000 43.723990 42.876476
1202000 43.395031 42.876907
1203000 43.677418 42.877573
1204000 43.702431 42.878258
1205000 43.470777 42.878750
1206000 43.274606 42.879078
1207000 42.851830 42.879055
1208000 43.285086 42.879391
1209000 43.181988 42.879642
1210000 44.051240 42.880610
1211000 44.042505 42.881569
1212000 43.751772 42.882287
1213000 43.214843 42.882562
1214000 43.258051 42.882871
1215000 42.993199 42.882962
1216000 43.248575 42.883262
1217000 43.032306 42.883385
1218000 42.993916 42.883476
1219000 43.456066 42.883945
1220000 42.919999 42.883975
1221000 43.192593 42.884228
1222000 43.119222 42.884420
1223000 43.304571 42.884763
1224000 43.111382 42.884949
1225000 42.549378 42.884675
1226000 42.497465 42.884359
1227000 42.933393 42.884399
1228000 42.620155 42.884184
1229000 42.348984 42.883748
1230000 42.432127 42.883381
1231000 42.505206 42.883074
1232000 42.485007 42.882751
1233000 42.402434 42.882361
1234000 42.550576 42.882092
1235000 42.797004 42.882023
1236000 43.042656 42.882153
1237000 43.330190 42.882515
1238000 43.540061 42.883047
1239000 42.965337 42.883113
1240000 43.242924 42.883403
1241000 43.665970 42.884034
1242000 43.321323 42.884386
1243000 43.186473 42.884629
1244000 42.946131 42.884678
1245000 42.914731 42.884702
1246000 42.879075 42.884698
1247000 43.546988 42.885229
1248000 43.325387 42.885582
1249000 43.442381 42.886028
1250000 43.785235 42.886747
1251000 43.485634 42.887226
1252000 43.969930 42.888090
1253000 43.491841 42.888572
1254000 43.327008 42.888922
1255000 43.416697 42.889342
1256000 43.488181 42.889819
1257000 43.464108 42.890276
1258000 43.055536 42.890407
1259000 43.849950 42.891170
1260000 44.078849 42.892112
1261000 44.064939 42.893042
1262000 44.123557 42.894017
1263000 43.493335 42.894492
1264000 43.855800 42.895252
1265000 43.705239 42.895893
1266000 44.321695 42.897019
1267000 43.814796 42.897743
1268000 43.124975 42.897923
1269000 42.923717 42.897943
1270000 43.325249 42.898279
1271000 43.607543 42.898837
1272000 43.486185 42.899299
1273000 43.816817 42.900020
1274000 43.023331 42.900117
1275000 43.266212 42.900404
1276000 42.908185 42.900410
1277000 43.277712 42.900705
1278000 43.343660 42.901052
1279000 42.908275 42.901058
1280000 43.189989 42.901283
1281000 42.629259 42.901071
1282000 43.176294 42.901286
1283000 42.993142 42.901357
1284000 42.898472 42.901355
1285000 43.575084 42.901879
1286000 42.895145 42.901874
1287000 43.323138 42.902201
1288000 43.776891 42.902880
1289000 43.271064 42.903166
1290000 43.662048 42.903754
1291000 43.853974 42.904490
1292000 43.612466 42.905038
1293000 42.898508 42.905033
1294000 43.840116 42.905756
1295000 43.250739 42.906022
1296000 43.100330 42.906172
1297000 43.056702 42.906288
1298000 43.420450 42.906684
1299000 43.805106 42.907376
1300000 43.748122 42.908023
1301000 43.575128 42.908536
1302000 43.429141 42.908935
1303000 43.485180 42.909378
1304000 43.189849 42.909593
1305000 43.252936 42.909856
1306000 42.959661 42.909894
1307000 43.553491 42.910386
1308000 42.741921 42.910258
1309000 42.713885 42.910108
1310000 43.453708 42.910523
1311000 43.646198 42.911084
1312000 43.444238 42.911490
1313000 43.292672 42.911780
1314000 42.698277 42.911618
1315000 43.008985 42.911692
1316000 42.964873 42.911732
1317000 43.004952 42.911803
1318000 43.103389 42.911949
1319000 42.802927 42.911866
1320000 43.027795 42.911954
1321000 43.189438 42.912164
1322000 42.871616 42.912133
1323000 42.788435 42.912040
1324000 43.071057 42.912160
1325000 43.268048 42.912428
1326000 42.891841 42.912413
1327000 42.995739 42.912476
1328000 42.384222 42.912078
1329000 42.856956 42.912036
1330000 42.570677 42.911780
1331000 42.618657 42.911559
1332000 41.762552 42.910697
1333000 41.705096 42.909792
1334000 42.592610 42.909555
1335000 42.367693 42.909149
1336000 42.207951 42.908624
1337000 41.812130 42.907804
1338000 41.909034 42.907057
1339000 41.985545 42.906369
1340000 41.994535 42.905689
1341000 42.041430 42.905044
1342000 41.717409 42.904159
1343000 41.994455 42.903482
1344000 41.937224 42.902763
1345000 41.315747 42.901583
1346000 42.433182 42.901235
1347000 41.750669 42.900381
1348000 41.689063 42.899482
1349000 42.060567 42.898860
1350000 42.161024 42.898314
1351000 42.007201 42.897654
1352000 41.988651 42.896982
1353000 41.960094 42.896289
1354000 42.019458 42.895642
1355000 42.202223 42.895130
1356000 42.357602 42.894734
1357000 42.246327 42.894256
1358000 41.647721 42.893338
1359000 42.314404 42.892912
1360000 42.644570 42.892729
1361000 42.275154 42.892275
1362000 42.266538 42.891816
1363000 42.708338 42.891681
1364000 42.699208 42.891540
1365000 42.501702 42.891255
1366000 42.551188 42.891006
1367000 42.616659 42.890805
1368000 42.349337 42.890409
1369000 42.703566 42.890273
1370000 42.556530 42.890029
1371000 42.965380 42.890084
1372000 42.572026 42.889852
1373000 42.738312 42.889742
1374000 42.282729 42.889300
1375000 42.959520 42.889351
1376000 42.797127 42.889284
1377000 42.696075 42.889144
1378000 42.559585 42.888905
1379000 42.799164 42.888840
1380000 42.464637 42.888532
1381000 42.376797 42.888162
1382000 42.614890 42.887964
1383000 42.165817 42.887442
1384000 42.179389 42.886930
1385000 42.224045 42.886452
1386000 41.916699 42.885752
1387000 42.172666 42.885238
1388000 42.370354 42.884867
1389000 42.039206 42.884258
1390000 42.294492 42.883834
1391000 42.861804 42.883818
1392000 42.287954 42.883390
1393000 42.412288 42.883052
1394000 42.809963 42.882999
1395000 42.550164 42.882761
1396000 42.840731 42.882730
1397000 42.917008 42.882755
1398000 42.745238 42.882657
1399000 42.214452 42.882179
1400000 42.639181 42.882005
1401000 43.062055 42.882134
1402000 42.946818 42.882180
1403000 42.701368 42.882051
1404000 42.594742 42.881847
1405000 42.380587 42.881490
1406000 42.639637 42.881318
1407000 42.714392 42.881199
1408000 43.096699 42.881352
1409000 42.739025 42.881251
1410000 43.024662 42.881353
1411000 42.726862 42.881243
1412000 42.499098 42.880973
1413000 42.958440 42.881028
1414000 43.328878 42.881344
1415000 42.937243 42.881384
1416000 42.651023 42.881221
1417000 43.498146 42.881657
1418000 42.979977 42.881726
1419000 42.850679 42.881704
1420000 43.237153 42.881954
1421000 42.993965 42.882033
1422000 43.281161 42.882314
1423000 43.093481 42.882462
1424000 42.562445 42.882237
1425000 42.701687 42.882111
1426000 43.014149 42.882203
1427000 42.910401 42.882223
1428000 43.167092 42.882423
1429000 43.233013 42.882668
1430000 42.672365 42.882521
1431000 43.122982 42.882689
1432000 43.106153 42.882845
1433000 43.154770 42.883035
1434000 43.279140 42.883311
1435000 43.168976 42.883510
1436000 43.145487 42.883692
1437000 42.845600 42.883666
1438000 42.639578 42.883496
1439000 43.041119 42.883606
1440000 42.907686 42.883622
1441000 42.445679 42.883319
1442000 42.512081 42.883061
1443000 42.322424 42.882673
1444000 42.413250 42.882348
1445000 42.810043 42.882297
1446000 42.635958 42.882127
1447000 42.760880 42.882043
1448000 43.327208 42.882351
1449000 42.803118 42.882296
1450000 42.994750 42.882374
1451000 43.468675 42.882778
1452000 43.465200 42.883179
1453000 43.116089 42.883339
1454000 43.496952 42.883761
1455000 43.095044 42.883906
1456000 42.779583 42.883835
1457000 43.544684 42.884288
1458000 42.904760 42.884302
1459000 43.071227 42.884430
1460000 42.900172 42.884441
1461000 43.334352 42.884749
1462000 43.575245 42.885221
1463000 42.871377 42.885212
1464000 43.026875 42.885309
1465000 42.803236 42.885253
1466000 43.092872 42.885394
1467000 42.460694 42.885105
1468000 42.521855 42.884857
1469000 42.851484 42.884835
1470000 42.492335 42.884568
1471000 42.674935 42.884425
1472000 42.540642 42.884192
1473000 42.481676 42.883918
1474000 42.678577 42.883779
1475000 43.095610 42.883923
1476000 43.129494 42.884089
1477000 42.849598 42.884066
1478000 42.805877 42.884013
1479000 42.513084 42.883762
1480000 42.725857 42.883655
1481000 43.313038 42.883945
1482000 43.590973 42.884422
1483000 43.322205 42.884717
1484000 43.349641 42.885031
1485000 43.464557 42.885421
1486000 43.110697 42.885573
1487000 43.055905 42.885687
1488000 43.175637 42.885882
1489000 43.237483 42.886118
1490000 43.032821 42.886217
1491000 43.007578 42.886298
1492000 42.623431 42.886122
1493000 42.397971 42.885795
1494000 42.982248 42.885859
1495000 42.739671 42.885762
1496000 42.797615 42.885703
1497000 42.897640 42.885711
1498000 42.603766 42.885522
1499000 42.736701 42.885423
1500000 42.890359 42.885427
1501000 42.808440 42.885375
1502000 43.572040 42.885832
1503000 43.450230 42.886208
1504000 43.480622 42.886603
1505000 43.600905 42.887078
1506000 43.119044 42.887232
1507000 43.031327 42.887327
1508000 42.827963 42.887288
1509000 42.884844 42.887286
1510000 42.579052 42.887082
1511000 42.986013 42.887148
1512000 42.735133 42.887047
1513000 43.133955 42.887210
1514000 43.353678 42.887518
1515000 42.616129 42.887339
1516000 43.057303 42.887451
1517000 43.102710 42.887593
1518000 43.004172 42.887670
1519000 42.972531 42.887726
1520000 43.171419 42.887913
1521000 43.499604 42.888315
1522000 43.102779 42.888456
1523000 43.145477 42.888625
1524000 43.450469 42.888993
1525000 43.657016 42.889497
1526000 43.504865 42.889900
1527000 43.375402 42.890218
1528000 43.840786 42.890840
1529000 43.808960 42.891441
1530000 43.603817 42.891906
1531000 43.381581 42.892226
1532000 43.572786 42.892670
1533000 43.833929 42.893284
1534000 43.767146 42.893854
1535000 44.360223 42.894809
1536000 44.166817 42.895637
1537000 43.753279 42.896195
1538000 44.123962 42.896994
1539000 44.235110 42.897863
1540000 44.076765 42.898629
1541000 44.376418 42.899588
1542000 44.318845 42.900508
1543000 44.391703 42.901474
1544000 43.963473 42.902162
1545000 44.341093 42.903094
1546000 44.138318 42.903893
1547000 44.118920 42.904678
1548000 44.332329 42.905600
1549000 44.398408 42.906564
1550000 44.379765 42.907514
1551000 44.085925 42.908274
1552000 43.614151 42.908729
1553000 44.045948 42.909461
1554000 44.306089 42.910360
1555000 44.368105 42.911297
1556000 44.346584 42.912220
1557000 43.620139 42.912675
1558000 43.479477 42.913038
1559000 43.736072 42.913566
1560000 43.625881 42.914023
1561000 44.396507 42.914973
1562000 44.017733 42.915679
1563000 44.424722 42.916644
1564000 44.164836 42.917442
1565000 44.132751 42.918219
1566000 43.980945 42.918897
1567000 44.169893 42.919696
1568000 43.971454 42.920366
1569000 43.679074 42.920850
1570000 43.987398 42.921529
1571000 44.133156 42.922301
1572000 43.893784 42.922919
1573000 44.334547 42.923816
1574000 44.336773 42.924714
1575000 44.588367 42.925770
1576000 44.232899 42.926599
1577000 44.412783 42.927542
1578000 44.172994 42.928331
1579000 44.220874 42.929150
1580000 44.405951 42.930084
1581000 44.642664 42.931167
1582000 45.101578 42.932539
1583000 45.238551 42.933996
1584000 45.457610 42.935589
1585000 45.454161 42.937178
1586000 44.930427 42.938435
1587000 45.786137 42.940230
1588000 45.440026 42.941804
1589000 45.544308 42.943442
1590000 46.017831 42.945375
1591000 46.072662 42.947341
1592000 46.399956 42.949509
1593000 46.350807 42.951645
1594000 45.892786 42.953490
1595000 46.247252 42.955555
1596000 45.874579 42.957384
1597000 46.134145 42.959373
1598000 46.335009 42.961485
1599000 46.454354 42.963670
1600000 46.814713 42.966077
1601000 45.944429 42.967937
1602000 46.166804 42.969934
1603000 46.518263 42.972147
1604000 46.242643 42.974186
1605000 46.293516 42.976254
1606000 46.105585 42.978203
1607000 45.698674 42.979896
1608000 46.612560 42.982155
1609000 46.118550 42.984104
1610000 46.101313 42.986040
1611000 46.820649 42.988421
1612000 46.628874 42.990679
1613000 46.583759 42.992907
1614000 46.589689 42.995135
1615000 46.013539 42.997004
1616000 46.316479 42.999058
1617000 46.134218 43.000997
1618000 45.786947 43.002719
1619000 45.843330 43.004473
1620000 45.902024 43.006262
1621000 45.848222 43.008015
1622000 46.291938 43.010040
1623000 45.787286 43.011751
1624000 45.617238 43.013355
1625000 45.765302 43.015049
1626000 45.576492 43.016624
1627000 46.168740 43.018562
1628000 45.786866 43.020262
1629000 46.286549 43.022267
1630000 45.929046 43.024050
1631000 45.613779 43.025638
1632000 45.813657 43.027347
1633000 46.105957 43.029232
1634000 45.862493 43.030966
1635000 46.062202 43.032820
1636000 46.125761 43.034710
1637000 46.305979 43.036709
1638000 46.384198 43.038752
1639000 46.372558 43.040786
1640000 46.063446 43.042629
1641000 46.050450 43.044462
1642000 46.434623 43.046527
1643000 46.909533 43.048878
1644000 46.372921 43.050900
1645000 46.609129 43.053063
1646000 46.064813 43.054893
1647000 45.668764 43.056480
1648000 45.357828 43.057876
1649000 45.923895 43.059614
1650000 45.629364 43.061172
1651000 45.197489 43.062466
1652000 45.423691 43.063895
1653000 45.269526 43.065229
1654000 45.504254 43.066704
1655000 45.649172 43.068264
1656000 45.425484 43.069688
1657000 45.363793 43.071072
1658000 45.775167 43.072703
1659000 45.334778 43.074067
1660000 45.108057 43.075292
1661000 45.273515 43.076616
1662000 45.497570 43.078072
1663000 44.974783 43.079213
1664000 45.005037 43.080370
1665000 45.447152 43.081792
1666000 45.101548 43.083004
1667000 45.422279 43.084407
1668000 45.345075 43.085763
1669000 45.606740 43.087273
1670000 45.889662 43.088951
1671000 45.683886 43.090504
1672000 45.443643 43.091911
1673000 45.349259 43.093261
1674000 45.849237 43.094907
1675000 45.718205 43.096473
1676000 45.854273 43.098119
1677000 45.845827 43.099757
1678000 45.824923 43.101381
1679000 45.686706 43.102921
1680000 45.381504 43.104277
1681000 46.253949 43.106151
1682000 46.461095 43.108146
1683000 46.655388 43.110253
1684000 46.464068 43.112245
1685000 46.318586 43.114148
1686000 46.217262 43.115988
1687000 46.555443 43.118027
1688000 46.184325 43.119844
1689000 45.850170 43.121460
1690000 46.055639 43.123196
1691000 46.017751 43.124908
1692000 46.002603 43.126609
1693000 46.432040 43.128561
1694000 45.997119 43.130255
1695000 45.701863 43.131772
1696000 46.211968 43.133588
1697000 45.680777 43.135089
1698000 46.579273 43.137117
1699000 46.232986 43.138939
1700000 46.476485 43.140903
1701000 46.695560 43.142992
1702000 46.883180 43.145190
1703000 46.281807 43.147032
1704000 46.453213 43.148972
1705000 46.845119 43.151140
1706000 46.621033 43.153174
1707000 46.365056 43.155055
1708000 46.919481 43.157259
1709000 46.558785 43.159250
1710000 46.950833 43.161467
1711000 46.529297 43.163435
1712000 46.382877 43.165316
1713000 46.589231 43.167315
1714000 46.358924 43.169177
1715000 46.600929 43.171178
1716000 46.558813 43.173152
1717000 46.922653 43.175336
1718000 47.000857 43.177562
1719000 46.953093 43.179759
1720000 46.898465 43.181921
1721000 46.807147 43.184027
1722000 46.582531 43.186001
1723000 46.791049 43.188093
1724000 46.736702 43.190152
1725000 46.672661 43.192170
1726000 46.390834 43.194024
1727000 46.300357 43.195822
1728000 46.555833 43.197767
1729000 46.867294 43.199889
1730000 46.734281 43.201932
1731000 46.548682 43.203865
1732000 46.795450 43.205939
1733000 46.570598 43.207881
1734000 46.456792 43.209754
1735000 46.845600 43.211850
1736000 47.041494 43.214056
1737000 46.582934 43.215995
1738000 46.528891 43.217902
1739000 46.609952 43.219852
1740000 46.486206 43.221729
1741000 46.719018 43.223738
1742000 46.248487 43.225474
1743000 46.590996 43.227405
1744000 46.980082 43.229557
1745000 46.633883 43.231508
1746000 46.934715 43.233629
1747000 46.629469 43.235573
1748000 46.798422 43.237611
1749000 46.775156 43.239634
1750000 46.694735 43.241608
1751000 46.290637 43.243349
1752000 45.939434 43.244888
1753000 46.430040 43.246705
1754000 46.365382 43.248483
1755000 46.600950 43.250393
1756000 46.748938 43.252386
1757000 46.939285 43.254484
1758000 46.237057 43.256181
1759000 46.232048 43.257873
1760000 45.833819 43.259336
1761000 46.082240 43.260939
1762000 46.529002 43.262794
1763000 46.311946 43.264523
1764000 46.436890 43.266322
1765000 46.641063 43.268234
1766000 45.978918 43.269769
1767000 45.855870 43.271232
1768000 46.432037 43.273020
1769000 46.500761 43.274845
1770000 46.286969 43.276547
1771000 46.973686 43.278634
1772000 46.681992 43.280555
1773000 46.602624 43.282428
1774000 46.427547 43.284201
1775000 46.160449 43.285822
1776000 46.447859 43.287602
1777000 46.777170 43.289566
1778000 46.298113 43.291258
1779000 46.121492 43.292849
1780000 46.835802 43.294839
1781000 46.809576 43.296813
1782000 46.829006 43.298795
1783000 47.504454 43.301154
1784000 46.802867 43.303117
1785000 46.791273 43.305071
1786000 46.392090 43.306799
1787000 45.985550 43.308298
1788000 46.751450 43.310224
1789000 47.124374 43.312356
1790000 46.802965 43.314306
1791000 46.405409 43.316032
1792000 46.513228 43.317816
1793000 46.671605 43.319687
1794000 46.429031 43.321420
1795000 47.183009 43.323571
1796000 47.119979 43.325685
1797000 46.882820 43.327664
1798000 46.868943 43.329634
1799000 47.152886 43.331759
1800000 47.263120 43.333943
1801000 46.733904 43.335831
1802000 46.843935 43.337778
1803000 46.942950 43.339777
1804000 46.583025 43.341575
1805000 46.510933 43.343331
1806000 46.475205 43.345065
1807000 46.562207 43.346846
1808000 46.470442 43.348573
1809000 46.589358 43.350365
1810000 46.714039 43.352223
1811000 47.184794 43.354339
1812000 46.465154 43.356056
1813000 46.803927 43.357958
1814000 46.287640 43.359573
1815000 46.411661 43.361254
1816000 46.932572 43.363221
1817000 46.188151 43.364776
1818000 46.436127 43.366465
1819000 46.230499 43.368040
1820000 46.016781 43.369495
1821000 46.265025 43.371085
1822000 46.397745 43.372746
1823000 46.501535 43.374463
1824000 46.416744 43.376131
1825000 46.863910 43.378042
1826000 46.396162 43.379694
1827000 46.293356 43.381289
1828000 46.212929 43.382838
1829000 46.016306 43.384278
1830000 46.008955 43.385712
1831000 46.339767 43.387326
1832000 46.706533 43.389138
1833000 46.596907 43.390888
1834000 46.750333 43.392719
1835000 46.856935 43.394607
1836000 46.541394 43.396321
1837000 46.697713 43.398118
1838000 46.893231 43.400020
1839000 47.198531 43.402085
1840000 46.853026 43.403961
1841000 46.941314 43.405882
1842000 46.421693 43.407520
1843000 46.743779 43.409330
1844000 46.731489 43.411131
1845000 46.259926 43.412675
1846000 46.394121 43.414291
1847000 46.220555 43.415810
1848000 46.386085 43.417417
1849000 46.523720 43.419097
1850000 45.906112 43.420442
1851000 45.655261 43.421649
1852000 46.084662 43.423087
1853000 45.931356 43.424440
1854000 46.355382 43.426021
1855000 45.553714 43.427168
1856000 45.728205 43.428408
1857000 46.601106 43.430117
1858000 46.863322 43.431964
1859000 46.703479 43.433724
1860000 46.586353 43.435419
1861000 46.539149 43.437087
1862000 46.571265 43.438770
1863000 47.065206 43.440717
1864000 46.718248 43.442475
1865000 46.897589 43.444328
1866000 46.907860 43.446184
1867000 46.917117 43.448043
1868000 47.430071 43.450175
1869000 47.623616 43.452408
1870000 47.888398 43.454780
1871000 47.383705 43.456880
1872000 47.861656 43.459233
1873000 48.077994 43.461699
1874000 48.000464 43.464121
1875000 48.160673 43.466625
1876000 48.175504 43.469135
1877000 48.033309 43.471567
1878000 47.634207 43.473784
1879000 47.078075 43.475702
1880000 47.118927 43.477640
1881000 47.562854 43.479812
1882000 47.230453 43.481804
1883000 47.617877 43.484001
1884000 48.054543 43.486427
1885000 47.193332 43.488394
1886000 47.408896 43.490472
1887000 47.212002 43.492444
1888000 47.308942 43.494466
1889000 47.305164 43.496483
1890000 47.602613 43.498656
1891000 47.186509 43.500606
1892000 47.657324 43.502803
1893000 47.441924 43.504884
1894000 47.500018 43.506993
1895000 48.049113 43.509390
1896000 47.920616 43.511717
1897000 47.419269 43.513777
1898000 47.638070 43.515950
1899000 47.834884 43.518224
1900000 48.074435 43.520622
1901000 47.248666 43.522583
1902000 47.760122 43.524811
1903000 47.524474 43.526913
1904000 47.384642 43.528939
1905000 47.571539 43.531061
1906000 48.136718 43.533477
1907000 48.253714 43.535952
1908000 47.892102 43.538236
1909000 47.951028 43.540547
1910000 48.558988 43.543175
1911000 48.368373 43.545700
1912000 48.320069 43.548197
1913000 47.911212 43.550477
1914000 47.976621 43.552790
1915000 48.007195 43.555116
1916000 48.087991 43.557482
1917000 48.614786 43.560120
1918000 48.093605 43.562484
1919000 48.595853 43.565106
1920000 48.585892 43.567721
1921000 49.005042 43.570552
1922000 48.833803 43.573290
1923000 49.023820 43.576125
1924000 48.448953 43.578657
1925000 48.655819 43.581295
1926000 48.568694 43.583884
1927000 48.687485 43.586533
1928000 48.404908 43.589032
1929000 48.970572 43.591822
1930000 47.888417 43.594048
1931000 48.171070 43.596418
1932000 48.517915 43.598966
1933000 48.612199 43.601559
1934000 48.559747 43.604123
1935000 48.404894 43.606604
1936000 48.065441 43.608907
1937000 48.365713 43.611363
1938000 48.375926 43.613821
1939000 49.004022 43.616601
1940000 48.929956 43.619340
1941000 48.695982 43.621955
1942000 48.106269 43.624265
1943000 48.684472 43.626869
1944000 48.762733 43.629511
1945000 48.378099 43.631952
1946000 48.271595 43.634336
1947000 48.272681 43.636719
1948000 48.189374 43.639056
1949000 48.537942 43.641569
1950000 48.064274 43.643837
1951000 48.247476 43.646197
1952000 48.635081 43.648753
1953000 47.983069 43.650972
1954000 48.458251 43.653432
1955000 48.145304 43.655730
1956000 48.126410 43.658016
1957000 48.379394 43.660428
1958000 48.827187 43.663067
1959000 48.046032 43.665304
1960000 48.338897 43.667689
1961000 48.039546 43.669918
1962000 48.429694 43.672344
1963000 47.406653 43.674247
1964000 47.013994 43.675947
1965000 47.442966 43.677864
1966000 47.695001 43.679907
1967000 47.305077 43.681750
1968000 47.848632 43.683868
1969000 47.535804 43.685824
1970000 47.887957 43.687957
1971000 47.838347 43.690063
1972000 47.725544 43.692109
1973000 47.817157 43.694200
1974000 47.500814 43.696128
1975000 47.947697 43.698281
1976000 47.263070 43.700085
1977000 47.583751 43.702049
1978000 47.195235 43.703815
1979000 47.113139 43.705538
1980000 46.924001 43.707164
1981000 47.378332 43.709017
1982000 47.573015 43.710966
1983000 47.955259 43.713107
1984000 47.367104 43.714949
1985000 47.529253 43.716870
1986000 47.927021 43.718990
1987000 47.977003 43.721133
1988000 47.391018 43.722979
1989000 47.149839 43.724702
1990000 47.405550 43.726552
1991000 47.372255 43.728383
1992000 47.771026 43.730412
1993000 47.865527 43.732487
1994000 48.184934 43.734720
1995000 47.664941 43.736690
1996000 47.397993 43.738524
1997000 46.923690 43.740119
1998000 47.018347 43.741760
1999000 46.657813 43.743219
2000000 46.952575 43.744823
2001000 47.056090 43.746478
2002000 47.541483 43.748374
2003000 47.049943 43.750022
2004000 46.925907 43.751607
2005000 46.780795 43.753118
2006000 46.695849 43.754585
2007000 47.024650 43.756214
2008000 47.017704 43.757838
2009000 47.082168 43.759493
2010000 47.409273 43.761309
2011000 47.126000 43.762982
2012000 47.493270 43.764836
2013000 47.208910 43.766547
2014000 47.566104 43.768433
2015000 47.590494 43.770330
2016000 47.303828 43.772083
2017000 47.197752 43.773781
2018000 47.165382 43.775462
2019000 46.931292 43.777025
2020000 46.716521 43.778480
2021000 46.525401 43.779839
2022000 46.096175 43.780985
2023000 46.369143 43.782264
2024000 46.549248 43.783631
2025000 46.098061 43.784774
2026000 45.642418 43.785691
2027000 45.454667 43.786515
2028000 45.464063 43.787342
2029000 45.503321 43.788188
2030000 45.419933 43.788991
2031000 46.353085 43.790254
2032000 46.397326 43.791537
2033000 46.878736 43.793055
2034000 46.631810 43.794451
2035000 47.189405 43.796119
2036000 47.058626 43.797722
2037000 46.222333 43.798912
2038000 46.064872 43.800024
2039000 46.559952 43.801377
2040000 46.310698 43.802608
2041000 46.470661 43.803915
2042000 46.866641 43.805415
2043000 46.450418 43.806709
2044000 46.854891 43.808201
2045000 46.567340 43.809550
2046000 46.606568 43.810917
2047000 46.398065 43.812181
2048000 46.001728 43.813250
2049000 46.162873 43.814397
2050000 46.142178 43.815532
2051000 46.633126 43.816906
2052000 46.244666 43.818089
2053000 46.051851 43.819177
2054000 46.185583 43.820329
2055000 46.011248 43.821395
2056000 45.948309 43.822430
2057000 46.134771 43.823554
2058000 46.605237 43.824905
2059000 46.042060 43.825982
2060000 46.107600 43.827090
2061000 45.967487 43.828128
2062000 45.235902 43.828811
2063000 45.661483 43.829699
2064000 45.654065 43.830583
2065000 45.598992 43.831440
2066000 45.482451 43.832239
2067000 45.558121 43.833074
2068000 45.483779 43.833872
2069000 45.522840 43.834688
2070000 45.736348 43.835607
2071000 46.005773 43.836655
2072000 45.544699 43.837479
2073000 46.082168 43.838562
2074000 44.988146 43.839116
2075000 45.571029 43.839951
2076000 45.855028 43.840922
2077000 45.353383 43.841650
2078000 45.772519 43.842579
2079000 45.531908 43.843392
2080000 44.989566 43.843943
2081000 45.365300 43.844674
2082000 45.416551 43.845429
2083000 45.080487 43.846022
2084000 45.236356 43.846689
2085000 45.153355 43.847316
2086000 45.855699 43.848278
2087000 45.671202 43.849152
2088000 45.229725 43.849813
2089000 44.713294 43.850226
2090000 44.743222 43.850654
2091000 44.760822 43.851089
2092000 44.955028 43.851617
2093000 44.606521 43.851977
2094000 44.881235 43.852469
2095000 45.114181 43.853071
2096000 44.832912 43.853538
2097000 44.822027 43.854000
2098000 44.859686 43.854480
2099000 44.576080 43.854823
2100000 44.935194 43.855338
2101000 45.114765 43.855937
2102000 44.753257 43.856364
2103000 44.902321 43.856862
2104000 44.698895 43.857262
2105000 45.331823 43.857962
2106000 45.060451 43.858533
2107000 45.425793 43.859277
2108000 45.303192 43.859962
2109000 44.966095 43.860487
2110000 44.501036 43.860790
2111000 44.370340 43.861032
2112000 44.951961 43.861548
2113000 45.024171 43.862098
2114000 45.065034 43.862667
2115000 45.340117 43.863366
2116000 45.235466 43.864014
2117000 45.173349 43.864633
2118000 44.878106 43.865111
2119000 45.460742 43.865864
2120000 45.407301 43.866591
2121000 45.472841 43.867349
2122000 45.414764 43.868078
2123000 45.504155 43.868849
2124000 44.867838 43.869319
2125000 44.730920 43.869724
2126000 45.089444 43.870298
2127000 45.167447 43.870908
2128000 44.658152 43.871278
2129000 44.919994 43.871771
2130000 44.388668 43.872013
2131000 44.637370 43.872372
2132000 44.354961 43.872599
2133000 44.403289 43.872848
2134000 44.139951 43.872973
2135000 44.484730 43.873259
2136000 44.343924 43.873480
2137000 44.360893 43.873708
2138000 44.240312 43.873879
2139000 44.657043 43.874245
2140000 44.471839 43.874524
2141000 44.811009 43.874962
2142000 44.533419 43.875269
2143000 44.322507 43.875478
2144000 44.632996 43.875831
2145000 44.554619 43.876148
2146000 44.353269 43.876370
2147000 44.270584 43.876554
2148000 44.209406 43.876709
2149000 43.933759 43.876735
2150000 44.122009 43.876849
2151000 44.661719 43.877214
2152000 44.414730 43.877464
2153000 44.530219 43.877767
2154000 44.738415 43.878167
2155000 44.654671 43.878527
2156000 45.073099 43.879081
2157000 44.472188 43.879356
2158000 44.772576 43.879770
2159000 44.672910 43.880137
2160000 45.104555 43.880704
2161000 44.560153 43.881019
2162000 44.221195 43.881176
2163000 44.395879 43.881414
2164000 44.195405 43.881559
2165000 44.327043 43.881765
2166000 44.212307 43.881917
2167000 44.143977 43.882038
2168000 44.426930 43.882290
2169000 44.267092 43.882467
2170000 44.532972 43.882767
2171000 44.733761 43.883159
2172000 44.942030 43.883646
2173000 44.476768 43.883919
2174000 44.850498 43.884364
2175000 45.230997 43.884983
2176000 44.506383 43.885269
2177000 44.619603 43.885606
2178000 44.613758 43.885940
2179000 44.844753 43.886380
2180000 44.594848 43.886705
2181000 44.715287 43.887085
2182000 44.566838 43.887397
2183000 44.421263 43.887641
2184000 44.894433 43.888102
2185000 44.813767 43.888526
2186000 44.280705 43.888705
2187000 44.082342 43.888794
2188000 44.497262 43.889072
2189000 44.062108 43.889151
2190000 43.726344 43.889077
2191000 44.190476 43.889214
2192000 44.305171 43.889404
2193000 44.596209 43.889726
2194000 44.117849 43.889830
2195000 44.021171 43.889890
2196000 44.408155 43.890126
2197000 43.879285 43.890121
2198000 43.955567 43.890151
2199000 43.522529 43.889984
2200000 44.099330 43.890079
2201000 44.146628 43.890195
2202000 44.155675 43.890316
2203000 43.805297 43.890277
2204000 44.044489 43.890347
2205000 44.886754 43.890799
2206000 44.691412 43.891162
2207000 44.264301 43.891331
2208000 45.036225 43.891850
2209000 44.206016 43.891992
2210000 45.277052 43.892619
2211000 44.619196 43.892947
2212000 44.417542 43.893184
2213000 44.366912 43.893399
2214000 44.436559 43.893644
2215000 44.298041 43.893826
2216000 44.559915 43.894127
2217000 44.642949 43.894465
2218000 45.046462 43.894984
2219000 44.915021 43.895444
2220000 45.070905 43.895973
2221000 45.187747 43.896555
2222000 45.313546 43.897193
2223000 44.892362 43.897640
2224000 44.931107 43.898105
2225000 45.575783 43.898859
2226000 45.396492 43.899532
2227000 45.760301 43.900367
2228000 44.988734 43.900856
2229000 45.213805 43.901445
2230000 45.187221 43.902022
2231000 45.486321 43.902732
2232000 45.574499 43.903481
2233000 45.981342 43.904411
2234000 45.647044 43.905191
2235000 45.886209 43.906078
2236000 45.566291 43.906820
2237000 45.566998 43.907562
2238000 45.228079 43.908152
2239000 45.540499 43.908881
2240000 45.524629 43.909603
2241000 45.069376 43.910120
2242000 45.247131 43.910716
2243000 45.244094 43.911311
2244000 44.773289 43.911695
2245000 44.310222 43.911873
2246000 44.957007 43.912338
2247000 45.303578 43.912957
2248000 45.152505 43.913508
2249000 45.245146 43.914101
2250000 45.388789 43.914756
2251000 45.156868 43.915308
2252000 45.363558 43.915951
2253000 45.048040 43.916453
2254000 44.447264 43.916689
2255000 44.574923 43.916981
2256000 44.189162 43.917101
2257000 44.383904 43.917308
2258000 44.627582 43.917623
2259000 43.827481 43.917583
2260000 44.645049 43.917905
2261000 44.445517 43.918138
2262000 44.840375 43.918546
2263000 44.553518 43.918826
2264000 44.981511 43.919296
2265000 45.497281 43.919993
2266000 45.578126 43.920724
2267000 45.475867 43.921410
2268000 45.843879 43.922258
2269000 45.924670 43.923140
2270000 45.429042 43.923804
2271000 46.040759 43.924736
2272000 45.692295 43.925514
2273000 46.060832 43.926453
2274000 46.296586 43.927496
2275000 45.812577 43.928324
2276000 45.888810 43.929186
2277000 45.917127 43.930059
2278000 46.150231 43.931033
2279000 45.948171 43.931918
2280000 45.845937 43.932758
2281000 46.163131 43.933736
2282000 45.153761 43.934270
2283000 45.052361 43.934760
2284000 45.166654 43.935299
2285000 45.647222 43.936049
2286000 45.476110 43.936722
2287000 45.422408 43.937372
2288000 45.662388 43.938126
2289000 46.060519 43.939053
2290000 46.044447 43.939972
2291000 45.664085 43.940725
2292000 46.126605 43.941679
2293000 46.232775 43.942678
2294000 46.084310 43.943611
2295000 45.772900 43.944409
2296000 45.916636 43.945268
2297000 46.031846 43.946176
2298000 45.856170 43.947007
2299000 46.612082 43.948166
2300000 45.951002 43.949037
2301000 46.094479 43.949970
2302000 46.871044 43.951238
2303000 46.447823 43.952323
2304000 46.621924 43.953481
2305000 46.066115 43.954398
2306000 46.411925 43.955463
2307000 46.295034 43.956478
2308000 46.388834 43.957531
2309000 46.222440 43.958512
2310000 46.270205 43.959513
2311000 45.925345 43.960364
2312000 46.203535 43.961334
2313000 45.672971 43.962074
2314000 46.057364 43.962979
2315000 46.419522 43.964041
2316000 46.788165 43.965260
2317000 46.657057 43.966422
2318000 46.306495 43.967431
2319000 45.958857 43.968290
2320000 46.660473 43.969450
2321000 46.319324 43.970463
2322000 46.215064 43.971430
2323000 46.660212 43.972587
2324000 46.162994 43.973530
2325000 46.235445 43.974502
2326000 46.970960 43.975791
2327000 47.183391 43.977169
2328000 46.850212 43.978403
2329000 47.417373 43.979880
2330000 47.523245 43.981401
2331000 46.781573 43.982602
2332000 47.071298 43.983926
2333000 46.487025 43.984999
2334000 46.517113 43.986084
2335000 46.744846 43.987266
2336000 47.098245 43.988597
2337000 46.740776 43.989775
2338000 46.660702 43.990917
2339000 46.657483 43.992057
2340000 46.836827 43.993273
2341000 47.019609 43.994566
2342000 46.627751 43.995690
2343000 46.260211 43.996657
2344000 46.803311 43.997854
2345000 46.210188 43.998798
2346000 46.873423 44.000023
2347000 46.266413 44.000988
2348000 46.614401 44.002102
2349000 46.906991 44.003338
2350000 46.683927 44.004479
2351000 46.657311 44.005607
2352000 46.446414 44.006645
2353000 46.785827 44.007826
2354000 46.586516 44.008922
2355000 46.300561 44.009895
2356000 46.727895 44.011048
2357000 47.193136 44.012398
2358000 47.697847 44.013961
2359000 47.281042 44.015346
2360000 47.400508 44.016781
2361000 47.400145 44.018214
2362000 47.146889 44.019538
2363000 47.451224 44.020991
2364000 47.218235 44.022343
2365000 47.492916 44.023810
2366000 47.102178 44.025112
2367000 46.688922 44.026237
2368000 46.464094 44.027266
2369000 46.475100 44.028300
2370000 47.244996 44.029657
2371000 46.947113 44.030887
2372000 46.666235 44.031998
2373000 47.134507 44.033306
2374000 46.841730 44.034489
2375000 46.403734 44.035486
2376000 47.041475 44.036752
2377000 46.248390 44.037682
2378000 46.656078 44.038783
2379000 46.817761 44.039951
2380000 46.190363 44.040855
2381000 46.850269 44.042035
2382000 46.275863 44.042973
2383000 46.138711 44.043852
2384000 46.105892 44.044717
2385000 46.293568 44.045660
2386000 45.664778 44.046338
2387000 46.026916 44.047168
2388000 45.705033 44.047862
2389000 45.909233 44.048642
2390000 45.721427 44.049341
2391000 46.157876 44.050223
2392000 46.325462 44.051175
2393000 46.642434 44.052257
2394000 46.858732 44.053430
2395000 46.817813 44.054584
2396000 46.955856 44.055795
2397000 46.865612 44.056967
2398000 46.246954 44.057880
2399000 46.172641 44.058762
2400000 46.332430 44.059709
2401000 46.282874 44.060635
2402000 45.713009 44.061323
2403000 45.851966 44.062068
2404000 46.145166 44.062935
2405000 45.853381 44.063679
2406000 46.226509 44.064578
2407000 46.218627 44.065473
2408000 45.933119 44.066249
2409000 46.140869 44.067110
2410000 46.667890 44.068189
2411000 46.106782 44.069034
2412000 46.416755 44.070008
2413000 46.322232 44.070941
2414000 46.124801 44.071792
2415000 45.818777 44.072515
2416000 45.116942 44.072948
2417000 46.087237 44.073781
2418000 46.251260 44.074682
2419000 46.446960 44.075662
2420000 46.429097 44.076635
2421000 46.304228 44.077555
2422000 46.382563 44.078507
2423000 46.077441 44.079332
2424000 46.535082 44.080345
2425000 46.372047 44.081290
2426000 46.678073 44.082360
2427000 46.458641 44.083339
2428000 46.477060 44.084325
2429000 46.133765 44.085169
2430000 45.946174 44.085935
2431000 46.627265 44.086980
2432000 46.362764 44.087916
2433000 46.209846 44.088788
2434000 46.581032 44.089812
2435000 46.886954 44.090961
2436000 46.947983 44.092133
2437000 46.593851 44.093160
2438000 47.357344 44.094499
2439000 47.122112 44.095740
2440000 47.155200 44.096994
2441000 47.484190 44.098382
2442000 47.003286 44.099571
2443000 46.964734 44.100744
2444000 46.757224 44.101831
2445000 46.894151 44.102973
2446000 46.940278 44.104133
2447000 47.479749 44.105513
2448000 47.037715 44.106710
2449000 47.624635 44.108147
2450000 47.374325 44.109480
2451000 47.046944 44.110678
2452000 47.749349 44.112162
2453000 47.638749 44.113600
2454000 47.562376 44.115005
2455000 47.341348 44.116320
2456000 47.460736 44.117681
2457000 47.641963 44.119116
2458000 47.693690 44.120570
2459000 48.168535 44.122216
2460000 47.866289 44.123738
2461000 47.444493 44.125088
2462000 47.418120 44.126425
2463000 48.143951 44.128056
2464000 48.330294 44.129762
2465000 47.810091 44.131255
2466000 47.651549 44.132682
2467000 48.652888 44.134515
2468000 48.346491 44.136221
2469000 48.224139 44.137877
2470000 48.814524 44.139770
2471000 48.332394 44.141467
2472000 48.518924 44.143238
2473000 48.239276 44.144894
2474000 48.694665 44.146733
2475000 48.060559 44.148314
2476000 48.185271 44.149945
2477000 48.594144 44.151739
2478000 47.742466 44.153188
2479000 47.593660 44.154576
2480000 48.061611 44.156151
2481000 47.522590 44.157508
2482000 47.325558 44.158785
2483000 47.124273 44.159979
2484000 47.572453 44.161353
2485000 46.742702 44.162392
2486000 47.041488 44.163550
2487000 46.653506 44.164551
2488000 46.443577 44.165467
2489000 46.328144 44.166336
2490000 46.870710 44.167422
2491000 47.003832 44.168561
2492000 46.882531 44.169650
2493000 47.211673 44.170870
2494000 46.670990 44.171872
2495000 47.103922 44.173047
2496000 47.102418 44.174221
2497000 46.839236 44.175288
2498000 47.434885 44.176593
2499000 47.427042 44.177894
2500000 46.848282 44.178962
2501000 46.859002 44.180034
2502000 46.790998 44.181077
2503000 46.546060 44.182022
2504000 46.606877 44.182990
2505000 46.982550 44.184108
2506000 46.549937 44.185052
2507000 46.891449 44.186132
2508000 47.302806 44.187374
2509000 47.483820 44.188688
2510000 47.430752 44.189980
2511000 47.598376 44.191337
2512000 47.721298 44.192742
2513000 47.230107 44.193951
2514000 47.138057 44.195122
2515000 46.972023 44.196226
2516000 47.336030 44.197474
2517000 47.434986 44.198761
2518000 47.585045 44.200105
2519000 47.484776 44.201409
2520000 47.600835 44.202758
2521000 47.189214 44.203943
2522000 47.279101 44.205162
2523000 47.453686 44.206450
2524000 47.481188 44.207747
2525000 47.988693 44.209245
2526000 47.430622 44.210520
2527000 47.244214 44.211721
2528000 47.017143 44.212830
2529000 47.097110 44.213971
2530000 47.077701 44.215103
2531000 47.473200 44.216390
2532000 46.908733 44.217453
2533000 46.923767 44.218522
2534000 47.536362 44.219831
2535000 47.674679 44.221194
2536000 47.557133 44.222509
2537000 47.029715 44.223616
2538000 46.969371 44.224698
2539000 46.582512 44.225626
2540000 46.308336 44.226446
2541000 47.132786 44.227590
2542000 46.254161 44.228387
2543000 46.521186 44.229289
2544000 46.601798 44.230221
2545000 46.495810 44.231112
2546000 46.536849 44.232017
2547000 46.865812 44.233051
2548000 46.828406 44.234070
2549000 46.835260 44.235090
2550000 46.180854 44.235853
2551000 46.143663 44.236601
2552000 46.860056 44.237629
2553000 46.249320 44.238417
2554000 46.543567 44.239320
2555000 46.538749 44.240220
2556000 46.665474 44.241169
2557000 46.593194 44.242089
2558000 46.850622 44.243108
2559000 46.428088 44.243962
2560000 46.336584 44.244780
2561000 46.199063 44.245543
2562000 46.154305 44.246288
2563000 46.161378 44.247035
2564000 46.478627 44.247905
2565000 46.205719 44.248669
2566000 46.295871 44.249466
2567000 46.156790 44.250209
2568000 46.082686 44.250923
2569000 46.617245 44.251844
2570000 45.974264 44.252514
2571000 45.781110 44.253109
2572000 46.404186 44.253945
2573000 46.189459 44.254697
2574000 46.084489 44.255408
2575000 46.685676 44.256352
2576000 46.575252 44.257252
2577000 46.945829 44.258296
2578000 46.791721 44.259278
2579000 46.736472 44.260239
2580000 46.410867 44.261072
2581000 46.093122 44.261782
2582000 45.965762 44.262442
2583000 46.053863 44.263136
2584000 45.894664 44.263767
2585000 45.749199 44.264342
2586000 46.707324 44.265286
2587000 46.030708 44.265969
2588000 45.946809 44.266618
2589000 46.203352 44.267366
2590000 45.889184 44.267993
2591000 45.684443 44.268539
2592000 46.315920 44.269329
2593000 46.372527 44.270140
2594000 46.821580 44.271124
2595000 46.739223 44.272075
2596000 45.884183 44.272696
2597000 45.878474 44.273314
2598000 45.941135 44.273956
2599000 46.460680 44.274798
2600000 46.268483 44.275564
2601000 46.418590 44.276388
2602000 46.287451 44.277161
2603000 45.967766 44.277811
2604000 46.133714 44.278523
2605000 45.768335 44.279095
2606000 45.735498 44.279654
2607000 45.997793 44.280313
2608000 46.228508 44.281060
2609000 46.284040 44.281828
2610000 45.740815 44.282387
2611000 46.062176 44.283069
2612000 46.069402 44.283752
2613000 46.407986 44.284565
2614000 46.343587 44.285353
2615000 46.452225 44.286182
2616000 46.548930 44.287047
2617000 46.361372 44.287839
2618000 46.657588 44.288745
2619000 46.981412 44.289773
2620000 46.686763 44.290688
2621000 46.206414 44.291418
2622000 46.322127 44.292193
2623000 46.531935 44.293047
2624000 46.610975 44.293930
2625000 45.941932 44.294558
2626000 46.663629 44.295460
2627000 46.499913 44.296299
2628000 46.103935 44.296987
2629000 46.420899 44.297795
2630000 46.464653 44.298619
2631000 46.028758 44.299277
2632000 45.879098 44.299877
2633000 46.027861 44.300533
2634000 46.401342 44.301331
2635000 46.591091 44.302200
2636000 46.563720 44.303058
2637000 46.290129 44.303811
2638000 46.525319 44.304653
2639000 46.317794 44.305416
2640000 46.889995 44.306395
2641000 46.862004 44.307363
2642000 46.635733 44.308244
2643000 46.759409 44.309171
2644000 46.593506 44.310035
2645000 46.823477 44.310986
2646000 46.063629 44.311648
2647000 46.380720 44.312430
2648000 46.077356 44.313096
2649000 46.056837 44.313754
2650000 46.145798 44.314446
2651000 45.790826 44.315003
2652000 46.199637 44.315713
2653000 46.344745 44.316478
2654000 46.195197 44.317186
2655000 45.950521 44.317801
2656000 46.006316 44.318437
2657000 46.075185 44.319098
2658000 45.994726 44.319729
2659000 45.670089 44.320236
2660000 45.948803 44.320849
2661000 45.786827 44.321400
2662000 45.397118 44.321804
2663000 45.941008 44.322412
2664000 46.194168 44.323114
2665000 46.607670 44.323972
2666000 45.836232 44.324539
2667000 45.840208 44.325107
2668000 45.966488 44.325722
2669000 46.635658 44.326588
2670000 46.085059 44.327246
2671000 45.925162 44.327845
2672000 46.002640 44.328471
2673000 45.654417 44.328967
2674000 46.323600 44.329713
2675000 45.994090 44.330336
2676000 45.821487 44.330893
2677000 45.531778 44.331341
2678000 46.266049 44.332064
2679000 45.980826 44.332679
2680000 46.142495 44.333355
2681000 46.694737 44.334235
2682000 45.578567 44.334699
2683000 46.211603 44.335399
2684000 46.898997 44.336354
2685000 46.373583 44.337113
2686000 46.366548 44.337868
2687000 46.464254 44.338660
2688000 46.248465 44.339370
2689000 46.796879 44.340284
2690000 46.040656 44.340916
2691000 45.934440 44.341508
2692000 46.158351 44.342183
2693000 45.848585 44.342743
2694000 45.979246 44.343350
2695000 45.841241 44.343906
2696000 46.403869 44.344670
2697000 46.645727 44.345523
2698000 46.420042 44.346292
2699000 46.162748 44.346965
2700000 45.823140 44.347512
2701000 45.841193 44.348065
2702000 46.016732 44.348682
2703000 46.054616 44.349314
2704000 46.030630 44.349935
2705000 46.686470 44.350799
2706000 46.503522 44.351595
2707000 46.707692 44.352465
2708000 46.491978 44.353255
2709000 46.175436 44.353928
2710000 46.270010 44.354635
2711000 45.531822 44.355069
2712000 45.651677 44.355547
2713000 45.691664 44.356040
2714000 46.462293 44.356816
2715000 46.753436 44.357698
2716000 46.399324 44.358450
2717000 46.513704 44.359243
2718000 47.018493 44.360222
2719000 46.745861 44.361099
2720000 46.763761 44.361982
2721000 46.662652 44.362828
2722000 46.777100 44.363715
2723000 46.716020 44.364579
2724000 46.992952 44.365544
2725000 47.050856 44.366529
2726000 47.270358 44.367594
2727000 47.128702 44.368607
2728000 46.593945 44.369423
2729000 46.713743 44.370282
2730000 46.614557 44.371104
2731000 46.726037 44.371966
2732000 46.755144 44.372838
2733000 46.906701 44.373765
2734000 46.898007 44.374689
2735000 47.005980 44.375651
2736000 47.007438 44.376613
2737000 46.876486 44.377526
2738000 46.879628 44.378440
2739000 46.258855 44.379127
2740000 46.875663 44.380038
2741000 46.709789 44.380888
2742000 46.575444 44.381688
2743000 46.383689 44.382418
2744000 46.086467 44.383039
2745000 45.648569 44.383500
2746000 45.867140 44.384040
2747000 46.052617 44.384648
2748000 46.133821 44.385284
2749000 45.638739 44.385740
2750000 45.915468 44.386296
2751000 46.369383 44.387017
2752000 46.218697 44.387683
2753000 46.433221 44.388426
2754000 46.524048 44.389201
2755000 46.421637 44.389939
2756000 46.548187 44.390722
2757000 46.418688 44.391458
2758000 46.228890 44.392124
2759000 46.106552 44.392745
2760000 46.160435 44.393386
2761000 45.944035 44.393947
2762000 45.830133 44.394467
2763000 45.499449 44.394867
2764000 45.418470 44.395238
2765000 45.797719 44.395745
2766000 45.760906 44.396238
2767000 45.992398 44.396815
2768000 45.824052 44.397331
2769000 46.095429 44.397944
2770000 46.006132 44.398525
2771000 45.588542 44.398954
2772000 45.702972 44.399425
2773000 45.627106 44.399867
2774000 45.565694 44.400288
2775000 46.057547 44.400885
2776000 45.943346 44.401440
2777000 45.845728 44.401960
2778000 45.537899 44.402369
2779000 46.004949 44.402946
2780000 46.105652 44.403559
2781000 45.646515 44.404006
2782000 45.116661 44.404262
2783000 45.267638 44.404572
2784000 45.382831 44.404923
2785000 45.519717 44.405324
2786000 45.491740 44.405714
2787000 45.781008 44.406207
2788000 45.635178 44.406648
2789000 45.618452 44.407082
2790000 45.094465 44.407329
2791000 45.714016 44.407797
2792000 45.785594 44.408290
2793000 45.720507 44.408760
2794000 45.655565 44.409206
2795000 45.191912 44.409486
2796000 45.150191 44.409751
2797000 45.379622 44.410098
2798000 45.327013 44.410426
2799000 45.141055 44.410687
2800000 45.273743 44.410995
2801000 45.032233 44.411217
2802000 45.170092 44.411488
2803000 45.572886 44.411902
2804000 45.069507 44.412137
2805000 44.743202 44.412255
2806000 45.053151 44.412483
2807000 44.888552 44.412653
2808000 44.438269 44.412662
2809000 44.686786 44.412759
2810000 44.846277 44.412914
2811000 45.417810 44.413271
2812000 44.798562 44.413408
2813000 45.183603 44.413682
2814000 45.141556 44.413941
2815000 45.004425 44.414150
2816000 45.067881 44.414382
2817000 44.873523 44.414545
2818000 44.359001 44.414526
2819000 44.857483 44.414683
2820000 45.163171 44.414948
2821000 44.753189 44.415068
2822000 45.252436 44.415365
2823000 45.204818 44.415645
2824000 45.214001 44.415927
2825000 44.534983 44.415969
2826000 44.915987 44.416146
2827000 44.691239 44.416244
2828000 44.974052 44.416441
2829000 45.241982 44.416733
2830000 45.076546 44.416966
2831000 44.642788 44.417046
2832000 44.578450 44.417103
2833000 44.755920 44.417222
2834000 44.734959 44.417334
2835000 45.121303 44.417583
2836000 44.562492 44.417634
2837000 44.755073 44.417753
2838000 44.393921 44.417744
2839000 44.013283 44.417602
2840000 44.500485 44.417631
2841000 43.991058 44.417481
2842000 44.428717 44.417485
2843000 44.511973 44.417518
2844000 44.023565 44.417380
2845000 43.809147 44.417166
2846000 44.465911 44.417183
2847000 44.688664 44.417278
2848000 44.346924 44.417254
2849000 44.515008 44.417288
2850000 44.861727 44.417444
2851000 45.365572 44.417776
2852000 44.782504 44.417904
2853000 44.055288 44.417777
2854000 44.185088 44.417696
2855000 44.345610 44.417670
2856000 44.529373 44.417709
2857000 44.568275 44.417762
2858000 44.371551 44.417746
2859000 44.964538 44.417937
2860000 45.040515 44.418155
2861000 44.615999 44.418224
2862000 44.495434 44.418251
2863000 44.792300 44.418382
2864000 44.545880 44.418426
2865000 44.228956 44.418360
2866000 44.822073 44.418501
2867000 44.918530 44.418675
2868000 44.585431 44.418734
2869000 44.712499 44.418836
2870000 44.773043 44.418959
2871000 44.658305 44.419043
2872000 44.516172 44.419077
2873000 44.769106 44.419198
2874000 44.773837 44.419322
2875000 44.371917 44.419305
2876000 43.747513 44.419072
2877000 43.716167 44.418827
2878000 44.608756 44.418893
2879000 44.269903 44.418842
2880000 44.664128 44.418927
2881000 44.566353 44.418978
2882000 44.635502 44.419053
2883000 44.556473 44.419101
2884000 44.609410 44.419167
2885000 44.897356 44.419332
2886000 44.342051 44.419306
2887000 45.188107 44.419572
2888000 44.571696 44.419625
2889000 44.792316 44.419754
2890000 45.104682 44.419991
2891000 44.684254 44.420082
2892000 44.489744 44.420106
2893000 44.449729 44.420116
2894000 44.878524 44.420275
2895000 45.896019 44.420785
2896000 45.197355 44.421053
2897000 45.058323 44.421273
2898000 45.349457 44.421593
2899000 45.621875 44.422007
2900000 45.304448 44.422311
2901000 44.840218 44.422455
2902000 44.943472 44.422635
2903000 45.156290 44.422888
2904000 44.948488 44.423069
2905000 44.793567 44.423196
2906000 45.611765 44.423605
2907000 44.669430 44.423690
2908000 44.660757 44.423771
2909000 45.283720 44.424067
2910000 44.946637 44.424246
2911000 45.177974 44.424505
2912000 45.262935 44.424793
2913000 44.914760 44.424961
2914000 44.831756 44.425101
2915000 45.033592 44.425310
2916000 45.000145 44.425507
2917000 44.845801 44.425651
2918000 45.094762 44.425880
2919000 44.400757 44.425872
2920000 44.570788 44.425921
2921000 44.745583 44.426031
2922000 44.697780 44.426124
2923000 44.790386 44.426248
2924000 44.771774 44.426367
2925000 44.893505 44.426526
2926000 44.649857 44.426603
2927000 44.825536 44.426739
2928000 44.799380 44.426866
2929000 44.743533 44.426974
2930000 44.942077 44.427150
2931000 45.164904 44.427402
2932000 44.893311 44.427561
2933000 45.438418 44.427905
2934000 45.195912 44.428167
2935000 45.262741 44.428451
2936000 44.929929 44.428622
2937000 45.037263 44.428829
2938000 45.473896 44.429185
2939000 45.392665 44.429513
2940000 44.929426 44.429683
2941000 45.123990 44.429919
2942000 45.325007 44.430223
2943000 45.423909 44.430561
2944000 45.395342 44.430889
2945000 45.581518 44.431279
2946000 45.420373 44.431615
2947000 45.073896 44.431833
2948000 45.579011 44.432222
2949000 45.190358 44.432479
2950000 45.450227 44.432824
2951000 45.598167 44.433219
2952000 45.478369 44.433573
2953000 45.533525 44.433946
2954000 45.693104 44.434372
2955000 45.495391 44.434731
2956000 45.072638 44.434947
2957000 44.579067 44.434996
2958000 45.304625 44.435290
2959000 44.806100 44.435415
2960000 44.755709 44.435523
2961000 44.590694 44.435576
2962000 44.952015 44.435750
2963000 45.368647 44.436065
2964000 45.121226 44.436296
2965000 45.429596 44.436631
2966000 44.884100 44.436782
2967000 45.094859 44.437004
2968000 45.904056 44.437498
2969000 45.263329 44.437776
2970000 45.646064 44.438183
2971000 45.743047 44.438622
2972000 45.718731 44.439053
2973000 45.757824 44.439496
2974000 45.450881 44.439836
2975000 45.938806 44.440340
2976000 45.896051 44.440829
2977000 45.560076 44.441205
2978000 45.945124 44.441710
2979000 45.803084 44.442167
2980000 46.331107 44.442801
2981000 46.005018 44.443325
2982000 45.939316 44.443827
2983000 45.698659 44.444248
2984000 45.869196 44.444725
2985000 45.635774 44.445124
2986000 45.827912 44.445587
2987000 45.484511 44.445935
2988000 45.383574 44.446249
2989000 45.978301 44.446761
2990000 46.230253 44.447358
2991000 45.880715 44.447837
2992000 45.439757 44.448169
2993000 46.122380 44.448728
2994000 45.569969 44.449103
2995000 45.320462 44.449394
2996000 45.582489 44.449772
2997000 45.740499 44.450202
2998000 45.829438 44.450662
2999000 45.153675 44.450897
3000000 45.172692 44.451137
