1000 85.000000 85.000000
2000 86.000000 85.500000
3000 94.000000 88.333333
4000 86.000000 87.750000
5000 91.000000 88.400000
6000 93.000000 89.166667
7000 93.000000 89.714286
8000 93.000000 90.125000
9000 92.000000 90.333333
10000 90.000000 90.300000
11000 90.000000 90.272727
12000 91.000000 90.333333
13000 94.000000 90.615385
14000 92.000000 90.714286
15000 93.000000 90.866667
16000 98.000000 91.312500
17000 95.000000 91.529412
18000 84.000000 91.111111
19000 95.000000 91.315789
20000 92.000000 91.350000
21000 91.000000 91.333333
22000 89.000000 91.227273
23000 95.000000 91.391304
24000 91.000000 91.375000
25000 92.000000 91.400000
26000 88.000000 91.269231
27000 95.000000 91.407407
28000 98.000000 91.642857
29000 100.000000 91.931034
30000 98.000000 92.133333
31000 90.000000 92.064516
32000 92.000000 92.062500
33000 91.000000 92.030303
34000 92.000000 92.029412
35000 95.000000 92.114286
36000 92.000000 92.111111
37000 88.000000 92.000000
38000 94.000000 92.052632
39000 90.000000 92.000000
40000 96.000000 92.100000
41000 91.000000 92.073171
42000 95.000000 92.142857
43000 93.000000 92.162791
44000 94.000000 92.204545
45000 94.000000 92.244444
46000 94.000000 92.282609
47000 89.000000 92.212766
48000 84.000000 92.041667
49000 89.000000 91.979592
50000 89.000000 91.920000
51000 90.000000 91.882353
52000 98.000000 92.000000
53000 92.000000 92.000000
54000 93.000000 92.018519
55000 89.000000 91.963636
56000 94.000000 92.000000
57000 93.000000 92.017544
58000 88.000000 91.948276
59000 88.000000 91.881356
60000 94.000000 91.916667
61000 97.000000 92.000000
62000 88.000000 91.935484
63000 87.000000 91.857143
64000 85.000000 91.750000
65000 93.000000 91.769231
66000 96.000000 91.833333
67000 95.000000 91.880597
68000 90.000000 91.852941
69000 92.000000 91.855072
70000 93.000000 91.871429
71000 97.000000 91.943662
72000 86.000000 91.861111
73000 88.000000 91.808219
74000 89.000000 91.770270
75000 91.000000 91.760000
76000 97.000000 91.828947
77000 94.000000 91.857143
78000 90.000000 91.833333
79000 88.000000 91.784810
80000 94.000000 91.812500
81000 89.000000 91.777778
82000 89.000000 91.743902
83000 94.000000 91.771084
84000 86.000000 91.702381
85000 87.000000 91.647059
86000 86.000000 91.581395
87000 90.000000 91.563218
88000 87.000000 91.511364
89000 88.000000 91.471910
90000 87.000000 91.422222
91000 86.000000 91.362637
92000 90.000000 91.347826
93000 89.000000 91.322581
94000 86.000000 91.265957
95000 90.000000 91.252632
96000 87.000000 91.208333
97000 94.000000 91.237113
98000 94.000000 91.265306
99000 90.000000 91.252525
100000 89.000000 91.230000
101000 87.000000 91.188119
102000 92.000000 91.196078
103000 94.000000 91.223301
104000 91.000000 91.221154
105000 94.000000 91.247619
106000 98.000000 91.311321
107000 98.000000 91.373832
108000 93.000000 91.388889
109000 95.000000 91.422018
110000 91.000000 91.418182
111000 95.000000 91.450450
112000 87.000000 91.410714
113000 91.000000 91.407080
114000 85.000000 91.350877
115000 92.000000 91.356522
116000 95.000000 91.387931
117000 92.000000 91.393162
118000 90.000000 91.381356
119000 94.000000 91.403361
120000 95.000000 91.433333
121000 89.000000 91.413223
122000 88.000000 91.385246
123000 92.000000 91.390244
124000 93.000000 91.403226
125000 93.000000 91.416000
126000 94.000000 91.436508
127000 92.000000 91.440945
128000 91.000000 91.437500
129000 91.000000 91.434109
130000 96.000000 91.469231
131000 93.000000 91.480916
132000 90.000000 91.469697
133000 88.000000 91.443609
134000 90.000000 91.432836
135000 93.000000 91.444444
136000 97.000000 91.485294
137000 94.000000 91.503650
138000 95.000000 91.528986
139000 95.000000 91.553957
140000 96.000000 91.585714
141000 96.000000 91.617021
142000 90.000000 91.605634
143000 98.000000 91.650350
144000 92.000000 91.652778
145000 98.000000 91.696552
146000 87.000000 91.664384
147000 96.000000 91.693878
148000 94.000000 91.709459
149000 97.000000 91.744966
150000 93.000000 91.753333
151000 97.000000 91.788079
152000 97.000000 91.822368
153000 90.000000 91.810458
154000 95.000000 91.831169
155000 90.000000 91.819355
156000 87.000000 91.788462
157000 92.000000 91.789809
158000 89.000000 91.772152
159000 87.000000 91.742138
160000 87.000000 91.712500
161000 87.000000 91.683230
162000 88.000000 91.660494
163000 88.000000 91.638037
164000 94.000000 91.652439
165000 84.000000 91.606061
166000 88.000000 91.584337
167000 83.000000 91.532934
168000 85.000000 91.494048
169000 87.000000 91.467456
170000 86.000000 91.435294
171000 88.000000 91.415205
172000 87.000000 91.389535
173000 91.000000 91.387283
174000 86.000000 91.356322
175000 96.000000 91.382857
176000 92.000000 91.386364
177000 93.000000 91.395480
178000 96.000000 91.421348
179000 92.000000 91.424581
180000 92.000000 91.427778
181000 92.000000 91.430939
182000 86.000000 91.401099
183000 88.000000 91.382514
184000 92.000000 91.385870
185000 93.000000 91.394595
186000 91.000000 91.392473
187000 92.000000 91.395722
188000 90.000000 91.388298
189000 91.000000 91.386243
190000 90.000000 91.378947
191000 88.000000 91.361257
192000 93.000000 91.369792
193000 94.000000 91.383420
194000 88.000000 91.365979
195000 91.000000 91.364103
196000 89.000000 91.352041
197000 86.000000 91.324873
198000 88.000000 91.308081
199000 94.000000 91.321608
200000 91.000000 91.320000
201000 89.000000 91.308458
202000 85.000000 91.277228
203000 93.000000 91.285714
204000 93.000000 91.294118
205000 88.000000 91.278049
206000 87.000000 91.257282
207000 87.000000 91.236715
208000 86.000000 91.211538
209000 92.000000 91.215311
210000 84.000000 91.180952
211000 88.000000 91.165877
212000 90.000000 91.160377
213000 90.000000 91.154930
214000 90.000000 91.149533
215000 95.000000 91.167442
216000 91.000000 91.166667
217000 89.000000 91.156682
218000 91.000000 91.155963
219000 88.000000 91.141553
220000 93.000000 91.150000
221000 92.000000 91.153846
222000 90.000000 91.148649
223000 94.000000 91.161435
224000 94.000000 91.174107
225000 92.000000 91.177778
226000 90.000000 91.172566
227000 93.000000 91.180617
228000 95.000000 91.197368
229000 89.000000 91.187773
230000 94.000000 91.200000
231000 90.000000 91.194805
232000 89.000000 91.185345
233000 95.000000 91.201717
234000 96.000000 91.222222
235000 94.000000 91.234043
236000 93.000000 91.241525
237000 94.000000 91.253165
238000 88.000000 91.239496
239000 91.000000 91.238494
240000 97.000000 91.262500
241000 94.000000 91.273859
242000 88.000000 91.260331
243000 93.000000 91.267490
244000 93.000000 91.274590
245000 88.000000 91.261224
246000 97.000000 91.284553
247000 88.000000 91.271255
248000 91.000000 91.270161
249000 89.000000 91.261044
250000 93.000000 91.268000
251000 93.000000 91.274900
252000 96.000000 91.293651
253000 91.000000 91.292490
254000 89.000000 91.283465
255000 95.000000 91.298039
256000 93.000000 91.304688
257000 96.000000 91.322957
258000 87.000000 91.306202
259000 87.000000 91.289575
260000 93.000000 91.296154
261000 86.000000 91.275862
262000 85.000000 91.251908
263000 91.000000 91.250951
264000 90.000000 91.246212
265000 86.000000 91.226415
266000 93.000000 91.233083
267000 91.000000 91.232210
268000 92.000000 91.235075
269000 90.000000 91.230483
270000 96.000000 91.248148
271000 88.000000 91.236162
272000 88.000000 91.224265
273000 92.000000 91.227106
274000 89.000000 91.218978
275000 88.000000 91.207273
276000 91.000000 91.206522
277000 92.000000 91.209386
278000 93.000000 91.215827
279000 93.000000 91.222222
280000 90.000000 91.217857
281000 93.000000 91.224199
282000 83.000000 91.195035
283000 85.000000 91.173145
284000 94.000000 91.183099
285000 86.000000 91.164912
286000 89.000000 91.157343
287000 88.000000 91.146341
288000 94.000000 91.156250
289000 90.000000 91.152249
290000 91.000000 91.151724
291000 88.000000 91.140893
292000 90.000000 91.136986
293000 90.000000 91.133106
294000 95.000000 91.146259
295000 86.000000 91.128814
296000 90.000000 91.125000
297000 95.000000 91.138047
298000 87.000000 91.124161
299000 89.000000 91.117057
300000 94.000000 91.126667
301000 86.000000 91.109635
302000 94.000000 91.119205
303000 96.000000 91.135314
304000 88.000000 91.125000
305000 88.000000 91.114754
306000 89.000000 91.107843
307000 95.000000 91.120521
308000 98.000000 91.142857
309000 99.000000 91.168285
310000 93.000000 91.174194
311000 93.000000 91.180064
312000 96.000000 91.195513
313000 89.000000 91.188498
314000 96.000000 91.203822
315000 96.000000 91.219048
316000 94.000000 91.227848
317000 91.000000 91.227129
318000 98.000000 91.248428
319000 95.000000 91.260188
320000 95.000000 91.271875
321000 97.000000 91.289720
322000 93.000000 91.295031
323000 94.000000 91.303406
324000 93.000000 91.308642
325000 90.000000 91.304615
326000 91.000000 91.303681
327000 99.000000 91.327217
328000 92.000000 91.329268
329000 92.000000 91.331307
330000 96.000000 91.345455
331000 93.000000 91.350453
332000 97.000000 91.367470
333000 93.000000 91.372372
334000 95.000000 91.383234
335000 95.000000 91.394030
336000 96.000000 91.407738
337000 92.000000 91.409496
338000 94.000000 91.417160
339000 95.000000 91.427729
340000 93.000000 91.432353
341000 91.000000 91.431085
342000 91.000000 91.429825
343000 90.000000 91.425656
344000 92.000000 91.427326
345000 92.000000 91.428986
346000 91.000000 91.427746
347000 100.000000 91.452450
348000 93.000000 91.456897
349000 84.000000 91.435530
350000 91.000000 91.434286
351000 92.000000 91.435897
352000 96.000000 91.448864
353000 101.000000 91.475921
354000 92.000000 91.477401
355000 94.000000 91.484507
356000 101.000000 91.511236
357000 98.000000 91.529412
358000 96.000000 91.541899
359000 92.000000 91.543175
360000 94.000000 91.550000
361000 96.000000 91.562327
362000 97.000000 91.577348
363000 97.000000 91.592287
364000 92.000000 91.593407
365000 94.000000 91.600000
366000 96.000000 91.612022
367000 92.000000 91.613079
368000 96.000000 91.625000
369000 98.000000 91.642276
370000 94.000000 91.648649
371000 92.000000 91.649596
372000 96.000000 91.661290
373000 94.000000 91.667560
374000 98.000000 91.684492
375000 97.000000 91.698667
376000 93.000000 91.702128
377000 91.000000 91.700265
378000 99.000000 91.719577
379000 95.000000 91.728232
380000 97.000000 91.742105
381000 94.000000 91.748031
382000 90.000000 91.743455
383000 86.000000 91.728460
384000 94.000000 91.734375
385000 94.000000 91.740260
386000 96.000000 91.751295
387000 93.000000 91.754522
388000 89.000000 91.747423
389000 91.000000 91.745501
390000 94.000000 91.751282
391000 88.000000 91.741688
392000 90.000000 91.737245
393000 91.000000 91.735369
394000 92.000000 91.736041
395000 96.000000 91.746835
396000 90.000000 91.742424
397000 94.000000 91.748111
398000 88.000000 91.738693
399000 90.000000 91.734336
400000 95.000000 91.742500
401000 95.000000 91.750623
402000 92.000000 91.751244
403000 95.000000 91.759305
404000 96.000000 91.769802
405000 89.000000 91.762963
406000 91.000000 91.761084
407000 89.000000 91.754300
408000 92.000000 91.754902
409000 95.000000 91.762836
410000 95.000000 91.770732
411000 96.000000 91.781022
412000 92.000000 91.781553
413000 96.000000 91.791768
414000 94.000000 91.797101
415000 91.000000 91.795181
416000 95.000000 91.802885
417000 92.000000 91.803357
418000 91.000000 91.801435
419000 96.000000 91.811456
420000 96.000000 91.821429
421000 91.000000 91.819477
422000 91.000000 91.817536
423000 93.000000 91.820331
424000 92.000000 91.820755
425000 91.000000 91.818824
426000 96.000000 91.828638
427000 90.000000 91.824356
428000 88.000000 91.815421
429000 95.000000 91.822844
430000 94.000000 91.827907
431000 104.000000 91.856148
432000 97.000000 91.868056
433000 98.000000 91.882217
434000 92.000000 91.882488
435000 95.000000 91.889655
436000 92.000000 91.889908
437000 90.000000 91.885584
438000 98.000000 91.899543
439000 93.000000 91.902050
440000 94.000000 91.906818
441000 97.000000 91.918367
442000 97.000000 91.929864
443000 98.000000 91.943567
444000 92.000000 91.943694
445000 95.000000 91.950562
446000 94.000000 91.955157
447000 92.000000 91.955257
448000 93.000000 91.957589
449000 90.000000 91.953229
450000 91.000000 91.951111
451000 90.000000 91.946785
452000 88.000000 91.938053
453000 96.000000 91.947020
454000 91.000000 91.944934
455000 92.000000 91.945055
456000 97.000000 91.956140
457000 96.000000 91.964989
458000 93.000000 91.967249
459000 97.000000 91.978214
460000 95.000000 91.984783
461000 98.000000 91.997831
462000 96.000000 92.006494
463000 96.000000 92.015119
464000 98.000000 92.028017
465000 100.000000 92.045161
466000 98.000000 92.057940
467000 103.000000 92.081370
468000 92.000000 92.081197
469000 93.000000 92.083156
470000 93.000000 92.085106
471000 89.000000 92.078556
472000 97.000000 92.088983
473000 100.000000 92.105708
474000 98.000000 92.118143
475000 94.000000 92.122105
476000 91.000000 92.119748
477000 95.000000 92.125786
478000 93.000000 92.127615
479000 89.000000 92.121086
480000 91.000000 92.118750
481000 93.000000 92.120582
482000 99.000000 92.134855
483000 96.000000 92.142857
484000 92.000000 92.142562
485000 102.000000 92.162887
486000 96.000000 92.170782
487000 101.000000 92.188912
488000 89.000000 92.182377
489000 90.000000 92.177914
490000 94.000000 92.181633
491000 91.000000 92.179226
492000 92.000000 92.178862
493000 91.000000 92.176471
494000 95.000000 92.182186
495000 96.000000 92.189899
496000 88.000000 92.181452
497000 93.000000 92.183099
498000 91.000000 92.180723
499000 96.000000 92.188377
500000 90.000000 92.184000
501000 95.000000 92.189621
502000 87.000000 92.179283
503000 93.000000 92.180915
504000 90.000000 92.176587
505000 91.000000 92.174257
506000 92.000000 92.173913
507000 90.000000 92.169625
508000 87.000000 92.159449
509000 90.000000 92.155206
510000 88.000000 92.147059
511000 84.000000 92.131115
512000 92.000000 92.130859
513000 92.000000 92.130604
514000 92.000000 92.130350
515000 92.000000 92.130097
516000 96.000000 92.137597
517000 95.000000 92.143133
518000 93.000000 92.144788
519000 94.000000 92.148362
520000 95.000000 92.153846
521000 94.000000 92.157390
522000 93.000000 92.159004
523000 90.000000 92.154876
524000 85.000000 92.141221
525000 91.000000 92.139048
526000 91.000000 92.136882
527000 102.000000 92.155598
528000 98.000000 92.166667
529000 94.000000 92.170132
530000 94.000000 92.173585
531000 93.000000 92.175141
532000 91.000000 92.172932
533000 87.000000 92.163227
534000 96.000000 92.170412
535000 96.000000 92.177570
536000 97.000000 92.186567
537000 93.000000 92.188082
538000 89.000000 92.182156
539000 97.000000 92.191095
540000 95.000000 92.196296
541000 99.000000 92.208872
542000 99.000000 92.221402
543000 95.000000 92.226519
544000 96.000000 92.233456
545000 88.000000 92.225688
546000 90.000000 92.221612
547000 94.000000 92.224863
548000 95.000000 92.229927
549000 94.000000 92.233151
550000 97.000000 92.241818
551000 94.000000 92.245009
552000 94.000000 92.248188
553000 99.000000 92.260398
554000 89.000000 92.254513
555000 94.000000 92.257658
556000 93.000000 92.258993
557000 97.000000 92.267504
558000 95.000000 92.272401
559000 93.000000 92.273703
560000 97.000000 92.282143
561000 99.000000 92.294118
562000 97.000000 92.302491
563000 93.000000 92.303730
564000 95.000000 92.308511
565000 95.000000 92.313274
566000 94.000000 92.316254
567000 93.000000 92.317460
568000 94.000000 92.320423
569000 91.000000 92.318102
570000 90.000000 92.314035
571000 94.000000 92.316988
572000 99.000000 92.328671
573000 97.000000 92.336824
574000 92.000000 92.336237
575000 95.000000 92.340870
576000 95.000000 92.345486
577000 97.000000 92.353553
578000 100.000000 92.366782
579000 88.000000 92.359240
580000 89.000000 92.353448
581000 95.000000 92.358003
582000 95.000000 92.362543
583000 92.000000 92.361921
584000 97.000000 92.369863
585000 99.000000 92.381197
586000 98.000000 92.390785
587000 96.000000 92.396934
588000 90.000000 92.392857
589000 85.000000 92.380306
590000 88.000000 92.372881
591000 95.000000 92.377327
592000 94.000000 92.380068
593000 93.000000 92.381113
594000 94.000000 92.383838
595000 95.000000 92.388235
596000 93.000000 92.389262
597000 92.000000 92.388610
598000 94.000000 92.391304
599000 90.000000 92.387312
600000 91.000000 92.385000
601000 93.000000 92.386023
602000 93.000000 92.387043
603000 91.000000 92.384743
604000 90.000000 92.380795
605000 92.000000 92.380165
606000 91.000000 92.377888
607000 90.000000 92.373970
608000 99.000000 92.384868
609000 98.000000 92.394089
610000 92.000000 92.393443
611000 89.000000 92.387889
612000 99.000000 92.398693
613000 88.000000 92.391517
614000 90.000000 92.387622
615000 92.000000 92.386992
616000 100.000000 92.399351
617000 91.000000 92.397083
618000 90.000000 92.393204
619000 97.000000 92.400646
620000 93.000000 92.401613
621000 94.000000 92.404187
622000 94.000000 92.406752
623000 87.000000 92.398074
624000 91.000000 92.395833
625000 92.000000 92.395200
626000 94.000000 92.397764
627000 100.000000 92.409888
628000 94.000000 92.412420
629000 94.000000 92.414944
630000 88.000000 92.407937
631000 94.000000 92.410460
632000 94.000000 92.412975
633000 89.000000 92.407583
634000 88.000000 92.400631
635000 89.000000 92.395276
636000 89.000000 92.389937
637000 82.000000 92.373626
638000 87.000000 92.365204
639000 96.000000 92.370892
640000 89.000000 92.365625
641000 92.000000 92.365055
642000 94.000000 92.367601
643000 97.000000 92.374806
644000 92.000000 92.374224
645000 93.000000 92.375194
646000 94.000000 92.377709
647000 93.000000 92.378671
648000 91.000000 92.376543
649000 93.000000 92.377504
650000 95.000000 92.381538
651000 92.000000 92.380952
652000 94.000000 92.383436
653000 87.000000 92.375191
654000 93.000000 92.376147
655000 97.000000 92.383206
656000 91.000000 92.381098
657000 88.000000 92.374429
658000 89.000000 92.369301
659000 90.000000 92.365706
660000 85.000000 92.354545
661000 95.000000 92.358548
662000 92.000000 92.358006
663000 83.000000 92.343891
664000 96.000000 92.349398
665000 92.000000 92.348872
666000 90.000000 92.345345
667000 97.000000 92.352324
668000 84.000000 92.339820
669000 93.000000 92.340807
670000 93.000000 92.341791
671000 94.000000 92.344262
672000 92.000000 92.343750
673000 92.000000 92.343239
674000 93.000000 92.344214
675000 89.000000 92.339259
676000 96.000000 92.344675
677000 95.000000 92.348597
678000 98.000000 92.356932
679000 90.000000 92.353461
680000 87.000000 92.345588
681000 88.000000 92.339207
682000 99.000000 92.348974
683000 92.000000 92.348463
684000 92.000000 92.347953
685000 97.000000 92.354745
686000 93.000000 92.355685
687000 91.000000 92.353712
688000 93.000000 92.354651
689000 89.000000 92.349782
690000 86.000000 92.340580
691000 90.000000 92.337192
692000 92.000000 92.336705
693000 90.000000 92.333333
694000 89.000000 92.328530
695000 91.000000 92.326619
696000 85.000000 92.316092
697000 96.000000 92.321377
698000 92.000000 92.320917
699000 89.000000 92.316166
700000 90.000000 92.312857
701000 92.000000 92.312411
702000 84.000000 92.300570
703000 93.000000 92.301565
704000 91.000000 92.299716
705000 92.000000 92.299291
706000 94.000000 92.301700
707000 96.000000 92.306931
708000 95.000000 92.310734
709000 93.000000 92.311707
710000 90.000000 92.308451
711000 87.000000 92.300985
712000 93.000000 92.301966
713000 95.000000 92.305750
714000 96.000000 92.310924
715000 95.000000 92.314685
716000 94.000000 92.317039
717000 93.000000 92.317992
718000 88.000000 92.311978
719000 91.000000 92.310153
720000 93.000000 92.311111
721000 94.000000 92.313454
722000 91.000000 92.311634
723000 90.000000 92.308437
724000 91.000000 92.306630
725000 97.000000 92.313103
726000 94.000000 92.315427
727000 90.000000 92.312242
728000 90.000000 92.309066
729000 94.000000 92.311385
730000 97.000000 92.317808
731000 88.000000 92.311902
732000 92.000000 92.311475
733000 88.000000 92.305593
734000 88.000000 92.299728
735000 91.000000 92.297959
736000 91.000000 92.296196
737000 93.000000 92.297151
738000 93.000000 92.298103
739000 95.000000 92.301759
740000 93.000000 92.302703
741000 89.000000 92.298246
742000 89.000000 92.293801
743000 92.000000 92.293405
744000 98.000000 92.301075
745000 94.000000 92.303356
746000 92.000000 92.302949
747000 96.000000 92.307898
748000 96.000000 92.312834
749000 92.000000 92.312417
750000 94.000000 92.314667
751000 92.000000 92.314248
752000 92.000000 92.313830
753000 94.000000 92.316069
754000 98.000000 92.323607
755000 100.000000 92.333775
756000 93.000000 92.334656
757000 95.000000 92.338177
758000 97.000000 92.344327
759000 95.000000 92.347826
760000 95.000000 92.351316
761000 88.000000 92.345598
762000 87.000000 92.338583
763000 96.000000 92.343381
764000 95.000000 92.346859
765000 96.000000 92.351634
766000 96.000000 92.356397
767000 95.000000 92.359844
768000 92.000000 92.359375
769000 81.000000 92.344603
770000 88.000000 92.338961
771000 90.000000 92.335927
772000 94.000000 92.338083
773000 91.000000 92.336352
774000 88.000000 92.330749
775000 91.000000 92.329032
776000 94.000000 92.331186
777000 91.000000 92.329472
778000 93.000000 92.330334
779000 95.000000 92.333761
780000 93.000000 92.334615
781000 93.000000 92.335467
782000 94.000000 92.337596
783000 88.000000 92.332056
784000 86.000000 92.323980
785000 90.000000 92.321019
786000 93.000000 92.321883
787000 96.000000 92.326557
788000 90.000000 92.323604
789000 90.000000 92.320659
790000 95.000000 92.324051
791000 99.000000 92.332491
792000 94.000000 92.334596
793000 95.000000 92.337957
794000 88.000000 92.332494
795000 92.000000 92.332075
796000 97.000000 92.337940
797000 95.000000 92.341280
798000 93.000000 92.342105
799000 91.000000 92.340426
800000 93.000000 92.341250
801000 90.000000 92.338327
802000 91.000000 92.336658
803000 87.000000 92.330012
804000 89.000000 92.325871
805000 94.000000 92.327950
806000 90.000000 92.325062
807000 93.000000 92.325898
808000 91.000000 92.324257
809000 95.000000 92.327565
810000 94.000000 92.329630
811000 100.000000 92.339088
812000 96.000000 92.343596
813000 88.000000 92.338253
814000 95.000000 92.341523
815000 90.000000 92.338650
816000 86.000000 92.330882
817000 89.000000 92.326805
818000 87.000000 92.320293
819000 91.000000 92.318681
820000 95.000000 92.321951
821000 92.000000 92.321559
822000 91.000000 92.319951
823000 92.000000 92.319563
824000 96.000000 92.324029
825000 90.000000 92.321212
826000 94.000000 92.323245
827000 96.000000 92.327690
828000 97.000000 92.333333
829000 91.000000 92.331725
830000 94.000000 92.333735
831000 92.000000 92.333333
832000 95.000000 92.336538
833000 94.000000 92.338535
834000 98.000000 92.345324
835000 92.000000 92.344910
836000 97.000000 92.350478
837000 97.000000 92.356033
838000 95.000000 92.359189
839000 95.000000 92.362336
840000 95.000000 92.365476
841000 97.000000 92.370987
842000 91.000000 92.369359
843000 96.000000 92.373665
844000 93.000000 92.374408
845000 97.000000 92.379882
846000 96.000000 92.384161
847000 94.000000 92.386068
848000 101.000000 92.396226
849000 98.000000 92.402827
850000 95.000000 92.405882
851000 96.000000 92.410106
852000 93.000000 92.410798
853000 95.000000 92.413834
854000 94.000000 92.415691
855000 93.000000 92.416374
856000 96.000000 92.420561
857000 96.000000 92.424737
858000 95.000000 92.427739
859000 93.000000 92.428405
860000 91.000000 92.426744
861000 93.000000 92.427410
862000 92.000000 92.426914
863000 95.000000 92.429896
864000 93.000000 92.430556
865000 88.000000 92.425434
866000 95.000000 92.428406
867000 90.000000 92.425606
868000 97.000000 92.430876
869000 95.000000 92.433832
870000 90.000000 92.431034
871000 91.000000 92.429392
872000 89.000000 92.425459
873000 89.000000 92.421535
874000 98.000000 92.427918
875000 95.000000 92.430857
876000 92.000000 92.430365
877000 91.000000 92.428734
878000 86.000000 92.421412
879000 93.000000 92.422071
880000 100.000000 92.430682
881000 93.000000 92.431328
882000 84.000000 92.421769
883000 88.000000 92.416761
884000 89.000000 92.412896
885000 86.000000 92.405650
886000 92.000000 92.405192
887000 86.000000 92.397971
888000 94.000000 92.399775
889000 89.000000 92.395951
890000 90.000000 92.393258
891000 95.000000 92.396184
892000 94.000000 92.397982
893000 92.000000 92.397536
894000 91.000000 92.395973
895000 95.000000 92.398883
896000 94.000000 92.400670
897000 94.000000 92.402453
898000 96.000000 92.406459
899000 86.000000 92.399333
900000 93.000000 92.400000
901000 94.000000 92.401776
902000 94.000000 92.403548
903000 94.000000 92.405316
904000 93.000000 92.405973
905000 94.000000 92.407735
906000 93.000000 92.408389
907000 87.000000 92.402426
908000 89.000000 92.398678
909000 86.000000 92.391639
910000 90.000000 92.389011
911000 93.000000 92.389682
912000 94.000000 92.391447
913000 91.000000 92.389923
914000 92.000000 92.389497
915000 95.000000 92.392350
916000 95.000000 92.395197
917000 96.000000 92.399128
918000 93.000000 92.399782
919000 91.000000 92.398259
920000 88.000000 92.393478
921000 89.000000 92.389794
922000 89.000000 92.386117
923000 89.000000 92.382449
924000 90.000000 92.379870
925000 88.000000 92.375135
926000 89.000000 92.371490
927000 98.000000 92.377562
928000 95.000000 92.380388
929000 94.000000 92.382131
930000 93.000000 92.382796
931000 92.000000 92.382385
932000 89.000000 92.378755
933000 93.000000 92.379421
934000 90.000000 92.376874
935000 96.000000 92.380749
936000 93.000000 92.381410
937000 93.000000 92.382070
938000 93.000000 92.382729
939000 88.000000 92.378062
940000 88.000000 92.373404
941000 90.000000 92.370882
942000 91.000000 92.369427
943000 92.000000 92.369035
944000 95.000000 92.371822
945000 94.000000 92.373545
946000 96.000000 92.377378
947000 96.000000 92.381204
948000 91.000000 92.379747
949000 94.000000 92.381454
950000 94.000000 92.383158
951000 91.000000 92.381703
952000 89.000000 92.378151
953000 88.000000 92.373557
954000 91.000000 92.372117
955000 89.000000 92.368586
956000 103.000000 92.379707
957000 92.000000 92.379310
958000 86.000000 92.372651
959000 91.000000 92.371220
960000 94.000000 92.372917
961000 96.000000 92.376691
962000 89.000000 92.373181
963000 96.000000 92.376947
964000 95.000000 92.379668
965000 93.000000 92.380311
966000 93.000000 92.380952
967000 95.000000 92.383661
968000 92.000000 92.383264
969000 94.000000 92.384933
970000 89.000000 92.381443
971000 92.000000 92.381050
972000 93.000000 92.381687
973000 97.000000 92.386434
974000 95.000000 92.389117
975000 89.000000 92.385641
976000 94.000000 92.387295
977000 92.000000 92.386899
978000 94.000000 92.388548
979000 93.000000 92.389173
980000 90.000000 92.386735
981000 95.000000 92.389399
982000 95.000000 92.392057
983000 94.000000 92.393693
984000 88.000000 92.389228
985000 88.000000 92.384772
986000 88.000000 92.380325
987000 95.000000 92.382979
988000 93.000000 92.383603
989000 93.000000 92.384226
990000 93.000000 92.384848
991000 96.000000 92.388496
992000 92.000000 92.388105
993000 93.000000 92.388721
994000 89.000000 92.385312
995000 91.000000 92.383920
996000 90.000000 92.381526
997000 93.000000 92.382146
998000 91.000000 92.380762
999000 90.000000 92.378378
1000000 93.000000 92.379000
1001000 90.000000 92.376623
1002000 94.000000 92.378244
1003000 94.000000 92.379860
1004000 87.000000 92.374502
1005000 92.000000 92.374129
1006000 93.000000 92.374751
1007000 93.000000 92.375372
1008000 96.000000 92.378968
1009000 92.000000 92.378593
1010000 95.000000 92.381188
1011000 96.000000 92.384768
1012000 94.000000 92.386364
1013000 92.000000 92.385982
1014000 93.000000 92.386588
1015000 98.000000 92.392118
1016000 89.000000 92.388780
1017000 94.000000 92.390364
1018000 92.000000 92.389980
1019000 91.000000 92.388616
1020000 92.000000 92.388235
1021000 95.000000 92.390793
1022000 96.000000 92.394325
1023000 90.000000 92.391984
1024000 98.000000 92.397461
1025000 93.000000 92.398049
1026000 95.000000 92.400585
1027000 93.000000 92.401168
1028000 92.000000 92.400778
1029000 96.000000 92.404276
1030000 91.000000 92.402913
1031000 91.000000 92.401552
1032000 91.000000 92.400194
1033000 92.000000 92.399806
1034000 93.000000 92.400387
1035000 89.000000 92.397101
1036000 86.000000 92.390927
1037000 85.000000 92.383799
1038000 89.000000 92.380539
1039000 86.000000 92.374398
1040000 93.000000 92.375000
1041000 90.000000 92.372719
1042000 91.000000 92.371401
1043000 95.000000 92.373921
1044000 89.000000 92.370690
1045000 88.000000 92.366507
1046000 88.000000 92.362333
1047000 94.000000 92.363897
1048000 91.000000 92.362595
1049000 97.000000 92.367016
1050000 96.000000 92.370476
1051000 92.000000 92.370124
1052000 93.000000 92.370722
1053000 91.000000 92.369421
1054000 99.000000 92.375712
1055000 94.000000 92.377251
1056000 94.000000 92.378788
1057000 88.000000 92.374645
1058000 92.000000 92.374291
1059000 95.000000 92.376771
1060000 93.000000 92.377358
1061000 96.000000 92.380773
1062000 91.000000 92.379473
1063000 97.000000 92.383819
1064000 95.000000 92.386278
1065000 99.000000 92.392488
1066000 95.000000 92.394934
1067000 91.000000 92.393627
1068000 90.000000 92.391386
1069000 95.000000 92.393826
1070000 99.000000 92.400000
1071000 94.000000 92.401494
1072000 91.000000 92.400187
1073000 95.000000 92.402610
1074000 98.000000 92.407821
1075000 100.000000 92.414884
1076000 94.000000 92.416357
1077000 94.000000 92.417827
1078000 98.000000 92.423006
1079000 95.000000 92.425394
1080000 97.000000 92.429630
1081000 93.000000 92.430157
1082000 93.000000 92.430684
1083000 90.000000 92.428440
1084000 94.000000 92.429889
1085000 95.000000 92.432258
1086000 91.000000 92.430939
1087000 95.000000 92.433303
1088000 92.000000 92.432904
1089000 95.000000 92.435262
1090000 95.000000 92.437615
1091000 96.000000 92.440880
1092000 98.000000 92.445971
1093000 91.000000 92.444648
1094000 92.000000 92.444241
1095000 93.000000 92.444749
1096000 92.000000 92.444343
1097000 90.000000 92.442115
1098000 91.000000 92.440801
1099000 86.000000 92.434941
1100000 93.000000 92.435455
1101000 90.000000 92.433243
1102000 91.000000 92.431942
1103000 85.000000 92.425204
1104000 89.000000 92.422101
1105000 87.000000 92.417195
1106000 86.000000 92.411392
1107000 96.000000 92.414634
1108000 88.000000 92.410650
1109000 95.000000 92.412985
1110000 96.000000 92.416216
1111000 97.000000 92.420342
1112000 98.000000 92.425360
1113000 99.000000 92.431267
1114000 92.000000 92.430880
1115000 92.000000 92.430493
1116000 85.000000 92.423835
1117000 95.000000 92.426141
1118000 89.000000 92.423077
1119000 92.000000 92.422699
1120000 92.000000 92.422321
1121000 89.000000 92.419269
1122000 90.000000 92.417112
1123000 92.000000 92.416741
1124000 94.000000 92.418149
1125000 85.000000 92.411556
1126000 92.000000 92.411190
1127000 95.000000 92.413487
1128000 85.000000 92.406915
1129000 92.000000 92.406554
1130000 94.000000 92.407965
1131000 87.000000 92.403183
1132000 92.000000 92.402827
1133000 94.000000 92.404237
1134000 93.000000 92.404762
1135000 93.000000 92.405286
1136000 94.000000 92.406690
1137000 95.000000 92.408971
1138000 94.000000 92.410369
1139000 93.000000 92.410887
1140000 93.000000 92.411404
1141000 93.000000 92.411919
1142000 87.000000 92.407180
1143000 93.000000 92.407699
1144000 100.000000 92.414336
1145000 93.000000 92.414847
1146000 94.000000 92.416230
1147000 90.000000 92.414124
1148000 94.000000 92.415505
1149000 91.000000 92.414273
1150000 94.000000 92.415652
1151000 91.000000 92.414422
1152000 97.000000 92.418403
1153000 98.000000 92.423244
1154000 92.000000 92.422877
1155000 88.000000 92.419048
1156000 97.000000 92.423010
1157000 90.000000 92.420916
1158000 91.000000 92.419689
1159000 96.000000 92.422778
1160000 98.000000 92.427586
1161000 96.000000 92.430663
1162000 93.000000 92.431153
1163000 94.000000 92.432502
1164000 93.000000 92.432990
1165000 93.000000 92.433476
1166000 94.000000 92.434820
1167000 93.000000 92.435304
1168000 88.000000 92.431507
1169000 91.000000 92.430282
1170000 93.000000 92.430769
1171000 94.000000 92.432109
1172000 97.000000 92.436007
1173000 98.000000 92.440750
1174000 95.000000 92.442930
1175000 88.000000 92.439149
1176000 95.000000 92.441327
1177000 89.000000 92.438403
1178000 91.000000 92.437182
1179000 91.000000 92.435963
1180000 90.000000 92.433898
1181000 93.000000 92.434378
1182000 95.000000 92.436548
1183000 89.000000 92.433643
1184000 89.000000 92.430743
1185000 89.000000 92.427848
1186000 82.000000 92.419056
1187000 90.000000 92.417018
1188000 92.000000 92.416667
1189000 89.000000 92.413793
1190000 90.000000 92.411765
1191000 86.000000 92.406381
1192000 92.000000 92.406040
1193000 90.000000 92.404023
1194000 91.000000 92.402848
1195000 93.000000 92.403347
1196000 93.000000 92.403846
1197000 89.000000 92.401003
1198000 90.000000 92.398998
1199000 91.000000 92.397832
1200000 89.000000 92.395000
1201000 88.000000 92.391341
1202000 87.000000 92.386855
1203000 90.000000 92.384871
1204000 88.000000 92.381229
1205000 87.000000 92.376763
1206000 93.000000 92.377280
1207000 91.000000 92.376139
1208000 88.000000 92.372517
1209000 92.000000 92.372208
1210000 87.000000 92.367769
1211000 87.000000 92.363336
1212000 87.000000 92.358911
1213000 83.000000 92.351195
1214000 87.000000 92.346787
1215000 95.000000 92.348971
1216000 94.000000 92.350329
1217000 89.000000 92.347576
1218000 88.000000 92.344007
1219000 89.000000 92.341263
1220000 90.000000 92.339344
1221000 84.000000 92.332514
1222000 87.000000 92.328151
1223000 94.000000 92.329518
1224000 96.000000 92.332516
1225000 87.000000 92.328163
1226000 92.000000 92.327896
1227000 92.000000 92.327628
1228000 91.000000 92.326547
1229000 87.000000 92.322213
1230000 86.000000 92.317073
1231000 85.000000 92.311129
1232000 92.000000 92.310877
1233000 93.000000 92.311436
1234000 94.000000 92.312804
1235000 89.000000 92.310121
1236000 91.000000 92.309061
1237000 92.000000 92.308812
1238000 88.000000 92.305331
1239000 88.000000 92.301856
1240000 90.000000 92.300000
1241000 89.000000 92.297341
1242000 87.000000 92.293076
1243000 96.000000 92.296058
1244000 88.000000 92.292605
1245000 89.000000 92.289960
1246000 88.000000 92.286517
1247000 90.000000 92.284683
1248000 85.000000 92.278846
1249000 92.000000 92.278623
1250000 88.000000 92.275200
1251000 88.000000 92.271783
1252000 93.000000 92.272364
1253000 92.000000 92.272147
1254000 87.000000 92.267943
1255000 91.000000 92.266932
1256000 84.000000 92.260350
1257000 88.000000 92.256961
1258000 92.000000 92.256757
1259000 93.000000 92.257347
1260000 94.000000 92.258730
1261000 97.000000 92.262490
1262000 88.000000 92.259113
1263000 92.000000 92.258907
1264000 92.000000 92.258703
1265000 95.000000 92.260870
1266000 85.000000 92.255134
1267000 90.000000 92.253354
1268000 93.000000 92.253943
1269000 92.000000 92.253743
1270000 86.000000 92.248819
1271000 91.000000 92.247836
1272000 91.000000 92.246855
1273000 82.000000 92.238806
1274000 84.000000 92.232339
1275000 86.000000 92.227451
1276000 93.000000 92.228056
1277000 89.000000 92.225529
1278000 95.000000 92.227700
1279000 92.000000 92.227522
1280000 89.000000 92.225000
1281000 96.000000 92.227947
1282000 92.000000 92.227769
1283000 91.000000 92.226812
1284000 95.000000 92.228972
1285000 91.000000 92.228016
1286000 91.000000 92.227061
1287000 88.000000 92.223776
1288000 81.000000 92.215062
1289000 84.000000 92.208689
1290000 87.000000 92.204651
1291000 90.000000 92.202943
1292000 86.000000 92.198142
1293000 90.000000 92.196442
1294000 93.000000 92.197063
1295000 90.000000 92.195367
1296000 88.000000 92.192130
1297000 92.000000 92.191981
1298000 92.000000 92.191834
1299000 89.000000 92.189376
1300000 87.000000 92.185385
1301000 92.000000 92.185242
1302000 90.000000 92.183564
1303000 87.000000 92.179586
1304000 90.000000 92.177914
1305000 90.000000 92.176245
1306000 94.000000 92.177642
1307000 100.000000 92.183627
1308000 88.000000 92.180428
1309000 93.000000 92.181054
1310000 89.000000 92.178626
1311000 80.000000 92.169336
1312000 91.000000 92.168445
1313000 83.000000 92.161462
1314000 85.000000 92.156012
1315000 88.000000 92.152852
1316000 84.000000 92.146657
1317000 87.000000 92.142749
1318000 90.000000 92.141123
1319000 89.000000 92.138741
1320000 92.000000 92.138636
1321000 94.000000 92.140045
1322000 92.000000 92.139939
1323000 84.000000 92.133787
1324000 89.000000 92.131420
1325000 93.000000 92.132075
1326000 94.000000 92.133484
1327000 93.000000 92.134137
1328000 96.000000 92.137048
1329000 90.000000 92.135440
1330000 96.000000 92.138346
1331000 89.000000 92.135988
1332000 89.000000 92.133634
1333000 92.000000 92.133533
1334000 93.000000 92.134183
1335000 92.000000 92.134082
1336000 89.000000 92.131737
1337000 91.000000 92.130890
1338000 96.000000 92.133782
1339000 97.000000 92.137416
1340000 91.000000 92.136567
1341000 92.000000 92.136465
1342000 92.000000 92.136364
1343000 93.000000 92.137007
1344000 93.000000 92.137649
1345000 96.000000 92.140520
1346000 98.000000 92.144874
1347000 94.000000 92.146251
1348000 99.000000 92.151335
1349000 96.000000 92.154188
1350000 100.000000 92.160000
1351000 93.000000 92.160622
1352000 100.000000 92.166420
1353000 98.000000 92.170732
1354000 97.000000 92.174298
1355000 97.000000 92.177860
1356000 95.000000 92.179941
1357000 97.000000 92.183493
1358000 95.000000 92.185567
1359000 95.000000 92.187638
1360000 92.000000 92.187500
1361000 95.000000 92.189566
1362000 94.000000 92.190896
1363000 89.000000 92.188555
1364000 93.000000 92.189150
1365000 93.000000 92.189744
1366000 94.000000 92.191069
1367000 95.000000 92.193124
1368000 90.000000 92.191520
1369000 90.000000 92.189920
1370000 88.000000 92.186861
1371000 93.000000 92.187454
1372000 95.000000 92.189504
1373000 94.000000 92.190823
1374000 95.000000 92.192868
1375000 100.000000 92.198545
1376000 98.000000 92.202762
1377000 88.000000 92.199710
1378000 88.000000 92.196662
1379000 92.000000 92.196519
1380000 91.000000 92.195652
1381000 100.000000 92.201303
1382000 96.000000 92.204052
1383000 95.000000 92.206074
1384000 91.000000 92.205202
1385000 91.000000 92.204332
1386000 96.000000 92.207071
1387000 96.000000 92.209805
1388000 101.000000 92.216138
1389000 98.000000 92.220302
1390000 97.000000 92.223741
1391000 100.000000 92.229331
1392000 94.000000 92.230603
1393000 95.000000 92.232592
1394000 91.000000 92.231707
1395000 88.000000 92.228674
1396000 93.000000 92.229226
1397000 97.000000 92.232641
1398000 96.000000 92.235336
1399000 93.000000 92.235883
1400000 97.000000 92.239286
1401000 96.000000 92.241970
1402000 89.000000 92.239658
1403000 92.000000 92.239487
1404000 91.000000 92.238604
1405000 92.000000 92.238434
1406000 91.000000 92.237553
1407000 97.000000 92.240938
1408000 92.000000 92.240767
1409000 94.000000 92.242016
1410000 90.000000 92.240426
1411000 90.000000 92.238838
1412000 91.000000 92.237960
1413000 96.000000 92.240623
1414000 91.000000 92.239745
1415000 96.000000 92.242403
1416000 96.000000 92.245056
1417000 94.000000 92.246295
1418000 95.000000 92.248237
1419000 91.000000 92.247357
1420000 98.000000 92.251408
1421000 92.000000 92.251232
1422000 94.000000 92.252461
1423000 95.000000 92.254392
1424000 91.000000 92.253511
1425000 88.000000 92.250526
1426000 90.000000 92.248948
1427000 89.000000 92.246671
1428000 93.000000 92.247199
1429000 94.000000 92.248425
1430000 97.000000 92.251748
1431000 103.000000 92.259259
1432000 96.000000 92.261872
1433000 94.000000 92.263084
1434000 90.000000 92.261506
1435000 95.000000 92.263415
1436000 94.000000 92.264624
1437000 98.000000 92.268615
1438000 95.000000 92.270515
1439000 93.000000 92.271022
1440000 94.000000 92.272222
1441000 97.000000 92.275503
1442000 96.000000 92.278086
1443000 92.000000 92.277893
1444000 91.000000 92.277008
1445000 90.000000 92.275433
1446000 97.000000 92.278700
1447000 94.000000 92.279889
1448000 94.000000 92.281077
1449000 92.000000 92.280883
1450000 94.000000 92.282069
1451000 90.000000 92.280496
1452000 98.000000 92.284435
1453000 91.000000 92.283551
1454000 93.000000 92.284044
1455000 93.000000 92.284536
1456000 94.000000 92.285714
1457000 96.000000 92.288264
1458000 90.000000 92.286694
1459000 90.000000 92.285127
1460000 94.000000 92.286301
1461000 98.000000 92.290212
1462000 89.000000 92.287962
1463000 86.000000 92.283664
1464000 94.000000 92.284836
1465000 95.000000 92.286689
1466000 90.000000 92.285130
1467000 90.000000 92.283572
1468000 94.000000 92.284741
1469000 90.000000 92.283186
1470000 96.000000 92.285714
1471000 95.000000 92.287559
1472000 96.000000 92.290082
1473000 93.000000 92.290563
1474000 96.000000 92.293080
1475000 95.000000 92.294915
1476000 89.000000 92.292683
1477000 93.000000 92.293162
1478000 90.000000 92.291610
1479000 90.000000 92.290061
1480000 88.000000 92.287162
1481000 96.000000 92.289669
1482000 90.000000 92.288124
1483000 91.000000 92.287256
1484000 86.000000 92.283019
1485000 91.000000 92.282155
1486000 92.000000 92.281965
1487000 94.000000 92.283120
1488000 93.000000 92.283602
1489000 94.000000 92.284755
1490000 95.000000 92.286577
1491000 90.000000 92.285044
1492000 93.000000 92.285523
1493000 88.000000 92.282652
1494000 93.000000 92.283133
1495000 94.000000 92.284281
1496000 87.000000 92.280749
1497000 83.000000 92.274549
1498000 88.000000 92.271696
1499000 89.000000 92.269513
1500000 85.000000 92.264667
1501000 92.000000 92.264490
1502000 85.000000 92.259654
1503000 85.000000 92.254824
1504000 86.000000 92.250665
1505000 87.000000 92.247176
1506000 86.000000 92.243028
1507000 91.000000 92.242203
1508000 89.000000 92.240053
1509000 86.000000 92.235918
1510000 94.000000 92.237086
1511000 89.000000 92.234944
1512000 94.000000 92.236111
1513000 97.000000 92.239260
1514000 90.000000 92.237781
1515000 98.000000 92.241584
1516000 92.000000 92.241425
1517000 95.000000 92.243243
1518000 94.000000 92.244401
1519000 90.000000 92.242923
1520000 91.000000 92.242105
1521000 95.000000 92.243918
1522000 91.000000 92.243101
1523000 91.000000 92.242285
1524000 91.000000 92.241470
1525000 95.000000 92.243279
1526000 94.000000 92.244430
1527000 97.000000 92.247544
1528000 93.000000 92.248037
1529000 100.000000 92.253107
1530000 94.000000 92.254248
1531000 96.000000 92.256695
1532000 96.000000 92.259138
1533000 89.000000 92.257012
1534000 91.000000 92.256193
1535000 92.000000 92.256026
1536000 91.000000 92.255208
1537000 87.000000 92.251789
1538000 92.000000 92.251625
1539000 93.000000 92.252112
1540000 95.000000 92.253896
1541000 98.000000 92.257625
1542000 96.000000 92.260052
1543000 98.000000 92.263772
1544000 96.000000 92.266192
1545000 96.000000 92.268608
1546000 96.000000 92.271022
1547000 99.000000 92.275372
1548000 94.000000 92.276486
1549000 98.000000 92.280181
1550000 94.000000 92.281290
1551000 93.000000 92.281754
1552000 95.000000 92.283505
1553000 100.000000 92.288474
1554000 97.000000 92.291506
1555000 96.000000 92.293891
1556000 95.000000 92.295630
1557000 99.000000 92.299936
1558000 94.000000 92.301027
1559000 97.000000 92.304041
1560000 96.000000 92.306410
1561000 96.000000 92.308776
1562000 97.000000 92.311780
1563000 91.000000 92.310940
1564000 100.000000 92.315857
1565000 98.000000 92.319489
1566000 95.000000 92.321201
1567000 97.000000 92.324186
1568000 89.000000 92.322066
1569000 98.000000 92.325685
1570000 95.000000 92.327389
1571000 99.000000 92.331636
1572000 94.000000 92.332697
1573000 100.000000 92.337572
1574000 99.000000 92.341804
1575000 99.000000 92.346032
1576000 96.000000 92.348350
1577000 99.000000 92.352568
1578000 94.000000 92.353612
1579000 95.000000 92.355288
1580000 96.000000 92.357595
1581000 97.000000 92.360531
1582000 95.000000 92.362200
1583000 96.000000 92.364498
1584000 90.000000 92.363005
1585000 91.000000 92.362145
1586000 94.000000 92.363178
1587000 94.000000 92.364209
1588000 96.000000 92.366499
1589000 93.000000 92.366897
1590000 97.000000 92.369811
1591000 91.000000 92.368950
1592000 96.000000 92.371231
1593000 97.000000 92.374137
1594000 95.000000 92.375784
1595000 105.000000 92.383699
1596000 96.000000 92.385965
1597000 89.000000 92.383845
1598000 100.000000 92.388611
1599000 96.000000 92.390869
1600000 100.000000 92.395625
1601000 101.000000 92.400999
1602000 96.000000 92.403246
1603000 101.000000 92.408609
1604000 95.000000 92.410224
1605000 96.000000 92.412461
1606000 99.000000 92.416563
1607000 97.000000 92.419415
1608000 95.000000 92.421020
1609000 99.000000 92.425109
1610000 92.000000 92.424845
1611000 94.000000 92.425822
1612000 94.000000 92.426799
1613000 93.000000 92.427154
1614000 100.000000 92.431846
1615000 98.000000 92.435294
1616000 96.000000 92.437500
1617000 93.000000 92.437848
1618000 99.000000 92.441904
1619000 101.000000 92.447190
1620000 89.000000 92.445062
1621000 92.000000 92.444787
1622000 95.000000 92.446363
1623000 98.000000 92.449784
1624000 89.000000 92.447660
1625000 92.000000 92.447385
1626000 96.000000 92.449569
1627000 97.000000 92.452366
1628000 94.000000 92.453317
1629000 95.000000 92.454880
1630000 95.000000 92.456442
1631000 96.000000 92.458614
1632000 98.000000 92.462010
1633000 90.000000 92.460502
1634000 94.000000 92.461444
1635000 100.000000 92.466055
1636000 88.000000 92.463325
1637000 102.000000 92.469151
1638000 100.000000 92.473748
1639000 98.000000 92.477120
1640000 96.000000 92.479268
1641000 95.000000 92.480804
1642000 90.000000 92.479294
1643000 95.000000 92.480828
1644000 97.000000 92.483577
1645000 94.000000 92.484498
1646000 92.000000 92.484204
1647000 100.000000 92.488767
1648000 93.000000 92.489078
1649000 94.000000 92.489994
1650000 94.000000 92.490909
1651000 98.000000 92.494246
1652000 100.000000 92.498789
1653000 92.000000 92.498488
1654000 100.000000 92.503023
1655000 97.000000 92.505740
1656000 98.000000 92.509058
1657000 98.000000 92.512372
1658000 100.000000 92.516888
1659000 98.000000 92.520193
1660000 108.000000 92.529518
1661000 99.000000 92.533414
1662000 99.000000 92.537304
1663000 100.000000 92.541792
1664000 104.000000 92.548678
1665000 101.000000 92.553754
1666000 97.000000 92.556423
1667000 96.000000 92.558488
1668000 96.000000 92.560552
1669000 99.000000 92.564410
1670000 97.000000 92.567066
1671000 94.000000 92.567923
1672000 97.000000 92.570574
1673000 97.000000 92.573222
1674000 103.000000 92.579450
1675000 99.000000 92.583284
1676000 95.000000 92.584726
1677000 94.000000 92.585569
1678000 101.000000 92.590584
1679000 102.000000 92.596188
1680000 99.000000 92.600000
1681000 97.000000 92.602617
1682000 94.000000 92.603448
1683000 98.000000 92.606655
1684000 104.000000 92.613420
1685000 95.000000 92.614837
1686000 95.000000 92.616251
1687000 91.000000 92.615293
1688000 95.000000 92.616706
1689000 93.000000 92.616933
1690000 91.000000 92.615976
1691000 93.000000 92.616203
1692000 92.000000 92.615839
1693000 97.000000 92.618429
1694000 89.000000 92.616293
1695000 99.000000 92.620059
1696000 91.000000 92.619104
1697000 95.000000 92.620507
1698000 94.000000 92.621319
1699000 95.000000 92.622719
1700000 93.000000 92.622941
1701000 96.000000 92.624927
1702000 100.000000 92.629260
1703000 92.000000 92.628890
1704000 99.000000 92.632629
1705000 98.000000 92.635777
1706000 102.000000 92.641266
1707000 95.000000 92.642648
1708000 94.000000 92.643443
1709000 94.000000 92.644236
1710000 95.000000 92.645614
1711000 99.000000 92.649328
1712000 93.000000 92.649533
1713000 104.000000 92.656159
1714000 99.000000 92.659860
1715000 96.000000 92.661808
1716000 93.000000 92.662005
1717000 89.000000 92.659872
1718000 99.000000 92.663562
1719000 99.000000 92.667248
1720000 94.000000 92.668023
1721000 97.000000 92.670540
1722000 93.000000 92.670732
1723000 90.000000 92.669182
1724000 93.000000 92.669374
1725000 92.000000 92.668986
1726000 89.000000 92.666860
1727000 95.000000 92.668211
1728000 94.000000 92.668981
1729000 94.000000 92.669751
1730000 91.000000 92.668786
1731000 85.000000 92.664356
1732000 91.000000 92.663395
1733000 96.000000 92.665320
1734000 88.000000 92.662630
1735000 95.000000 92.663977
1736000 92.000000 92.663594
1737000 98.000000 92.666667
1738000 97.000000 92.669160
1739000 98.000000 92.672225
1740000 93.000000 92.672414
1741000 97.000000 92.674899
1742000 99.000000 92.678530
1743000 94.000000 92.679289
1744000 93.000000 92.679472
1745000 97.000000 92.681948
1746000 97.000000 92.684422
1747000 93.000000 92.684602
1748000 96.000000 92.686499
1749000 97.000000 92.688965
1750000 99.000000 92.692571
1751000 96.000000 92.694460
1752000 99.000000 92.698059
1753000 97.000000 92.700513
1754000 92.000000 92.700114
1755000 98.000000 92.703134
1756000 97.000000 92.705581
1757000 100.000000 92.709732
1758000 97.000000 92.712173
1759000 94.000000 92.712905
1760000 95.000000 92.714205
1761000 101.000000 92.718910
1762000 98.000000 92.721907
1763000 98.000000 92.724901
1764000 93.000000 92.725057
1765000 98.000000 92.728045
1766000 92.000000 92.727633
1767000 95.000000 92.728919
1768000 91.000000 92.727941
1769000 94.000000 92.728660
1770000 91.000000 92.727684
1771000 97.000000 92.730096
1772000 101.000000 92.734763
1773000 96.000000 92.736605
1774000 98.000000 92.739572
1775000 106.000000 92.747042
1776000 99.000000 92.750563
1777000 95.000000 92.751829
1778000 97.000000 92.754218
1779000 95.000000 92.755481
1780000 94.000000 92.756180
1781000 93.000000 92.756317
1782000 95.000000 92.757576
1783000 98.000000 92.760516
1784000 92.000000 92.760090
1785000 94.000000 92.760784
1786000 96.000000 92.762598
1787000 99.000000 92.766088
1788000 103.000000 92.771812
1789000 100.000000 92.775852
1790000 99.000000 92.779330
1791000 98.000000 92.782245
1792000 96.000000 92.784040
1793000 99.000000 92.787507
1794000 96.000000 92.789298
1795000 101.000000 92.793872
1796000 99.000000 92.797327
1797000 94.000000 92.797997
1798000 96.000000 92.799778
1799000 95.000000 92.801001
1800000 98.000000 92.803889
1801000 92.000000 92.803443
1802000 90.000000 92.801887
1803000 92.000000 92.801442
1804000 95.000000 92.802661
1805000 97.000000 92.804986
1806000 94.000000 92.805648
1807000 91.000000 92.804649
1808000 94.000000 92.805310
1809000 99.000000 92.808734
1810000 94.000000 92.809392
1811000 95.000000 92.810602
1812000 92.000000 92.810155
1813000 92.000000 92.809708
1814000 92.000000 92.809261
1815000 88.000000 92.806612
1816000 93.000000 92.806718
1817000 96.000000 92.808476
1818000 94.000000 92.809131
1819000 90.000000 92.807587
1820000 89.000000 92.805495
1821000 96.000000 92.807249
1822000 97.000000 92.809550
1823000 92.000000 92.809106
1824000 97.000000 92.811404
1825000 93.000000 92.811507
1826000 91.000000 92.810515
1827000 101.000000 92.814997
1828000 91.000000 92.814004
1829000 96.000000 92.815746
1830000 97.000000 92.818033
1831000 95.000000 92.819224
1832000 88.000000 92.816594
1833000 96.000000 92.818331
1834000 104.000000 92.824427
1835000 96.000000 92.826158
1836000 97.000000 92.828431
1837000 96.000000 92.830158
1838000 97.000000 92.832427
1839000 104.000000 92.838499
1840000 100.000000 92.842391
1841000 99.000000 92.845736
1842000 87.000000 92.842562
1843000 95.000000 92.843733
1844000 105.000000 92.850325
1845000 100.000000 92.854201
1846000 101.000000 92.858613
1847000 93.000000 92.858690
1848000 91.000000 92.857684
1849000 95.000000 92.858843
1850000 93.000000 92.858919
1851000 94.000000 92.859535
1852000 99.000000 92.862851
1853000 91.000000 92.861846
1854000 96.000000 92.863538
1855000 95.000000 92.864690
1856000 92.000000 92.864224
1857000 96.000000 92.865913
1858000 93.000000 92.865985
1859000 96.000000 92.867671
1860000 97.000000 92.869892
1861000 94.000000 92.870500
1862000 98.000000 92.873255
1863000 98.000000 92.876006
1864000 94.000000 92.876609
1865000 98.000000 92.879357
1866000 93.000000 92.879421
1867000 97.000000 92.881628
1868000 86.000000 92.877944
1869000 96.000000 92.879615
1870000 95.000000 92.880749
1871000 87.000000 92.877606
1872000 94.000000 92.878205
1873000 90.000000 92.876668
1874000 91.000000 92.875667
1875000 96.000000 92.877333
1876000 88.000000 92.874733
1877000 93.000000 92.874800
1878000 93.000000 92.874867
1879000 89.000000 92.872805
1880000 90.000000 92.871277
1881000 93.000000 92.871345
1882000 98.000000 92.874070
1883000 96.000000 92.875730
1884000 99.000000 92.878981
1885000 99.000000 92.882228
1886000 93.000000 92.882291
1887000 96.000000 92.883943
1888000 94.000000 92.884534
1889000 94.000000 92.885124
1890000 90.000000 92.883598
1891000 93.000000 92.883659
1892000 91.000000 92.882664
1893000 98.000000 92.885367
1894000 95.000000 92.886484
1895000 99.000000 92.889710
1896000 95.000000 92.890823
1897000 91.000000 92.889826
1898000 99.000000 92.893045
1899000 93.000000 92.893102
1900000 95.000000 92.894211
1901000 92.000000 92.893740
1902000 98.000000 92.896425
1903000 91.000000 92.895428
1904000 98.000000 92.898109
1905000 95.000000 92.899213
1906000 97.000000 92.901364
1907000 91.000000 92.900367
1908000 98.000000 92.903040
1909000 98.000000 92.905710
1910000 91.000000 92.904712
1911000 93.000000 92.904762
1912000 95.000000 92.905858
1913000 94.000000 92.906430
1914000 92.000000 92.905956
1915000 89.000000 92.903916
1916000 90.000000 92.902401
1917000 94.000000 92.902973
1918000 97.000000 92.905109
1919000 94.000000 92.905680
1920000 97.000000 92.907813
1921000 97.000000 92.909943
1922000 99.000000 92.913111
1923000 97.000000 92.915237
1924000 98.000000 92.917879
1925000 95.000000 92.918961
1926000 99.000000 92.922118
1927000 94.000000 92.922678
1928000 96.000000 92.924274
1929000 94.000000 92.924832
1930000 97.000000 92.926943
1931000 93.000000 92.926981
1932000 97.000000 92.929089
1933000 92.000000 92.928608
1934000 92.000000 92.928128
1935000 93.000000 92.928165
1936000 97.000000 92.930269
1937000 94.000000 92.930821
1938000 95.000000 92.931889
1939000 97.000000 92.933987
1940000 98.000000 92.936598
1941000 89.000000 92.934570
1942000 94.000000 92.935118
1943000 95.000000 92.936181
1944000 99.000000 92.939300
1945000 93.000000 92.939332
1946000 93.000000 92.939363
1947000 92.000000 92.938880
1948000 90.000000 92.937372
1949000 94.000000 92.937917
1950000 91.000000 92.936923
1951000 94.000000 92.937468
1952000 96.000000 92.939037
1953000 102.000000 92.943676
1954000 96.000000 92.945241
1955000 102.000000 92.949872
1956000 95.000000 92.950920
1957000 90.000000 92.949412
1958000 94.000000 92.949949
1959000 96.000000 92.951506
1960000 95.000000 92.952551
1961000 98.000000 92.955125
1962000 91.000000 92.954128
1963000 91.000000 92.953133
1964000 93.000000 92.953157
1965000 101.000000 92.957252
1966000 95.000000 92.958291
1967000 98.000000 92.960854
1968000 97.000000 92.962907
1969000 98.000000 92.965465
1970000 99.000000 92.968528
1971000 102.000000 92.973110
1972000 101.000000 92.977181
1973000 99.000000 92.980233
1974000 100.000000 92.983789
1975000 97.000000 92.985823
1976000 103.000000 92.990891
1977000 95.000000 92.991907
1978000 95.000000 92.992922
1979000 97.000000 92.994947
1980000 97.000000 92.996970
1981000 98.000000 92.999495
1982000 96.000000 93.001009
1983000 93.000000 93.001009
1984000 96.000000 93.002520
1985000 92.000000 93.002015
1986000 95.000000 93.003021
1987000 89.000000 93.001007
1988000 94.000000 93.001509
1989000 99.000000 93.004525
1990000 94.000000 93.005025
1991000 97.000000 93.007032
1992000 94.000000 93.007530
1993000 92.000000 93.007025
1994000 94.000000 93.007523
1995000 98.000000 93.010025
1996000 96.000000 93.011523
1997000 91.000000 93.010516
1998000 98.000000 93.013013
1999000 96.000000 93.014507
2000000 91.000000 93.013500
2001000 92.000000 93.012994
2002000 99.000000 93.015984
2003000 96.000000 93.017474
2004000 88.000000 93.014970
2005000 95.000000 93.015960
2006000 94.000000 93.016451
2007000 98.000000 93.018934
2008000 94.000000 93.019422
2009000 90.000000 93.017919
2010000 94.000000 93.018408
2011000 93.000000 93.018399
2012000 95.000000 93.019384
2013000 95.000000 93.020368
2014000 92.000000 93.019861
2015000 95.000000 93.020844
2016000 91.000000 93.019841
2017000 96.000000 93.021319
2018000 92.000000 93.020813
2019000 95.000000 93.021793
2020000 97.000000 93.023762
2021000 96.000000 93.025235
2022000 94.000000 93.025717
2023000 95.000000 93.026693
2024000 93.000000 93.026680
2025000 92.000000 93.026173
2026000 90.000000 93.024679
2027000 89.000000 93.022694
2028000 92.000000 93.022189
2029000 94.000000 93.022671
2030000 93.000000 93.022660
2031000 88.000000 93.020187
2032000 94.000000 93.020669
2033000 94.000000 93.021151
2034000 92.000000 93.020649
2035000 95.000000 93.021622
2036000 97.000000 93.023576
2037000 91.000000 93.022582
2038000 92.000000 93.022080
2039000 91.000000 93.021089
2040000 93.000000 93.021078
2041000 94.000000 93.021558
2042000 92.000000 93.021058
2043000 90.000000 93.019579
2044000 92.000000 93.019080
2045000 93.000000 93.019071
2046000 97.000000 93.021017
2047000 93.000000 93.021006
2048000 97.000000 93.022949
2049000 94.000000 93.023426
2050000 91.000000 93.022439
2051000 89.000000 93.020478
2052000 91.000000 93.019493
2053000 94.000000 93.019971
2054000 102.000000 93.024343
2055000 98.000000 93.026764
2056000 95.000000 93.027724
2057000 91.000000 93.026738
2058000 97.000000 93.028669
2059000 90.000000 93.027198
2060000 95.000000 93.028155
2061000 102.000000 93.032508
2062000 97.000000 93.034433
2063000 100.000000 93.037809
2064000 97.000000 93.039729
2065000 97.000000 93.041646
2066000 98.000000 93.044046
2067000 95.000000 93.044993
2068000 87.000000 93.042070
2069000 97.000000 93.043983
2070000 92.000000 93.043478
2071000 89.000000 93.041526
2072000 91.000000 93.040541
2073000 95.000000 93.041486
2074000 90.000000 93.040019
2075000 98.000000 93.042410
2076000 91.000000 93.041426
2077000 96.000000 93.042850
2078000 98.000000 93.045236
2079000 98.000000 93.047619
2080000 97.000000 93.049519
2081000 94.000000 93.049976
2082000 95.000000 93.050913
2083000 98.000000 93.053289
2084000 95.000000 93.054223
2085000 97.000000 93.056115
2086000 102.000000 93.060403
2087000 100.000000 93.063728
2088000 104.000000 93.068966
2089000 103.000000 93.073719
2090000 99.000000 93.076555
2091000 96.000000 93.077953
2092000 92.000000 93.077438
2093000 102.000000 93.081701
2094000 102.000000 93.085960
2095000 92.000000 93.085442
2096000 96.000000 93.086832
2097000 98.000000 93.089175
2098000 97.000000 93.091039
2099000 92.000000 93.090519
2100000 100.000000 93.093810
2101000 95.000000 93.094717
2102000 96.000000 93.096099
2103000 97.000000 93.097955
2104000 97.000000 93.099810
2105000 96.000000 93.101188
2106000 99.000000 93.103989
2107000 94.000000 93.104414
2108000 96.000000 93.105787
2109000 98.000000 93.108108
2110000 102.000000 93.112322
2111000 100.000000 93.115585
2112000 102.000000 93.119792
2113000 101.000000 93.123521
2114000 96.000000 93.124882
2115000 94.000000 93.125296
2116000 90.000000 93.123819
2117000 94.000000 93.124232
2118000 93.000000 93.124174
2119000 104.000000 93.129306
2120000 103.000000 93.133962
2121000 105.000000 93.139557
2122000 95.000000 93.140434
2123000 97.000000 93.142252
2124000 102.000000 93.146422
2125000 100.000000 93.149647
2126000 95.000000 93.150517
2127000 106.000000 93.156559
2128000 101.000000 93.160244
2129000 93.000000 93.160169
2130000 95.000000 93.161033
2131000 96.000000 93.162365
2132000 89.000000 93.160413
2133000 100.000000 93.163619
2134000 95.000000 93.164480
2135000 100.000000 93.167681
2136000 104.000000 93.172753
2137000 96.000000 93.174076
2138000 102.000000 93.178204
2139000 101.000000 93.181861
2140000 108.000000 93.188785
2141000 100.000000 93.191966
2142000 101.000000 93.195612
2143000 100.000000 93.198787
2144000 99.000000 93.201493
2145000 104.000000 93.206527
2146000 106.000000 93.212488
2147000 103.000000 93.217047
2148000 98.000000 93.219274
2149000 96.000000 93.220568
2150000 100.000000 93.223721
2151000 98.000000 93.225941
2152000 93.000000 93.225836
2153000 98.000000 93.228054
2154000 95.000000 93.228877
2155000 94.000000 93.229234
2156000 96.000000 93.230519
2157000 94.000000 93.230876
2158000 91.000000 93.229842
2159000 103.000000 93.234368
2160000 97.000000 93.236111
2161000 97.000000 93.237853
2162000 101.000000 93.241443
2163000 98.000000 93.243643
2164000 102.000000 93.247689
2165000 105.000000 93.253118
2166000 101.000000 93.256694
2167000 94.000000 93.257037
2168000 106.000000 93.262915
2169000 105.000000 93.268326
2170000 98.000000 93.270507
2171000 94.000000 93.270843
2172000 104.000000 93.275783
2173000 97.000000 93.277497
2174000 97.000000 93.279209
2175000 95.000000 93.280000
2176000 98.000000 93.282169
2177000 97.000000 93.283877
2178000 96.000000 93.285124
2179000 99.000000 93.287747
2180000 99.000000 93.290367
2181000 100.000000 93.293443
2182000 99.000000 93.296059
2183000 104.000000 93.300962
2184000 98.000000 93.303114
2185000 101.000000 93.306636
2186000 99.000000 93.309241
2187000 101.000000 93.312757
2188000 101.000000 93.316271
2189000 93.000000 93.316126
2190000 96.000000 93.317352
2191000 98.000000 93.319489
2192000 102.000000 93.323449
2193000 95.000000 93.324213
2194000 97.000000 93.325889
2195000 103.000000 93.330296
2196000 102.000000 93.334244
2197000 100.000000 93.337278
2198000 95.000000 93.338035
2199000 101.000000 93.341519
2200000 97.000000 93.343182
2201000 102.000000 93.347115
2202000 99.000000 93.349682
2203000 96.000000 93.350885
2204000 94.000000 93.351180
2205000 96.000000 93.352381
2206000 93.000000 93.352221
2207000 98.000000 93.354327
2208000 98.000000 93.356431
2209000 96.000000 93.357628
2210000 99.000000 93.360181
2211000 97.000000 93.361827
2212000 96.000000 93.363020
2213000 99.000000 93.365567
2214000 90.000000 93.364047
2215000 95.000000 93.364786
2216000 95.000000 93.365523
2217000 89.000000 93.363554
2218000 99.000000 93.366096
2219000 97.000000 93.367733
2220000 91.000000 93.366667
2221000 96.000000 93.367852
2222000 91.000000 93.366787
2223000 94.000000 93.367072
2224000 89.000000 93.365108
2225000 93.000000 93.364944
2226000 97.000000 93.366577
2227000 94.000000 93.366861
2228000 88.000000 93.364452
2229000 95.000000 93.365186
2230000 93.000000 93.365022
2231000 98.000000 93.367100
2232000 98.000000 93.369176
2233000 95.000000 93.369906
2234000 101.000000 93.373321
2235000 94.000000 93.373602
2236000 97.000000 93.375224
2237000 98.000000 93.377291
2238000 100.000000 93.380250
2239000 90.000000 93.378741
2240000 94.000000 93.379018
2241000 96.000000 93.380187
2242000 96.000000 93.381356
2243000 93.000000 93.381186
2244000 99.000000 93.383690
2245000 95.000000 93.384410
2246000 94.000000 93.384684
2247000 94.000000 93.384958
2248000 96.000000 93.386121
2249000 99.000000 93.388617
2250000 93.000000 93.388444
2251000 95.000000 93.389160
2252000 90.000000 93.387655
2253000 91.000000 93.386596
2254000 95.000000 93.387311
2255000 99.000000 93.389800
2256000 102.000000 93.393617
2257000 101.000000 93.396987
2258000 94.000000 93.397254
2259000 98.000000 93.399292
2260000 96.000000 93.400442
2261000 98.000000 93.402477
2262000 99.000000 93.404951
2263000 96.000000 93.406098
2264000 97.000000 93.407686
2265000 95.000000 93.408389
2266000 96.000000 93.409532
2267000 94.000000 93.409793
2268000 100.000000 93.412698
2269000 96.000000 93.413839
2270000 97.000000 93.415419
2271000 96.000000 93.416557
2272000 97.000000 93.418134
2273000 98.000000 93.420150
2274000 97.000000 93.421724
2275000 94.000000 93.421978
2276000 94.000000 93.422232
2277000 90.000000 93.420729
2278000 102.000000 93.424495
2279000 96.000000 93.425625
2280000 99.000000 93.428070
2281000 99.000000 93.430513
2282000 100.000000 93.433392
2283000 97.000000 93.434954
2284000 98.000000 93.436953
2285000 100.000000 93.439825
2286000 98.000000 93.441820
2287000 97.000000 93.443376
2288000 95.000000 93.444056
2289000 97.000000 93.445609
2290000 95.000000 93.446288
2291000 100.000000 93.449149
2292000 99.000000 93.451571
2293000 97.000000 93.453118
2294000 91.000000 93.452049
2295000 96.000000 93.453159
2296000 88.000000 93.450784
2297000 92.000000 93.450152
2298000 98.000000 93.452132
2299000 100.000000 93.454980
2300000 95.000000 93.455652
2301000 98.000000 93.457627
2302000 97.000000 93.459166
2303000 97.000000 93.460703
2304000 94.000000 93.460938
2305000 98.000000 93.462907
2306000 95.000000 93.463573
2307000 101.000000 93.466840
2308000 93.000000 93.466638
2309000 99.000000 93.469034
2310000 91.000000 93.467965
2311000 94.000000 93.468196
2312000 98.000000 93.470156
2313000 99.000000 93.472546
2314000 96.000000 93.473639
2315000 94.000000 93.473866
2316000 101.000000 93.477116
2317000 97.000000 93.478636
2318000 102.000000 93.482312
2319000 96.000000 93.483398
2320000 95.000000 93.484052
2321000 98.000000 93.485997
2322000 92.000000 93.485357
2323000 90.000000 93.483857
2324000 95.000000 93.484509
2325000 97.000000 93.486022
2326000 99.000000 93.488392
2327000 102.000000 93.492050
2328000 99.000000 93.494416
2329000 95.000000 93.495062
2330000 101.000000 93.498283
2331000 95.000000 93.498927
2332000 94.000000 93.499142
2333000 98.000000 93.501072
2334000 91.000000 93.500000
2335000 97.000000 93.501499
2336000 100.000000 93.504281
2337000 101.000000 93.507488
2338000 104.000000 93.511976
2339000 102.000000 93.515605
2340000 105.000000 93.520513
2341000 98.000000 93.522426
2342000 98.000000 93.524338
2343000 91.000000 93.523261
2344000 97.000000 93.524744
2345000 94.000000 93.524947
2346000 100.000000 93.527707
2347000 98.000000 93.529612
2348000 93.000000 93.529387
2349000 102.000000 93.532993
2350000 101.000000 93.536170
2351000 97.000000 93.537644
2352000 94.000000 93.537840
2353000 92.000000 93.537187
2354000 97.000000 93.538658
2355000 100.000000 93.541401
2356000 103.000000 93.545416
2357000 98.000000 93.547306
2358000 99.000000 93.549618
2359000 91.000000 93.548538
2360000 96.000000 93.549576
2361000 89.000000 93.547649
2362000 91.000000 93.546571
2363000 89.000000 93.544647
2364000 95.000000 93.545262
2365000 94.000000 93.545455
2366000 98.000000 93.547337
2367000 95.000000 93.547951
2368000 91.000000 93.546875
2369000 96.000000 93.547911
2370000 95.000000 93.548523
2371000 90.000000 93.547027
2372000 90.000000 93.545531
2373000 93.000000 93.545301
2374000 90.000000 93.543808
2375000 90.000000 93.542316
2376000 97.000000 93.543771
2377000 94.000000 93.543963
2378000 95.000000 93.544575
2379000 93.000000 93.544346
2380000 99.000000 93.546639
2381000 100.000000 93.549349
2382000 95.000000 93.549958
2383000 93.000000 93.549727
2384000 98.000000 93.551594
2385000 98.000000 93.553459
2386000 93.000000 93.553227
2387000 98.000000 93.555090
2388000 95.000000 93.555695
2389000 91.000000 93.554625
2390000 89.000000 93.552720
2391000 94.000000 93.552907
2392000 95.000000 93.553512
2393000 91.000000 93.552445
2394000 97.000000 93.553885
2395000 90.000000 93.552401
2396000 93.000000 93.552170
2397000 98.000000 93.554026
2398000 93.000000 93.553795
2399000 90.000000 93.552313
2400000 88.000000 93.550000
2401000 92.000000 93.549354
2402000 88.000000 93.547044
2403000 97.000000 93.548481
2404000 93.000000 93.548253
2405000 96.000000 93.549272
2406000 92.000000 93.548628
2407000 99.000000 93.550893
2408000 99.000000 93.553156
2409000 95.000000 93.553757
2410000 91.000000 93.552697
2411000 93.000000 93.552468
2412000 93.000000 93.552239
2413000 91.000000 93.551181
2414000 95.000000 93.551781
2415000 92.000000 93.551139
2416000 95.000000 93.551738
2417000 99.000000 93.553993
2418000 94.000000 93.554177
2419000 103.000000 93.558082
2420000 100.000000 93.560744
2421000 94.000000 93.560925
2422000 96.000000 93.561932
2423000 96.000000 93.562939
2424000 99.000000 93.565182
2425000 103.000000 93.569072
2426000 100.000000 93.571723
2427000 90.000000 93.570251
2428000 93.000000 93.570016
2429000 90.000000 93.568547
2430000 87.000000 93.565844
2431000 102.000000 93.569313
2432000 97.000000 93.570724
2433000 96.000000 93.571722
2434000 94.000000 93.571898
2435000 98.000000 93.573717
2436000 94.000000 93.573892
2437000 97.000000 93.575297
2438000 97.000000 93.576702
2439000 94.000000 93.576876
2440000 95.000000 93.577459
2441000 98.000000 93.579271
2442000 94.000000 93.579443
2443000 98.000000 93.581253
2444000 97.000000 93.582651
2445000 97.000000 93.584049
2446000 96.000000 93.585037
2447000 95.000000 93.585615
2448000 99.000000 93.587827
2449000 95.000000 93.588403
2450000 97.000000 93.589796
2451000 95.000000 93.590371
2452000 94.000000 93.590538
2453000 95.000000 93.591113
2454000 95.000000 93.591687
2455000 100.000000 93.594297
2456000 103.000000 93.598127
2457000 104.000000 93.602361
2458000 100.000000 93.604963
2459000 103.000000 93.608784
2460000 101.000000 93.611789
2461000 103.000000 93.615603
2462000 96.000000 93.616572
2463000 101.000000 93.619570
2464000 97.000000 93.620942
2465000 100.000000 93.623529
2466000 97.000000 93.624899
2467000 101.000000 93.627888
2468000 97.000000 93.629254
2469000 91.000000 93.628190
2470000 96.000000 93.629150
2471000 93.000000 93.628895
2472000 92.000000 93.628236
2473000 93.000000 93.627982
2474000 91.000000 93.626920
2475000 88.000000 93.624646
2476000 89.000000 93.622779
2477000 91.000000 93.621720
2478000 95.000000 93.622276
2479000 94.000000 93.622428
2480000 91.000000 93.621371
2481000 95.000000 93.621927
2482000 90.000000 93.620467
2483000 95.000000 93.621023
2484000 95.000000 93.621578
2485000 93.000000 93.621328
2486000 98.000000 93.623089
2487000 103.000000 93.626860
2488000 94.000000 93.627010
2489000 92.000000 93.626356
2490000 100.000000 93.628916
2491000 96.000000 93.629868
2492000 95.000000 93.630417
2493000 91.000000 93.629362
2494000 93.000000 93.629110
2495000 99.000000 93.631263
2496000 93.000000 93.631010
2497000 98.000000 93.632759
2498000 99.000000 93.634908
2499000 100.000000 93.637455
2500000 101.000000 93.640400
2501000 93.000000 93.640144
2502000 96.000000 93.641087
2503000 95.000000 93.641630
2504000 101.000000 93.644569
2505000 96.000000 93.645509
2506000 100.000000 93.648045
2507000 93.000000 93.647786
2508000 99.000000 93.649920
2509000 97.000000 93.651255
2510000 97.000000 93.652590
2511000 96.000000 93.653524
2512000 103.000000 93.657245
2513000 99.000000 93.659371
2514000 100.000000 93.661893
2515000 96.000000 93.662823
2516000 93.000000 93.662560
2517000 95.000000 93.663091
2518000 94.000000 93.663225
2519000 93.000000 93.662961
2520000 97.000000 93.664286
2521000 93.000000 93.664022
2522000 101.000000 93.666931
2523000 95.000000 93.667459
2524000 95.000000 93.667987
2525000 95.000000 93.668515
2526000 99.000000 93.670625
2527000 86.000000 93.667590
2528000 96.000000 93.668513
2529000 92.000000 93.667853
2530000 96.000000 93.668775
2531000 91.000000 93.667720
2532000 94.000000 93.667852
2533000 90.000000 93.666403
2534000 90.000000 93.664957
2535000 99.000000 93.667061
2536000 94.000000 93.667192
2537000 100.000000 93.669689
2538000 92.000000 93.669031
2539000 96.000000 93.669949
2540000 95.000000 93.670472
2541000 96.000000 93.671389
2542000 94.000000 93.671518
2543000 95.000000 93.672041
2544000 100.000000 93.674528
2545000 102.000000 93.677800
2546000 98.000000 93.679497
2547000 94.000000 93.679623
2548000 98.000000 93.681319
2549000 102.000000 93.684582
2550000 95.000000 93.685098
2551000 90.000000 93.683653
2552000 99.000000 93.685737
2553000 100.000000 93.688210
2554000 95.000000 93.688724
2555000 96.000000 93.689628
2556000 101.000000 93.692488
2557000 101.000000 93.695346
2558000 100.000000 93.697811
2559000 97.000000 93.699101
2560000 99.000000 93.701172
2561000 96.000000 93.702070
2562000 94.000000 93.702186
2563000 102.000000 93.705423
2564000 101.000000 93.708268
2565000 97.000000 93.709552
2566000 95.000000 93.710055
2567000 92.000000 93.709388
2568000 94.000000 93.709502
2569000 97.000000 93.710782
2570000 97.000000 93.712062
2571000 100.000000 93.714508
2572000 98.000000 93.716174
2573000 97.000000 93.717450
2574000 92.000000 93.716783
2575000 94.000000 93.716893
2576000 98.000000 93.718556
2577000 96.000000 93.719441
2578000 95.000000 93.719938
2579000 98.000000 93.721598
2580000 98.000000 93.723256
2581000 99.000000 93.725300
2582000 93.000000 93.725019
2583000 102.000000 93.728223
2584000 102.000000 93.731424
2585000 100.000000 93.733849
2586000 92.000000 93.733179
2587000 100.000000 93.735601
2588000 99.000000 93.737635
2589000 101.000000 93.740440
2590000 94.000000 93.740541
2591000 98.000000 93.742184
2592000 98.000000 93.743827
2593000 100.000000 93.746240
2594000 96.000000 93.747109
2595000 94.000000 93.747206
2596000 98.000000 93.748844
2597000 100.000000 93.751251
2598000 97.000000 93.752502
2599000 99.000000 93.754521
2600000 97.000000 93.755769
2601000 92.000000 93.755094
2602000 98.000000 93.756726
2603000 102.000000 93.759892
2604000 97.000000 93.761137
2605000 96.000000 93.761996
2606000 97.000000 93.763239
2607000 103.000000 93.766782
2608000 96.000000 93.767638
2609000 100.000000 93.770027
2610000 101.000000 93.772797
2611000 101.000000 93.775565
2612000 95.000000 93.776034
2613000 97.000000 93.777268
2614000 89.000000 93.775440
2615000 101.000000 93.778203
2616000 97.000000 93.779434
2617000 97.000000 93.780665
2618000 100.000000 93.783040
2619000 107.000000 93.788087
2620000 104.000000 93.791985
2621000 102.000000 93.795116
2622000 96.000000 93.795957
2623000 104.000000 93.799848
2624000 102.000000 93.802973
2625000 96.000000 93.803810
2626000 102.000000 93.806931
2627000 101.000000 93.809669
2628000 97.000000 93.810883
2629000 94.000000 93.810955
2630000 93.000000 93.810646
2631000 92.000000 93.809958
2632000 94.000000 93.810030
2633000 91.000000 93.808963
2634000 102.000000 93.812073
2635000 99.000000 93.814042
2636000 98.000000 93.815630
2637000 97.000000 93.816837
2638000 98.000000 93.818423
2639000 98.000000 93.820008
2640000 92.000000 93.819318
2641000 97.000000 93.820523
2642000 100.000000 93.822861
2643000 99.000000 93.824820
2644000 99.000000 93.826778
2645000 102.000000 93.829868
2646000 98.000000 93.831444
2647000 96.000000 93.832263
2648000 100.000000 93.834592
2649000 98.000000 93.836165
2650000 99.000000 93.838113
2651000 93.000000 93.837797
2652000 92.000000 93.837104
2653000 96.000000 93.837919
2654000 102.000000 93.840995
2655000 105.000000 93.845198
2656000 103.000000 93.848645
2657000 96.000000 93.849454
2658000 100.000000 93.851768
2659000 103.000000 93.855209
2660000 102.000000 93.858271
2661000 104.000000 93.862082
2662000 98.000000 93.863636
2663000 93.000000 93.863312
2664000 89.000000 93.861486
2665000 93.000000 93.861163
2666000 91.000000 93.860090
2667000 96.000000 93.860892
2668000 92.000000 93.860195
2669000 94.000000 93.860247
2670000 96.000000 93.861049
2671000 95.000000 93.861475
2672000 103.000000 93.864895
2673000 96.000000 93.865694
2674000 98.000000 93.867240
2675000 99.000000 93.869159
2676000 97.000000 93.870329
2677000 101.000000 93.872992
2678000 95.000000 93.873413
2679000 98.000000 93.874953
2680000 89.000000 93.873134
2681000 99.000000 93.875047
2682000 97.000000 93.876212
2683000 99.000000 93.878122
2684000 101.000000 93.880775
2685000 101.000000 93.883426
2686000 99.000000 93.885331
2687000 100.000000 93.887607
2688000 94.000000 93.887649
2689000 95.000000 93.888062
2690000 97.000000 93.889219
2691000 95.000000 93.889632
2692000 96.000000 93.890416
2693000 98.000000 93.891942
2694000 101.000000 93.894581
2695000 99.000000 93.896475
2696000 104.000000 93.900223
2697000 95.000000 93.900630
2698000 104.000000 93.904374
2699000 98.000000 93.905891
2700000 100.000000 93.908148
2701000 98.000000 93.909663
2702000 88.000000 93.907476
2703000 95.000000 93.907880
2704000 100.000000 93.910133
2705000 100.000000 93.912384
2706000 92.000000 93.911678
2707000 93.000000 93.911341
2708000 96.000000 93.912112
2709000 96.000000 93.912883
2710000 98.000000 93.914391
2711000 100.000000 93.916636
2712000 104.000000 93.920354
2713000 95.000000 93.920752
2714000 104.000000 93.924466
2715000 94.000000 93.924494
2716000 102.000000 93.927467
2717000 101.000000 93.930070
2718000 99.000000 93.931935
2719000 92.000000 93.931225
2720000 96.000000 93.931985
2721000 95.000000 93.932378
2722000 99.000000 93.934240
2723000 99.000000 93.936100
2724000 103.000000 93.939427
2725000 97.000000 93.940550
2726000 97.000000 93.941673
2727000 93.000000 93.941327
2728000 97.000000 93.942449
2729000 101.000000 93.945035
2730000 100.000000 93.947253
2731000 98.000000 93.948737
2732000 102.000000 93.951684
2733000 95.000000 93.952067
2734000 92.000000 93.951353
2735000 99.000000 93.953199
2736000 101.000000 93.955775
2737000 98.000000 93.957252
2738000 102.000000 93.960190
2739000 92.000000 93.959474
2740000 102.000000 93.962409
2741000 107.000000 93.967165
2742000 96.000000 93.967907
2743000 102.000000 93.970835
2744000 97.000000 93.971939
2745000 94.000000 93.971949
2746000 94.000000 93.971959
2747000 98.000000 93.973426
2748000 101.000000 93.975983
2749000 97.000000 93.977083
2750000 99.000000 93.978909
2751000 98.000000 93.980371
2752000 98.000000 93.981831
2753000 98.000000 93.983291
2754000 101.000000 93.985839
2755000 100.000000 93.988022
2756000 99.000000 93.989840
2757000 100.000000 93.992020
2758000 93.000000 93.991661
2759000 100.000000 93.993838
2760000 101.000000 93.996377
2761000 95.000000 93.996740
2762000 93.000000 93.996379
2763000 89.000000 93.994571
2764000 104.000000 93.998191
2765000 95.000000 93.998553
2766000 94.000000 93.998554
2767000 95.000000 93.998916
2768000 92.000000 93.998194
2769000 96.000000 93.998917
2770000 98.000000 94.000361
2771000 97.000000 94.001444
2772000 91.000000 94.000361
2773000 92.000000 93.999639
2774000 98.000000 94.001081
2775000 87.000000 93.998559
2776000 95.000000 93.998919
2777000 96.000000 93.999640
2778000 95.000000 94.000000
2779000 95.000000 94.000360
2780000 89.000000 93.998561
2781000 94.000000 93.998562
2782000 99.000000 94.000359
2783000 90.000000 93.998922
2784000 99.000000 94.000718
2785000 98.000000 94.002154
2786000 100.000000 94.004307
2787000 99.000000 94.006100
2788000 95.000000 94.006456
2789000 91.000000 94.005378
2790000 102.000000 94.008244
2791000 97.000000 94.009316
2792000 101.000000 94.011819
2793000 96.000000 94.012531
2794000 93.000000 94.012169
2795000 92.000000 94.011449
2796000 95.000000 94.011803
2797000 98.000000 94.013228
2798000 96.000000 94.013939
2799000 97.000000 94.015005
2800000 100.000000 94.017143
2801000 99.000000 94.018922
2802000 97.000000 94.019986
2803000 96.000000 94.020692
2804000 97.000000 94.021755
2805000 98.000000 94.023173
2806000 100.000000 94.025303
2807000 95.000000 94.025650
2808000 99.000000 94.027422
2809000 97.000000 94.028480
2810000 93.000000 94.028114
2811000 99.000000 94.029883
2812000 98.000000 94.031294
2813000 101.000000 94.033772
2814000 96.000000 94.034471
2815000 98.000000 94.035879
2816000 103.000000 94.039062
2817000 92.000000 94.038339
2818000 94.000000 94.038325
2819000 93.000000 94.037957
2820000 102.000000 94.040780
2821000 100.000000 94.042893
2822000 100.000000 94.045004
2823000 95.000000 94.045342
2824000 94.000000 94.045326
2825000 101.000000 94.047788
2826000 94.000000 94.047771
2827000 98.000000 94.049169
2828000 100.000000 94.051273
2829000 94.000000 94.051255
2830000 97.000000 94.052297
2831000 95.000000 94.052632
2832000 99.000000 94.054379
2833000 94.000000 94.054359
2834000 100.000000 94.056457
2835000 100.000000 94.058554
2836000 91.000000 94.057475
2837000 94.000000 94.057455
2838000 99.000000 94.059197
2839000 94.000000 94.059176
2840000 93.000000 94.058803
2841000 90.000000 94.057374
2842000 92.000000 94.056650
2843000 98.000000 94.058037
2844000 94.000000 94.058017
2845000 94.000000 94.057996
2846000 94.000000 94.057976
2847000 101.000000 94.060414
2848000 104.000000 94.063904
2849000 97.000000 94.064935
2850000 96.000000 94.065614
2851000 98.000000 94.066994
2852000 99.000000 94.068724
2853000 97.000000 94.069751
2854000 93.000000 94.069376
2855000 90.000000 94.067951
2856000 95.000000 94.068277
2857000 92.000000 94.067553
2858000 98.000000 94.068929
2859000 94.000000 94.068905
2860000 98.000000 94.070280
2861000 103.000000 94.073401
2862000 100.000000 94.075472
2863000 96.000000 94.076144
2864000 98.000000 94.077514
2865000 98.000000 94.078883
2866000 99.000000 94.080600
2867000 95.000000 94.080921
2868000 92.000000 94.080195
2869000 96.000000 94.080864
2870000 99.000000 94.082578
2871000 97.000000 94.083595
2872000 96.000000 94.084262
2873000 95.000000 94.084581
2874000 94.000000 94.084551
2875000 95.000000 94.084870
2876000 96.000000 94.085535
2877000 94.000000 94.085506
2878000 99.000000 94.087213
2879000 96.000000 94.087878
2880000 94.000000 94.087847
2881000 95.000000 94.088164
2882000 93.000000 94.087786
2883000 99.000000 94.089490
2884000 99.000000 94.091193
2885000 98.000000 94.092548
2886000 94.000000 94.092516
2887000 102.000000 94.095255
2888000 97.000000 94.096260
2889000 100.000000 94.098304
2890000 98.000000 94.099654
2891000 97.000000 94.100657
2892000 101.000000 94.103043
2893000 96.000000 94.103699
2894000 96.000000 94.104354
2895000 98.000000 94.105699
2896000 93.000000 94.105318
2897000 100.000000 94.107352
2898000 96.000000 94.108006
2899000 91.000000 94.106933
2900000 95.000000 94.107241
2901000 98.000000 94.108583
2902000 97.000000 94.109580
2903000 90.000000 94.108164
2904000 91.000000 94.107094
2905000 93.000000 94.106713
2906000 99.000000 94.108396
2907000 95.000000 94.108703
2908000 92.000000 94.107978
2909000 94.000000 94.107941
2910000 89.000000 94.106186
2911000 96.000000 94.106836
2912000 92.000000 94.106113
2913000 87.000000 94.103673
2914000 96.000000 94.104324
2915000 93.000000 94.103945
2916000 102.000000 94.106653
2917000 97.000000 94.107645
2918000 102.000000 94.110350
2919000 101.000000 94.112710
2920000 99.000000 94.114384
2921000 99.000000 94.116056
2922000 92.000000 94.115332
2923000 94.000000 94.115293
2924000 92.000000 94.114569
2925000 106.000000 94.118632
2926000 95.000000 94.118934
2927000 98.000000 94.120260
2928000 99.000000 94.121926
2929000 96.000000 94.122567
2930000 101.000000 94.124915
2931000 94.000000 94.124872
2932000 97.000000 94.125853
2933000 101.000000 94.128196
2934000 102.000000 94.130879
2935000 100.000000 94.132879
2936000 96.000000 94.133515
2937000 97.000000 94.134491
2938000 97.000000 94.135466
2939000 101.000000 94.137802
2940000 103.000000 94.140816
2941000 98.000000 94.142129
2942000 98.000000 94.143440
2943000 106.000000 94.147469
2944000 94.000000 94.147418
2945000 102.000000 94.150085
2946000 100.000000 94.152071
2947000 102.000000 94.154734
2948000 98.000000 94.156038
2949000 101.000000 94.158359
2950000 103.000000 94.161356
2951000 98.000000 94.162657
2952000 104.000000 94.165989
2953000 99.000000 94.167626
2954000 104.000000 94.170955
2955000 101.000000 94.173266
2956000 94.000000 94.173207
2957000 100.000000 94.175178
2958000 99.000000 94.176809
2959000 100.000000 94.178777
2960000 105.000000 94.182432
2961000 100.000000 94.184397
2962000 100.000000 94.186361
2963000 93.000000 94.185960
2964000 99.000000 94.187584
2965000 95.000000 94.187858
2966000 99.000000 94.189481
2967000 101.000000 94.191776
2968000 97.000000 94.192722
2969000 100.000000 94.194678
2970000 101.000000 94.196970
2971000 100.000000 94.198923
2972000 104.000000 94.202221
2973000 96.000000 94.202825
2974000 99.000000 94.204438
2975000 101.000000 94.206723
2976000 96.000000 94.207325
2977000 102.000000 94.209943
2978000 90.000000 94.208529
2979000 99.000000 94.210138
2980000 105.000000 94.213758
2981000 98.000000 94.215029
2982000 103.000000 94.217975
2983000 99.000000 94.219578
2984000 98.000000 94.220845
2985000 103.000000 94.223786
2986000 91.000000 94.222706
2987000 107.000000 94.226984
2988000 101.000000 94.229250
2989000 103.000000 94.232185
2990000 101.000000 94.234448
2991000 101.000000 94.236710
2992000 100.000000 94.238636
2993000 103.000000 94.241564
2994000 99.000000 94.243153
2995000 104.000000 94.246411
2996000 105.000000 94.250000
2997000 105.000000 94.253587
2998000 101.000000 94.255837
2999000 99.000000 94.257419
3000000 100.000000 94.259333
