# r N rho/M
0 0 0
0.2 0 0
0.4 0 0
0.6 0 0
0.8 0 0
1 0 0
1.2 0 0
1.4 0 0
1.6 0 0
1.8 0 0
2 0 0
2.2 0 0
2.4 0 0
2.6 0 0
2.8 0 0
3 0 0
3.2 0 0
3.4 0 0
3.6 0 0
3.8 0 0
4 0 0
4.2 0 0
4.4 0 0
4.6 0 0
4.8 0 0
5 0 0
5.2 0 0
5.4 0 0
5.6 0 0
5.8 0 0
6 0 0
6.2 0.0006666666666666666 0.1420877235196079
6.4 0 0
6.6 0.0003333333333333333 0.06673817316830066
6.8 0.0003333333333333333 0.06477528572217418
7 0.0003333333333333333 0.06292456327296921
7.2 0.001 0.1835299762128269
7.4 0.0006666666666666666 0.1190464710569688
7.6 0.003666666666666667 0.6375251805287669
7.8 0.003 0.5082368572047513
8 0.004 0.6607079143661767
8.199999999999999 0.004666666666666667 0.7520252683842663
8.4 0.006 0.9438684490945382
8.6 0.007 1.075571023386799
8.800000000000001 0.006 0.9009653377720591
9 0.012 1.761887771643138
9.199999999999999 0.008 1.14905724237596
9.4 0.008333333333333333 1.171467933273363
9.6 0.014 1.927064750234682
9.800000000000001 0.007333333333333333 0.9888145657180873
10 0.01666666666666667 2.202359714553922
10.2 0.01633333333333333 2.115992666924357
10.4 0.01733333333333333 2.202359714553922
10.6 0.026 3.24120863651332
10.8 0.02833333333333333 3.466677328464506
11 0.03266666666666666 3.924204582296079
11.2 0.034 4.011440908651787
11.4 0.03866666666666667 4.481995208565876
11.6 0.04766666666666667 5.429955847951912
11.8 0.06466666666666666 7.241657366499337
12 0.06900000000000001 7.598141015211033
12.2 0.08799999999999999 9.53152401052845
12.4 0.08333333333333333 8.880482719975491
12.6 0.08633333333333333 9.054145493166125
12.8 0.1113333333333333 11.49356476032828
13 0.132 13.41745303020543
13.2 0.1383333333333333 13.84817093242239
13.4 0.148 14.5947419889842
13.6 0.162 15.74039443048833
13.8 0.2046666666666667 19.59780963385664
14 0.2253333333333333 21.26850238626359
14.2 0.253 23.54353554009052
14.4 0.265 24.31772184819956
14.6 0.2906666666666667 26.30763933001398
14.8 0.328 29.28543188001431
15 0.3463333333333333 30.51002324562034
15.2 0.373 32.42684895507683
15.4 0.418 35.86700106559244
15.6 0.4373333333333334 37.0448198140352
15.8 0.4753333333333333 39.75398674625181
16 0.4973333333333333 41.07400867643065
16.2 0.528 43.0683677512767
16.4 0.5626666666666666 45.33638046545148
16.6 0.5683333333333334 45.24124473872816
16.8 0.614 48.29460231200387
17 0.661 51.37975663482856
17.2 0.6813333333333333 52.34445647149089
17.4 0.702 53.31229377989149
17.6 0.7453333333333333 55.95995820162011
17.8 0.765 56.79118589776687
18 0.7876666666666666 57.82417783878798
18.2 0.8253333333333334 59.92354563995069
18.4 0.8536666666666667 61.30699161926734
18.6 0.8643333333333333 61.40557784772386
18.8 0.851 59.8151526729379
19 0.9356666666666666 65.07393388160905
19.2 0.9286666666666666 63.91431421611694
19.4 0.9473333333333334 64.52686916249739
19.6 0.9353333333333333 63.05940162283985
19.8 0.9746666666666667 65.04747278137039
20 0.985 65.0797295650684
20.2 0.9323333333333333 60.99010021393387
20.4 0.9653333333333334 62.52974248380549
20.6 0.9986666666666667 64.06087092042281
20.8 0.9756666666666667 61.98372004326279
21 0.9866666666666667 62.08556909599628
21.2 0.995 62.01928064097602
21.4 0.9816666666666667 60.61634915290936
21.6 1.005 61.48254203129699
21.8 1.013333333333333 61.42361038755893
22 1.02 61.26564296850002
22.2 1.031333333333333 61.38829690837691
22.4 1.005 59.28673695875067
22.6 0.9893333333333333 57.84604984775257
22.8 0.9933333333333333 57.5704556962341
23 0.944 54.23550184014528
23.2 0.9613333333333334 54.75521911011648
23.4 0.9603333333333334 54.23075502247735
23.6 0.9576666666666667 53.62185982977473
23.8 0.9423333333333334 52.31992363902469
24 0.9243333333333333 50.89286240381689
24.2 0.956 52.20138563091445
24.4 0.9386666666666666 50.83479472281841
24.6 0.9083333333333333 48.79211562731249
24.8 0.9506666666666667 50.65427343474021
25 0.948 50.10808822553084
25.2 0.966 50.65427343474021
25.4 0.962 50.04732390710724
25.6 0.9429999999999999 48.67559087869567
25.8 0.987 50.55183809917956
26 0.9376666666666666 47.65567597723217
26.2 0.9543333333333334 48.13248750204488
26.4 0.9543333333333334 47.76784744521121
26.6 0.9753333333333334 48.45191372018629
26.8 0.9583333333333334 47.25212074136214
27 0.958 46.8857912565035
27.2 0.9803333333333333 47.62602882722857
27.4 0.9803333333333333 47.27839358031449
27.6 1.026 49.12219711157226
27.8 0.9566666666666667 45.47318259546588
28 0.952 44.92813817690001
28.2 0.9946666666666667 46.60880417183619
28.4 1.016666666666667 47.30420513654551
28.6 0.983 45.41789369384277
28.8 1.032666666666667 47.38132219227813
29 1.014333333333333 46.21917663025921
29.2 1.039333333333333 47.03395609574747
29.4 1.113666666666667 50.05499187975956
29.6 1.095333333333333 48.89833798664991
29.8 1.099 48.73275153613611
30 1.124333333333333 49.5237287812692
30.2 1.199333333333333 52.47741889380804
30.4 1.148333333333333 49.91532379367278
30.6 1.208 52.1656967682576
30.8 1.205666666666667 51.72685121780218
31 1.252333333333333 53.38235772631668
31.2 1.224666666666667 51.86839481584044
31.4 1.271333333333333 53.50191051788956
31.6 1.339666666666667 56.02078286577349
31.8 1.318333333333333 54.78196648465889
32 1.292333333333333 53.36592883328473
32.2 1.347666666666667 55.30521941578574
32.4 1.413333333333333 57.64200734388044
32.6 1.405666666666667 56.97761298327539
32.8 1.438666666666667 57.95966175618738
33 1.434666666666667 57.44821946327321
33.2 1.492666666666667 59.41064338417146
33.4 1.505333333333333 59.55602677200906
33.6 1.552333333333333 61.04993565879533
33.8 1.538333333333333 60.14136143589557
34 1.523333333333333 59.20461115006719
34.2 1.554666666666667 60.06903923204381
34.4 1.55 59.54053879462639
34.6 1.528333333333333 58.36889763716609
34.8 1.649666666666667 62.64067946739863
35 1.599333333333333 60.38241091674125
35.2 1.676666666666667 62.94243956935357
35.4 1.692666666666667 63.18408265821931
35.6 1.652333333333333 61.3320062081112
35.8 1.678333333333333 61.94905677530166
36 1.756 64.45572764594479
36.2 1.793 65.45023704190909
36.4 1.75 63.52960715059392
36.6 1.781 64.30168281345138
36.8 1.855666666666667 66.63335071153089
37 1.868666666666667 66.73745167453669
37.2 1.867666666666667 66.34312624003024
37.4 1.866666666666667 65.95301818985008
37.6 1.897 66.66824008258709
37.8 1.914666666666667 66.9330910073954
38 1.929666666666667 67.10242309238239
38.2 1.919666666666667 66.40518113149757
38.4 1.978666666666667 68.08962117495875
38.6 1.998333333333333 68.41008543394177
38.8 2.025 68.96564570059317
39 2.015333333333333 68.28444530355392
39.2 2.062333333333333 69.52040588747506
39.4 2.086 69.9612542826317
39.6 2.126666666666666 70.96492413562638
39.8 2.138666666666666 71.00673330943701
40 2.156666666666667 71.24633676581939
40.2 2.192 72.05332081048056
40.4 2.237333333333333 73.17939804002934
40.6 2.223666666666666 72.37409682654784
40.8 2.286666666666667 74.05974334235249
41 2.280666666666667 73.50509837550213
41.2 2.279333333333333 73.1055132432996
41.4 2.327666666666667 74.29506225473448
41.6 2.321333333333333 73.73669736612267
41.8 2.342666666666667 74.05829700423429
42 2.380333333333333 74.89071772204551
42.2 2.32 72.64655740898245
42.4 2.343333333333333 73.03107921374564
42.6 2.301 71.3750662420926
42.8 2.281333333333333 70.43434526358432
43 2.164 66.50101984597239
43.2 2.163666666666667 66.18294864430328
43.4 2.041333333333333 62.1532299167199
43.6 1.99 60.31232796278401
43.8 1.977333333333333 59.6547845969583
44 1.886333333333333 56.65069829391203
44.2 1.757 52.52777400639693
44.4 1.670666666666667 49.72174274479396
44.6 1.574666666666667 46.65447215942928
44.8 1.430333333333333 42.18895328192357
45 1.331666666666667 39.10412026507964
45.2 1.249333333333333 36.52408942543407
45.4 1.152 33.5301990021954
45.6 1.074333333333333 31.13247964915478
45.8 0.9766666666666667 28.17866359669429
46 0.9006666666666666 25.87293890749869
46.2 0.8263333333333334 23.63484732631677
46.4 0.7476666666666667 21.29264155062262
46.6 0.673 19.08396679692862
46.8 0.639 18.04240843076867
47 0.569 15.99756609678104
47.2 0.5396666666666666 15.10856092314746
47.4 0.485 13.52081596909686
47.6 0.4416666666666667 12.26103622598297
47.8 0.4206666666666667 11.62919648438096
48 0.3876666666666667 10.67226811677588
48.2 0.3226666666666667 8.845992546424052
48.4 0.291 7.944876160353611
48.6 0.2573333333333334 6.99679711784209
48.8 0.2216666666666667 6.00233282859983
49 0.192 5.177792635032895
49.2 0.18 4.834448153898853
49.4 0.1466666666666667 3.923231880177027
49.6 0.117 3.117049434711398
49.8 0.1123333333333333 2.980703710058922
50 0.082 2.167121959121059
50.2 0.063 1.658350542034627
50.4 0.05133333333333333 1.345886492227397
50.6 0.035 0.9140228064354222
50.8 0.02866666666666667 0.7456808482347925
51 0.01833333333333333 0.4750187619626106
51.2 0.01 0.2580890290492877
51.4 0.003333333333333334 0.08569493052738997
51.6 0.001666666666666667 0.04268138981693648
