# r N rho/M
0 0 0
0.2 0 0
0.4 0 0
0.6 0 0
0.8 0 0
1 0 0
1.2 0 0
1.4 0 0
1.6 0 0
1.8 0 0
2 0 0
2.2 0 0
2.4 0 0
2.6 0 0
2.8 0 0
3 0 0
3.2 0 0
3.4 0 0
3.6 0 0
3.8 0 0
4 0 0
4.2 0 0
4.4 0 0
4.6 0 0
4.8 0 0
5 0 0
5.2 0 0
5.4 0 0
5.6 0 0
5.8 0 0
6 0 0
6.2 0 0
6.4 0 0
6.6 0 0
6.8 0 0
7 0 0
7.2 0 0
7.4 0 0
7.6 0 0
7.8 0 0
8 0 0
8.199999999999999 0 0
8.4 0 0
8.6 0 0
8.800000000000001 0 0
9 0 0
9.199999999999999 0 0
9.4 0 0
9.6 0 0
9.800000000000001 0 0
10 0 0
10.2 0 0
10.4 0 0
10.6 0 0
10.8 0 0
11 0 0
11.2 0 0
11.4 0 0
11.6 0 0
11.8 0 0
12 0 0
12.2 0 0
12.4 0 0
12.6 0 0
12.8 0 0
13 0 0
13.2 0 0
13.4 0.0003333333333333333 0.03287104051573018
13.6 0.0003333333333333333 0.03238764286108709
13.8 0.0003333333333333333 0.03191825673266554
14 0 0
14.2 0.0006666666666666666 0.06203830181842036
14.4 0.001 0.09176498810641343
14.6 0.001666666666666667 0.1508465557913646
14.8 0.002 0.1785697065854532
15 0.003 0.2642831657464707
15.2 0.006 0.5216115113417183
15.4 0.005 0.42903111322479
15.6 0.005 0.4235307143372927
15.8 0.004333333333333333 0.3624136239139366
16 0.006333333333333333 0.5230604322065565
16.2 0.008999999999999999 0.7341199048513074
16.4 0.008666666666666666 0.69830917778539
16.6 0.011 0.8756369949431256
16.8 0.012 0.9438684490945382
17 0.01166666666666667 0.9068540001104386
17.2 0.014 1.075571023386799
17.4 0.016 1.215095014926302
17.6 0.01766666666666667 1.326421191719976
17.8 0.02833333333333333 2.103377255472847
18 0.03233333333333333 2.373654359019227
18.2 0.029 2.10555269413397
18.4 0.03233333333333333 2.322053177301418
18.6 0.03766666666666667 2.675985459619282
18.8 0.059 4.146996483787704
19 0.06266666666666666 4.358353961433025
19.2 0.07166666666666667 4.932368110719722
19.4 0.08033333333333334 5.471842177396859
19.6 0.08866666666666667 5.977833510932075
19.8 0.08733333333333333 5.828467123364925
20 0.112 7.399928640901178
20.2 0.1333333333333333 8.722216691302663
20.4 0.156 10.10494457265917
20.6 0.1663333333333333 10.66968444235347
20.8 0.1906666666666667 12.11297843004657
21 0.2163333333333333 13.61268052138567
21.2 0.2333333333333333 14.54388490743156
21.4 0.2643333333333333 16.32216124898374
21.6 0.282 17.25181776400572
21.8 0.3136666666666666 19.013032031149
22 0.3406666666666667 20.46192389340099
22.2 0.3733333333333334 22.22200793063417
22.4 0.393 23.18376878088459
22.6 0.4223333333333333 24.69371467557362
22.8 0.4533333333333333 26.273765015731
23 0.4963333333333333 28.51577056496339
23.2 0.4996666666666666 28.45980355272697
23.4 0.5649999999999999 31.90598048007606
23.6 0.6006666666666667 33.63264581039125
23.8 0.6196666666666667 34.40493033072052
24 0.6356666666666667 34.99916646378608
24.2 0.6893333333333334 37.64032966692158
24.4 0.7326666666666667 39.67857911958625
24.6 0.721 38.7293013217897
24.8 0.7696666666666667 41.01006920084683
25 0.8123333333333334 42.93720499494327
25.2 0.8256666666666667 43.29559534087354
25.4 0.8916666666666667 46.38828532623419
25.6 0.8926666666666667 46.07749465293284
25.8 0.9543333333333334 48.87872761835565
26 0.9346666666666666 47.50320492007074
26.2 0.97 48.92264709428942
26.4 0.9546666666666667 47.78453198850328
26.6 1.022666666666667 50.80330529512355
26.8 1.027333333333333 50.65427343474021
27 1.052666666666667 51.51890354489841
27.2 1.033 50.18465261325445
27.4 1.101 53.09776742461026
27.6 1.116333333333333 53.44712089884845
27.8 1.120666666666667 53.26858532611717
28 1.109 52.33750550229215
28.2 1.135 53.18464417061067
28.4 1.166 54.25249494020859
28.6 1.185666666666667 54.78177275991818
28.8 1.201333333333333 55.12016952258567
29 1.196666666666667 54.52738879481781
29.2 1.203666666666667 54.47069129626173
29.4 1.244333333333333 55.92795111857001
29.6 1.301666666666667 58.10955868468289
29.8 1.3 57.64565695812279
30 1.291333333333333 56.87961022787931
30.2 1.308666666666667 57.26135257840198
30.4 1.322 57.46420149947931
30.6 1.352333333333333 58.39851870552459
30.8 1.371666666666667 58.84876769733369
31 1.391333333333333 59.30741579708433
31.2 1.406 59.54841843582335
31.4 1.464 61.60996093197978
31.6 1.433 59.92369881561589
31.8 1.48 61.49985617999631
32 1.476 60.9503051002798
32.2 1.509 61.92597781233295
32.4 1.548 63.13431181721245
32.6 1.576 63.88194313135548
32.8 1.606333333333333 64.71446014899605
33 1.663333333333333 66.60469682196407
33.2 1.688666666666667 67.21177297548294
33.4 1.735333333333333 68.65559685010611
33.6 1.681333333333333 66.12322857267847
33.8 1.747 68.29921457974621
34 1.771333333333333 68.84317366552672
34.2 1.771 68.42770271008764
34.4 1.800666666666667 69.16946033732724
34.6 1.825333333333333 69.7116866872675
34.8 1.851333333333333 70.29830950938209
35 1.867 70.4880957783801
35.2 1.843333333333333 69.19914330388175
35.4 1.833333333333333 68.43490638444392
35.6 1.887666666666667 70.06720822201608
35.8 1.904333333333333 70.29095558238301
36 1.938666666666667 71.16068944358675
36.2 1.956333333333333 71.41242632440314
36.4 1.938 70.35450209020058
36.6 2.020666666666667 72.95466988866598
36.8 2.009666666666666 72.1631886904652
37 2.090333333333333 74.6540419998251
37.2 2.081333333333333 73.93297880470263
37.4 2.059 72.74853452833999
37.6 2.113 74.25935229019848
37.8 2.142666666666666 74.90353568863816
38 2.174666666666667 75.62207777763047
38.2 2.160666666666667 74.74186214522787
38.4 2.226 76.6008238218286
38.6 2.196 75.17692124083544
38.8 2.295333333333333 78.17241749700159
39 2.265 76.74376543791746
39.2 2.327333333333333 78.45344656640553
39.4 2.314333333333333 77.61920557435474
39.6 2.405 80.25265323488155
39.8 2.383 79.11894271028136
40 2.455 81.10189648844819
40.2 2.460666666666667 80.88467369570672
40.4 2.478 81.05119860393
40.6 2.471333333333333 80.43495036306787
40.8 2.452 79.41450029538555
41 2.556333333333333 82.38973976055625
41.2 2.573 82.52434289631903
41.4 2.604333333333333 83.12577995077196
41.6 2.592333333333333 82.34495913502815
41.8 2.605666666666667 82.37246836683258
42 2.677 84.22452794086928
42.2 2.709333333333333 84.83781876727146
42.4 2.668 83.14946771363017
42.6 2.687666666666667 83.36913792698719
42.8 2.724333333333333 84.11161657499629
43 2.607 80.11467594198245
43.2 2.622666666666666 80.22299182458453
43.4 2.569333333333333 78.22944092065268
43.6 2.574 78.01202621919903
43.8 2.473666666666666 74.62881936851443
44 2.504333333333333 75.21058425201645
44.2 2.396333333333333 71.64146600872462
44.4 2.249666666666667 66.95371943029019
44.6 2.108666666666667 62.47590831510364
44.8 1.918666666666667 56.59277909362668
45 1.813 53.2383754998168
45.2 1.712666666666667 50.06957616538961
45.4 1.68 48.89820687820163
45.6 1.579333333333333 45.76658038401965
45.8 1.516 43.73944096852069
46 1.422 40.84898496646536
46.2 1.38 39.47086241668068
46.4 1.291666666666667 36.78510299093297
46.6 1.229666666666667 34.86912011583442
46.8 1.192666666666667 33.67539768664075
47 1.153666666666667 32.43560413647287
47.2 1.067 29.87183663680976
47.4 1.032 28.7700661445525
47.6 0.9916666666666667 27.52949643192403
47.8 0.924 25.54368673114424
48 0.8746666666666667 24.07913287912288
48.2 0.776 21.27424653726776
48.4 0.7203333333333334 19.66652621136787
48.6 0.6666666666666666 18.12641740373598
48.8 0.5756666666666667 15.58801322555174
49 0.5186666666666667 13.98723149324859
49.2 0.4346666666666666 11.67429702348908
49.4 0.3606666666666667 9.647583850798965
49.6 0.3136666666666666 8.356534239496938
49.8 0.2593333333333334 6.881268505714665
50 0.218 5.76137301327306
50.2 0.173 4.553883234476038
50.4 0.1223333333333333 3.207404822386069
50.6 0.097 2.533148920692456
50.8 0.06866666666666667 1.786165752748457
51 0.03533333333333333 0.915490704873395
51.2 0.02133333333333333 0.5505899286384806
51.4 0.005 0.128542395791085
51.6 0.001 0.02560883389016189
51.8 0.0003333333333333333 0.008503319361212056
