1000 172.000000 172.000000
2000 171.000000 171.500000
3000 167.000000 170.000000
4000 173.000000 170.750000
5000 167.000000 170.000000
6000 169.000000 169.833333
7000 166.000000 169.285714
8000 166.000000 168.875000
9000 162.000000 168.111111
10000 163.000000 167.600000
11000 173.000000 168.090909
12000 168.000000 168.083333
13000 169.000000 168.153846
14000 167.000000 168.071429
15000 172.000000 168.333333
16000 170.000000 168.437500
17000 171.000000 168.588235
18000 166.000000 168.444444
19000 169.000000 168.473684
20000 165.000000 168.300000
21000 168.000000 168.285714
22000 173.000000 168.500000
23000 169.000000 168.521739
24000 169.000000 168.541667
25000 166.000000 168.440000
26000 166.000000 168.346154
27000 166.000000 168.259259
28000 171.000000 168.357143
29000 164.000000 168.206897
30000 170.000000 168.266667
31000 170.000000 168.322581
32000 165.000000 168.218750
33000 170.000000 168.272727
34000 166.000000 168.205882
35000 168.000000 168.200000
36000 169.000000 168.222222
37000 166.000000 168.162162
38000 170.000000 168.210526
39000 172.000000 168.307692
40000 165.000000 168.225000
41000 171.000000 168.292683
42000 170.000000 168.333333
43000 172.000000 168.418605
44000 171.000000 168.477273
45000 166.000000 168.422222
46000 169.000000 168.434783
47000 165.000000 168.361702
48000 166.000000 168.312500
49000 172.000000 168.387755
50000 172.000000 168.460000
51000 171.000000 168.509804
52000 170.000000 168.538462
53000 166.000000 168.490566
54000 168.000000 168.481481
55000 170.000000 168.509091
56000 172.000000 168.571429
57000 169.000000 168.578947
58000 172.000000 168.637931
59000 171.000000 168.677966
60000 171.000000 168.716667
61000 172.000000 168.770492
62000 174.000000 168.854839
63000 172.000000 168.904762
64000 172.000000 168.953125
65000 174.000000 169.030769
66000 166.000000 168.984848
67000 169.000000 168.985075
68000 169.000000 168.985294
69000 166.000000 168.942029
70000 169.000000 168.942857
71000 173.000000 169.000000
72000 172.000000 169.041667
73000 172.000000 169.082192
74000 173.000000 169.135135
75000 177.000000 169.240000
76000 169.000000 169.236842
77000 173.000000 169.285714
78000 174.000000 169.346154
79000 171.000000 169.367089
80000 169.000000 169.362500
81000 166.000000 169.320988
82000 174.000000 169.378049
83000 165.000000 169.325301
84000 173.000000 169.369048
85000 172.000000 169.400000
86000 167.000000 169.372093
87000 165.000000 169.321839
88000 171.000000 169.340909
89000 164.000000 169.280899
90000 170.000000 169.288889
91000 166.000000 169.252747
92000 170.000000 169.260870
93000 172.000000 169.290323
94000 170.000000 169.297872
95000 171.000000 169.315789
96000 168.000000 169.302083
97000 169.000000 169.298969
98000 172.000000 169.326531
99000 169.000000 169.323232
100000 168.000000 169.310000
101000 165.000000 169.267327
102000 172.000000 169.294118
103000 175.000000 169.349515
104000 174.000000 169.394231
105000 169.000000 169.390476
106000 172.000000 169.415094
107000 170.000000 169.420561
108000 172.000000 169.444444
109000 170.000000 169.449541
110000 165.000000 169.409091
111000 173.000000 169.441441
112000 170.000000 169.446429
113000 171.000000 169.460177
114000 166.000000 169.429825
115000 173.000000 169.460870
116000 173.000000 169.491379
117000 173.000000 169.521368
118000 166.000000 169.491525
119000 172.000000 169.512605
120000 171.000000 169.525000
121000 171.000000 169.537190
122000 175.000000 169.581967
123000 169.000000 169.577236
124000 173.000000 169.604839
125000 168.000000 169.592000
126000 174.000000 169.626984
127000 172.000000 169.645669
128000 169.000000 169.640625
129000 175.000000 169.682171
130000 169.000000 169.676923
131000 169.000000 169.671756
132000 171.000000 169.681818
133000 176.000000 169.729323
134000 168.000000 169.716418
135000 169.000000 169.711111
136000 170.000000 169.713235
137000 174.000000 169.744526
138000 171.000000 169.753623
139000 163.000000 169.705036
140000 169.000000 169.700000
141000 175.000000 169.737589
142000 169.000000 169.732394
143000 170.000000 169.734266
144000 172.000000 169.750000
145000 170.000000 169.751724
146000 171.000000 169.760274
147000 170.000000 169.761905
148000 171.000000 169.770270
149000 163.000000 169.724832
150000 172.000000 169.740000
151000 169.000000 169.735099
152000 171.000000 169.743421
153000 171.000000 169.751634
154000 175.000000 169.785714
155000 172.000000 169.800000
156000 171.000000 169.807692
157000 163.000000 169.764331
158000 175.000000 169.797468
159000 169.000000 169.792453
160000 166.000000 169.768750
161000 165.000000 169.739130
162000 168.000000 169.728395
163000 171.000000 169.736196
164000 168.000000 169.725610
165000 171.000000 169.733333
166000 169.000000 169.728916
167000 168.000000 169.718563
168000 171.000000 169.726190
169000 166.000000 169.704142
170000 167.000000 169.688235
171000 168.000000 169.678363
172000 167.000000 169.662791
173000 169.000000 169.658960
174000 170.000000 169.660920
175000 173.000000 169.680000
176000 166.000000 169.659091
177000 168.000000 169.649718
178000 167.000000 169.634831
179000 171.000000 169.642458
180000 167.000000 169.627778
181000 175.000000 169.657459
182000 163.000000 169.620879
183000 165.000000 169.595628
184000 169.000000 169.592391
185000 170.000000 169.594595
186000 170.000000 169.596774
187000 169.000000 169.593583
188000 167.000000 169.579787
189000 170.000000 169.582011
190000 168.000000 169.573684
191000 166.000000 169.554974
192000 170.000000 169.557292
193000 166.000000 169.538860
194000 168.000000 169.530928
195000 172.000000 169.543590
196000 167.000000 169.530612
197000 169.000000 169.527919
198000 165.000000 169.505051
199000 169.000000 169.502513
200000 173.000000 169.520000
201000 173.000000 169.537313
202000 172.000000 169.549505
203000 173.000000 169.566502
204000 171.000000 169.573529
205000 168.000000 169.565854
206000 176.000000 169.597087
207000 168.000000 169.589372
208000 171.000000 169.596154
209000 171.000000 169.602871
210000 174.000000 169.623810
211000 169.000000 169.620853
212000 173.000000 169.636792
213000 168.000000 169.629108
214000 171.000000 169.635514
215000 172.000000 169.646512
216000 170.000000 169.648148
217000 172.000000 169.658986
218000 171.000000 169.665138
219000 164.000000 169.639269
220000 168.000000 169.631818
221000 171.000000 169.638009
222000 169.000000 169.635135
223000 165.000000 169.614350
224000 169.000000 169.611607
225000 167.000000 169.600000
226000 166.000000 169.584071
227000 170.000000 169.585903
228000 169.000000 169.583333
229000 171.000000 169.589520
230000 165.000000 169.569565
231000 167.000000 169.558442
232000 168.000000 169.551724
233000 169.000000 169.549356
234000 170.000000 169.551282
235000 174.000000 169.570213
236000 166.000000 169.555085
237000 173.000000 169.569620
238000 168.000000 169.563025
239000 168.000000 169.556485
240000 170.000000 169.558333
241000 169.000000 169.556017
242000 171.000000 169.561983
243000 172.000000 169.572016
244000 167.000000 169.561475
245000 170.000000 169.563265
246000 171.000000 169.569106
247000 170.000000 169.570850
248000 164.000000 169.548387
249000 167.000000 169.538153
250000 169.000000 169.536000
251000 169.000000 169.533865
252000 173.000000 169.547619
253000 172.000000 169.557312
254000 167.000000 169.547244
255000 172.000000 169.556863
256000 170.000000 169.558594
257000 171.000000 169.564202
258000 169.000000 169.562016
259000 165.000000 169.544402
260000 164.000000 169.523077
261000 165.000000 169.505747
262000 169.000000 169.503817
263000 167.000000 169.494297
264000 169.000000 169.492424
265000 168.000000 169.486792
266000 168.000000 169.481203
267000 168.000000 169.475655
268000 171.000000 169.481343
269000 168.000000 169.475836
270000 168.000000 169.470370
271000 164.000000 169.450185
272000 171.000000 169.455882
273000 173.000000 169.468864
274000 171.000000 169.474453
275000 169.000000 169.472727
276000 169.000000 169.471014
277000 163.000000 169.447653
278000 170.000000 169.449640
279000 168.000000 169.444444
280000 163.000000 169.421429
281000 171.000000 169.427046
282000 167.000000 169.418440
283000 162.000000 169.392226
284000 169.000000 169.390845
285000 163.000000 169.368421
286000 167.000000 169.360140
287000 167.000000 169.351916
288000 169.000000 169.350694
289000 167.000000 169.342561
290000 169.000000 169.341379
291000 168.000000 169.336770
292000 169.000000 169.335616
293000 165.000000 169.320819
294000 166.000000 169.309524
295000 172.000000 169.318644
296000 172.000000 169.327703
297000 168.000000 169.323232
298000 166.000000 169.312081
299000 171.000000 169.317726
300000 164.000000 169.300000
301000 172.000000 169.308970
302000 167.000000 169.301325
303000 168.000000 169.297030
304000 168.000000 169.292763
305000 167.000000 169.285246
306000 165.000000 169.271242
307000 163.000000 169.250814
308000 168.000000 169.246753
309000 172.000000 169.255663
310000 168.000000 169.251613
311000 167.000000 169.244373
312000 170.000000 169.246795
313000 169.000000 169.246006
314000 163.000000 169.226115
315000 171.000000 169.231746
316000 166.000000 169.221519
317000 170.000000 169.223975
318000 168.000000 169.220126
319000 165.000000 169.206897
320000 171.000000 169.212500
321000 169.000000 169.211838
322000 168.000000 169.208075
323000 171.000000 169.213622
324000 167.000000 169.206790
325000 166.000000 169.196923
326000 167.000000 169.190184
327000 170.000000 169.192661
328000 169.000000 169.192073
329000 170.000000 169.194529
330000 165.000000 169.181818
331000 175.000000 169.199396
332000 172.000000 169.207831
333000 166.000000 169.198198
334000 171.000000 169.203593
335000 168.000000 169.200000
336000 169.000000 169.199405
337000 171.000000 169.204748
338000 170.000000 169.207101
339000 171.000000 169.212389
340000 171.000000 169.217647
341000 170.000000 169.219941
342000 169.000000 169.219298
343000 170.000000 169.221574
344000 167.000000 169.215116
345000 165.000000 169.202899
346000 171.000000 169.208092
347000 169.000000 169.207493
348000 169.000000 169.206897
349000 165.000000 169.194842
350000 174.000000 169.208571
351000 173.000000 169.219373
352000 169.000000 169.218750
353000 169.000000 169.218130
354000 172.000000 169.225989
355000 173.000000 169.236620
356000 166.000000 169.227528
357000 173.000000 169.238095
358000 169.000000 169.237430
359000 165.000000 169.225627
360000 173.000000 169.236111
361000 173.000000 169.246537
362000 172.000000 169.254144
363000 174.000000 169.267218
364000 168.000000 169.263736
365000 171.000000 169.268493
366000 171.000000 169.273224
367000 165.000000 169.261580
368000 175.000000 169.277174
369000 177.000000 169.298103
370000 170.000000 169.300000
371000 167.000000 169.293801
372000 176.000000 169.311828
373000 168.000000 169.308311
374000 173.000000 169.318182
375000 169.000000 169.317333
376000 167.000000 169.311170
377000 169.000000 169.310345
378000 171.000000 169.314815
379000 169.000000 169.313984
380000 177.000000 169.334211
381000 175.000000 169.349081
382000 170.000000 169.350785
383000 170.000000 169.352480
384000 169.000000 169.351562
385000 172.000000 169.358442
386000 175.000000 169.373057
387000 169.000000 169.372093
388000 167.000000 169.365979
389000 170.000000 169.367609
390000 171.000000 169.371795
391000 173.000000 169.381074
392000 168.000000 169.377551
393000 167.000000 169.371501
394000 174.000000 169.383249
395000 174.000000 169.394937
396000 172.000000 169.401515
397000 169.000000 169.400504
398000 174.000000 169.412060
399000 171.000000 169.416040
400000 173.000000 169.425000
401000 166.000000 169.416459
402000 164.000000 169.402985
403000 175.000000 169.416873
404000 170.000000 169.418317
405000 174.000000 169.429630
406000 171.000000 169.433498
407000 173.000000 169.442260
408000 168.000000 169.438725
409000 173.000000 169.447433
410000 174.000000 169.458537
411000 173.000000 169.467153
412000 173.000000 169.475728
413000 170.000000 169.476998
414000 176.000000 169.492754
415000 173.000000 169.501205
416000 170.000000 169.502404
417000 177.000000 169.520384
418000 168.000000 169.516746
419000 173.000000 169.525060
420000 170.000000 169.526190
421000 164.000000 169.513064
422000 169.000000 169.511848
423000 170.000000 169.513002
424000 168.000000 169.509434
425000 170.000000 169.510588
426000 168.000000 169.507042
427000 163.000000 169.491803
428000 173.000000 169.500000
429000 173.000000 169.508159
430000 164.000000 169.495349
431000 167.000000 169.489559
432000 173.000000 169.497685
433000 172.000000 169.503464
434000 163.000000 169.488479
435000 166.000000 169.480460
436000 165.000000 169.470183
437000 169.000000 169.469108
438000 169.000000 169.468037
439000 168.000000 169.464692
440000 174.000000 169.475000
441000 169.000000 169.473923
442000 171.000000 169.477376
443000 171.000000 169.480813
444000 173.000000 169.488739
445000 169.000000 169.487640
446000 165.000000 169.477578
447000 172.000000 169.483221
448000 167.000000 169.477679
449000 172.000000 169.483296
450000 174.000000 169.493333
451000 175.000000 169.505543
452000 172.000000 169.511062
453000 168.000000 169.507726
454000 172.000000 169.513216
455000 175.000000 169.525275
456000 173.000000 169.532895
457000 164.000000 169.520788
458000 166.000000 169.513100
459000 168.000000 169.509804
460000 172.000000 169.515217
461000 170.000000 169.516269
462000 171.000000 169.519481
463000 169.000000 169.518359
464000 169.000000 169.517241
465000 170.000000 169.518280
466000 170.000000 169.519313
467000 168.000000 169.516060
468000 166.000000 169.508547
469000 171.000000 169.511727
470000 173.000000 169.519149
471000 172.000000 169.524416
472000 175.000000 169.536017
473000 170.000000 169.536998
474000 170.000000 169.537975
475000 168.000000 169.534737
476000 169.000000 169.533613
477000 170.000000 169.534591
478000 169.000000 169.533473
479000 170.000000 169.534447
480000 178.000000 169.552083
481000 171.000000 169.555094
482000 173.000000 169.562241
483000 173.000000 169.569358
484000 174.000000 169.578512
485000 171.000000 169.581443
486000 173.000000 169.588477
487000 172.000000 169.593429
488000 169.000000 169.592213
489000 173.000000 169.599182
490000 167.000000 169.593878
491000 165.000000 169.584521
492000 173.000000 169.591463
493000 170.000000 169.592292
494000 166.000000 169.585020
495000 167.000000 169.579798
496000 168.000000 169.576613
497000 172.000000 169.581489
498000 170.000000 169.582329
499000 168.000000 169.579158
500000 177.000000 169.594000
501000 173.000000 169.600798
502000 174.000000 169.609562
503000 170.000000 169.610338
504000 174.000000 169.619048
505000 172.000000 169.623762
506000 173.000000 169.630435
507000 173.000000 169.637081
508000 173.000000 169.643701
509000 167.000000 169.638507
510000 169.000000 169.637255
511000 170.000000 169.637965
512000 168.000000 169.634766
513000 173.000000 169.641326
514000 169.000000 169.640078
515000 174.000000 169.648544
516000 169.000000 169.647287
517000 174.000000 169.655706
518000 171.000000 169.658301
519000 170.000000 169.658960
520000 169.000000 169.657692
521000 168.000000 169.654511
522000 167.000000 169.649425
523000 162.000000 169.634799
524000 163.000000 169.622137
525000 169.000000 169.620952
526000 166.000000 169.614068
527000 167.000000 169.609108
528000 168.000000 169.606061
529000 169.000000 169.604915
530000 162.000000 169.590566
531000 161.000000 169.574388
532000 169.000000 169.573308
533000 167.000000 169.568480
534000 164.000000 169.558052
535000 167.000000 169.553271
536000 169.000000 169.552239
537000 165.000000 169.543762
538000 167.000000 169.539033
539000 167.000000 169.534323
540000 167.000000 169.529630
541000 169.000000 169.528651
542000 165.000000 169.520295
543000 168.000000 169.517495
544000 169.000000 169.516544
545000 164.000000 169.506422
546000 170.000000 169.507326
547000 165.000000 169.499086
548000 166.000000 169.492701
549000 171.000000 169.495446
550000 167.000000 169.490909
551000 168.000000 169.488203
552000 166.000000 169.481884
553000 165.000000 169.473779
554000 168.000000 169.471119
555000 173.000000 169.477477
556000 170.000000 169.478417
557000 166.000000 169.472172
558000 169.000000 169.471326
559000 173.000000 169.477639
560000 170.000000 169.478571
561000 171.000000 169.481283
562000 171.000000 169.483986
563000 166.000000 169.477798
564000 170.000000 169.478723
565000 167.000000 169.474336
566000 172.000000 169.478799
567000 171.000000 169.481481
568000 172.000000 169.485915
569000 167.000000 169.481547
570000 165.000000 169.473684
571000 173.000000 169.479860
572000 168.000000 169.477273
573000 170.000000 169.478185
574000 171.000000 169.480836
575000 170.000000 169.481739
576000 176.000000 169.493056
577000 170.000000 169.493934
578000 170.000000 169.494810
579000 167.000000 169.490501
580000 165.000000 169.482759
581000 167.000000 169.478485
582000 167.000000 169.474227
583000 172.000000 169.478559
584000 163.000000 169.467466
585000 160.000000 169.451282
586000 170.000000 169.452218
587000 168.000000 169.449744
588000 170.000000 169.450680
589000 169.000000 169.449915
590000 168.000000 169.447458
591000 168.000000 169.445008
592000 169.000000 169.444257
593000 162.000000 169.431703
594000 169.000000 169.430976
595000 174.000000 169.438655
596000 173.000000 169.444631
597000 172.000000 169.448911
598000 171.000000 169.451505
599000 168.000000 169.449082
600000 172.000000 169.453333
601000 167.000000 169.449251
602000 168.000000 169.446844
603000 169.000000 169.446103
604000 159.000000 169.428808
605000 171.000000 169.431405
606000 170.000000 169.432343
607000 171.000000 169.434926
608000 173.000000 169.440789
609000 173.000000 169.446634
610000 168.000000 169.444262
611000 169.000000 169.443535
612000 175.000000 169.452614
613000 166.000000 169.446982
614000 166.000000 169.441368
615000 174.000000 169.448780
616000 171.000000 169.451299
617000 163.000000 169.440843
618000 164.000000 169.432039
619000 173.000000 169.437803
620000 172.000000 169.441935
621000 170.000000 169.442834
622000 168.000000 169.440514
623000 172.000000 169.444623
624000 174.000000 169.451923
625000 167.000000 169.448000
626000 171.000000 169.450479
627000 171.000000 169.452951
628000 166.000000 169.447452
629000 172.000000 169.451510
630000 173.000000 169.457143
631000 165.000000 169.450079
632000 169.000000 169.449367
633000 166.000000 169.443918
634000 168.000000 169.441640
635000 164.000000 169.433071
636000 170.000000 169.433962
637000 170.000000 169.434851
638000 176.000000 169.445141
639000 170.000000 169.446009
640000 171.000000 169.448438
641000 170.000000 169.449298
642000 171.000000 169.451713
643000 170.000000 169.452566
644000 171.000000 169.454969
645000 168.000000 169.452713
646000 171.000000 169.455108
647000 171.000000 169.457496
648000 172.000000 169.461420
649000 170.000000 169.462250
650000 172.000000 169.466154
651000 174.000000 169.473118
652000 169.000000 169.472393
653000 175.000000 169.480858
654000 174.000000 169.487768
655000 170.000000 169.488550
656000 170.000000 169.489329
657000 169.000000 169.488584
658000 175.000000 169.496960
659000 170.000000 169.497724
660000 172.000000 169.501515
661000 173.000000 169.506808
662000 169.000000 169.506042
663000 171.000000 169.508296
664000 169.000000 169.507530
665000 175.000000 169.515789
666000 169.000000 169.515015
667000 169.000000 169.514243
668000 168.000000 169.511976
669000 166.000000 169.506726
670000 169.000000 169.505970
671000 176.000000 169.515648
672000 167.000000 169.511905
673000 169.000000 169.511144
674000 170.000000 169.511869
675000 171.000000 169.514074
676000 170.000000 169.514793
677000 169.000000 169.514032
678000 174.000000 169.520649
679000 170.000000 169.521355
680000 169.000000 169.520588
681000 167.000000 169.516887
682000 170.000000 169.517595
683000 167.000000 169.513909
684000 175.000000 169.521930
685000 167.000000 169.518248
686000 171.000000 169.520408
687000 168.000000 169.518195
688000 171.000000 169.520349
689000 173.000000 169.525399
690000 170.000000 169.526087
691000 169.000000 169.525326
692000 170.000000 169.526012
693000 169.000000 169.525253
694000 168.000000 169.523055
695000 168.000000 169.520863
696000 174.000000 169.527299
697000 168.000000 169.525108
698000 171.000000 169.527221
699000 171.000000 169.529328
700000 165.000000 169.522857
701000 167.000000 169.519258
702000 168.000000 169.517094
703000 169.000000 169.516358
704000 171.000000 169.518466
705000 175.000000 169.526241
706000 169.000000 169.525496
707000 168.000000 169.523338
708000 169.000000 169.522599
709000 170.000000 169.523272
710000 168.000000 169.521127
711000 170.000000 169.521800
712000 172.000000 169.525281
713000 171.000000 169.527349
714000 163.000000 169.518207
715000 172.000000 169.521678
716000 169.000000 169.520950
717000 167.000000 169.517434
718000 170.000000 169.518106
719000 172.000000 169.521558
720000 169.000000 169.520833
721000 168.000000 169.518724
722000 175.000000 169.526316
723000 172.000000 169.529737
724000 169.000000 169.529006
725000 168.000000 169.526897
726000 172.000000 169.530303
727000 175.000000 169.537827
728000 173.000000 169.542582
729000 170.000000 169.543210
730000 165.000000 169.536986
731000 167.000000 169.533516
732000 167.000000 169.530055
733000 167.000000 169.526603
734000 170.000000 169.527248
735000 175.000000 169.534694
736000 167.000000 169.531250
737000 168.000000 169.529172
738000 167.000000 169.525745
739000 171.000000 169.527740
740000 167.000000 169.524324
741000 171.000000 169.526316
742000 169.000000 169.525606
743000 172.000000 169.528937
744000 168.000000 169.526882
745000 167.000000 169.523490
746000 170.000000 169.524129
747000 167.000000 169.520750
748000 172.000000 169.524064
749000 168.000000 169.522029
750000 167.000000 169.518667
751000 170.000000 169.519308
752000 170.000000 169.519947
753000 169.000000 169.519256
754000 171.000000 169.521220
755000 163.000000 169.512583
756000 167.000000 169.509259
757000 167.000000 169.505945
758000 167.000000 169.502639
759000 165.000000 169.496706
760000 168.000000 169.494737
761000 174.000000 169.500657
762000 174.000000 169.506562
763000 170.000000 169.507208
764000 170.000000 169.507853
765000 167.000000 169.504575
766000 169.000000 169.503916
767000 175.000000 169.511082
768000 167.000000 169.507812
769000 163.000000 169.499350
770000 168.000000 169.497403
771000 166.000000 169.492866
772000 168.000000 169.490933
773000 172.000000 169.494179
774000 162.000000 169.484496
775000 168.000000 169.482581
776000 166.000000 169.478093
777000 169.000000 169.477477
778000 168.000000 169.475578
779000 169.000000 169.474968
780000 167.000000 169.471795
781000 171.000000 169.473752
782000 168.000000 169.471867
783000 166.000000 169.467433
784000 162.000000 169.457908
785000 171.000000 169.459873
786000 164.000000 169.452926
787000 166.000000 169.448539
788000 169.000000 169.447970
789000 166.000000 169.443599
790000 165.000000 169.437975
791000 167.000000 169.434893
792000 168.000000 169.433081
793000 167.000000 169.430013
794000 169.000000 169.429471
795000 170.000000 169.430189
796000 169.000000 169.429648
797000 166.000000 169.425345
798000 166.000000 169.421053
799000 166.000000 169.416771
800000 168.000000 169.415000
801000 168.000000 169.413233
802000 164.000000 169.406484
803000 166.000000 169.402242
804000 161.000000 169.391791
805000 170.000000 169.392547
806000 160.000000 169.380893
807000 166.000000 169.376704
808000 168.000000 169.375000
809000 168.000000 169.373300
810000 163.000000 169.365432
811000 167.000000 169.362515
812000 167.000000 169.359606
813000 167.000000 169.356704
814000 164.000000 169.350123
815000 170.000000 169.350920
816000 164.000000 169.344363
817000 168.000000 169.342717
818000 170.000000 169.343521
819000 167.000000 169.340659
820000 166.000000 169.336585
821000 169.000000 169.336175
822000 168.000000 169.334550
823000 171.000000 169.336574
824000 169.000000 169.336165
825000 166.000000 169.332121
826000 167.000000 169.329298
827000 167.000000 169.326481
828000 166.000000 169.322464
829000 166.000000 169.318456
830000 164.000000 169.312048
831000 163.000000 169.304452
832000 168.000000 169.302885
833000 173.000000 169.307323
834000 166.000000 169.303357
835000 168.000000 169.301796
836000 166.000000 169.297847
837000 167.000000 169.295102
838000 169.000000 169.294749
839000 174.000000 169.300358
840000 167.000000 169.297619
841000 170.000000 169.298454
842000 171.000000 169.300475
843000 168.000000 169.298932
844000 172.000000 169.302133
845000 172.000000 169.305325
846000 169.000000 169.304965
847000 168.000000 169.303424
848000 170.000000 169.304245
849000 168.000000 169.302709
850000 167.000000 169.300000
851000 162.000000 169.291422
852000 167.000000 169.288732
853000 170.000000 169.289566
854000 167.000000 169.286885
855000 167.000000 169.284211
856000 164.000000 169.278037
857000 171.000000 169.280047
858000 163.000000 169.272727
859000 171.000000 169.274738
860000 169.000000 169.274419
861000 167.000000 169.271777
862000 170.000000 169.272622
863000 167.000000 169.269988
864000 171.000000 169.271991
865000 170.000000 169.272832
866000 170.000000 169.273672
867000 166.000000 169.269896
868000 166.000000 169.266129
869000 171.000000 169.268124
870000 164.000000 169.262069
871000 173.000000 169.266361
872000 172.000000 169.269495
873000 165.000000 169.264605
874000 169.000000 169.264302
875000 168.000000 169.262857
876000 172.000000 169.265982
877000 173.000000 169.270239
878000 173.000000 169.274487
879000 169.000000 169.274175
880000 170.000000 169.275000
881000 170.000000 169.275823
882000 168.000000 169.274376
883000 171.000000 169.276331
884000 167.000000 169.273756
885000 172.000000 169.276836
886000 162.000000 169.268623
887000 163.000000 169.261556
888000 165.000000 169.256757
889000 166.000000 169.253093
890000 162.000000 169.244944
891000 169.000000 169.244669
892000 169.000000 169.244395
893000 167.000000 169.241881
894000 173.000000 169.246085
895000 175.000000 169.252514
896000 167.000000 169.250000
897000 169.000000 169.249721
898000 173.000000 169.253898
899000 171.000000 169.255840
900000 168.000000 169.254444
901000 168.000000 169.253052
902000 170.000000 169.253880
903000 170.000000 169.254707
904000 172.000000 169.257743
905000 171.000000 169.259669
906000 167.000000 169.257174
907000 161.000000 169.248071
908000 173.000000 169.252203
909000 169.000000 169.251925
910000 167.000000 169.249451
911000 173.000000 169.253568
912000 169.000000 169.253289
913000 171.000000 169.255203
914000 166.000000 169.251641
915000 164.000000 169.245902
916000 167.000000 169.243450
917000 164.000000 169.237732
918000 164.000000 169.232026
919000 167.000000 169.229597
920000 163.000000 169.222826
921000 167.000000 169.220413
922000 169.000000 169.220174
923000 167.000000 169.217768
924000 168.000000 169.216450
925000 163.000000 169.209730
926000 175.000000 169.215983
927000 166.000000 169.212513
928000 168.000000 169.211207
929000 164.000000 169.205597
930000 168.000000 169.204301
931000 168.000000 169.203008
932000 169.000000 169.202790
933000 166.000000 169.199357
934000 167.000000 169.197002
935000 167.000000 169.194652
936000 166.000000 169.191239
937000 166.000000 169.187834
938000 163.000000 169.181237
939000 164.000000 169.175719
940000 171.000000 169.177660
941000 167.000000 169.175345
942000 168.000000 169.174098
943000 168.000000 169.172853
944000 163.000000 169.166314
945000 164.000000 169.160847
946000 173.000000 169.164905
947000 170.000000 169.165787
948000 170.000000 169.166667
949000 169.000000 169.166491
950000 170.000000 169.167368
951000 170.000000 169.168244
952000 166.000000 169.164916
953000 164.000000 169.159496
954000 167.000000 169.157233
955000 161.000000 169.148691
956000 171.000000 169.150628
957000 164.000000 169.145246
958000 160.000000 169.135699
959000 165.000000 169.131387
960000 166.000000 169.128125
961000 167.000000 169.125911
962000 163.000000 169.119543
963000 171.000000 169.121495
964000 166.000000 169.118257
965000 165.000000 169.113990
966000 166.000000 169.110766
967000 165.000000 169.106515
968000 165.000000 169.102273
969000 168.000000 169.101135
970000 164.000000 169.095876
971000 169.000000 169.095778
972000 166.000000 169.092593
973000 169.000000 169.092497
974000 165.000000 169.088296
975000 167.000000 169.086154
976000 168.000000 169.085041
977000 165.000000 169.080860
978000 166.000000 169.077710
979000 165.000000 169.073544
980000 168.000000 169.072449
981000 167.000000 169.070336
982000 168.000000 169.069246
983000 167.000000 169.067141
984000 168.000000 169.066057
985000 171.000000 169.068020
986000 169.000000 169.067951
987000 166.000000 169.064843
988000 166.000000 169.061741
989000 163.000000 169.055612
990000 166.000000 169.052525
991000 166.000000 169.049445
992000 168.000000 169.048387
993000 169.000000 169.048338
994000 171.000000 169.050302
995000 169.000000 169.050251
996000 170.000000 169.051205
997000 170.000000 169.052156
998000 169.000000 169.052104
999000 168.000000 169.051051
1000000 169.000000 169.051000
1001000 168.000000 169.049950
1002000 170.000000 169.050898
1003000 166.000000 169.047856
1004000 159.000000 169.037849
1005000 170.000000 169.038806
1006000 169.000000 169.038767
1007000 163.000000 169.032771
1008000 165.000000 169.028770
1009000 164.000000 169.023786
1010000 168.000000 169.022772
1011000 166.000000 169.019782
1012000 167.000000 169.017787
1013000 164.000000 169.012833
1014000 167.000000 169.010848
1015000 171.000000 169.012808
1016000 171.000000 169.014764
1017000 169.000000 169.014749
1018000 170.000000 169.015717
1019000 172.000000 169.018646
1020000 166.000000 169.015686
1021000 168.000000 169.014691
1022000 171.000000 169.016634
1023000 167.000000 169.014663
1024000 163.000000 169.008789
1025000 171.000000 169.010732
1026000 168.000000 169.009747
1027000 169.000000 169.009737
1028000 170.000000 169.010700
1029000 170.000000 169.011662
1030000 163.000000 169.005825
1031000 167.000000 169.003880
1032000 169.000000 169.003876
1033000 173.000000 169.007744
1034000 166.000000 169.004836
1035000 167.000000 169.002899
1036000 167.000000 169.000965
1037000 170.000000 169.001929
1038000 169.000000 169.001927
1039000 174.000000 169.006737
1040000 169.000000 169.006731
1041000 164.000000 169.001921
1042000 172.000000 169.004798
1043000 170.000000 169.005753
1044000 165.000000 169.001916
1045000 163.000000 168.996172
1046000 164.000000 168.991396
1047000 172.000000 168.994269
1048000 167.000000 168.992366
1049000 169.000000 168.992374
1050000 168.000000 168.991429
1051000 167.000000 168.989534
1052000 169.000000 168.989544
1053000 161.000000 168.981956
1054000 169.000000 168.981973
1055000 168.000000 168.981043
1056000 166.000000 168.978220
1057000 169.000000 168.978240
1058000 169.000000 168.978261
1059000 170.000000 168.979226
1060000 166.000000 168.976415
1061000 170.000000 168.977380
1062000 167.000000 168.975518
1063000 168.000000 168.974600
1064000 172.000000 168.977444
1065000 171.000000 168.979343
1066000 171.000000 168.981238
1067000 163.000000 168.975633
1068000 168.000000 168.974719
1069000 169.000000 168.974743
1070000 164.000000 168.970093
1071000 163.000000 168.964519
1072000 169.000000 168.964552
1073000 168.000000 168.963653
1074000 165.000000 168.959963
1075000 166.000000 168.957209
1076000 172.000000 168.960037
1077000 169.000000 168.960074
1078000 167.000000 168.958256
1079000 165.000000 168.954588
1080000 166.000000 168.951852
1081000 165.000000 168.948196
1082000 164.000000 168.943623
1083000 170.000000 168.944598
1084000 167.000000 168.942804
1085000 169.000000 168.942857
1086000 169.000000 168.942910
1087000 166.000000 168.940202
1088000 164.000000 168.935662
1089000 171.000000 168.937557
1090000 169.000000 168.937615
1091000 167.000000 168.935839
1092000 164.000000 168.931319
1093000 165.000000 168.927722
1094000 167.000000 168.925960
1095000 165.000000 168.922374
1096000 169.000000 168.922445
1097000 162.000000 168.916135
1098000 159.000000 168.907104
1099000 164.000000 168.902639
1100000 165.000000 168.899091
1101000 164.000000 168.894641
1102000 165.000000 168.891107
1103000 164.000000 168.886673
1104000 166.000000 168.884058
1105000 171.000000 168.885973
1106000 169.000000 168.886076
1107000 168.000000 168.885276
1108000 169.000000 168.885379
1109000 171.000000 168.887286
1110000 171.000000 168.889189
1111000 167.000000 168.887489
1112000 169.000000 168.887590
1113000 165.000000 168.884097
1114000 165.000000 168.880610
1115000 165.000000 168.877130
1116000 168.000000 168.876344
1117000 165.000000 168.872874
1118000 170.000000 168.873882
1119000 162.000000 168.867739
1120000 164.000000 168.863393
1121000 168.000000 168.862623
1122000 163.000000 168.857398
1123000 166.000000 168.854853
1124000 172.000000 168.857651
1125000 171.000000 168.859556
1126000 171.000000 168.861456
1127000 169.000000 168.861579
1128000 172.000000 168.864362
1129000 165.000000 168.860939
1130000 172.000000 168.863717
1131000 164.000000 168.859416
1132000 171.000000 168.861307
1133000 170.000000 168.862312
1134000 169.000000 168.862434
1135000 165.000000 168.859031
1136000 163.000000 168.853873
1137000 165.000000 168.850484
1138000 167.000000 168.848858
1139000 164.000000 168.844601
1140000 167.000000 168.842982
1141000 168.000000 168.842244
1142000 166.000000 168.839755
1143000 169.000000 168.839895
1144000 165.000000 168.836538
1145000 166.000000 168.834061
1146000 168.000000 168.833333
1147000 169.000000 168.833479
1148000 166.000000 168.831010
1149000 172.000000 168.833768
1150000 167.000000 168.832174
1151000 163.000000 168.827107
1152000 166.000000 168.824653
1153000 167.000000 168.823070
1154000 170.000000 168.824090
1155000 169.000000 168.824242
1156000 169.000000 168.824394
1157000 164.000000 168.820225
1158000 165.000000 168.816926
1159000 168.000000 168.816221
1160000 165.000000 168.812931
1161000 162.000000 168.807063
1162000 172.000000 168.809811
1163000 171.000000 168.811694
1164000 167.000000 168.810137
1165000 169.000000 168.810300
1166000 163.000000 168.805317
1167000 166.000000 168.802913
1168000 164.000000 168.798801
1169000 169.000000 168.798973
1170000 161.000000 168.792308
1171000 167.000000 168.790777
1172000 170.000000 168.791809
1173000 167.000000 168.790281
1174000 171.000000 168.792164
1175000 165.000000 168.788936
1176000 165.000000 168.785714
1177000 169.000000 168.785896
1178000 169.000000 168.786078
1179000 168.000000 168.785411
1180000 166.000000 168.783051
1181000 162.000000 168.777307
1182000 159.000000 168.769036
1183000 163.000000 168.764159
1184000 168.000000 168.763514
1185000 167.000000 168.762025
1186000 167.000000 168.760540
1187000 164.000000 168.756529
1188000 164.000000 168.752525
1189000 159.000000 168.744323
1190000 165.000000 168.741176
1191000 165.000000 168.738035
1192000 161.000000 168.731544
1193000 162.000000 168.725901
1194000 168.000000 168.725293
1195000 164.000000 168.721339
1196000 171.000000 168.723244
1197000 165.000000 168.720134
1198000 168.000000 168.719533
1199000 166.000000 168.717264
1200000 161.000000 168.710833
1201000 165.000000 168.707744
1202000 165.000000 168.704659
1203000 166.000000 168.702411
1204000 166.000000 168.700166
1205000 167.000000 168.698755
1206000 164.000000 168.694859
1207000 168.000000 168.694283
1208000 167.000000 168.692881
1209000 169.000000 168.693135
1210000 168.000000 168.692562
1211000 166.000000 168.690339
1212000 168.000000 168.689769
1213000 168.000000 168.689200
1214000 166.000000 168.686985
1215000 164.000000 168.683128
1216000 165.000000 168.680099
1217000 166.000000 168.677896
1218000 164.000000 168.674056
1219000 166.000000 168.671862
1220000 164.000000 168.668033
1221000 165.000000 168.665029
1222000 164.000000 168.661211
1223000 160.000000 168.654129
1224000 163.000000 168.649510
1225000 166.000000 168.647347
1226000 165.000000 168.644372
1227000 169.000000 168.644662
1228000 164.000000 168.640879
1229000 168.000000 168.640358
1230000 159.000000 168.632520
1231000 158.000000 168.623883
1232000 163.000000 168.619318
1233000 167.000000 168.618005
1234000 167.000000 168.616694
1235000 164.000000 168.612955
1236000 164.000000 168.609223
1237000 167.000000 168.607922
1238000 168.000000 168.607431
1239000 166.000000 168.605327
1240000 166.000000 168.603226
1241000 169.000000 168.603546
1242000 170.000000 168.604670
1243000 164.000000 168.600965
1244000 166.000000 168.598875
1245000 160.000000 168.591968
1246000 166.000000 168.589888
1247000 164.000000 168.586207
1248000 164.000000 168.582532
1249000 165.000000 168.579664
1250000 162.000000 168.574400
1251000 167.000000 168.573141
1252000 169.000000 168.573482
1253000 166.000000 168.571429
1254000 170.000000 168.572568
1255000 166.000000 168.570518
1256000 167.000000 168.569268
1257000 166.000000 168.567224
1258000 169.000000 168.567568
1259000 171.000000 168.569500
1260000 165.000000 168.566667
1261000 165.000000 168.563838
1262000 167.000000 168.562599
1263000 167.000000 168.561362
1264000 163.000000 168.556962
1265000 166.000000 168.554941
1266000 167.000000 168.553712
1267000 170.000000 168.554854
1268000 166.000000 168.552839
1269000 168.000000 168.552403
1270000 168.000000 168.551969
1271000 167.000000 168.550747
1272000 165.000000 168.547956
1273000 167.000000 168.546740
1274000 166.000000 168.544741
1275000 171.000000 168.546667
1276000 166.000000 168.544671
1277000 171.000000 168.546594
1278000 169.000000 168.546948
1279000 175.000000 168.551994
1280000 171.000000 168.553906
1281000 168.000000 168.553474
1282000 167.000000 168.552262
1283000 169.000000 168.552611
1284000 173.000000 168.556075
1285000 169.000000 168.556420
1286000 160.000000 168.549767
1287000 165.000000 168.547009
1288000 165.000000 168.544255
1289000 168.000000 168.543832
1290000 171.000000 168.545736
1291000 172.000000 168.548412
1292000 167.000000 168.547214
1293000 169.000000 168.547564
1294000 169.000000 168.547913
1295000 162.000000 168.542857
1296000 164.000000 168.539352
1297000 165.000000 168.536623
1298000 167.000000 168.535439
1299000 168.000000 168.535027
1300000 169.000000 168.535385
1301000 168.000000 168.534973
1302000 166.000000 168.533026
1303000 174.000000 168.537222
1304000 166.000000 168.535276
1305000 165.000000 168.532567
1306000 168.000000 168.532159
1307000 166.000000 168.530222
1308000 169.000000 168.530581
1309000 173.000000 168.533995
1310000 167.000000 168.532824
1311000 167.000000 168.531655
1312000 167.000000 168.530488
1313000 163.000000 168.526276
1314000 168.000000 168.525875
1315000 166.000000 168.523954
1316000 168.000000 168.523556
1317000 171.000000 168.525437
1318000 168.000000 168.525038
1319000 167.000000 168.523882
1320000 170.000000 168.525000
1321000 171.000000 168.526874
1322000 165.000000 168.524206
1323000 166.000000 168.522298
1324000 167.000000 168.521148
1325000 167.000000 168.520000
1326000 168.000000 168.519608
1327000 169.000000 168.519970
1328000 174.000000 168.524096
1329000 171.000000 168.525959
1330000 164.000000 168.522556
1331000 170.000000 168.523666
1332000 166.000000 168.521772
1333000 167.000000 168.520630
1334000 168.000000 168.520240
1335000 164.000000 168.516854
1336000 170.000000 168.517964
1337000 165.000000 168.515333
1338000 164.000000 168.511958
1339000 169.000000 168.512323
1340000 168.000000 168.511940
1341000 163.000000 168.507830
1342000 169.000000 168.508197
1343000 167.000000 168.507074
1344000 164.000000 168.503720
1345000 166.000000 168.501859
1346000 168.000000 168.501486
1347000 166.000000 168.499629
1348000 167.000000 168.498516
1349000 171.000000 168.500371
1350000 166.000000 168.498519
1351000 167.000000 168.497409
1352000 166.000000 168.495562
1353000 168.000000 168.495196
1354000 169.000000 168.495569
1355000 165.000000 168.492989
1356000 161.000000 168.487463
1357000 170.000000 168.488578
1358000 164.000000 168.485272
1359000 168.000000 168.484915
1360000 165.000000 168.482353
1361000 169.000000 168.482733
1362000 165.000000 168.480176
1363000 171.000000 168.482025
1364000 165.000000 168.479472
1365000 164.000000 168.476190
1366000 167.000000 168.475110
1367000 169.000000 168.475494
1368000 171.000000 168.477339
1369000 172.000000 168.479912
1370000 171.000000 168.481752
1371000 167.000000 168.480671
1372000 172.000000 168.483236
1373000 172.000000 168.485798
1374000 174.000000 168.489811
1375000 171.000000 168.491636
1376000 168.000000 168.491279
1377000 166.000000 168.489470
1378000 167.000000 168.488389
1379000 167.000000 168.487310
1380000 167.000000 168.486232
1381000 170.000000 168.487328
1382000 168.000000 168.486975
1383000 166.000000 168.485177
1384000 166.000000 168.483382
1385000 166.000000 168.481588
1386000 167.000000 168.480519
1387000 164.000000 168.477289
1388000 167.000000 168.476225
1389000 171.000000 168.478042
1390000 169.000000 168.478417
1391000 170.000000 168.479511
1392000 170.000000 168.480603
1393000 167.000000 168.479541
1394000 170.000000 168.480631
1395000 167.000000 168.479570
1396000 167.000000 168.478510
1397000 171.000000 168.480315
1398000 164.000000 168.477110
1399000 167.000000 168.476054
1400000 167.000000 168.475000
1401000 170.000000 168.476089
1402000 173.000000 168.479315
1403000 169.000000 168.479686
1404000 167.000000 168.478632
1405000 168.000000 168.478292
1406000 168.000000 168.477952
1407000 171.000000 168.479744
1408000 167.000000 168.478693
1409000 169.000000 168.479063
1410000 164.000000 168.475887
1411000 166.000000 168.474132
1412000 166.000000 168.472380
1413000 165.000000 168.469922
1414000 169.000000 168.470297
1415000 164.000000 168.467138
1416000 168.000000 168.466808
1417000 169.000000 168.467184
1418000 167.000000 168.466150
1419000 158.000000 168.458774
1420000 160.000000 168.452817
1421000 164.000000 168.449683
1422000 162.000000 168.445148
1423000 171.000000 168.446943
1424000 167.000000 168.445927
1425000 168.000000 168.445614
1426000 166.000000 168.443899
1427000 167.000000 168.442887
1428000 164.000000 168.439776
1429000 160.000000 168.433870
1430000 167.000000 168.432867
1431000 168.000000 168.432565
1432000 170.000000 168.433659
1433000 167.000000 168.432659
1434000 169.000000 168.433054
1435000 167.000000 168.432056
1436000 167.000000 168.431058
1437000 166.000000 168.429367
1438000 166.000000 168.427677
1439000 167.000000 168.426685
1440000 166.000000 168.425000
1441000 170.000000 168.426093
1442000 170.000000 168.427184
1443000 163.000000 168.423423
1444000 173.000000 168.426593
1445000 163.000000 168.422837
1446000 166.000000 168.421162
1447000 167.000000 168.420180
1448000 173.000000 168.423343
1449000 168.000000 168.423050
1450000 165.000000 168.420690
1451000 167.000000 168.419711
1452000 168.000000 168.419421
1453000 167.000000 168.418445
1454000 168.000000 168.418157
1455000 166.000000 168.416495
1456000 166.000000 168.414835
1457000 168.000000 168.414550
1458000 165.000000 168.412209
1459000 173.000000 168.415353
1460000 164.000000 168.412329
1461000 169.000000 168.412731
1462000 167.000000 168.411765
1463000 165.000000 168.409433
1464000 169.000000 168.409836
1465000 173.000000 168.412969
1466000 168.000000 168.412688
1467000 165.000000 168.410361
1468000 169.000000 168.410763
1469000 171.000000 168.412526
1470000 168.000000 168.412245
1471000 167.000000 168.411285
1472000 170.000000 168.412364
1473000 164.000000 168.409369
1474000 168.000000 168.409091
1475000 170.000000 168.410169
1476000 167.000000 168.409214
1477000 175.000000 168.413676
1478000 166.000000 168.412043
1479000 167.000000 168.411089
1480000 169.000000 168.411486
1481000 171.000000 168.413234
1482000 168.000000 168.412955
1483000 170.000000 168.414026
1484000 167.000000 168.413073
1485000 168.000000 168.412795
1486000 169.000000 168.413190
1487000 169.000000 168.413584
1488000 172.000000 168.415995
1489000 168.000000 168.415715
1490000 170.000000 168.416779
1491000 169.000000 168.417170
1492000 167.000000 168.416220
1493000 169.000000 168.416611
1494000 170.000000 168.417671
1495000 164.000000 168.414716
1496000 168.000000 168.414439
1497000 168.000000 168.414162
1498000 166.000000 168.412550
1499000 167.000000 168.411608
1500000 170.000000 168.412667
1501000 165.000000 168.410393
1502000 168.000000 168.410120
1503000 162.000000 168.405855
1504000 166.000000 168.404255
1505000 170.000000 168.405316
1506000 163.000000 168.401726
1507000 166.000000 168.400133
1508000 168.000000 168.399867
1509000 167.000000 168.398940
1510000 170.000000 168.400000
1511000 166.000000 168.398412
1512000 171.000000 168.400132
1513000 163.000000 168.396563
1514000 163.000000 168.392999
1515000 164.000000 168.390099
1516000 165.000000 168.387863
1517000 171.000000 168.389585
1518000 165.000000 168.387352
1519000 167.000000 168.386438
1520000 169.000000 168.386842
1521000 167.000000 168.385930
1522000 165.000000 168.383706
1523000 170.000000 168.384767
1524000 169.000000 168.385171
1525000 167.000000 168.384262
1526000 174.000000 168.387942
1527000 173.000000 168.390963
1528000 168.000000 168.390707
1529000 171.000000 168.392413
1530000 166.000000 168.390850
1531000 166.000000 168.389288
1532000 166.000000 168.387728
1533000 167.000000 168.386823
1534000 165.000000 168.384615
1535000 168.000000 168.384365
1536000 169.000000 168.384766
1537000 170.000000 168.385817
1538000 164.000000 168.382965
1539000 174.000000 168.386615
1540000 170.000000 168.387662
1541000 169.000000 168.388060
1542000 169.000000 168.388457
1543000 169.000000 168.388853
1544000 165.000000 168.386658
1545000 167.000000 168.385761
1546000 169.000000 168.386158
1547000 166.000000 168.384615
1548000 166.000000 168.383075
1549000 166.000000 168.381536
1550000 173.000000 168.384516
1551000 168.000000 168.384268
1552000 165.000000 168.382088
1553000 165.000000 168.379910
1554000 163.000000 168.376448
1555000 167.000000 168.375563
1556000 165.000000 168.373393
1557000 163.000000 168.369942
1558000 168.000000 168.369705
1559000 170.000000 168.370750
1560000 169.000000 168.371154
1561000 169.000000 168.371557
1562000 169.000000 168.371959
1563000 169.000000 168.372361
1564000 169.000000 168.372762
1565000 163.000000 168.369329
1566000 168.000000 168.369093
1567000 165.000000 168.366943
1568000 166.000000 168.365434
1569000 165.000000 168.363289
1570000 165.000000 168.361146
1571000 164.000000 168.358370
1572000 164.000000 168.355598
1573000 162.000000 168.351558
1574000 167.000000 168.350699
1575000 167.000000 168.349841
1576000 171.000000 168.351523
1577000 174.000000 168.355105
1578000 170.000000 168.356147
1579000 172.000000 168.358455
1580000 171.000000 168.360127
1581000 164.000000 168.357369
1582000 171.000000 168.359039
1583000 169.000000 168.359444
1584000 175.000000 168.363636
1585000 168.000000 168.363407
1586000 172.000000 168.365700
1587000 170.000000 168.366730
1588000 168.000000 168.366499
1589000 163.000000 168.363121
1590000 168.000000 168.362893
1591000 166.000000 168.361408
1592000 165.000000 168.359296
1593000 169.000000 168.359699
1594000 164.000000 168.356964
1595000 168.000000 168.356740
1596000 165.000000 168.354637
1597000 164.000000 168.351910
1598000 165.000000 168.349812
1599000 169.000000 168.350219
1600000 167.000000 168.349375
1601000 170.000000 168.350406
1602000 168.000000 168.350187
1603000 171.000000 168.351840
1604000 174.000000 168.355362
1605000 170.000000 168.356386
1606000 173.000000 168.359278
1607000 168.000000 168.359054
1608000 170.000000 168.360075
1609000 172.000000 168.362337
1610000 172.000000 168.364596
1611000 172.000000 168.366853
1612000 166.000000 168.365385
1613000 170.000000 168.366398
1614000 163.000000 168.363073
1615000 166.000000 168.361610
1616000 171.000000 168.363243
1617000 166.000000 168.361781
1618000 169.000000 168.362176
1619000 173.000000 168.365040
1620000 167.000000 168.364198
1621000 170.000000 168.365207
1622000 166.000000 168.363748
1623000 168.000000 168.363524
1624000 164.000000 168.360837
1625000 171.000000 168.362462
1626000 171.000000 168.364084
1627000 170.000000 168.365089
1628000 171.000000 168.366708
1629000 164.000000 168.364027
1630000 168.000000 168.363804
1631000 169.000000 168.364194
1632000 166.000000 168.362745
1633000 176.000000 168.367422
1634000 173.000000 168.370257
1635000 167.000000 168.369419
1636000 172.000000 168.371638
1637000 175.000000 168.375687
1638000 171.000000 168.377289
1639000 171.000000 168.378890
1640000 166.000000 168.377439
1641000 170.000000 168.378428
1642000 168.000000 168.378197
1643000 171.000000 168.379793
1644000 170.000000 168.380779
1645000 169.000000 168.381155
1646000 167.000000 168.380316
1647000 166.000000 168.378871
1648000 167.000000 168.378034
1649000 169.000000 168.378411
1650000 169.000000 168.378788
1651000 169.000000 168.379164
1652000 168.000000 168.378935
1653000 165.000000 168.376891
1654000 168.000000 168.376663
1655000 165.000000 168.374622
1656000 171.000000 168.376208
1657000 172.000000 168.378395
1658000 166.000000 168.376960
1659000 171.000000 168.378541
1660000 173.000000 168.381325
1661000 171.000000 168.382902
1662000 167.000000 168.382070
1663000 166.000000 168.380637
1664000 174.000000 168.384014
1665000 172.000000 168.386186
1666000 171.000000 168.387755
1667000 173.000000 168.390522
1668000 173.000000 168.393285
1669000 170.000000 168.394248
1670000 174.000000 168.397605
1671000 176.000000 168.402154
1672000 171.000000 168.403708
1673000 173.000000 168.406455
1674000 170.000000 168.407407
1675000 174.000000 168.410746
1676000 172.000000 168.412888
1677000 167.000000 168.412045
1678000 169.000000 168.412396
1679000 171.000000 168.413937
1680000 176.000000 168.418452
1681000 167.000000 168.417609
1682000 171.000000 168.419144
1683000 166.000000 168.417706
1684000 168.000000 168.417458
1685000 167.000000 168.416617
1686000 170.000000 168.417556
1687000 170.000000 168.418494
1688000 174.000000 168.421801
1689000 168.000000 168.421551
1690000 169.000000 168.421893
1691000 169.000000 168.422235
1692000 165.000000 168.420213
1693000 163.000000 168.417011
1694000 173.000000 168.419717
1695000 175.000000 168.423599
1696000 172.000000 168.425708
1697000 170.000000 168.426635
1698000 171.000000 168.428151
1699000 172.000000 168.430253
1700000 171.000000 168.431765
1701000 170.000000 168.432687
1702000 169.000000 168.433020
1703000 168.000000 168.432766
1704000 171.000000 168.434272
1705000 170.000000 168.435191
1706000 170.000000 168.436108
1707000 176.000000 168.440539
1708000 171.000000 168.442037
1709000 170.000000 168.442949
1710000 170.000000 168.443860
1711000 173.000000 168.446523
1712000 169.000000 168.446846
1713000 168.000000 168.446585
1714000 172.000000 168.448658
1715000 170.000000 168.449563
1716000 165.000000 168.447552
1717000 167.000000 168.446709
1718000 174.000000 168.449942
1719000 169.000000 168.450262
1720000 172.000000 168.452326
1721000 171.000000 168.453806
1722000 170.000000 168.454704
1723000 174.000000 168.457922
1724000 172.000000 168.459977
1725000 175.000000 168.463768
1726000 175.000000 168.467555
1727000 172.000000 168.469600
1728000 175.000000 168.473380
1729000 168.000000 168.473106
1730000 172.000000 168.475145
1731000 176.000000 168.479492
1732000 171.000000 168.480947
1733000 172.000000 168.482977
1734000 173.000000 168.485582
1735000 171.000000 168.487032
1736000 172.000000 168.489055
1737000 174.000000 168.492228
1738000 170.000000 168.493096
1739000 176.000000 168.497412
1740000 171.000000 168.498851
1741000 168.000000 168.498564
1742000 171.000000 168.500000
1743000 169.000000 168.500287
1744000 171.000000 168.501720
1745000 167.000000 168.500860
1746000 164.000000 168.498282
1747000 167.000000 168.497424
1748000 170.000000 168.498284
1749000 170.000000 168.499142
1750000 167.000000 168.498286
1751000 166.000000 168.496859
1752000 164.000000 168.494292
1753000 169.000000 168.494581
1754000 166.000000 168.493158
1755000 168.000000 168.492877
1756000 173.000000 168.495444
1757000 173.000000 168.498008
1758000 164.000000 168.495449
1759000 171.000000 168.496873
1760000 172.000000 168.498864
1761000 172.000000 168.500852
1762000 166.000000 168.499432
1763000 167.000000 168.498582
1764000 168.000000 168.498299
1765000 172.000000 168.500283
1766000 166.000000 168.498867
1767000 170.000000 168.499717
1768000 172.000000 168.501697
1769000 172.000000 168.503674
1770000 170.000000 168.504520
1771000 173.000000 168.507058
1772000 173.000000 168.509594
1773000 174.000000 168.512690
1774000 169.000000 168.512965
1775000 169.000000 168.513239
1776000 167.000000 168.512387
1777000 171.000000 168.513787
1778000 166.000000 168.512373
1779000 172.000000 168.514334
1780000 173.000000 168.516854
1781000 169.000000 168.517125
1782000 170.000000 168.517957
1783000 171.000000 168.519349
1784000 164.000000 168.516816
1785000 169.000000 168.517087
1786000 174.000000 168.520157
1787000 172.000000 168.522104
1788000 169.000000 168.522371
1789000 168.000000 168.522079
1790000 169.000000 168.522346
1791000 171.000000 168.523730
1792000 169.000000 168.523996
1793000 167.000000 168.523146
1794000 166.000000 168.521739
1795000 167.000000 168.520891
1796000 170.000000 168.521715
1797000 167.000000 168.520868
1798000 167.000000 168.520022
1799000 170.000000 168.520845
1800000 172.000000 168.522778
1801000 169.000000 168.523043
1802000 170.000000 168.523862
1803000 165.000000 168.521908
1804000 170.000000 168.522727
1805000 171.000000 168.524100
1806000 173.000000 168.526578
1807000 173.000000 168.529054
1808000 165.000000 168.527102
1809000 169.000000 168.527363
1810000 164.000000 168.524862
1811000 168.000000 168.524572
1812000 171.000000 168.525938
1813000 167.000000 168.525097
1814000 162.000000 168.521499
1815000 167.000000 168.520661
1816000 170.000000 168.521476
1817000 166.000000 168.520088
1818000 162.000000 168.516502
1819000 169.000000 168.516767
1820000 168.000000 168.516484
1821000 161.000000 168.512356
1822000 166.000000 168.510977
1823000 164.000000 168.508502
1824000 166.000000 168.507127
1825000 164.000000 168.504658
1826000 161.000000 168.500548
1827000 160.000000 168.495895
1828000 167.000000 168.495077
1829000 168.000000 168.494806
1830000 168.000000 168.494536
1831000 170.000000 168.495358
1832000 170.000000 168.496179
1833000 166.000000 168.494817
1834000 164.000000 168.492366
1835000 171.000000 168.493733
1836000 165.000000 168.491830
1837000 170.000000 168.492651
1838000 169.000000 168.492927
1839000 170.000000 168.493747
1840000 172.000000 168.495652
1841000 168.000000 168.495383
1842000 166.000000 168.494028
1843000 165.000000 168.492132
1844000 169.000000 168.492408
1845000 169.000000 168.492683
1846000 165.000000 168.490791
1847000 167.000000 168.489984
1848000 170.000000 168.490801
1849000 160.000000 168.486209
1850000 171.000000 168.487568
1851000 167.000000 168.486764
1852000 165.000000 168.484881
1853000 168.000000 168.484620
1854000 168.000000 168.484358
1855000 168.000000 168.484097
1856000 169.000000 168.484375
1857000 168.000000 168.484114
1858000 169.000000 168.484392
1859000 168.000000 168.484131
1860000 168.000000 168.483871
1861000 166.000000 168.482536
1862000 166.000000 168.481203
1863000 171.000000 168.482555
1864000 168.000000 168.482296
1865000 171.000000 168.483646
1866000 170.000000 168.484459
1867000 170.000000 168.485270
1868000 167.000000 168.484475
1869000 168.000000 168.484216
1870000 164.000000 168.481818
1871000 167.000000 168.481026
1872000 171.000000 168.482372
1873000 167.000000 168.481580
1874000 170.000000 168.482391
1875000 165.000000 168.480533
1876000 173.000000 168.482942
1877000 166.000000 168.481620
1878000 171.000000 168.482961
1879000 166.000000 168.481639
1880000 166.000000 168.480319
1881000 164.000000 168.477937
1882000 169.000000 168.478215
1883000 171.000000 168.479554
1884000 161.000000 168.475584
1885000 164.000000 168.473210
1886000 166.000000 168.471898
1887000 169.000000 168.472178
1888000 168.000000 168.471928
1889000 169.000000 168.472208
1890000 165.000000 168.470370
1891000 169.000000 168.470650
1892000 169.000000 168.470930
1893000 165.000000 168.469097
1894000 167.000000 168.468321
1895000 170.000000 168.469129
1896000 170.000000 168.469937
1897000 171.000000 168.471270
1898000 166.000000 168.469968
1899000 168.000000 168.469721
1900000 167.000000 168.468947
1901000 171.000000 168.470279
1902000 165.000000 168.468454
1903000 170.000000 168.469259
1904000 169.000000 168.469538
1905000 168.000000 168.469291
1906000 171.000000 168.470619
1907000 171.000000 168.471945
1908000 165.000000 168.470126
1909000 172.000000 168.471975
1910000 170.000000 168.472775
1911000 165.000000 168.470958
1912000 169.000000 168.471234
1913000 169.000000 168.471511
1914000 164.000000 168.469175
1915000 168.000000 168.468930
1916000 166.000000 168.467641
1917000 162.000000 168.464267
1918000 164.000000 168.461940
1919000 173.000000 168.464304
1920000 168.000000 168.464063
1921000 169.000000 168.464341
1922000 173.000000 168.466701
1923000 169.000000 168.466979
1924000 167.000000 168.466216
1925000 168.000000 168.465974
1926000 170.000000 168.466771
1927000 169.000000 168.467047
1928000 170.000000 168.467842
1929000 166.000000 168.466563
1930000 172.000000 168.468394
1931000 163.000000 168.465562
1932000 163.000000 168.462733
1933000 168.000000 168.462494
1934000 163.000000 168.459669
1935000 168.000000 168.459432
1936000 173.000000 168.461777
1937000 163.000000 168.458957
1938000 165.000000 168.457172
1939000 168.000000 168.456937
1940000 164.000000 168.454639
1941000 166.000000 168.453375
1942000 163.000000 168.450566
1943000 163.000000 168.447761
1944000 169.000000 168.448045
1945000 161.000000 168.444216
1946000 165.000000 168.442446
1947000 166.000000 168.441192
1948000 167.000000 168.440452
1949000 173.000000 168.442791
1950000 169.000000 168.443077
1951000 171.000000 168.444387
1952000 167.000000 168.443648
1953000 166.000000 168.442396
1954000 169.000000 168.442682
1955000 166.000000 168.441432
1956000 166.000000 168.440184
1957000 168.000000 168.439959
1958000 168.000000 168.439734
1959000 166.000000 168.438489
1960000 170.000000 168.439286
1961000 168.000000 168.439062
1962000 165.000000 168.437309
1963000 171.000000 168.438614
1964000 166.000000 168.437373
1965000 167.000000 168.436641
1966000 168.000000 168.436419
1967000 169.000000 168.436706
1968000 171.000000 168.438008
1969000 169.000000 168.438294
1970000 167.000000 168.437563
1971000 172.000000 168.439371
1972000 166.000000 168.438134
1973000 172.000000 168.439939
1974000 172.000000 168.441743
1975000 170.000000 168.442532
1976000 172.000000 168.444332
1977000 170.000000 168.445119
1978000 168.000000 168.444894
1979000 172.000000 168.446690
1980000 170.000000 168.447475
1981000 165.000000 168.445734
1982000 169.000000 168.446014
1983000 168.000000 168.445789
1984000 167.000000 168.445060
1985000 164.000000 168.442821
1986000 163.000000 168.440081
1987000 167.000000 168.439356
1988000 169.000000 168.439638
1989000 168.000000 168.439417
1990000 168.000000 168.439196
1991000 166.000000 168.437971
1992000 166.000000 168.436747
1993000 166.000000 168.435524
1994000 172.000000 168.437312
1995000 172.000000 168.439098
1996000 169.000000 168.439379
1997000 169.000000 168.439659
1998000 168.000000 168.439439
1999000 172.000000 168.441221
2000000 169.000000 168.441500
2001000 170.000000 168.442279
2002000 170.000000 168.443057
2003000 170.000000 168.443834
2004000 174.000000 168.446607
2005000 170.000000 168.447382
2006000 171.000000 168.448654
2007000 166.000000 168.447434
2008000 168.000000 168.447211
2009000 167.000000 168.446491
2010000 168.000000 168.446269
2011000 170.000000 168.447041
2012000 172.000000 168.448807
2013000 166.000000 168.447591
2014000 162.000000 168.444389
2015000 167.000000 168.443672
2016000 165.000000 168.441964
2017000 169.000000 168.442241
2018000 168.000000 168.442022
2019000 169.000000 168.442298
2020000 168.000000 168.442079
2021000 171.000000 168.443345
2022000 164.000000 168.441147
2023000 171.000000 168.442412
2024000 163.000000 168.439723
2025000 171.000000 168.440988
2026000 165.000000 168.439289
2027000 168.000000 168.439073
2028000 165.000000 168.437377
2029000 168.000000 168.437161
2030000 164.000000 168.434975
2031000 167.000000 168.434269
2032000 169.000000 168.434547
2033000 171.000000 168.435809
2034000 167.000000 168.435103
2035000 167.000000 168.434398
2036000 171.000000 168.435658
2037000 167.000000 168.434953
2038000 166.000000 168.433759
2039000 165.000000 168.432075
2040000 168.000000 168.431863
2041000 168.000000 168.431651
2042000 167.000000 168.430950
2043000 166.000000 168.429760
2044000 165.000000 168.428082
2045000 169.000000 168.428362
2046000 164.000000 168.426197
2047000 167.000000 168.425501
2048000 168.000000 168.425293
2049000 162.000000 168.422157
2050000 163.000000 168.419512
2051000 164.000000 168.417357
2052000 167.000000 168.416667
2053000 166.000000 168.415490
2054000 167.000000 168.414800
2055000 174.000000 168.417518
2056000 169.000000 168.417802
2057000 169.000000 168.418085
2058000 171.000000 168.419339
2059000 174.000000 168.422050
2060000 172.000000 168.423786
2061000 169.000000 168.424066
2062000 169.000000 168.424345
2063000 172.000000 168.426079
2064000 165.000000 168.424419
2065000 169.000000 168.424697
2066000 167.000000 168.424008
2067000 167.000000 168.423319
2068000 170.000000 168.424081
2069000 174.000000 168.426776
2070000 173.000000 168.428986
2071000 167.000000 168.428296
2072000 168.000000 168.428089
2073000 174.000000 168.430777
2074000 169.000000 168.431051
2075000 170.000000 168.431807
2076000 169.000000 168.432081
2077000 170.000000 168.432836
2078000 169.000000 168.433109
2079000 169.000000 168.433381
2080000 171.000000 168.434615
2081000 175.000000 168.437770
2082000 171.000000 168.439001
2083000 173.000000 168.441191
2084000 174.000000 168.443858
2085000 168.000000 168.443645
2086000 169.000000 168.443912
2087000 173.000000 168.446095
2088000 170.000000 168.446839
2089000 168.000000 168.446625
2090000 165.000000 168.444976
2091000 168.000000 168.444763
2092000 167.000000 168.444073
2093000 164.000000 168.441949
2094000 172.000000 168.443649
2095000 171.000000 168.444869
2096000 170.000000 168.445611
2097000 169.000000 168.445875
2098000 167.000000 168.445186
2099000 171.000000 168.446403
2100000 171.000000 168.447619
2101000 170.000000 168.448358
2102000 173.000000 168.450523
2103000 170.000000 168.451260
2104000 166.000000 168.450095
2105000 170.000000 168.450831
2106000 170.000000 168.451567
2107000 175.000000 168.454675
2108000 169.000000 168.454934
2109000 173.000000 168.457089
2110000 170.000000 168.457820
2111000 171.000000 168.459024
2112000 170.000000 168.459754
2113000 170.000000 168.460483
2114000 169.000000 168.460738
2115000 173.000000 168.462884
2116000 167.000000 168.462193
2117000 167.000000 168.461502
2118000 166.000000 168.460340
2119000 175.000000 168.463426
2120000 164.000000 168.461321
2121000 168.000000 168.461103
2122000 172.000000 168.462771
2123000 161.000000 168.459256
2124000 170.000000 168.459981
2125000 176.000000 168.463529
2126000 172.000000 168.465193
2127000 169.000000 168.465444
2128000 172.000000 168.467105
2129000 170.000000 168.467825
2130000 171.000000 168.469014
2131000 171.000000 168.470202
2132000 171.000000 168.471388
2133000 170.000000 168.472105
2134000 171.000000 168.473290
2135000 170.000000 168.474005
2136000 168.000000 168.473783
2137000 172.000000 168.475433
2138000 169.000000 168.475678
2139000 172.000000 168.477326
2140000 170.000000 168.478037
2141000 168.000000 168.477814
2142000 167.000000 168.477124
2143000 167.000000 168.476435
2144000 172.000000 168.478078
2145000 171.000000 168.479254
2146000 170.000000 168.479963
2147000 168.000000 168.479739
2148000 170.000000 168.480447
2149000 174.000000 168.483015
2150000 166.000000 168.481860
2151000 167.000000 168.481172
2152000 170.000000 168.481877
2153000 173.000000 168.483976
2154000 166.000000 168.482823
2155000 175.000000 168.485847
2156000 171.000000 168.487013
2157000 168.000000 168.486787
2158000 169.000000 168.487025
2159000 168.000000 168.486799
2160000 174.000000 168.489352
2161000 172.000000 168.490976
2162000 171.000000 168.492137
2163000 167.000000 168.491447
2164000 180.000000 168.496765
2165000 172.000000 168.498383
2166000 171.000000 168.499538
2167000 168.000000 168.499308
2168000 171.000000 168.500461
2169000 170.000000 168.501153
2170000 168.000000 168.500922
2171000 165.000000 168.499309
2172000 173.000000 168.501381
2173000 166.000000 168.500230
2174000 172.000000 168.501840
2175000 169.000000 168.502069
2176000 165.000000 168.500460
2177000 170.000000 168.501148
2178000 164.000000 168.499082
2179000 165.000000 168.497476
2180000 170.000000 168.498165
2181000 169.000000 168.498395
2182000 172.000000 168.500000
2183000 166.000000 168.498855
2184000 166.000000 168.497711
2185000 168.000000 168.497483
2186000 167.000000 168.496798
2187000 166.000000 168.495656
2188000 166.000000 168.494516
2189000 167.000000 168.493833
2190000 169.000000 168.494064
2191000 167.000000 168.493382
2192000 166.000000 168.492245
2193000 168.000000 168.492020
2194000 170.000000 168.492707
2195000 169.000000 168.492938
2196000 166.000000 168.491803
2197000 169.000000 168.492035
2198000 173.000000 168.494086
2199000 171.000000 168.495225
2200000 167.000000 168.494545
2201000 172.000000 168.496138
2202000 173.000000 168.498183
2203000 172.000000 168.499773
2204000 169.000000 168.500000
2205000 172.000000 168.501587
2206000 176.000000 168.504986
2207000 170.000000 168.505664
2208000 172.000000 168.507246
2209000 172.000000 168.508828
2210000 169.000000 168.509050
2211000 167.000000 168.508367
2212000 172.000000 168.509946
2213000 166.000000 168.508812
2214000 168.000000 168.508582
2215000 169.000000 168.508804
2216000 167.000000 168.508123
2217000 172.000000 168.509698
2218000 165.000000 168.508115
2219000 172.000000 168.509689
2220000 171.000000 168.510811
2221000 172.000000 168.512382
2222000 171.000000 168.513501
2223000 169.000000 168.513720
2224000 169.000000 168.513939
2225000 173.000000 168.515955
2226000 171.000000 168.517071
2227000 165.000000 168.515492
2228000 166.000000 168.514363
2229000 169.000000 168.514581
2230000 169.000000 168.514798
2231000 168.000000 168.514567
2232000 166.000000 168.513441
2233000 171.000000 168.514554
2234000 166.000000 168.513429
2235000 170.000000 168.514094
2236000 167.000000 168.513417
2237000 168.000000 168.513187
2238000 169.000000 168.513405
2239000 173.000000 168.515409
2240000 173.000000 168.517411
2241000 171.000000 168.518519
2242000 174.000000 168.520963
2243000 170.000000 168.521623
2244000 170.000000 168.522282
2245000 172.000000 168.523831
2246000 166.000000 168.522707
2247000 170.000000 168.523364
2248000 173.000000 168.525356
2249000 172.000000 168.526901
2250000 170.000000 168.527556
2251000 172.000000 168.529098
2252000 173.000000 168.531083
2253000 170.000000 168.531735
2254000 169.000000 168.531943
2255000 173.000000 168.533925
2256000 169.000000 168.534131
2257000 170.000000 168.534781
2258000 173.000000 168.536758
2259000 169.000000 168.536963
2260000 177.000000 168.540708
2261000 170.000000 168.541353
2262000 170.000000 168.541998
2263000 170.000000 168.542643
2264000 171.000000 168.543728
2265000 175.000000 168.546578
2266000 170.000000 168.547220
2267000 167.000000 168.546537
2268000 171.000000 168.547619
2269000 171.000000 168.548700
2270000 175.000000 168.551542
2271000 165.000000 168.549978
2272000 172.000000 168.551496
2273000 168.000000 168.551254
2274000 175.000000 168.554090
2275000 175.000000 168.556923
2276000 173.000000 168.558875
2277000 173.000000 168.560826
2278000 165.000000 168.559263
2279000 168.000000 168.559017
2280000 172.000000 168.560526
2281000 176.000000 168.563788
2282000 176.000000 168.567046
2283000 171.000000 168.568112
2284000 169.000000 168.568301
2285000 170.000000 168.568928
2286000 169.000000 168.569116
2287000 172.000000 168.570617
2288000 170.000000 168.571241
2289000 170.000000 168.571865
2290000 173.000000 168.573799
2291000 172.000000 168.575295
2292000 170.000000 168.575916
2293000 167.000000 168.575229
2294000 169.000000 168.575414
2295000 172.000000 168.576906
2296000 167.000000 168.576220
2297000 173.000000 168.578145
2298000 168.000000 168.577894
2299000 171.000000 168.578947
2300000 169.000000 168.579130
2301000 169.000000 168.579313
2302000 166.000000 168.578193
2303000 171.000000 168.579244
2304000 171.000000 168.580295
2305000 165.000000 168.578742
2306000 170.000000 168.579358
2307000 170.000000 168.579974
2308000 167.000000 168.579289
2309000 172.000000 168.580771
2310000 169.000000 168.580952
2311000 170.000000 168.581566
2312000 171.000000 168.582612
2313000 167.000000 168.581928
2314000 168.000000 168.581677
2315000 166.000000 168.580562
2316000 170.000000 168.581174
2317000 166.000000 168.580060
2318000 173.000000 168.581967
2319000 170.000000 168.582579
2320000 171.000000 168.583621
2321000 171.000000 168.584662
2322000 169.000000 168.584841
2323000 168.000000 168.584589
2324000 165.000000 168.583046
2325000 162.000000 168.580215
2326000 169.000000 168.580396
2327000 170.000000 168.581006
2328000 172.000000 168.582474
2329000 168.000000 168.582224
2330000 172.000000 168.583691
2331000 172.000000 168.585157
2332000 169.000000 168.585334
2333000 168.000000 168.585084
2334000 172.000000 168.586547
2335000 171.000000 168.587580
2336000 166.000000 168.586473
2337000 170.000000 168.587077
2338000 172.000000 168.588537
2339000 171.000000 168.589568
2340000 173.000000 168.591453
2341000 169.000000 168.591628
2342000 167.000000 168.590948
2343000 166.000000 168.589842
2344000 167.000000 168.589164
2345000 174.000000 168.591471
2346000 167.000000 168.590793
2347000 164.000000 168.588837
2348000 167.000000 168.588160
2349000 167.000000 168.587484
2350000 172.000000 168.588936
2351000 167.000000 168.588260
2352000 171.000000 168.589286
2353000 168.000000 168.589035
2354000 166.000000 168.587935
2355000 168.000000 168.587686
2356000 171.000000 168.588710
2357000 167.000000 168.588036
2358000 172.000000 168.589483
2359000 171.000000 168.590504
2360000 171.000000 168.591525
2361000 168.000000 168.591275
2362000 169.000000 168.591448
2363000 168.000000 168.591198
2364000 165.000000 168.589679
2365000 168.000000 168.589429
2366000 171.000000 168.590448
2367000 166.000000 168.589354
2368000 164.000000 168.587416
2369000 171.000000 168.588434
2370000 173.000000 168.590295
2371000 168.000000 168.590046
2372000 173.000000 168.591906
2373000 169.000000 168.592078
2374000 174.000000 168.594356
2375000 170.000000 168.594947
2376000 171.000000 168.595960
2377000 161.000000 168.592764
2378000 166.000000 168.591674
2379000 164.000000 168.589744
2380000 170.000000 168.590336
2381000 164.000000 168.588408
2382000 167.000000 168.587741
2383000 167.000000 168.587075
2384000 164.000000 168.585151
2385000 168.000000 168.584906
2386000 169.000000 168.585080
2387000 164.000000 168.583159
2388000 172.000000 168.584590
2389000 176.000000 168.587694
2390000 171.000000 168.588703
2391000 165.000000 168.587202
2392000 173.000000 168.589047
2393000 171.000000 168.590054
2394000 166.000000 168.588972
2395000 168.000000 168.588727
2396000 172.000000 168.590150
2397000 166.000000 168.589070
2398000 167.000000 168.588407
2399000 168.000000 168.588162
2400000 169.000000 168.588333
2401000 171.000000 168.589338
2402000 172.000000 168.590758
2403000 170.000000 168.591344
2404000 171.000000 168.592346
2405000 169.000000 168.592516
2406000 166.000000 168.591438
2407000 167.000000 168.590777
2408000 171.000000 168.591777
2409000 166.000000 168.590702
2410000 171.000000 168.591701
2411000 166.000000 168.590626
2412000 175.000000 168.593284
2413000 169.000000 168.593452
2414000 170.000000 168.594035
2415000 166.000000 168.592961
2416000 171.000000 168.593957
2417000 164.000000 168.592056
2418000 166.000000 168.590984
2419000 165.000000 168.589500
2420000 161.000000 168.586364
2421000 167.000000 168.585708
2422000 173.000000 168.587531
2423000 172.000000 168.588939
2424000 168.000000 168.588696
2425000 165.000000 168.587216
2426000 171.000000 168.588211
2427000 168.000000 168.587969
2428000 159.000000 168.584020
2429000 170.000000 168.584603
2430000 163.000000 168.582305
2431000 163.000000 168.580008
2432000 166.000000 168.578947
2433000 168.000000 168.578709
2434000 171.000000 168.579704
2435000 167.000000 168.579055
2436000 171.000000 168.580049
2437000 167.000000 168.579401
2438000 172.000000 168.580804
2439000 167.000000 168.580156
2440000 164.000000 168.578279
2441000 168.000000 168.578042
2442000 165.000000 168.576577
2443000 167.000000 168.575931
2444000 167.000000 168.575286
2445000 170.000000 168.575869
2446000 166.000000 168.574816
2447000 171.000000 168.575807
2448000 169.000000 168.575980
2449000 168.000000 168.575745
2450000 168.000000 168.575510
2451000 169.000000 168.575683
2452000 166.000000 168.574633
2453000 171.000000 168.575622
2454000 170.000000 168.576202
2455000 167.000000 168.575560
2456000 167.000000 168.574919
2457000 162.000000 168.572243
2458000 164.000000 168.570382
2459000 170.000000 168.570964
2460000 170.000000 168.571545
2461000 167.000000 168.570906
2462000 166.000000 168.569862
2463000 164.000000 168.568006
2464000 172.000000 168.569399
2465000 171.000000 168.570385
2466000 168.000000 168.570154
2467000 171.000000 168.571139
2468000 166.000000 168.570097
2469000 167.000000 168.569461
2470000 163.000000 168.567206
2471000 168.000000 168.566977
2472000 167.000000 168.566343
2473000 164.000000 168.564497
2474000 170.000000 168.565077
2475000 169.000000 168.565253
2476000 167.000000 168.564620
2477000 168.000000 168.564392
2478000 166.000000 168.563358
2479000 168.000000 168.563130
2480000 170.000000 168.563710
2481000 167.000000 168.563079
2482000 167.000000 168.562450
2483000 162.000000 168.559807
2484000 168.000000 168.559581
2485000 169.000000 168.559759
2486000 171.000000 168.560740
2487000 169.000000 168.560917
2488000 169.000000 168.561093
2489000 163.000000 168.558859
2490000 170.000000 168.559438
2491000 168.000000 168.559213
2492000 171.000000 168.560193
2493000 166.000000 168.559166
2494000 165.000000 168.557739
2495000 168.000000 168.557515
2496000 168.000000 168.557292
2497000 171.000000 168.558270
2498000 169.000000 168.558447
2499000 168.000000 168.558223
2500000 173.000000 168.560000
2501000 169.000000 168.560176
2502000 169.000000 168.560352
2503000 167.000000 168.559728
2504000 166.000000 168.558706
2505000 173.000000 168.560479
2506000 173.000000 168.562251
2507000 168.000000 168.562026
2508000 171.000000 168.562998
2509000 169.000000 168.563173
2510000 170.000000 168.563745
2511000 169.000000 168.563919
2512000 175.000000 168.566481
2513000 169.000000 168.566653
2514000 166.000000 168.565632
2515000 172.000000 168.566998
2516000 168.000000 168.566773
2517000 167.000000 168.566150
2518000 164.000000 168.564337
2519000 163.000000 168.562128
2520000 168.000000 168.561905
2521000 169.000000 168.562079
2522000 167.000000 168.561459
2523000 164.000000 168.559651
2524000 168.000000 168.559429
2525000 172.000000 168.560792
2526000 167.000000 168.560174
2527000 169.000000 168.560348
2528000 170.000000 168.560918
2529000 171.000000 168.561882
2530000 164.000000 168.560079
2531000 165.000000 168.558672
2532000 165.000000 168.557267
2533000 167.000000 168.556652
2534000 167.000000 168.556038
2535000 166.000000 168.555030
2536000 163.000000 168.552839
2537000 172.000000 168.554198
2538000 167.000000 168.553586
2539000 165.000000 168.552186
2540000 167.000000 168.551575
2541000 159.000000 168.547816
2542000 167.000000 168.547207
2543000 160.000000 168.543846
2544000 167.000000 168.543239
2545000 162.000000 168.540668
2546000 168.000000 168.540456
2547000 166.000000 168.539458
2548000 164.000000 168.537677
2549000 169.000000 168.537858
2550000 169.000000 168.538039
2551000 169.000000 168.538220
2552000 170.000000 168.538793
2553000 167.000000 168.538190
2554000 169.000000 168.538371
2555000 166.000000 168.537378
2556000 164.000000 168.535603
2557000 164.000000 168.533829
2558000 172.000000 168.535184
2559000 167.000000 168.534584
2560000 170.000000 168.535156
2561000 169.000000 168.535338
2562000 170.000000 168.535909
2563000 166.000000 168.534920
2564000 165.000000 168.533541
2565000 164.000000 168.531774
2566000 165.000000 168.530398
2567000 167.000000 168.529801
2568000 167.000000 168.529206
2569000 170.000000 168.529778
2570000 162.000000 168.527237
2571000 164.000000 168.525476
2572000 168.000000 168.525272
2573000 170.000000 168.525845
2574000 168.000000 168.525641
2575000 169.000000 168.525825
2576000 164.000000 168.524068
2577000 168.000000 168.523865
2578000 170.000000 168.524438
2579000 170.000000 168.525010
2580000 166.000000 168.524031
2581000 168.000000 168.523828
2582000 168.000000 168.523625
2583000 168.000000 168.523422
2584000 172.000000 168.524768
2585000 165.000000 168.523404
2586000 168.000000 168.523202
2587000 167.000000 168.522613
2588000 169.000000 168.522798
2589000 169.000000 168.522982
2590000 171.000000 168.523938
2591000 172.000000 168.525280
2592000 164.000000 168.523534
2593000 172.000000 168.524875
2594000 171.000000 168.525829
2595000 169.000000 168.526012
2596000 170.000000 168.526579
2597000 170.000000 168.527147
2598000 167.000000 168.526559
2599000 169.000000 168.526741
2600000 168.000000 168.526538
2601000 170.000000 168.527105
2602000 165.000000 168.525749
2603000 167.000000 168.525163
2604000 171.000000 168.526114
2605000 170.000000 168.526679
2606000 165.000000 168.525326
2607000 170.000000 168.525892
2608000 165.000000 168.524540
2609000 169.000000 168.524722
2610000 166.000000 168.523755
2611000 167.000000 168.523171
2612000 165.000000 168.521822
2613000 169.000000 168.522005
2614000 168.000000 168.521806
2615000 170.000000 168.522371
2616000 172.000000 168.523700
2617000 171.000000 168.524647
2618000 168.000000 168.524446
2619000 173.000000 168.526155
2620000 169.000000 168.526336
2621000 170.000000 168.526898
2622000 167.000000 168.526316
2623000 174.000000 168.528403
2624000 170.000000 168.528963
2625000 171.000000 168.529905
2626000 167.000000 168.529322
2627000 169.000000 168.529501
2628000 171.000000 168.530441
2629000 168.000000 168.530240
2630000 169.000000 168.530418
2631000 171.000000 168.531357
2632000 164.000000 168.529635
2633000 171.000000 168.530573
2634000 170.000000 168.531131
2635000 171.000000 168.532068
2636000 165.000000 168.530728
2637000 168.000000 168.530527
2638000 169.000000 168.530705
2639000 169.000000 168.530883
2640000 168.000000 168.530682
2641000 169.000000 168.530860
2642000 166.000000 168.529902
2643000 166.000000 168.528944
2644000 171.000000 168.529879
2645000 171.000000 168.530813
2646000 166.000000 168.529856
2647000 166.000000 168.528901
2648000 170.000000 168.529456
2649000 166.000000 168.528501
2650000 167.000000 168.527925
2651000 166.000000 168.526971
2652000 170.000000 168.527526
2653000 163.000000 168.525443
2654000 165.000000 168.524115
2655000 170.000000 168.524670
2656000 168.000000 168.524473
2657000 168.000000 168.524275
2658000 162.000000 168.521821
2659000 169.000000 168.522001
2660000 169.000000 168.522180
2661000 166.000000 168.521233
2662000 167.000000 168.520661
2663000 164.000000 168.518964
2664000 166.000000 168.518018
2665000 170.000000 168.518574
2666000 168.000000 168.518380
2667000 171.000000 168.519310
2668000 168.000000 168.519115
2669000 167.000000 168.518546
2670000 167.000000 168.517978
2671000 171.000000 168.518907
2672000 170.000000 168.519461
2673000 165.000000 168.518144
2674000 167.000000 168.517577
2675000 166.000000 168.516636
2676000 171.000000 168.517564
2677000 167.000000 168.516997
2678000 164.000000 168.515310
2679000 167.000000 168.514744
2680000 166.000000 168.513806
2681000 166.000000 168.512868
2682000 167.000000 168.512304
2683000 169.000000 168.512486
2684000 165.000000 168.511177
2685000 164.000000 168.509497
2686000 165.000000 168.508191
2687000 171.000000 168.509118
2688000 170.000000 168.509673
2689000 170.000000 168.510227
2690000 168.000000 168.510037
2691000 168.000000 168.509848
2692000 165.000000 168.508544
2693000 165.000000 168.507241
2694000 168.000000 168.507053
2695000 163.000000 168.505009
2696000 171.000000 168.505935
2697000 166.000000 168.505006
2698000 167.000000 168.504448
2699000 166.000000 168.503520
2700000 165.000000 168.502222
2701000 165.000000 168.500926
2702000 168.000000 168.500740
2703000 170.000000 168.501295
2704000 173.000000 168.502959
2705000 170.000000 168.503512
2706000 162.000000 168.501109
2707000 168.000000 168.500924
2708000 169.000000 168.501108
2709000 171.000000 168.502030
2710000 165.000000 168.500738
2711000 166.000000 168.499816
2712000 168.000000 168.499631
2713000 168.000000 168.499447
2714000 169.000000 168.499632
2715000 170.000000 168.500184
2716000 166.000000 168.499264
2717000 169.000000 168.499448
2718000 169.000000 168.499632
2719000 167.000000 168.499081
2720000 165.000000 168.497794
2721000 167.000000 168.497244
2722000 166.000000 168.496326
2723000 171.000000 168.497246
2724000 164.000000 168.495595
2725000 169.000000 168.495780
2726000 167.000000 168.495231
2727000 165.000000 168.493949
2728000 168.000000 168.493768
2729000 170.000000 168.494320
2730000 171.000000 168.495238
2731000 166.000000 168.494324
2732000 172.000000 168.495608
2733000 170.000000 168.496158
2734000 167.000000 168.495611
2735000 169.000000 168.495795
2736000 170.000000 168.496345
2737000 173.000000 168.497991
2738000 170.000000 168.498539
2739000 164.000000 168.496897
2740000 170.000000 168.497445
2741000 168.000000 168.497264
2742000 166.000000 168.496353
2743000 163.000000 168.494349
2744000 166.000000 168.493440
2745000 168.000000 168.493260
2746000 165.000000 168.491988
2747000 170.000000 168.492537
2748000 166.000000 168.491630
2749000 167.000000 168.491088
2750000 169.000000 168.491273
2751000 166.000000 168.490367
2752000 168.000000 168.490189
2753000 168.000000 168.490011
2754000 172.000000 168.491285
2755000 167.000000 168.490744
2756000 165.000000 168.489478
2757000 164.000000 168.487849
2758000 167.000000 168.487310
2759000 165.000000 168.486046
2760000 170.000000 168.486594
2761000 168.000000 168.486418
2762000 170.000000 168.486966
2763000 171.000000 168.487875
2764000 167.000000 168.487337
2765000 167.000000 168.486799
2766000 166.000000 168.485900
2767000 168.000000 168.485725
2768000 167.000000 168.485188
2769000 167.000000 168.484651
2770000 163.000000 168.482671
2771000 169.000000 168.482858
2772000 162.000000 168.480519
2773000 166.000000 168.479625
2774000 169.000000 168.479813
2775000 165.000000 168.478559
2776000 167.000000 168.478026
2777000 165.000000 168.476773
2778000 163.000000 168.474802
2779000 169.000000 168.474991
2780000 168.000000 168.474820
2781000 163.000000 168.472851
2782000 163.000000 168.470884
2783000 170.000000 168.471434
2784000 169.000000 168.471624
2785000 167.000000 168.471095
2786000 170.000000 168.471644
2787000 163.000000 168.469681
2788000 168.000000 168.469512
2789000 167.000000 168.468985
2790000 168.000000 168.468817
2791000 168.000000 168.468649
2792000 166.000000 168.467765
2793000 158.000000 168.464017
2794000 158.000000 168.460272
2795000 163.000000 168.458318
2796000 167.000000 168.457797
2797000 166.000000 168.456918
2798000 165.000000 168.455683
2799000 166.000000 168.454805
2800000 166.000000 168.453929
2801000 165.000000 168.452695
2802000 171.000000 168.453605
2803000 163.000000 168.451659
2804000 163.000000 168.449715
2805000 166.000000 168.448841
2806000 165.000000 168.447612
2807000 163.000000 168.445672
2808000 165.000000 168.444444
2809000 165.000000 168.443218
2810000 163.000000 168.441281
2811000 163.000000 168.439345
2812000 162.000000 168.437055
2813000 163.000000 168.435123
2814000 165.000000 168.433902
2815000 170.000000 168.434458
2816000 165.000000 168.433239
2817000 170.000000 168.433795
2818000 166.000000 168.432931
2819000 165.000000 168.431713
2820000 165.000000 168.430496
2821000 167.000000 168.429989
2822000 168.000000 168.429837
2823000 171.000000 168.430747
2824000 167.000000 168.430241
2825000 167.000000 168.429735
2826000 170.000000 168.430290
2827000 166.000000 168.429430
2828000 169.000000 168.429632
2829000 169.000000 168.429834
2830000 167.000000 168.429329
2831000 167.000000 168.428824
2832000 165.000000 168.427613
2833000 167.000000 168.427109
2834000 171.000000 168.428017
2835000 171.000000 168.428924
2836000 168.000000 168.428773
2837000 170.000000 168.429327
2838000 163.000000 168.427414
2839000 168.000000 168.427263
2840000 167.000000 168.426761
2841000 165.000000 168.425554
2842000 168.000000 168.425405
2843000 165.000000 168.424200
2844000 168.000000 168.424051
2845000 169.000000 168.424253
2846000 160.000000 168.421293
2847000 162.000000 168.419038
2848000 164.000000 168.417486
2849000 163.000000 168.415584
2850000 164.000000 168.414035
2851000 163.000000 168.412136
2852000 168.000000 168.411992
2853000 165.000000 168.410796
2854000 161.000000 168.408199
2855000 166.000000 168.407356
2856000 164.000000 168.405812
2857000 166.000000 168.404970
2858000 167.000000 168.404479
2859000 163.000000 168.402588
2860000 165.000000 168.401399
2861000 170.000000 168.401957
2862000 167.000000 168.401468
2863000 164.000000 168.399930
2864000 168.000000 168.399791
2865000 165.000000 168.398604
2866000 169.000000 168.398814
2867000 165.000000 168.397628
2868000 166.000000 168.396792
2869000 161.000000 168.394214
2870000 161.000000 168.391638
2871000 169.000000 168.391850
2872000 165.000000 168.390669
2873000 167.000000 168.390184
2874000 166.000000 168.389353
2875000 162.000000 168.387130
2876000 162.000000 168.384910
2877000 160.000000 168.381995
2878000 166.000000 168.381167
2879000 166.000000 168.380340
2880000 165.000000 168.379167
2881000 162.000000 168.376952
2882000 169.000000 168.377169
2883000 162.000000 168.374957
2884000 165.000000 168.373786
2885000 168.000000 168.373657
2886000 172.000000 168.374913
2887000 172.000000 168.376169
2888000 168.000000 168.376039
2889000 170.000000 168.376601
2890000 163.000000 168.374740
2891000 165.000000 168.373573
2892000 160.000000 168.370678
2893000 165.000000 168.369513
2894000 162.000000 168.367312
2895000 161.000000 168.364767
2896000 167.000000 168.364296
2897000 165.000000 168.363134
2898000 168.000000 168.363009
2899000 167.000000 168.362539
2900000 166.000000 168.361724
2901000 169.000000 168.361944
2902000 166.000000 168.361130
2903000 169.000000 168.361350
2904000 167.000000 168.360882
2905000 171.000000 168.361790
2906000 168.000000 168.361666
2907000 166.000000 168.360853
2908000 168.000000 168.360729
2909000 169.000000 168.360949
2910000 166.000000 168.360137
2911000 165.000000 168.358983
2912000 168.000000 168.358860
2913000 165.000000 168.357707
2914000 167.000000 168.357241
2915000 171.000000 168.358148
2916000 162.000000 168.355967
2917000 167.000000 168.355502
2918000 167.000000 168.355038
2919000 172.000000 168.356286
2920000 165.000000 168.355137
2921000 169.000000 168.355358
2922000 165.000000 168.354209
2923000 168.000000 168.354088
2924000 163.000000 168.352257
2925000 169.000000 168.352479
2926000 165.000000 168.351333
2927000 170.000000 168.351896
2928000 170.000000 168.352459
2929000 168.000000 168.352339
2930000 170.000000 168.352901
2931000 167.000000 168.352439
2932000 167.000000 168.351978
2933000 162.000000 168.349812
2934000 166.000000 168.349012
2935000 169.000000 168.349233
2936000 169.000000 168.349455
2937000 170.000000 168.350017
2938000 166.000000 168.349217
2939000 165.000000 168.348078
2940000 171.000000 168.348980
2941000 168.000000 168.348861
2942000 169.000000 168.349082
2943000 165.000000 168.347944
2944000 162.000000 168.345788
2945000 163.000000 168.343973
2946000 166.000000 168.343177
2947000 171.000000 168.344079
2948000 169.000000 168.344301
2949000 169.000000 168.344524
2950000 167.000000 168.344068
2951000 169.000000 168.344290
2952000 161.000000 168.341802
2953000 168.000000 168.341686
2954000 171.000000 168.342586
2955000 165.000000 168.341455
2956000 167.000000 168.341001
2957000 170.000000 168.341562
2958000 166.000000 168.340771
2959000 171.000000 168.341669
2960000 173.000000 168.343243
2961000 167.000000 168.342790
2962000 165.000000 168.341661
2963000 170.000000 168.342221
2964000 172.000000 168.343455
2965000 170.000000 168.344013
2966000 167.000000 168.343560
2967000 171.000000 168.344456
2968000 169.000000 168.344677
2969000 166.000000 168.343887
2970000 164.000000 168.342424
2971000 166.000000 168.341636
2972000 170.000000 168.342194
2973000 165.000000 168.341070
2974000 168.000000 168.340955
2975000 167.000000 168.340504
2976000 167.000000 168.340054
2977000 170.000000 168.340611
2978000 172.000000 168.341840
2979000 164.000000 168.340383
2980000 166.000000 168.339597
2981000 167.000000 168.339148
2982000 164.000000 168.337693
2983000 168.000000 168.337580
2984000 170.000000 168.338137
2985000 169.000000 168.338358
2986000 166.000000 168.337575
2987000 164.000000 168.336123
2988000 169.000000 168.336345
2989000 166.000000 168.335564
2990000 170.000000 168.336120
2991000 168.000000 168.336008
2992000 167.000000 168.335561
2993000 166.000000 168.334781
2994000 165.000000 168.333667
2995000 165.000000 168.332554
2996000 163.000000 168.330774
2997000 166.000000 168.329997
2998000 169.000000 168.330220
2999000 165.000000 168.329110
3000000 168.000000 168.329000
