1000 218.000000 218.000000
2000 218.000000 218.000000
3000 218.000000 218.000000
4000 218.000000 218.000000
5000 218.000000 218.000000
6000 218.000000 218.000000
7000 218.000000 218.000000
8000 218.000000 218.000000
9000 218.000000 218.000000
10000 218.000000 218.000000
11000 218.000000 218.000000
12000 218.000000 218.000000
13000 218.000000 218.000000
14000 218.000000 218.000000
15000 218.000000 218.000000
16000 218.000000 218.000000
17000 218.000000 218.000000
18000 218.000000 218.000000
19000 218.000000 218.000000
20000 218.000000 218.000000
21000 218.000000 218.000000
22000 218.000000 218.000000
23000 218.000000 218.000000
24000 218.000000 218.000000
25000 218.000000 218.000000
26000 218.000000 218.000000
27000 218.000000 218.000000
28000 218.000000 218.000000
29000 218.000000 218.000000
30000 218.000000 218.000000
31000 218.000000 218.000000
32000 218.000000 218.000000
33000 218.000000 218.000000
34000 218.000000 218.000000
35000 218.000000 218.000000
36000 218.000000 218.000000
37000 218.000000 218.000000
38000 218.000000 218.000000
39000 218.000000 218.000000
40000 218.000000 218.000000
41000 218.000000 218.000000
42000 218.000000 218.000000
43000 218.000000 218.000000
44000 218.000000 218.000000
45000 218.000000 218.000000
46000 218.000000 218.000000
47000 218.000000 218.000000
48000 218.000000 218.000000
49000 218.000000 218.000000
50000 218.000000 218.000000
51000 218.000000 218.000000
52000 218.000000 218.000000
53000 218.000000 218.000000
54000 218.000000 218.000000
55000 218.000000 218.000000
56000 218.000000 218.000000
57000 218.000000 218.000000
58000 218.000000 218.000000
59000 218.000000 218.000000
60000 218.000000 218.000000
61000 218.000000 218.000000
62000 218.000000 218.000000
63000 218.000000 218.000000
64000 218.000000 218.000000
65000 218.000000 218.000000
66000 218.000000 218.000000
67000 218.000000 218.000000
68000 218.000000 218.000000
69000 218.000000 218.000000
70000 218.000000 218.000000
71000 218.000000 218.000000
72000 218.000000 218.000000
73000 218.000000 218.000000
74000 218.000000 218.000000
75000 218.000000 218.000000
76000 218.000000 218.000000
77000 218.000000 218.000000
78000 218.000000 218.000000
79000 218.000000 218.000000
80000 218.000000 218.000000
81000 218.000000 218.000000
82000 218.000000 218.000000
83000 218.000000 218.000000
84000 218.000000 218.000000
85000 218.000000 218.000000
86000 218.000000 218.000000
87000 218.000000 218.000000
88000 218.000000 218.000000
89000 218.000000 218.000000
90000 218.000000 218.000000
91000 218.000000 218.000000
92000 218.000000 218.000000
93000 218.000000 218.000000
94000 218.000000 218.000000
95000 218.000000 218.000000
96000 218.000000 218.000000
97000 218.000000 218.000000
98000 218.000000 218.000000
99000 218.000000 218.000000
100000 218.000000 218.000000
101000 218.000000 218.000000
102000 218.000000 218.000000
103000 218.000000 218.000000
104000 218.000000 218.000000
105000 218.000000 218.000000
106000 218.000000 218.000000
107000 218.000000 218.000000
108000 218.000000 218.000000
109000 218.000000 218.000000
110000 218.000000 218.000000
111000 218.000000 218.000000
112000 218.000000 218.000000
113000 218.000000 218.000000
114000 218.000000 218.000000
115000 218.000000 218.000000
116000 218.000000 218.000000
117000 218.000000 218.000000
118000 218.000000 218.000000
119000 218.000000 218.000000
120000 218.000000 218.000000
121000 218.000000 218.000000
122000 218.000000 218.000000
123000 218.000000 218.000000
124000 218.000000 218.000000
125000 218.000000 218.000000
126000 218.000000 218.000000
127000 218.000000 218.000000
128000 218.000000 218.000000
129000 218.000000 218.000000
130000 218.000000 218.000000
131000 218.000000 218.000000
132000 218.000000 218.000000
133000 218.000000 218.000000
134000 218.000000 218.000000
135000 218.000000 218.000000
136000 218.000000 218.000000
137000 218.000000 218.000000
138000 218.000000 218.000000
139000 218.000000 218.000000
140000 218.000000 218.000000
141000 218.000000 218.000000
142000 218.000000 218.000000
143000 218.000000 218.000000
144000 218.000000 218.000000
145000 218.000000 218.000000
146000 218.000000 218.000000
147000 218.000000 218.000000
148000 218.000000 218.000000
149000 218.000000 218.000000
150000 218.000000 218.000000
151000 218.000000 218.000000
152000 218.000000 218.000000
153000 218.000000 218.000000
154000 218.000000 218.000000
155000 218.000000 218.000000
156000 218.000000 218.000000
157000 218.000000 218.000000
158000 218.000000 218.000000
159000 218.000000 218.000000
160000 218.000000 218.000000
161000 218.000000 218.000000
162000 218.000000 218.000000
163000 218.000000 218.000000
164000 218.000000 218.000000
165000 218.000000 218.000000
166000 218.000000 218.000000
167000 218.000000 218.000000
168000 218.000000 218.000000
169000 218.000000 218.000000
170000 218.000000 218.000000
171000 218.000000 218.000000
172000 218.000000 218.000000
173000 218.000000 218.000000
174000 218.000000 218.000000
175000 218.000000 218.000000
176000 218.000000 218.000000
177000 218.000000 218.000000
178000 218.000000 218.000000
179000 218.000000 218.000000
180000 218.000000 218.000000
181000 218.000000 218.000000
182000 218.000000 218.000000
183000 218.000000 218.000000
184000 218.000000 218.000000
185000 218.000000 218.000000
186000 218.000000 218.000000
187000 218.000000 218.000000
188000 218.000000 218.000000
189000 218.000000 218.000000
190000 218.000000 218.000000
191000 218.000000 218.000000
192000 218.000000 218.000000
193000 218.000000 218.000000
194000 218.000000 218.000000
195000 218.000000 218.000000
196000 218.000000 218.000000
197000 218.000000 218.000000
198000 218.000000 218.000000
199000 218.000000 218.000000
200000 218.000000 218.000000
201000 218.000000 218.000000
202000 218.000000 218.000000
203000 218.000000 218.000000
204000 218.000000 218.000000
205000 218.000000 218.000000
206000 218.000000 218.000000
207000 218.000000 218.000000
208000 218.000000 218.000000
209000 218.000000 218.000000
210000 218.000000 218.000000
211000 218.000000 218.000000
212000 218.000000 218.000000
213000 218.000000 218.000000
214000 218.000000 218.000000
215000 218.000000 218.000000
216000 218.000000 218.000000
217000 218.000000 218.000000
218000 218.000000 218.000000
219000 218.000000 218.000000
220000 218.000000 218.000000
221000 218.000000 218.000000
222000 218.000000 218.000000
223000 218.000000 218.000000
224000 218.000000 218.000000
225000 218.000000 218.000000
226000 218.000000 218.000000
227000 218.000000 218.000000
228000 218.000000 218.000000
229000 218.000000 218.000000
230000 218.000000 218.000000
231000 218.000000 218.000000
232000 218.000000 218.000000
233000 218.000000 218.000000
234000 218.000000 218.000000
235000 218.000000 218.000000
236000 218.000000 218.000000
237000 218.000000 218.000000
238000 218.000000 218.000000
239000 218.000000 218.000000
240000 218.000000 218.000000
241000 218.000000 218.000000
242000 218.000000 218.000000
243000 218.000000 218.000000
244000 218.000000 218.000000
245000 218.000000 218.000000
246000 218.000000 218.000000
247000 218.000000 218.000000
248000 218.000000 218.000000
249000 218.000000 218.000000
250000 218.000000 218.000000
251000 218.000000 218.000000
252000 218.000000 218.000000
253000 218.000000 218.000000
254000 218.000000 218.000000
255000 218.000000 218.000000
256000 218.000000 218.000000
257000 218.000000 218.000000
258000 218.000000 218.000000
259000 218.000000 218.000000
260000 218.000000 218.000000
261000 218.000000 218.000000
262000 218.000000 218.000000
263000 218.000000 218.000000
264000 218.000000 218.000000
265000 218.000000 218.000000
266000 218.000000 218.000000
267000 218.000000 218.000000
268000 218.000000 218.000000
269000 218.000000 218.000000
270000 218.000000 218.000000
271000 218.000000 218.000000
272000 218.000000 218.000000
273000 218.000000 218.000000
274000 218.000000 218.000000
275000 218.000000 218.000000
276000 218.000000 218.000000
277000 218.000000 218.000000
278000 218.000000 218.000000
279000 218.000000 218.000000
280000 218.000000 218.000000
281000 218.000000 218.000000
282000 218.000000 218.000000
283000 218.000000 218.000000
284000 218.000000 218.000000
285000 218.000000 218.000000
286000 218.000000 218.000000
287000 218.000000 218.000000
288000 218.000000 218.000000
289000 218.000000 218.000000
290000 218.000000 218.000000
291000 218.000000 218.000000
292000 218.000000 218.000000
293000 218.000000 218.000000
294000 218.000000 218.000000
295000 218.000000 218.000000
296000 218.000000 218.000000
297000 218.000000 218.000000
298000 218.000000 218.000000
299000 218.000000 218.000000
300000 218.000000 218.000000
301000 218.000000 218.000000
302000 218.000000 218.000000
303000 218.000000 218.000000
304000 218.000000 218.000000
305000 218.000000 218.000000
306000 218.000000 218.000000
307000 218.000000 218.000000
308000 218.000000 218.000000
309000 218.000000 218.000000
310000 218.000000 218.000000
311000 218.000000 218.000000
312000 218.000000 218.000000
313000 218.000000 218.000000
314000 218.000000 218.000000
315000 218.000000 218.000000
316000 218.000000 218.000000
317000 218.000000 218.000000
318000 218.000000 218.000000
319000 218.000000 218.000000
320000 218.000000 218.000000
321000 218.000000 218.000000
322000 218.000000 218.000000
323000 218.000000 218.000000
324000 218.000000 218.000000
325000 218.000000 218.000000
326000 218.000000 218.000000
327000 218.000000 218.000000
328000 218.000000 218.000000
329000 218.000000 218.000000
330000 218.000000 218.000000
331000 218.000000 218.000000
332000 218.000000 218.000000
333000 218.000000 218.000000
334000 218.000000 218.000000
335000 218.000000 218.000000
336000 218.000000 218.000000
337000 218.000000 218.000000
338000 218.000000 218.000000
339000 218.000000 218.000000
340000 218.000000 218.000000
341000 218.000000 218.000000
342000 218.000000 218.000000
343000 218.000000 218.000000
344000 218.000000 218.000000
345000 218.000000 218.000000
346000 218.000000 218.000000
347000 218.000000 218.000000
348000 218.000000 218.000000
349000 218.000000 218.000000
350000 218.000000 218.000000
351000 218.000000 218.000000
352000 218.000000 218.000000
353000 218.000000 218.000000
354000 218.000000 218.000000
355000 218.000000 218.000000
356000 218.000000 218.000000
357000 218.000000 218.000000
358000 218.000000 218.000000
359000 218.000000 218.000000
360000 218.000000 218.000000
361000 218.000000 218.000000
362000 218.000000 218.000000
363000 218.000000 218.000000
364000 218.000000 218.000000
365000 218.000000 218.000000
366000 218.000000 218.000000
367000 218.000000 218.000000
368000 218.000000 218.000000
369000 218.000000 218.000000
370000 218.000000 218.000000
371000 218.000000 218.000000
372000 218.000000 218.000000
373000 218.000000 218.000000
374000 218.000000 218.000000
375000 218.000000 218.000000
376000 218.000000 218.000000
377000 218.000000 218.000000
378000 218.000000 218.000000
379000 218.000000 218.000000
380000 218.000000 218.000000
381000 218.000000 218.000000
382000 218.000000 218.000000
383000 218.000000 218.000000
384000 218.000000 218.000000
385000 218.000000 218.000000
386000 218.000000 218.000000
387000 218.000000 218.000000
388000 218.000000 218.000000
389000 218.000000 218.000000
390000 218.000000 218.000000
391000 218.000000 218.000000
392000 218.000000 218.000000
393000 218.000000 218.000000
394000 218.000000 218.000000
395000 218.000000 218.000000
396000 218.000000 218.000000
397000 218.000000 218.000000
398000 218.000000 218.000000
399000 218.000000 218.000000
400000 218.000000 218.000000
401000 218.000000 218.000000
402000 218.000000 218.000000
403000 218.000000 218.000000
404000 218.000000 218.000000
405000 218.000000 218.000000
406000 218.000000 218.000000
407000 218.000000 218.000000
408000 218.000000 218.000000
409000 218.000000 218.000000
410000 218.000000 218.000000
411000 218.000000 218.000000
412000 218.000000 218.000000
413000 218.000000 218.000000
414000 218.000000 218.000000
415000 218.000000 218.000000
416000 218.000000 218.000000
417000 218.000000 218.000000
418000 218.000000 218.000000
419000 218.000000 218.000000
420000 218.000000 218.000000
421000 218.000000 218.000000
422000 218.000000 218.000000
423000 218.000000 218.000000
424000 218.000000 218.000000
425000 218.000000 218.000000
426000 218.000000 218.000000
427000 218.000000 218.000000
428000 218.000000 218.000000
429000 218.000000 218.000000
430000 218.000000 218.000000
431000 218.000000 218.000000
432000 218.000000 218.000000
433000 218.000000 218.000000
434000 218.000000 218.000000
435000 218.000000 218.000000
436000 218.000000 218.000000
437000 218.000000 218.000000
438000 218.000000 218.000000
439000 218.000000 218.000000
440000 218.000000 218.000000
441000 218.000000 218.000000
442000 218.000000 218.000000
443000 218.000000 218.000000
444000 218.000000 218.000000
445000 218.000000 218.000000
446000 218.000000 218.000000
447000 218.000000 218.000000
448000 218.000000 218.000000
449000 218.000000 218.000000
450000 218.000000 218.000000
451000 218.000000 218.000000
452000 218.000000 218.000000
453000 218.000000 218.000000
454000 218.000000 218.000000
455000 218.000000 218.000000
456000 218.000000 218.000000
457000 218.000000 218.000000
458000 218.000000 218.000000
459000 218.000000 218.000000
460000 218.000000 218.000000
461000 218.000000 218.000000
462000 218.000000 218.000000
463000 218.000000 218.000000
464000 218.000000 218.000000
465000 218.000000 218.000000
466000 218.000000 218.000000
467000 218.000000 218.000000
468000 218.000000 218.000000
469000 218.000000 218.000000
470000 218.000000 218.000000
471000 218.000000 218.000000
472000 218.000000 218.000000
473000 218.000000 218.000000
474000 218.000000 218.000000
475000 218.000000 218.000000
476000 218.000000 218.000000
477000 218.000000 218.000000
478000 218.000000 218.000000
479000 218.000000 218.000000
480000 218.000000 218.000000
481000 218.000000 218.000000
482000 218.000000 218.000000
483000 218.000000 218.000000
484000 218.000000 218.000000
485000 218.000000 218.000000
486000 218.000000 218.000000
487000 218.000000 218.000000
488000 218.000000 218.000000
489000 218.000000 218.000000
490000 218.000000 218.000000
491000 218.000000 218.000000
492000 218.000000 218.000000
493000 218.000000 218.000000
494000 218.000000 218.000000
495000 218.000000 218.000000
496000 218.000000 218.000000
497000 218.000000 218.000000
498000 218.000000 218.000000
499000 218.000000 218.000000
500000 218.000000 218.000000
501000 218.000000 218.000000
502000 218.000000 218.000000
503000 218.000000 218.000000
504000 218.000000 218.000000
505000 218.000000 218.000000
506000 218.000000 218.000000
507000 218.000000 218.000000
508000 218.000000 218.000000
509000 218.000000 218.000000
510000 218.000000 218.000000
511000 218.000000 218.000000
512000 218.000000 218.000000
513000 218.000000 218.000000
514000 218.000000 218.000000
515000 218.000000 218.000000
516000 218.000000 218.000000
517000 218.000000 218.000000
518000 218.000000 218.000000
519000 218.000000 218.000000
520000 218.000000 218.000000
521000 218.000000 218.000000
522000 218.000000 218.000000
523000 218.000000 218.000000
524000 218.000000 218.000000
525000 218.000000 218.000000
526000 218.000000 218.000000
527000 218.000000 218.000000
528000 218.000000 218.000000
529000 218.000000 218.000000
530000 218.000000 218.000000
531000 218.000000 218.000000
532000 218.000000 218.000000
533000 218.000000 218.000000
534000 218.000000 218.000000
535000 218.000000 218.000000
536000 218.000000 218.000000
537000 218.000000 218.000000
538000 218.000000 218.000000
539000 218.000000 218.000000
540000 218.000000 218.000000
541000 218.000000 218.000000
542000 218.000000 218.000000
543000 218.000000 218.000000
544000 218.000000 218.000000
545000 218.000000 218.000000
546000 218.000000 218.000000
547000 218.000000 218.000000
548000 218.000000 218.000000
549000 218.000000 218.000000
550000 218.000000 218.000000
551000 218.000000 218.000000
552000 218.000000 218.000000
553000 218.000000 218.000000
554000 218.000000 218.000000
555000 218.000000 218.000000
556000 218.000000 218.000000
557000 218.000000 218.000000
558000 218.000000 218.000000
559000 218.000000 218.000000
560000 218.000000 218.000000
561000 218.000000 218.000000
562000 218.000000 218.000000
563000 218.000000 218.000000
564000 218.000000 218.000000
565000 218.000000 218.000000
566000 218.000000 218.000000
567000 218.000000 218.000000
568000 218.000000 218.000000
569000 218.000000 218.000000
570000 218.000000 218.000000
571000 218.000000 218.000000
572000 218.000000 218.000000
573000 218.000000 218.000000
574000 218.000000 218.000000
575000 218.000000 218.000000
576000 218.000000 218.000000
577000 218.000000 218.000000
578000 218.000000 218.000000
579000 218.000000 218.000000
580000 218.000000 218.000000
581000 218.000000 218.000000
582000 218.000000 218.000000
583000 218.000000 218.000000
584000 218.000000 218.000000
585000 218.000000 218.000000
586000 218.000000 218.000000
587000 218.000000 218.000000
588000 218.000000 218.000000
589000 218.000000 218.000000
590000 218.000000 218.000000
591000 218.000000 218.000000
592000 218.000000 218.000000
593000 218.000000 218.000000
594000 218.000000 218.000000
595000 218.000000 218.000000
596000 218.000000 218.000000
597000 218.000000 218.000000
598000 218.000000 218.000000
599000 218.000000 218.000000
600000 218.000000 218.000000
601000 218.000000 218.000000
602000 218.000000 218.000000
603000 218.000000 218.000000
604000 218.000000 218.000000
605000 218.000000 218.000000
606000 218.000000 218.000000
607000 218.000000 218.000000
608000 218.000000 218.000000
609000 218.000000 218.000000
610000 218.000000 218.000000
611000 218.000000 218.000000
612000 218.000000 218.000000
613000 218.000000 218.000000
614000 218.000000 218.000000
615000 218.000000 218.000000
616000 218.000000 218.000000
617000 218.000000 218.000000
618000 218.000000 218.000000
619000 218.000000 218.000000
620000 218.000000 218.000000
621000 218.000000 218.000000
622000 218.000000 218.000000
623000 218.000000 218.000000
624000 218.000000 218.000000
625000 218.000000 218.000000
626000 218.000000 218.000000
627000 218.000000 218.000000
628000 218.000000 218.000000
629000 218.000000 218.000000
630000 218.000000 218.000000
631000 218.000000 218.000000
632000 218.000000 218.000000
633000 218.000000 218.000000
634000 218.000000 218.000000
635000 218.000000 218.000000
636000 218.000000 218.000000
637000 218.000000 218.000000
638000 218.000000 218.000000
639000 218.000000 218.000000
640000 218.000000 218.000000
641000 218.000000 218.000000
642000 218.000000 218.000000
643000 218.000000 218.000000
644000 218.000000 218.000000
645000 218.000000 218.000000
646000 218.000000 218.000000
647000 218.000000 218.000000
648000 218.000000 218.000000
649000 218.000000 218.000000
650000 218.000000 218.000000
651000 218.000000 218.000000
652000 218.000000 218.000000
653000 218.000000 218.000000
654000 218.000000 218.000000
655000 218.000000 218.000000
656000 218.000000 218.000000
657000 218.000000 218.000000
658000 218.000000 218.000000
659000 218.000000 218.000000
660000 218.000000 218.000000
661000 218.000000 218.000000
662000 218.000000 218.000000
663000 218.000000 218.000000
664000 218.000000 218.000000
665000 218.000000 218.000000
666000 218.000000 218.000000
667000 218.000000 218.000000
668000 218.000000 218.000000
669000 218.000000 218.000000
670000 218.000000 218.000000
671000 218.000000 218.000000
672000 218.000000 218.000000
673000 218.000000 218.000000
674000 218.000000 218.000000
675000 218.000000 218.000000
676000 218.000000 218.000000
677000 218.000000 218.000000
678000 218.000000 218.000000
679000 218.000000 218.000000
680000 218.000000 218.000000
681000 218.000000 218.000000
682000 218.000000 218.000000
683000 218.000000 218.000000
684000 218.000000 218.000000
685000 218.000000 218.000000
686000 218.000000 218.000000
687000 218.000000 218.000000
688000 218.000000 218.000000
689000 218.000000 218.000000
690000 218.000000 218.000000
691000 218.000000 218.000000
692000 218.000000 218.000000
693000 218.000000 218.000000
694000 218.000000 218.000000
695000 218.000000 218.000000
696000 218.000000 218.000000
697000 218.000000 218.000000
698000 218.000000 218.000000
699000 218.000000 218.000000
700000 218.000000 218.000000
701000 218.000000 218.000000
702000 218.000000 218.000000
703000 218.000000 218.000000
704000 218.000000 218.000000
705000 218.000000 218.000000
706000 218.000000 218.000000
707000 218.000000 218.000000
708000 218.000000 218.000000
709000 218.000000 218.000000
710000 218.000000 218.000000
711000 218.000000 218.000000
712000 218.000000 218.000000
713000 218.000000 218.000000
714000 218.000000 218.000000
715000 218.000000 218.000000
716000 218.000000 218.000000
717000 218.000000 218.000000
718000 218.000000 218.000000
719000 218.000000 218.000000
720000 218.000000 218.000000
721000 218.000000 218.000000
722000 218.000000 218.000000
723000 218.000000 218.000000
724000 218.000000 218.000000
725000 218.000000 218.000000
726000 218.000000 218.000000
727000 218.000000 218.000000
728000 218.000000 218.000000
729000 218.000000 218.000000
730000 218.000000 218.000000
731000 218.000000 218.000000
732000 218.000000 218.000000
733000 218.000000 218.000000
734000 218.000000 218.000000
735000 218.000000 218.000000
736000 218.000000 218.000000
737000 218.000000 218.000000
738000 218.000000 218.000000
739000 218.000000 218.000000
740000 218.000000 218.000000
741000 218.000000 218.000000
742000 218.000000 218.000000
743000 218.000000 218.000000
744000 218.000000 218.000000
745000 218.000000 218.000000
746000 218.000000 218.000000
747000 218.000000 218.000000
748000 218.000000 218.000000
749000 218.000000 218.000000
750000 218.000000 218.000000
751000 218.000000 218.000000
752000 218.000000 218.000000
753000 218.000000 218.000000
754000 218.000000 218.000000
755000 218.000000 218.000000
756000 218.000000 218.000000
757000 218.000000 218.000000
758000 218.000000 218.000000
759000 218.000000 218.000000
760000 218.000000 218.000000
761000 218.000000 218.000000
762000 218.000000 218.000000
763000 218.000000 218.000000
764000 218.000000 218.000000
765000 218.000000 218.000000
766000 218.000000 218.000000
767000 218.000000 218.000000
768000 218.000000 218.000000
769000 218.000000 218.000000
770000 218.000000 218.000000
771000 218.000000 218.000000
772000 218.000000 218.000000
773000 218.000000 218.000000
774000 218.000000 218.000000
775000 218.000000 218.000000
776000 218.000000 218.000000
777000 218.000000 218.000000
778000 218.000000 218.000000
779000 218.000000 218.000000
780000 218.000000 218.000000
781000 218.000000 218.000000
782000 218.000000 218.000000
783000 218.000000 218.000000
784000 218.000000 218.000000
785000 218.000000 218.000000
786000 218.000000 218.000000
787000 218.000000 218.000000
788000 218.000000 218.000000
789000 218.000000 218.000000
790000 218.000000 218.000000
791000 218.000000 218.000000
792000 218.000000 218.000000
793000 218.000000 218.000000
794000 218.000000 218.000000
795000 218.000000 218.000000
796000 218.000000 218.000000
797000 218.000000 218.000000
798000 218.000000 218.000000
799000 218.000000 218.000000
800000 218.000000 218.000000
801000 218.000000 218.000000
802000 218.000000 218.000000
803000 218.000000 218.000000
804000 218.000000 218.000000
805000 218.000000 218.000000
806000 218.000000 218.000000
807000 218.000000 218.000000
808000 218.000000 218.000000
809000 218.000000 218.000000
810000 218.000000 218.000000
811000 218.000000 218.000000
812000 218.000000 218.000000
813000 218.000000 218.000000
814000 218.000000 218.000000
815000 218.000000 218.000000
816000 218.000000 218.000000
817000 218.000000 218.000000
818000 218.000000 218.000000
819000 218.000000 218.000000
820000 218.000000 218.000000
821000 218.000000 218.000000
822000 218.000000 218.000000
823000 218.000000 218.000000
824000 218.000000 218.000000
825000 218.000000 218.000000
826000 218.000000 218.000000
827000 218.000000 218.000000
828000 218.000000 218.000000
829000 218.000000 218.000000
830000 218.000000 218.000000
831000 218.000000 218.000000
832000 218.000000 218.000000
833000 218.000000 218.000000
834000 218.000000 218.000000
835000 218.000000 218.000000
836000 218.000000 218.000000
837000 218.000000 218.000000
838000 218.000000 218.000000
839000 218.000000 218.000000
840000 218.000000 218.000000
841000 218.000000 218.000000
842000 218.000000 218.000000
843000 218.000000 218.000000
844000 218.000000 218.000000
845000 218.000000 218.000000
846000 218.000000 218.000000
847000 218.000000 218.000000
848000 218.000000 218.000000
849000 218.000000 218.000000
850000 218.000000 218.000000
851000 218.000000 218.000000
852000 218.000000 218.000000
853000 218.000000 218.000000
854000 218.000000 218.000000
855000 218.000000 218.000000
856000 218.000000 218.000000
857000 218.000000 218.000000
858000 218.000000 218.000000
859000 218.000000 218.000000
860000 218.000000 218.000000
861000 218.000000 218.000000
862000 218.000000 218.000000
863000 218.000000 218.000000
864000 218.000000 218.000000
865000 218.000000 218.000000
866000 218.000000 218.000000
867000 218.000000 218.000000
868000 218.000000 218.000000
869000 218.000000 218.000000
870000 218.000000 218.000000
871000 218.000000 218.000000
872000 218.000000 218.000000
873000 218.000000 218.000000
874000 218.000000 218.000000
875000 218.000000 218.000000
876000 218.000000 218.000000
877000 218.000000 218.000000
878000 218.000000 218.000000
879000 218.000000 218.000000
880000 218.000000 218.000000
881000 218.000000 218.000000
882000 218.000000 218.000000
883000 218.000000 218.000000
884000 218.000000 218.000000
885000 218.000000 218.000000
886000 218.000000 218.000000
887000 218.000000 218.000000
888000 218.000000 218.000000
889000 218.000000 218.000000
890000 218.000000 218.000000
891000 218.000000 218.000000
892000 218.000000 218.000000
893000 218.000000 218.000000
894000 218.000000 218.000000
895000 218.000000 218.000000
896000 218.000000 218.000000
897000 218.000000 218.000000
898000 218.000000 218.000000
899000 218.000000 218.000000
900000 218.000000 218.000000
901000 218.000000 218.000000
902000 218.000000 218.000000
903000 218.000000 218.000000
904000 218.000000 218.000000
905000 218.000000 218.000000
906000 218.000000 218.000000
907000 218.000000 218.000000
908000 218.000000 218.000000
909000 218.000000 218.000000
910000 218.000000 218.000000
911000 218.000000 218.000000
912000 218.000000 218.000000
913000 218.000000 218.000000
914000 218.000000 218.000000
915000 218.000000 218.000000
916000 218.000000 218.000000
917000 218.000000 218.000000
918000 218.000000 218.000000
919000 218.000000 218.000000
920000 218.000000 218.000000
921000 218.000000 218.000000
922000 218.000000 218.000000
923000 218.000000 218.000000
924000 218.000000 218.000000
925000 218.000000 218.000000
926000 218.000000 218.000000
927000 218.000000 218.000000
928000 218.000000 218.000000
929000 218.000000 218.000000
930000 218.000000 218.000000
931000 218.000000 218.000000
932000 218.000000 218.000000
933000 218.000000 218.000000
934000 218.000000 218.000000
935000 218.000000 218.000000
936000 218.000000 218.000000
937000 218.000000 218.000000
938000 218.000000 218.000000
939000 218.000000 218.000000
940000 218.000000 218.000000
941000 218.000000 218.000000
942000 218.000000 218.000000
943000 218.000000 218.000000
944000 218.000000 218.000000
945000 218.000000 218.000000
946000 218.000000 218.000000
947000 218.000000 218.000000
948000 218.000000 218.000000
949000 218.000000 218.000000
950000 218.000000 218.000000
951000 218.000000 218.000000
952000 218.000000 218.000000
953000 218.000000 218.000000
954000 218.000000 218.000000
955000 218.000000 218.000000
956000 218.000000 218.000000
957000 218.000000 218.000000
958000 218.000000 218.000000
959000 218.000000 218.000000
960000 218.000000 218.000000
961000 218.000000 218.000000
962000 218.000000 218.000000
963000 218.000000 218.000000
964000 218.000000 218.000000
965000 218.000000 218.000000
966000 218.000000 218.000000
967000 218.000000 218.000000
968000 218.000000 218.000000
969000 218.000000 218.000000
970000 218.000000 218.000000
971000 218.000000 218.000000
972000 218.000000 218.000000
973000 218.000000 218.000000
974000 218.000000 218.000000
975000 218.000000 218.000000
976000 218.000000 218.000000
977000 218.000000 218.000000
978000 218.000000 218.000000
979000 218.000000 218.000000
980000 218.000000 218.000000
981000 218.000000 218.000000
982000 218.000000 218.000000
983000 218.000000 218.000000
984000 218.000000 218.000000
985000 218.000000 218.000000
986000 218.000000 218.000000
987000 218.000000 218.000000
988000 218.000000 218.000000
989000 218.000000 218.000000
990000 218.000000 218.000000
991000 218.000000 218.000000
992000 218.000000 218.000000
993000 218.000000 218.000000
994000 218.000000 218.000000
995000 218.000000 218.000000
996000 218.000000 218.000000
997000 218.000000 218.000000
998000 218.000000 218.000000
999000 218.000000 218.000000
1000000 218.000000 218.000000
1001000 218.000000 218.000000
1002000 218.000000 218.000000
1003000 218.000000 218.000000
1004000 218.000000 218.000000
1005000 218.000000 218.000000
1006000 218.000000 218.000000
1007000 218.000000 218.000000
1008000 218.000000 218.000000
1009000 218.000000 218.000000
1010000 218.000000 218.000000
1011000 218.000000 218.000000
1012000 218.000000 218.000000
1013000 218.000000 218.000000
1014000 218.000000 218.000000
1015000 218.000000 218.000000
1016000 218.000000 218.000000
1017000 218.000000 218.000000
1018000 218.000000 218.000000
1019000 218.000000 218.000000
1020000 218.000000 218.000000
1021000 218.000000 218.000000
1022000 218.000000 218.000000
1023000 218.000000 218.000000
1024000 218.000000 218.000000
1025000 218.000000 218.000000
1026000 218.000000 218.000000
1027000 218.000000 218.000000
1028000 218.000000 218.000000
1029000 218.000000 218.000000
1030000 218.000000 218.000000
1031000 218.000000 218.000000
1032000 218.000000 218.000000
1033000 218.000000 218.000000
1034000 218.000000 218.000000
1035000 218.000000 218.000000
1036000 218.000000 218.000000
1037000 218.000000 218.000000
1038000 218.000000 218.000000
1039000 218.000000 218.000000
1040000 218.000000 218.000000
1041000 218.000000 218.000000
1042000 218.000000 218.000000
1043000 218.000000 218.000000
1044000 218.000000 218.000000
1045000 218.000000 218.000000
1046000 218.000000 218.000000
1047000 218.000000 218.000000
1048000 218.000000 218.000000
1049000 218.000000 218.000000
1050000 218.000000 218.000000
1051000 218.000000 218.000000
1052000 218.000000 218.000000
1053000 218.000000 218.000000
1054000 218.000000 218.000000
1055000 218.000000 218.000000
1056000 218.000000 218.000000
1057000 218.000000 218.000000
1058000 218.000000 218.000000
1059000 218.000000 218.000000
1060000 218.000000 218.000000
1061000 218.000000 218.000000
1062000 218.000000 218.000000
1063000 218.000000 218.000000
1064000 218.000000 218.000000
1065000 218.000000 218.000000
1066000 218.000000 218.000000
1067000 218.000000 218.000000
1068000 218.000000 218.000000
1069000 218.000000 218.000000
1070000 218.000000 218.000000
1071000 218.000000 218.000000
1072000 218.000000 218.000000
1073000 218.000000 218.000000
1074000 218.000000 218.000000
1075000 218.000000 218.000000
1076000 218.000000 218.000000
1077000 218.000000 218.000000
1078000 218.000000 218.000000
1079000 218.000000 218.000000
1080000 218.000000 218.000000
1081000 218.000000 218.000000
1082000 218.000000 218.000000
1083000 218.000000 218.000000
1084000 218.000000 218.000000
1085000 218.000000 218.000000
1086000 218.000000 218.000000
1087000 218.000000 218.000000
1088000 218.000000 218.000000
1089000 218.000000 218.000000
1090000 218.000000 218.000000
1091000 218.000000 218.000000
1092000 218.000000 218.000000
1093000 218.000000 218.000000
1094000 218.000000 218.000000
1095000 218.000000 218.000000
1096000 218.000000 218.000000
1097000 218.000000 218.000000
1098000 218.000000 218.000000
1099000 218.000000 218.000000
1100000 218.000000 218.000000
1101000 218.000000 218.000000
1102000 218.000000 218.000000
1103000 218.000000 218.000000
1104000 218.000000 218.000000
1105000 218.000000 218.000000
1106000 218.000000 218.000000
1107000 218.000000 218.000000
1108000 218.000000 218.000000
1109000 218.000000 218.000000
1110000 218.000000 218.000000
1111000 218.000000 218.000000
1112000 218.000000 218.000000
1113000 218.000000 218.000000
1114000 218.000000 218.000000
1115000 218.000000 218.000000
1116000 218.000000 218.000000
1117000 218.000000 218.000000
1118000 218.000000 218.000000
1119000 218.000000 218.000000
1120000 218.000000 218.000000
1121000 218.000000 218.000000
1122000 218.000000 218.000000
1123000 218.000000 218.000000
1124000 218.000000 218.000000
1125000 218.000000 218.000000
1126000 218.000000 218.000000
1127000 218.000000 218.000000
1128000 218.000000 218.000000
1129000 218.000000 218.000000
1130000 218.000000 218.000000
1131000 218.000000 218.000000
1132000 218.000000 218.000000
1133000 218.000000 218.000000
1134000 218.000000 218.000000
1135000 218.000000 218.000000
1136000 218.000000 218.000000
1137000 218.000000 218.000000
1138000 218.000000 218.000000
1139000 218.000000 218.000000
1140000 218.000000 218.000000
1141000 218.000000 218.000000
1142000 218.000000 218.000000
1143000 218.000000 218.000000
1144000 218.000000 218.000000
1145000 218.000000 218.000000
1146000 218.000000 218.000000
1147000 218.000000 218.000000
1148000 218.000000 218.000000
1149000 218.000000 218.000000
1150000 218.000000 218.000000
1151000 218.000000 218.000000
1152000 218.000000 218.000000
1153000 218.000000 218.000000
1154000 218.000000 218.000000
1155000 218.000000 218.000000
1156000 218.000000 218.000000
1157000 218.000000 218.000000
1158000 218.000000 218.000000
1159000 218.000000 218.000000
1160000 218.000000 218.000000
1161000 218.000000 218.000000
1162000 218.000000 218.000000
1163000 218.000000 218.000000
1164000 218.000000 218.000000
1165000 218.000000 218.000000
1166000 218.000000 218.000000
1167000 218.000000 218.000000
1168000 218.000000 218.000000
1169000 218.000000 218.000000
1170000 218.000000 218.000000
1171000 218.000000 218.000000
1172000 218.000000 218.000000
1173000 218.000000 218.000000
1174000 218.000000 218.000000
1175000 218.000000 218.000000
1176000 218.000000 218.000000
1177000 218.000000 218.000000
1178000 218.000000 218.000000
1179000 218.000000 218.000000
1180000 218.000000 218.000000
1181000 218.000000 218.000000
1182000 218.000000 218.000000
1183000 218.000000 218.000000
1184000 218.000000 218.000000
1185000 218.000000 218.000000
1186000 218.000000 218.000000
1187000 218.000000 218.000000
1188000 218.000000 218.000000
1189000 218.000000 218.000000
1190000 218.000000 218.000000
1191000 218.000000 218.000000
1192000 218.000000 218.000000
1193000 218.000000 218.000000
1194000 218.000000 218.000000
1195000 218.000000 218.000000
1196000 218.000000 218.000000
1197000 218.000000 218.000000
1198000 218.000000 218.000000
1199000 218.000000 218.000000
1200000 218.000000 218.000000
1201000 218.000000 218.000000
1202000 218.000000 218.000000
1203000 218.000000 218.000000
1204000 218.000000 218.000000
1205000 218.000000 218.000000
1206000 218.000000 218.000000
1207000 218.000000 218.000000
1208000 218.000000 218.000000
1209000 218.000000 218.000000
1210000 218.000000 218.000000
1211000 218.000000 218.000000
1212000 218.000000 218.000000
1213000 218.000000 218.000000
1214000 218.000000 218.000000
1215000 218.000000 218.000000
1216000 218.000000 218.000000
1217000 218.000000 218.000000
1218000 218.000000 218.000000
1219000 218.000000 218.000000
1220000 218.000000 218.000000
1221000 218.000000 218.000000
1222000 218.000000 218.000000
1223000 218.000000 218.000000
1224000 218.000000 218.000000
1225000 218.000000 218.000000
1226000 218.000000 218.000000
1227000 218.000000 218.000000
1228000 218.000000 218.000000
1229000 218.000000 218.000000
1230000 218.000000 218.000000
1231000 218.000000 218.000000
1232000 218.000000 218.000000
1233000 218.000000 218.000000
1234000 218.000000 218.000000
1235000 218.000000 218.000000
1236000 218.000000 218.000000
1237000 218.000000 218.000000
1238000 218.000000 218.000000
1239000 218.000000 218.000000
1240000 218.000000 218.000000
1241000 218.000000 218.000000
1242000 218.000000 218.000000
1243000 218.000000 218.000000
1244000 218.000000 218.000000
1245000 218.000000 218.000000
1246000 218.000000 218.000000
1247000 218.000000 218.000000
1248000 218.000000 218.000000
1249000 218.000000 218.000000
1250000 218.000000 218.000000
1251000 218.000000 218.000000
1252000 218.000000 218.000000
1253000 218.000000 218.000000
1254000 218.000000 218.000000
1255000 218.000000 218.000000
1256000 218.000000 218.000000
1257000 218.000000 218.000000
1258000 218.000000 218.000000
1259000 218.000000 218.000000
1260000 218.000000 218.000000
1261000 218.000000 218.000000
1262000 218.000000 218.000000
1263000 218.000000 218.000000
1264000 218.000000 218.000000
1265000 218.000000 218.000000
1266000 218.000000 218.000000
1267000 218.000000 218.000000
1268000 218.000000 218.000000
1269000 218.000000 218.000000
1270000 218.000000 218.000000
1271000 218.000000 218.000000
1272000 218.000000 218.000000
1273000 218.000000 218.000000
1274000 218.000000 218.000000
1275000 218.000000 218.000000
1276000 218.000000 218.000000
1277000 218.000000 218.000000
1278000 218.000000 218.000000
1279000 218.000000 218.000000
1280000 218.000000 218.000000
1281000 218.000000 218.000000
1282000 218.000000 218.000000
1283000 218.000000 218.000000
1284000 218.000000 218.000000
1285000 218.000000 218.000000
1286000 218.000000 218.000000
1287000 218.000000 218.000000
1288000 218.000000 218.000000
1289000 218.000000 218.000000
1290000 218.000000 218.000000
1291000 218.000000 218.000000
1292000 218.000000 218.000000
1293000 218.000000 218.000000
1294000 218.000000 218.000000
1295000 218.000000 218.000000
1296000 218.000000 218.000000
1297000 218.000000 218.000000
1298000 218.000000 218.000000
1299000 218.000000 218.000000
1300000 218.000000 218.000000
1301000 218.000000 218.000000
1302000 218.000000 218.000000
1303000 218.000000 218.000000
1304000 218.000000 218.000000
1305000 218.000000 218.000000
1306000 218.000000 218.000000
1307000 218.000000 218.000000
1308000 218.000000 218.000000
1309000 218.000000 218.000000
1310000 218.000000 218.000000
1311000 218.000000 218.000000
1312000 218.000000 218.000000
1313000 218.000000 218.000000
1314000 218.000000 218.000000
1315000 218.000000 218.000000
1316000 218.000000 218.000000
1317000 218.000000 218.000000
1318000 218.000000 218.000000
1319000 218.000000 218.000000
1320000 218.000000 218.000000
1321000 218.000000 218.000000
1322000 218.000000 218.000000
1323000 218.000000 218.000000
1324000 218.000000 218.000000
1325000 218.000000 218.000000
1326000 218.000000 218.000000
1327000 218.000000 218.000000
1328000 218.000000 218.000000
1329000 218.000000 218.000000
1330000 218.000000 218.000000
1331000 218.000000 218.000000
1332000 218.000000 218.000000
1333000 218.000000 218.000000
1334000 218.000000 218.000000
1335000 218.000000 218.000000
1336000 218.000000 218.000000
1337000 218.000000 218.000000
1338000 218.000000 218.000000
1339000 218.000000 218.000000
1340000 218.000000 218.000000
1341000 218.000000 218.000000
1342000 218.000000 218.000000
1343000 218.000000 218.000000
1344000 218.000000 218.000000
1345000 218.000000 218.000000
1346000 218.000000 218.000000
1347000 218.000000 218.000000
1348000 218.000000 218.000000
1349000 218.000000 218.000000
1350000 218.000000 218.000000
1351000 218.000000 218.000000
1352000 218.000000 218.000000
1353000 218.000000 218.000000
1354000 218.000000 218.000000
1355000 218.000000 218.000000
1356000 218.000000 218.000000
1357000 218.000000 218.000000
1358000 218.000000 218.000000
1359000 218.000000 218.000000
1360000 218.000000 218.000000
1361000 218.000000 218.000000
1362000 218.000000 218.000000
1363000 218.000000 218.000000
1364000 218.000000 218.000000
1365000 218.000000 218.000000
1366000 218.000000 218.000000
1367000 218.000000 218.000000
1368000 218.000000 218.000000
1369000 218.000000 218.000000
1370000 218.000000 218.000000
1371000 218.000000 218.000000
1372000 218.000000 218.000000
1373000 218.000000 218.000000
1374000 218.000000 218.000000
1375000 218.000000 218.000000
1376000 218.000000 218.000000
1377000 218.000000 218.000000
1378000 218.000000 218.000000
1379000 218.000000 218.000000
1380000 218.000000 218.000000
1381000 218.000000 218.000000
1382000 218.000000 218.000000
1383000 218.000000 218.000000
1384000 218.000000 218.000000
1385000 218.000000 218.000000
1386000 218.000000 218.000000
1387000 218.000000 218.000000
1388000 218.000000 218.000000
1389000 218.000000 218.000000
1390000 218.000000 218.000000
1391000 218.000000 218.000000
1392000 218.000000 218.000000
1393000 218.000000 218.000000
1394000 218.000000 218.000000
1395000 218.000000 218.000000
1396000 218.000000 218.000000
1397000 218.000000 218.000000
1398000 218.000000 218.000000
1399000 218.000000 218.000000
1400000 218.000000 218.000000
1401000 218.000000 218.000000
1402000 218.000000 218.000000
1403000 218.000000 218.000000
1404000 218.000000 218.000000
1405000 218.000000 218.000000
1406000 218.000000 218.000000
1407000 218.000000 218.000000
1408000 218.000000 218.000000
1409000 218.000000 218.000000
1410000 218.000000 218.000000
1411000 218.000000 218.000000
1412000 218.000000 218.000000
1413000 218.000000 218.000000
1414000 218.000000 218.000000
1415000 218.000000 218.000000
1416000 218.000000 218.000000
1417000 218.000000 218.000000
1418000 218.000000 218.000000
1419000 218.000000 218.000000
1420000 218.000000 218.000000
1421000 218.000000 218.000000
1422000 218.000000 218.000000
1423000 218.000000 218.000000
1424000 218.000000 218.000000
1425000 218.000000 218.000000
1426000 218.000000 218.000000
1427000 218.000000 218.000000
1428000 218.000000 218.000000
1429000 218.000000 218.000000
1430000 218.000000 218.000000
1431000 218.000000 218.000000
1432000 218.000000 218.000000
1433000 218.000000 218.000000
1434000 218.000000 218.000000
1435000 218.000000 218.000000
1436000 218.000000 218.000000
1437000 218.000000 218.000000
1438000 218.000000 218.000000
1439000 218.000000 218.000000
1440000 218.000000 218.000000
1441000 218.000000 218.000000
1442000 218.000000 218.000000
1443000 218.000000 218.000000
1444000 218.000000 218.000000
1445000 218.000000 218.000000
1446000 218.000000 218.000000
1447000 218.000000 218.000000
1448000 218.000000 218.000000
1449000 218.000000 218.000000
1450000 218.000000 218.000000
1451000 218.000000 218.000000
1452000 218.000000 218.000000
1453000 218.000000 218.000000
1454000 218.000000 218.000000
1455000 218.000000 218.000000
1456000 218.000000 218.000000
1457000 218.000000 218.000000
1458000 218.000000 218.000000
1459000 218.000000 218.000000
1460000 218.000000 218.000000
1461000 218.000000 218.000000
1462000 218.000000 218.000000
1463000 218.000000 218.000000
1464000 218.000000 218.000000
1465000 218.000000 218.000000
1466000 218.000000 218.000000
1467000 218.000000 218.000000
1468000 218.000000 218.000000
1469000 218.000000 218.000000
1470000 218.000000 218.000000
1471000 218.000000 218.000000
1472000 218.000000 218.000000
1473000 218.000000 218.000000
1474000 218.000000 218.000000
1475000 218.000000 218.000000
1476000 218.000000 218.000000
1477000 218.000000 218.000000
1478000 218.000000 218.000000
1479000 218.000000 218.000000
1480000 218.000000 218.000000
1481000 218.000000 218.000000
1482000 218.000000 218.000000
1483000 218.000000 218.000000
1484000 218.000000 218.000000
1485000 218.000000 218.000000
1486000 218.000000 218.000000
1487000 218.000000 218.000000
1488000 218.000000 218.000000
1489000 218.000000 218.000000
1490000 218.000000 218.000000
1491000 218.000000 218.000000
1492000 218.000000 218.000000
1493000 218.000000 218.000000
1494000 218.000000 218.000000
1495000 218.000000 218.000000
1496000 218.000000 218.000000
1497000 218.000000 218.000000
1498000 218.000000 218.000000
1499000 218.000000 218.000000
1500000 218.000000 218.000000
1501000 218.000000 218.000000
1502000 218.000000 218.000000
1503000 218.000000 218.000000
1504000 218.000000 218.000000
1505000 218.000000 218.000000
1506000 218.000000 218.000000
1507000 218.000000 218.000000
1508000 218.000000 218.000000
1509000 218.000000 218.000000
1510000 218.000000 218.000000
1511000 218.000000 218.000000
1512000 218.000000 218.000000
1513000 218.000000 218.000000
1514000 218.000000 218.000000
1515000 218.000000 218.000000
1516000 218.000000 218.000000
1517000 218.000000 218.000000
1518000 218.000000 218.000000
1519000 218.000000 218.000000
1520000 218.000000 218.000000
1521000 218.000000 218.000000
1522000 218.000000 218.000000
1523000 218.000000 218.000000
1524000 218.000000 218.000000
1525000 218.000000 218.000000
1526000 218.000000 218.000000
1527000 218.000000 218.000000
1528000 218.000000 218.000000
1529000 218.000000 218.000000
1530000 218.000000 218.000000
1531000 218.000000 218.000000
1532000 218.000000 218.000000
1533000 218.000000 218.000000
1534000 218.000000 218.000000
1535000 218.000000 218.000000
1536000 218.000000 218.000000
1537000 218.000000 218.000000
1538000 218.000000 218.000000
1539000 218.000000 218.000000
1540000 218.000000 218.000000
1541000 218.000000 218.000000
1542000 218.000000 218.000000
1543000 218.000000 218.000000
1544000 218.000000 218.000000
1545000 218.000000 218.000000
1546000 218.000000 218.000000
1547000 218.000000 218.000000
1548000 218.000000 218.000000
1549000 218.000000 218.000000
1550000 218.000000 218.000000
1551000 218.000000 218.000000
1552000 218.000000 218.000000
1553000 218.000000 218.000000
1554000 218.000000 218.000000
1555000 218.000000 218.000000
1556000 218.000000 218.000000
1557000 218.000000 218.000000
1558000 218.000000 218.000000
1559000 218.000000 218.000000
1560000 218.000000 218.000000
1561000 218.000000 218.000000
1562000 218.000000 218.000000
1563000 218.000000 218.000000
1564000 218.000000 218.000000
1565000 218.000000 218.000000
1566000 218.000000 218.000000
1567000 218.000000 218.000000
1568000 218.000000 218.000000
1569000 218.000000 218.000000
1570000 218.000000 218.000000
1571000 218.000000 218.000000
1572000 218.000000 218.000000
1573000 218.000000 218.000000
1574000 218.000000 218.000000
1575000 218.000000 218.000000
1576000 218.000000 218.000000
1577000 218.000000 218.000000
1578000 218.000000 218.000000
1579000 218.000000 218.000000
1580000 218.000000 218.000000
1581000 218.000000 218.000000
1582000 218.000000 218.000000
1583000 218.000000 218.000000
1584000 218.000000 218.000000
1585000 218.000000 218.000000
1586000 218.000000 218.000000
1587000 218.000000 218.000000
1588000 218.000000 218.000000
1589000 218.000000 218.000000
1590000 218.000000 218.000000
1591000 218.000000 218.000000
1592000 218.000000 218.000000
1593000 218.000000 218.000000
1594000 218.000000 218.000000
1595000 218.000000 218.000000
1596000 218.000000 218.000000
1597000 218.000000 218.000000
1598000 218.000000 218.000000
1599000 218.000000 218.000000
1600000 218.000000 218.000000
1601000 218.000000 218.000000
1602000 218.000000 218.000000
1603000 218.000000 218.000000
1604000 218.000000 218.000000
1605000 218.000000 218.000000
1606000 218.000000 218.000000
1607000 218.000000 218.000000
1608000 218.000000 218.000000
1609000 218.000000 218.000000
1610000 218.000000 218.000000
1611000 218.000000 218.000000
1612000 218.000000 218.000000
1613000 218.000000 218.000000
1614000 218.000000 218.000000
1615000 218.000000 218.000000
1616000 218.000000 218.000000
1617000 218.000000 218.000000
1618000 218.000000 218.000000
1619000 218.000000 218.000000
1620000 218.000000 218.000000
1621000 218.000000 218.000000
1622000 218.000000 218.000000
1623000 218.000000 218.000000
1624000 218.000000 218.000000
1625000 218.000000 218.000000
1626000 218.000000 218.000000
1627000 218.000000 218.000000
1628000 218.000000 218.000000
1629000 218.000000 218.000000
1630000 218.000000 218.000000
1631000 218.000000 218.000000
1632000 218.000000 218.000000
1633000 218.000000 218.000000
1634000 218.000000 218.000000
1635000 218.000000 218.000000
1636000 218.000000 218.000000
1637000 218.000000 218.000000
1638000 218.000000 218.000000
1639000 218.000000 218.000000
1640000 218.000000 218.000000
1641000 218.000000 218.000000
1642000 218.000000 218.000000
1643000 218.000000 218.000000
1644000 218.000000 218.000000
1645000 218.000000 218.000000
1646000 218.000000 218.000000
1647000 218.000000 218.000000
1648000 218.000000 218.000000
1649000 218.000000 218.000000
1650000 218.000000 218.000000
1651000 218.000000 218.000000
1652000 218.000000 218.000000
1653000 218.000000 218.000000
1654000 218.000000 218.000000
1655000 218.000000 218.000000
1656000 218.000000 218.000000
1657000 218.000000 218.000000
1658000 218.000000 218.000000
1659000 218.000000 218.000000
1660000 218.000000 218.000000
1661000 218.000000 218.000000
1662000 218.000000 218.000000
1663000 218.000000 218.000000
1664000 218.000000 218.000000
1665000 218.000000 218.000000
1666000 218.000000 218.000000
1667000 218.000000 218.000000
1668000 218.000000 218.000000
1669000 218.000000 218.000000
1670000 218.000000 218.000000
1671000 218.000000 218.000000
1672000 218.000000 218.000000
1673000 218.000000 218.000000
1674000 218.000000 218.000000
1675000 218.000000 218.000000
1676000 218.000000 218.000000
1677000 218.000000 218.000000
1678000 218.000000 218.000000
1679000 218.000000 218.000000
1680000 218.000000 218.000000
1681000 218.000000 218.000000
1682000 218.000000 218.000000
1683000 218.000000 218.000000
1684000 218.000000 218.000000
1685000 218.000000 218.000000
1686000 218.000000 218.000000
1687000 218.000000 218.000000
1688000 218.000000 218.000000
1689000 218.000000 218.000000
1690000 218.000000 218.000000
1691000 218.000000 218.000000
1692000 218.000000 218.000000
1693000 218.000000 218.000000
1694000 218.000000 218.000000
1695000 218.000000 218.000000
1696000 218.000000 218.000000
1697000 218.000000 218.000000
1698000 218.000000 218.000000
1699000 218.000000 218.000000
1700000 218.000000 218.000000
1701000 218.000000 218.000000
1702000 218.000000 218.000000
1703000 218.000000 218.000000
1704000 218.000000 218.000000
1705000 218.000000 218.000000
1706000 218.000000 218.000000
1707000 218.000000 218.000000
1708000 218.000000 218.000000
1709000 218.000000 218.000000
1710000 218.000000 218.000000
1711000 218.000000 218.000000
1712000 218.000000 218.000000
1713000 218.000000 218.000000
1714000 218.000000 218.000000
1715000 218.000000 218.000000
1716000 218.000000 218.000000
1717000 218.000000 218.000000
1718000 218.000000 218.000000
1719000 218.000000 218.000000
1720000 218.000000 218.000000
1721000 218.000000 218.000000
1722000 218.000000 218.000000
1723000 218.000000 218.000000
1724000 218.000000 218.000000
1725000 218.000000 218.000000
1726000 218.000000 218.000000
1727000 218.000000 218.000000
1728000 218.000000 218.000000
1729000 218.000000 218.000000
1730000 218.000000 218.000000
1731000 218.000000 218.000000
1732000 218.000000 218.000000
1733000 218.000000 218.000000
1734000 218.000000 218.000000
1735000 218.000000 218.000000
1736000 218.000000 218.000000
1737000 218.000000 218.000000
1738000 218.000000 218.000000
1739000 218.000000 218.000000
1740000 218.000000 218.000000
1741000 218.000000 218.000000
1742000 218.000000 218.000000
1743000 218.000000 218.000000
1744000 218.000000 218.000000
1745000 218.000000 218.000000
1746000 218.000000 218.000000
1747000 218.000000 218.000000
1748000 218.000000 218.000000
1749000 218.000000 218.000000
1750000 218.000000 218.000000
1751000 218.000000 218.000000
1752000 218.000000 218.000000
1753000 218.000000 218.000000
1754000 218.000000 218.000000
1755000 218.000000 218.000000
1756000 218.000000 218.000000
1757000 218.000000 218.000000
1758000 218.000000 218.000000
1759000 218.000000 218.000000
1760000 218.000000 218.000000
1761000 218.000000 218.000000
1762000 218.000000 218.000000
1763000 218.000000 218.000000
1764000 218.000000 218.000000
1765000 218.000000 218.000000
1766000 218.000000 218.000000
1767000 218.000000 218.000000
1768000 218.000000 218.000000
1769000 218.000000 218.000000
1770000 218.000000 218.000000
1771000 218.000000 218.000000
1772000 218.000000 218.000000
1773000 218.000000 218.000000
1774000 218.000000 218.000000
1775000 218.000000 218.000000
1776000 218.000000 218.000000
1777000 218.000000 218.000000
1778000 218.000000 218.000000
1779000 218.000000 218.000000
1780000 218.000000 218.000000
1781000 218.000000 218.000000
1782000 218.000000 218.000000
1783000 218.000000 218.000000
1784000 218.000000 218.000000
1785000 218.000000 218.000000
1786000 218.000000 218.000000
1787000 218.000000 218.000000
1788000 218.000000 218.000000
1789000 218.000000 218.000000
1790000 218.000000 218.000000
1791000 218.000000 218.000000
1792000 218.000000 218.000000
1793000 218.000000 218.000000
1794000 218.000000 218.000000
1795000 218.000000 218.000000
1796000 218.000000 218.000000
1797000 218.000000 218.000000
1798000 218.000000 218.000000
1799000 218.000000 218.000000
1800000 218.000000 218.000000
1801000 218.000000 218.000000
1802000 218.000000 218.000000
1803000 218.000000 218.000000
1804000 218.000000 218.000000
1805000 218.000000 218.000000
1806000 218.000000 218.000000
1807000 218.000000 218.000000
1808000 218.000000 218.000000
1809000 218.000000 218.000000
1810000 218.000000 218.000000
1811000 218.000000 218.000000
1812000 218.000000 218.000000
1813000 218.000000 218.000000
1814000 218.000000 218.000000
1815000 218.000000 218.000000
1816000 218.000000 218.000000
1817000 218.000000 218.000000
1818000 218.000000 218.000000
1819000 218.000000 218.000000
1820000 218.000000 218.000000
1821000 218.000000 218.000000
1822000 218.000000 218.000000
1823000 218.000000 218.000000
1824000 218.000000 218.000000
1825000 218.000000 218.000000
1826000 218.000000 218.000000
1827000 218.000000 218.000000
1828000 218.000000 218.000000
1829000 218.000000 218.000000
1830000 218.000000 218.000000
1831000 218.000000 218.000000
1832000 218.000000 218.000000
1833000 218.000000 218.000000
1834000 218.000000 218.000000
1835000 218.000000 218.000000
1836000 218.000000 218.000000
1837000 218.000000 218.000000
1838000 218.000000 218.000000
1839000 218.000000 218.000000
1840000 218.000000 218.000000
1841000 218.000000 218.000000
1842000 218.000000 218.000000
1843000 218.000000 218.000000
1844000 218.000000 218.000000
1845000 218.000000 218.000000
1846000 218.000000 218.000000
1847000 218.000000 218.000000
1848000 218.000000 218.000000
1849000 218.000000 218.000000
1850000 218.000000 218.000000
1851000 218.000000 218.000000
1852000 218.000000 218.000000
1853000 218.000000 218.000000
1854000 218.000000 218.000000
1855000 218.000000 218.000000
1856000 218.000000 218.000000
1857000 218.000000 218.000000
1858000 218.000000 218.000000
1859000 218.000000 218.000000
1860000 218.000000 218.000000
1861000 218.000000 218.000000
1862000 218.000000 218.000000
1863000 218.000000 218.000000
1864000 218.000000 218.000000
1865000 218.000000 218.000000
1866000 218.000000 218.000000
1867000 218.000000 218.000000
1868000 218.000000 218.000000
1869000 218.000000 218.000000
1870000 218.000000 218.000000
1871000 218.000000 218.000000
1872000 218.000000 218.000000
1873000 218.000000 218.000000
1874000 218.000000 218.000000
1875000 218.000000 218.000000
1876000 218.000000 218.000000
1877000 218.000000 218.000000
1878000 218.000000 218.000000
1879000 218.000000 218.000000
1880000 218.000000 218.000000
1881000 218.000000 218.000000
1882000 218.000000 218.000000
1883000 218.000000 218.000000
1884000 218.000000 218.000000
1885000 218.000000 218.000000
1886000 218.000000 218.000000
1887000 218.000000 218.000000
1888000 218.000000 218.000000
1889000 218.000000 218.000000
1890000 218.000000 218.000000
1891000 218.000000 218.000000
1892000 218.000000 218.000000
1893000 218.000000 218.000000
1894000 218.000000 218.000000
1895000 218.000000 218.000000
1896000 218.000000 218.000000
1897000 218.000000 218.000000
1898000 218.000000 218.000000
1899000 218.000000 218.000000
1900000 218.000000 218.000000
1901000 218.000000 218.000000
1902000 218.000000 218.000000
1903000 218.000000 218.000000
1904000 218.000000 218.000000
1905000 218.000000 218.000000
1906000 218.000000 218.000000
1907000 218.000000 218.000000
1908000 218.000000 218.000000
1909000 218.000000 218.000000
1910000 218.000000 218.000000
1911000 218.000000 218.000000
1912000 218.000000 218.000000
1913000 218.000000 218.000000
1914000 218.000000 218.000000
1915000 218.000000 218.000000
1916000 218.000000 218.000000
1917000 218.000000 218.000000
1918000 218.000000 218.000000
1919000 218.000000 218.000000
1920000 218.000000 218.000000
1921000 218.000000 218.000000
1922000 218.000000 218.000000
1923000 218.000000 218.000000
1924000 218.000000 218.000000
1925000 218.000000 218.000000
1926000 218.000000 218.000000
1927000 218.000000 218.000000
1928000 218.000000 218.000000
1929000 218.000000 218.000000
1930000 218.000000 218.000000
1931000 218.000000 218.000000
1932000 218.000000 218.000000
1933000 218.000000 218.000000
1934000 218.000000 218.000000
1935000 218.000000 218.000000
1936000 218.000000 218.000000
1937000 218.000000 218.000000
1938000 218.000000 218.000000
1939000 218.000000 218.000000
1940000 218.000000 218.000000
1941000 218.000000 218.000000
1942000 218.000000 218.000000
1943000 218.000000 218.000000
1944000 218.000000 218.000000
1945000 218.000000 218.000000
1946000 218.000000 218.000000
1947000 218.000000 218.000000
1948000 218.000000 218.000000
1949000 218.000000 218.000000
1950000 218.000000 218.000000
1951000 218.000000 218.000000
1952000 218.000000 218.000000
1953000 219.000000 218.000512
1954000 219.000000 218.001024
1955000 219.000000 218.001535
1956000 219.000000 218.002045
1957000 219.000000 218.002555
1958000 219.000000 218.003064
1959000 219.000000 218.003573
1960000 219.000000 218.004082
1961000 219.000000 218.004589
1962000 219.000000 218.005097
1963000 219.000000 218.005604
1964000 219.000000 218.006110
1965000 219.000000 218.006616
1966000 219.000000 218.007121
1967000 219.000000 218.007626
1968000 219.000000 218.008130
1969000 219.000000 218.008634
1970000 219.000000 218.009137
1971000 219.000000 218.009640
1972000 219.000000 218.010142
1973000 219.000000 218.010644
1974000 219.000000 218.011145
1975000 219.000000 218.011646
1976000 219.000000 218.012146
1977000 219.000000 218.012645
1978000 219.000000 218.013145
1979000 219.000000 218.013643
1980000 219.000000 218.014141
1981000 219.000000 218.014639
1982000 219.000000 218.015136
1983000 219.000000 218.015633
1984000 219.000000 218.016129
1985000 219.000000 218.016625
1986000 219.000000 218.017120
1987000 219.000000 218.017614
1988000 219.000000 218.018109
1989000 219.000000 218.018602
1990000 219.000000 218.019095
1991000 219.000000 218.019588
1992000 219.000000 218.020080
1993000 219.000000 218.020572
1994000 219.000000 218.021063
1995000 219.000000 218.021554
1996000 219.000000 218.022044
1997000 219.000000 218.022534
1998000 219.000000 218.023023
1999000 219.000000 218.023512
2000000 219.000000 218.024000
2001000 219.000000 218.024488
2002000 219.000000 218.024975
2003000 219.000000 218.025462
2004000 219.000000 218.025948
2005000 219.000000 218.026434
2006000 219.000000 218.026919
2007000 219.000000 218.027404
2008000 219.000000 218.027888
2009000 219.000000 218.028372
2010000 219.000000 218.028856
2011000 219.000000 218.029339
2012000 219.000000 218.029821
2013000 219.000000 218.030303
2014000 219.000000 218.030785
2015000 219.000000 218.031266
2016000 219.000000 218.031746
2017000 219.000000 218.032226
2018000 219.000000 218.032706
2019000 219.000000 218.033185
2020000 219.000000 218.033663
2021000 219.000000 218.034142
2022000 219.000000 218.034619
2023000 219.000000 218.035096
2024000 219.000000 218.035573
2025000 219.000000 218.036049
2026000 219.000000 218.036525
2027000 219.000000 218.037000
2028000 219.000000 218.037475
2029000 219.000000 218.037950
2030000 219.000000 218.038424
2031000 219.000000 218.038897
2032000 219.000000 218.039370
2033000 219.000000 218.039843
2034000 219.000000 218.040315
2035000 219.000000 218.040786
2036000 219.000000 218.041257
2037000 219.000000 218.041728
2038000 219.000000 218.042198
2039000 219.000000 218.042668
2040000 219.000000 218.043137
2041000 219.000000 218.043606
2042000 219.000000 218.044074
2043000 219.000000 218.044542
2044000 219.000000 218.045010
2045000 219.000000 218.045477
2046000 219.000000 218.045943
2047000 219.000000 218.046409
2048000 219.000000 218.046875
2049000 219.000000 218.047340
2050000 219.000000 218.047805
2051000 219.000000 218.048269
2052000 219.000000 218.048733
2053000 219.000000 218.049196
2054000 219.000000 218.049659
2055000 219.000000 218.050122
2056000 219.000000 218.050584
2057000 219.000000 218.051045
2058000 219.000000 218.051506
2059000 219.000000 218.051967
2060000 219.000000 218.052427
2061000 219.000000 218.052887
2062000 219.000000 218.053346
2063000 219.000000 218.053805
2064000 219.000000 218.054264
2065000 219.000000 218.054722
2066000 219.000000 218.055179
2067000 219.000000 218.055636
2068000 219.000000 218.056093
2069000 219.000000 218.056549
2070000 219.000000 218.057005
2071000 219.000000 218.057460
2072000 219.000000 218.057915
2073000 219.000000 218.058370
2074000 219.000000 218.058824
2075000 219.000000 218.059277
2076000 219.000000 218.059730
2077000 219.000000 218.060183
2078000 219.000000 218.060635
2079000 219.000000 218.061087
2080000 219.000000 218.061538
2081000 219.000000 218.061989
2082000 219.000000 218.062440
2083000 219.000000 218.062890
2084000 219.000000 218.063340
2085000 219.000000 218.063789
2086000 219.000000 218.064238
2087000 219.000000 218.064686
2088000 219.000000 218.065134
2089000 219.000000 218.065582
2090000 219.000000 218.066029
2091000 219.000000 218.066475
2092000 219.000000 218.066922
2093000 219.000000 218.067367
2094000 219.000000 218.067813
2095000 219.000000 218.068258
2096000 219.000000 218.068702
2097000 219.000000 218.069146
2098000 219.000000 218.069590
2099000 219.000000 218.070033
2100000 219.000000 218.070476
2101000 219.000000 218.070919
2102000 219.000000 218.071361
2103000 219.000000 218.071802
2104000 219.000000 218.072243
2105000 219.000000 218.072684
2106000 219.000000 218.073124
2107000 219.000000 218.073564
2108000 219.000000 218.074004
2109000 219.000000 218.074443
2110000 219.000000 218.074882
2111000 219.000000 218.075320
2112000 219.000000 218.075758
2113000 219.000000 218.076195
2114000 219.000000 218.076632
2115000 219.000000 218.077069
2116000 219.000000 218.077505
2117000 219.000000 218.077940
2118000 219.000000 218.078376
2119000 219.000000 218.078811
2120000 219.000000 218.079245
2121000 219.000000 218.079679
2122000 219.000000 218.080113
2123000 219.000000 218.080546
2124000 219.000000 218.080979
2125000 219.000000 218.081412
2126000 219.000000 218.081844
2127000 219.000000 218.082276
2128000 219.000000 218.082707
2129000 219.000000 218.083138
2130000 219.000000 218.083568
2131000 219.000000 218.083998
2132000 219.000000 218.084428
2133000 219.000000 218.084857
2134000 219.000000 218.085286
2135000 219.000000 218.085714
2136000 219.000000 218.086142
2137000 219.000000 218.086570
2138000 219.000000 218.086997
2139000 219.000000 218.087424
2140000 219.000000 218.087850
2141000 219.000000 218.088277
2142000 219.000000 218.088702
2143000 219.000000 218.089127
2144000 219.000000 218.089552
2145000 219.000000 218.089977
2146000 219.000000 218.090401
2147000 219.000000 218.090824
2148000 219.000000 218.091248
2149000 219.000000 218.091671
2150000 219.000000 218.092093
2151000 219.000000 218.092515
2152000 219.000000 218.092937
2153000 219.000000 218.093358
2154000 219.000000 218.093779
2155000 219.000000 218.094200
2156000 219.000000 218.094620
2157000 219.000000 218.095039
2158000 219.000000 218.095459
2159000 219.000000 218.095878
2160000 219.000000 218.096296
2161000 219.000000 218.096714
2162000 219.000000 218.097132
2163000 219.000000 218.097550
2164000 219.000000 218.097967
2165000 219.000000 218.098383
2166000 219.000000 218.098800
2167000 219.000000 218.099216
2168000 219.000000 218.099631
2169000 219.000000 218.100046
2170000 219.000000 218.100461
2171000 219.000000 218.100875
2172000 219.000000 218.101289
2173000 219.000000 218.101703
2174000 219.000000 218.102116
2175000 219.000000 218.102529
2176000 219.000000 218.102941
2177000 219.000000 218.103353
2178000 219.000000 218.103765
2179000 219.000000 218.104176
2180000 219.000000 218.104587
2181000 219.000000 218.104998
2182000 219.000000 218.105408
2183000 219.000000 218.105818
2184000 219.000000 218.106227
2185000 219.000000 218.106636
2186000 219.000000 218.107045
2187000 219.000000 218.107453
2188000 219.000000 218.107861
2189000 219.000000 218.108269
2190000 219.000000 218.108676
2191000 219.000000 218.109083
2192000 219.000000 218.109489
2193000 219.000000 218.109895
2194000 219.000000 218.110301
2195000 219.000000 218.110706
2196000 219.000000 218.111111
2197000 219.000000 218.111516
2198000 219.000000 218.111920
2199000 219.000000 218.112324
2200000 219.000000 218.112727
2201000 219.000000 218.113130
2202000 219.000000 218.113533
2203000 219.000000 218.113936
2204000 219.000000 218.114338
2205000 219.000000 218.114739
2206000 219.000000 218.115141
2207000 219.000000 218.115541
2208000 219.000000 218.115942
2209000 219.000000 218.116342
2210000 219.000000 218.116742
2211000 219.000000 218.117142
2212000 219.000000 218.117541
2213000 219.000000 218.117939
2214000 219.000000 218.118338
2215000 219.000000 218.118736
2216000 219.000000 218.119134
2217000 219.000000 218.119531
2218000 219.000000 218.119928
2219000 219.000000 218.120324
2220000 219.000000 218.120721
2221000 219.000000 218.121117
2222000 219.000000 218.121512
2223000 219.000000 218.121907
2224000 219.000000 218.122302
2225000 219.000000 218.122697
2226000 219.000000 218.123091
2227000 219.000000 218.123485
2228000 219.000000 218.123878
2229000 219.000000 218.124271
2230000 219.000000 218.124664
2231000 219.000000 218.125056
2232000 219.000000 218.125448
2233000 219.000000 218.125840
2234000 219.000000 218.126231
2235000 219.000000 218.126622
2236000 219.000000 218.127013
2237000 219.000000 218.127403
2238000 219.000000 218.127793
2239000 219.000000 218.128182
2240000 219.000000 218.128571
2241000 219.000000 218.128960
2242000 219.000000 218.129349
2243000 219.000000 218.129737
2244000 219.000000 218.130125
2245000 219.000000 218.130512
2246000 219.000000 218.130899
2247000 219.000000 218.131286
2248000 219.000000 218.131673
2249000 219.000000 218.132059
2250000 219.000000 218.132444
2251000 219.000000 218.132830
2252000 219.000000 218.133215
2253000 219.000000 218.133600
2254000 219.000000 218.133984
2255000 219.000000 218.134368
2256000 219.000000 218.134752
2257000 219.000000 218.135135
2258000 219.000000 218.135518
2259000 219.000000 218.135901
2260000 219.000000 218.136283
2261000 219.000000 218.136665
2262000 219.000000 218.137047
2263000 219.000000 218.137428
2264000 219.000000 218.137809
2265000 219.000000 218.138190
2266000 219.000000 218.138570
2267000 219.000000 218.138950
2268000 219.000000 218.139330
2269000 219.000000 218.139709
2270000 219.000000 218.140088
2271000 219.000000 218.140467
2272000 219.000000 218.140845
2273000 219.000000 218.141223
2274000 219.000000 218.141601
2275000 219.000000 218.141978
2276000 219.000000 218.142355
2277000 219.000000 218.142732
2278000 219.000000 218.143108
2279000 219.000000 218.143484
2280000 219.000000 218.143860
2281000 219.000000 218.144235
2282000 219.000000 218.144610
2283000 219.000000 218.144985
2284000 219.000000 218.145359
2285000 219.000000 218.145733
2286000 219.000000 218.146107
2287000 219.000000 218.146480
2288000 219.000000 218.146853
2289000 219.000000 218.147226
2290000 219.000000 218.147598
2291000 219.000000 218.147970
2292000 219.000000 218.148342
2293000 219.000000 218.148713
2294000 219.000000 218.149085
2295000 219.000000 218.149455
2296000 219.000000 218.149826
2297000 219.000000 218.150196
2298000 219.000000 218.150566
2299000 219.000000 218.150935
2300000 219.000000 218.151304
2301000 219.000000 218.151673
2302000 219.000000 218.152042
2303000 219.000000 218.152410
2304000 219.000000 218.152778
2305000 219.000000 218.153145
2306000 219.000000 218.153513
2307000 219.000000 218.153879
2308000 219.000000 218.154246
2309000 219.000000 218.154612
2310000 219.000000 218.154978
2311000 219.000000 218.155344
2312000 219.000000 218.155709
2313000 219.000000 218.156074
2314000 219.000000 218.156439
2315000 219.000000 218.156803
2316000 219.000000 218.157168
2317000 219.000000 218.157531
2318000 219.000000 218.157895
2319000 219.000000 218.158258
2320000 219.000000 218.158621
2321000 219.000000 218.158983
2322000 219.000000 218.159345
2323000 219.000000 218.159707
2324000 219.000000 218.160069
2325000 219.000000 218.160430
2326000 219.000000 218.160791
2327000 219.000000 218.161152
2328000 219.000000 218.161512
2329000 219.000000 218.161872
2330000 219.000000 218.162232
2331000 219.000000 218.162591
2332000 219.000000 218.162950
2333000 219.000000 218.163309
2334000 219.000000 218.163668
2335000 219.000000 218.164026
2336000 219.000000 218.164384
2337000 219.000000 218.164741
2338000 219.000000 218.165098
2339000 219.000000 218.165455
2340000 219.000000 218.165812
2341000 219.000000 218.166168
2342000 219.000000 218.166524
2343000 219.000000 218.166880
2344000 219.000000 218.167235
2345000 219.000000 218.167591
2346000 219.000000 218.167945
2347000 219.000000 218.168300
2348000 219.000000 218.168654
2349000 219.000000 218.169008
2350000 219.000000 218.169362
2351000 219.000000 218.169715
2352000 219.000000 218.170068
2353000 219.000000 218.170421
2354000 219.000000 218.170773
2355000 219.000000 218.171125
2356000 219.000000 218.171477
2357000 219.000000 218.171829
2358000 219.000000 218.172180
2359000 219.000000 218.172531
2360000 219.000000 218.172881
2361000 219.000000 218.173232
2362000 219.000000 218.173582
2363000 219.000000 218.173931
2364000 219.000000 218.174281
2365000 219.000000 218.174630
2366000 219.000000 218.174979
2367000 219.000000 218.175327
2368000 219.000000 218.175676
2369000 219.000000 218.176024
2370000 219.000000 218.176371
2371000 219.000000 218.176719
2372000 219.000000 218.177066
2373000 219.000000 218.177413
2374000 219.000000 218.177759
2375000 219.000000 218.178105
2376000 219.000000 218.178451
2377000 219.000000 218.178797
2378000 219.000000 218.179142
2379000 219.000000 218.179487
2380000 219.000000 218.179832
2381000 219.000000 218.180176
2382000 219.000000 218.180521
2383000 219.000000 218.180864
2384000 219.000000 218.181208
2385000 219.000000 218.181551
2386000 219.000000 218.181894
2387000 219.000000 218.182237
2388000 219.000000 218.182580
2389000 219.000000 218.182922
2390000 219.000000 218.183264
2391000 219.000000 218.183605
2392000 219.000000 218.183946
2393000 219.000000 218.184288
2394000 219.000000 218.184628
2395000 219.000000 218.184969
2396000 219.000000 218.185309
2397000 219.000000 218.185649
2398000 219.000000 218.185988
2399000 219.000000 218.186328
2400000 219.000000 218.186667
2401000 219.000000 218.187005
2402000 219.000000 218.187344
2403000 219.000000 218.187682
2404000 219.000000 218.188020
2405000 219.000000 218.188358
2406000 219.000000 218.188695
2407000 219.000000 218.189032
2408000 219.000000 218.189369
2409000 219.000000 218.189705
2410000 219.000000 218.190041
2411000 219.000000 218.190377
2412000 219.000000 218.190713
2413000 219.000000 218.191048
2414000 219.000000 218.191384
2415000 219.000000 218.191718
2416000 219.000000 218.192053
2417000 219.000000 218.192387
2418000 219.000000 218.192721
2419000 219.000000 218.193055
2420000 219.000000 218.193388
2421000 219.000000 218.193722
2422000 219.000000 218.194055
2423000 219.000000 218.194387
2424000 219.000000 218.194719
2425000 219.000000 218.195052
2426000 219.000000 218.195383
2427000 219.000000 218.195715
2428000 219.000000 218.196046
2429000 219.000000 218.196377
2430000 219.000000 218.196708
2431000 219.000000 218.197038
2432000 219.000000 218.197368
2433000 219.000000 218.197698
2434000 219.000000 218.198028
2435000 219.000000 218.198357
2436000 219.000000 218.198686
2437000 219.000000 218.199015
2438000 219.000000 218.199344
2439000 219.000000 218.199672
2440000 219.000000 218.200000
2441000 219.000000 218.200328
2442000 219.000000 218.200655
2443000 219.000000 218.200982
2444000 219.000000 218.201309
2445000 219.000000 218.201636
2446000 219.000000 218.201962
2447000 219.000000 218.202289
2448000 219.000000 218.202614
2449000 219.000000 218.202940
2450000 219.000000 218.203265
2451000 219.000000 218.203590
2452000 219.000000 218.203915
2453000 219.000000 218.204240
2454000 219.000000 218.204564
2455000 219.000000 218.204888
2456000 219.000000 218.205212
2457000 219.000000 218.205535
2458000 219.000000 218.205858
2459000 219.000000 218.206181
2460000 219.000000 218.206504
2461000 219.000000 218.206826
2462000 219.000000 218.207149
2463000 219.000000 218.207471
2464000 219.000000 218.207792
2465000 219.000000 218.208114
2466000 219.000000 218.208435
2467000 219.000000 218.208756
2468000 219.000000 218.209076
2469000 219.000000 218.209397
2470000 219.000000 218.209717
2471000 219.000000 218.210036
2472000 219.000000 218.210356
2473000 219.000000 218.210675
2474000 219.000000 218.210994
2475000 219.000000 218.211313
2476000 219.000000 218.211632
2477000 219.000000 218.211950
2478000 219.000000 218.212268
2479000 219.000000 218.212586
2480000 219.000000 218.212903
2481000 219.000000 218.213220
2482000 219.000000 218.213537
2483000 219.000000 218.213854
2484000 219.000000 218.214171
2485000 219.000000 218.214487
2486000 219.000000 218.214803
2487000 219.000000 218.215119
2488000 219.000000 218.215434
2489000 219.000000 218.215749
2490000 219.000000 218.216064
2491000 219.000000 218.216379
2492000 219.000000 218.216693
2493000 219.000000 218.217008
2494000 219.000000 218.217322
2495000 219.000000 218.217635
2496000 219.000000 218.217949
2497000 219.000000 218.218262
2498000 219.000000 218.218575
2499000 219.000000 218.218888
2500000 219.000000 218.219200
2501000 219.000000 218.219512
2502000 219.000000 218.219824
2503000 219.000000 218.220136
2504000 219.000000 218.220447
2505000 219.000000 218.220758
2506000 219.000000 218.221069
2507000 219.000000 218.221380
2508000 219.000000 218.221691
2509000 219.000000 218.222001
2510000 219.000000 218.222311
2511000 219.000000 218.222620
2512000 219.000000 218.222930
2513000 219.000000 218.223239
2514000 219.000000 218.223548
2515000 219.000000 218.223857
2516000 219.000000 218.224165
2517000 219.000000 218.224474
2518000 219.000000 218.224782
2519000 219.000000 218.225089
2520000 219.000000 218.225397
2521000 219.000000 218.225704
2522000 219.000000 218.226011
2523000 219.000000 218.226318
2524000 219.000000 218.226624
2525000 219.000000 218.226931
2526000 219.000000 218.227237
2527000 219.000000 218.227543
2528000 219.000000 218.227848
2529000 219.000000 218.228153
2530000 219.000000 218.228458
2531000 219.000000 218.228763
2532000 219.000000 218.229068
2533000 219.000000 218.229372
2534000 219.000000 218.229676
2535000 219.000000 218.229980
2536000 219.000000 218.230284
2537000 219.000000 218.230587
2538000 219.000000 218.230890
2539000 219.000000 218.231193
2540000 219.000000 218.231496
2541000 219.000000 218.231799
2542000 219.000000 218.232101
2543000 219.000000 218.232403
2544000 219.000000 218.232704
2545000 219.000000 218.233006
2546000 219.000000 218.233307
2547000 219.000000 218.233608
2548000 219.000000 218.233909
2549000 219.000000 218.234209
2550000 219.000000 218.234510
2551000 219.000000 218.234810
2552000 219.000000 218.235110
2553000 219.000000 218.235409
2554000 219.000000 218.235709
2555000 219.000000 218.236008
2556000 219.000000 218.236307
2557000 219.000000 218.236605
2558000 219.000000 218.236904
2559000 219.000000 218.237202
2560000 219.000000 218.237500
2561000 219.000000 218.237798
2562000 219.000000 218.238095
2563000 219.000000 218.238393
2564000 219.000000 218.238690
2565000 219.000000 218.238986
2566000 219.000000 218.239283
2567000 219.000000 218.239579
2568000 219.000000 218.239875
2569000 219.000000 218.240171
2570000 219.000000 218.240467
2571000 219.000000 218.240762
2572000 219.000000 218.241058
2573000 219.000000 218.241353
2574000 219.000000 218.241647
2575000 219.000000 218.241942
2576000 219.000000 218.242236
2577000 219.000000 218.242530
2578000 219.000000 218.242824
2579000 219.000000 218.243117
2580000 219.000000 218.243411
2581000 219.000000 218.243704
2582000 219.000000 218.243997
2583000 219.000000 218.244290
2584000 219.000000 218.244582
2585000 219.000000 218.244874
2586000 219.000000 218.245166
2587000 219.000000 218.245458
2588000 219.000000 218.245750
2589000 219.000000 218.246041
2590000 219.000000 218.246332
2591000 219.000000 218.246623
2592000 219.000000 218.246914
2593000 219.000000 218.247204
2594000 219.000000 218.247494
2595000 219.000000 218.247784
2596000 219.000000 218.248074
2597000 219.000000 218.248363
2598000 219.000000 218.248653
2599000 219.000000 218.248942
2600000 219.000000 218.249231
2601000 219.000000 218.249519
2602000 219.000000 218.249808
2603000 219.000000 218.250096
2604000 219.000000 218.250384
2605000 219.000000 218.250672
2606000 219.000000 218.250959
2607000 219.000000 218.251247
2608000 219.000000 218.251534
2609000 219.000000 218.251821
2610000 219.000000 218.252107
2611000 219.000000 218.252394
2612000 219.000000 218.252680
2613000 219.000000 218.252966
2614000 219.000000 218.253252
2615000 219.000000 218.253537
2616000 219.000000 218.253823
2617000 219.000000 218.254108
2618000 219.000000 218.254393
2619000 219.000000 218.254677
2620000 219.000000 218.254962
2621000 219.000000 218.255246
2622000 219.000000 218.255530
2623000 219.000000 218.255814
2624000 219.000000 218.256098
2625000 219.000000 218.256381
2626000 219.000000 218.256664
2627000 219.000000 218.256947
2628000 219.000000 218.257230
2629000 219.000000 218.257512
2630000 219.000000 218.257795
2631000 219.000000 218.258077
2632000 219.000000 218.258359
2633000 219.000000 218.258640
2634000 219.000000 218.258922
2635000 219.000000 218.259203
2636000 219.000000 218.259484
2637000 219.000000 218.259765
2638000 219.000000 218.260045
2639000 219.000000 218.260326
2640000 219.000000 218.260606
2641000 219.000000 218.260886
2642000 219.000000 218.261166
2643000 219.000000 218.261445
2644000 219.000000 218.261725
2645000 219.000000 218.262004
2646000 219.000000 218.262283
2647000 219.000000 218.262561
2648000 219.000000 218.262840
2649000 219.000000 218.263118
2650000 219.000000 218.263396
2651000 219.000000 218.263674
2652000 219.000000 218.263952
2653000 219.000000 218.264229
2654000 219.000000 218.264506
2655000 219.000000 218.264783
2656000 219.000000 218.265060
2657000 219.000000 218.265337
2658000 219.000000 218.265613
2659000 219.000000 218.265889
2660000 219.000000 218.266165
2661000 219.000000 218.266441
2662000 219.000000 218.266717
2663000 219.000000 218.266992
2664000 219.000000 218.267267
2665000 219.000000 218.267542
2666000 219.000000 218.267817
2667000 219.000000 218.268091
2668000 219.000000 218.268366
2669000 219.000000 218.268640
2670000 219.000000 218.268914
2671000 219.000000 218.269188
2672000 219.000000 218.269461
2673000 219.000000 218.269734
2674000 219.000000 218.270007
2675000 219.000000 218.270280
2676000 219.000000 218.270553
2677000 219.000000 218.270826
2678000 219.000000 218.271098
2679000 219.000000 218.271370
2680000 219.000000 218.271642
2681000 219.000000 218.271913
2682000 219.000000 218.272185
2683000 219.000000 218.272456
2684000 219.000000 218.272727
2685000 219.000000 218.272998
2686000 219.000000 218.273269
2687000 219.000000 218.273539
2688000 219.000000 218.273810
2689000 219.000000 218.274080
2690000 219.000000 218.274349
2691000 219.000000 218.274619
2692000 219.000000 218.274889
2693000 219.000000 218.275158
2694000 219.000000 218.275427
2695000 219.000000 218.275696
2696000 219.000000 218.275964
2697000 219.000000 218.276233
2698000 219.000000 218.276501
2699000 219.000000 218.276769
2700000 219.000000 218.277037
2701000 219.000000 218.277305
2702000 219.000000 218.277572
2703000 219.000000 218.277839
2704000 219.000000 218.278107
2705000 219.000000 218.278373
2706000 219.000000 218.278640
2707000 219.000000 218.278907
2708000 219.000000 218.279173
2709000 219.000000 218.279439
2710000 219.000000 218.279705
2711000 219.000000 218.279970
2712000 219.000000 218.280236
2713000 219.000000 218.280501
2714000 219.000000 218.280766
2715000 219.000000 218.281031
2716000 219.000000 218.281296
2717000 219.000000 218.281561
2718000 219.000000 218.281825
2719000 219.000000 218.282089
2720000 219.000000 218.282353
2721000 219.000000 218.282617
2722000 219.000000 218.282880
2723000 219.000000 218.283144
2724000 219.000000 218.283407
2725000 219.000000 218.283670
2726000 219.000000 218.283933
2727000 219.000000 218.284195
2728000 219.000000 218.284457
2729000 219.000000 218.284720
2730000 219.000000 218.284982
2731000 219.000000 218.285244
2732000 219.000000 218.285505
2733000 219.000000 218.285767
2734000 219.000000 218.286028
2735000 219.000000 218.286289
2736000 219.000000 218.286550
2737000 219.000000 218.286810
2738000 219.000000 218.287071
2739000 219.000000 218.287331
2740000 219.000000 218.287591
2741000 219.000000 218.287851
2742000 219.000000 218.288111
2743000 219.000000 218.288370
2744000 219.000000 218.288630
2745000 219.000000 218.288889
2746000 219.000000 218.289148
2747000 219.000000 218.289407
2748000 219.000000 218.289665
2749000 219.000000 218.289924
2750000 219.000000 218.290182
2751000 219.000000 218.290440
2752000 219.000000 218.290698
2753000 219.000000 218.290955
2754000 219.000000 218.291213
2755000 219.000000 218.291470
2756000 219.000000 218.291727
2757000 219.000000 218.291984
2758000 219.000000 218.292241
2759000 219.000000 218.292497
2760000 219.000000 218.292754
2761000 219.000000 218.293010
2762000 219.000000 218.293266
2763000 219.000000 218.293522
2764000 219.000000 218.293777
2765000 219.000000 218.294033
2766000 219.000000 218.294288
2767000 219.000000 218.294543
2768000 219.000000 218.294798
2769000 219.000000 218.295052
2770000 219.000000 218.295307
2771000 219.000000 218.295561
2772000 219.000000 218.295815
2773000 219.000000 218.296069
2774000 219.000000 218.296323
2775000 219.000000 218.296577
2776000 219.000000 218.296830
2777000 219.000000 218.297083
2778000 219.000000 218.297336
2779000 219.000000 218.297589
2780000 219.000000 218.297842
2781000 219.000000 218.298094
2782000 219.000000 218.298347
2783000 219.000000 218.298599
2784000 219.000000 218.298851
2785000 219.000000 218.299102
2786000 219.000000 218.299354
2787000 219.000000 218.299605
2788000 219.000000 218.299857
2789000 219.000000 218.300108
2790000 219.000000 218.300358
2791000 219.000000 218.300609
2792000 219.000000 218.300860
2793000 219.000000 218.301110
2794000 219.000000 218.301360
2795000 219.000000 218.301610
2796000 219.000000 218.301860
2797000 219.000000 218.302109
2798000 219.000000 218.302359
2799000 219.000000 218.302608
2800000 219.000000 218.302857
2801000 219.000000 218.303106
2802000 219.000000 218.303355
2803000 219.000000 218.303603
2804000 219.000000 218.303852
2805000 219.000000 218.304100
2806000 219.000000 218.304348
2807000 219.000000 218.304596
2808000 219.000000 218.304843
2809000 219.000000 218.305091
2810000 219.000000 218.305338
2811000 219.000000 218.305585
2812000 219.000000 218.305832
2813000 219.000000 218.306079
2814000 219.000000 218.306326
2815000 219.000000 218.306572
2816000 219.000000 218.306818
2817000 219.000000 218.307064
2818000 219.000000 218.307310
2819000 219.000000 218.307556
2820000 219.000000 218.307801
2821000 219.000000 218.308047
2822000 219.000000 218.308292
2823000 219.000000 218.308537
2824000 219.000000 218.308782
2825000 219.000000 218.309027
2826000 219.000000 218.309271
2827000 219.000000 218.309515
2828000 219.000000 218.309760
2829000 219.000000 218.310004
2830000 219.000000 218.310247
2831000 219.000000 218.310491
2832000 219.000000 218.310734
2833000 219.000000 218.310978
2834000 219.000000 218.311221
2835000 219.000000 218.311464
2836000 219.000000 218.311707
2837000 219.000000 218.311949
2838000 219.000000 218.312192
2839000 219.000000 218.312434
2840000 219.000000 218.312676
2841000 219.000000 218.312918
2842000 219.000000 218.313160
2843000 219.000000 218.313401
2844000 219.000000 218.313643
2845000 219.000000 218.313884
2846000 219.000000 218.314125
2847000 219.000000 218.314366
2848000 219.000000 218.314607
2849000 219.000000 218.314847
2850000 219.000000 218.315088
2851000 219.000000 218.315328
2852000 219.000000 218.315568
2853000 219.000000 218.315808
2854000 219.000000 218.316048
2855000 219.000000 218.316287
2856000 219.000000 218.316527
2857000 219.000000 218.316766
2858000 219.000000 218.317005
2859000 219.000000 218.317244
2860000 219.000000 218.317483
2861000 219.000000 218.317721
2862000 219.000000 218.317959
2863000 219.000000 218.318198
2864000 219.000000 218.318436
2865000 219.000000 218.318674
2866000 219.000000 218.318911
2867000 219.000000 218.319149
2868000 219.000000 218.319386
2869000 219.000000 218.319624
2870000 219.000000 218.319861
2871000 219.000000 218.320098
2872000 219.000000 218.320334
2873000 219.000000 218.320571
2874000 219.000000 218.320807
2875000 219.000000 218.321043
2876000 219.000000 218.321280
2877000 219.000000 218.321515
2878000 219.000000 218.321751
2879000 219.000000 218.321987
2880000 219.000000 218.322222
2881000 219.000000 218.322457
2882000 219.000000 218.322693
2883000 219.000000 218.322928
2884000 219.000000 218.323162
2885000 219.000000 218.323397
2886000 219.000000 218.323631
2887000 219.000000 218.323866
2888000 219.000000 218.324100
2889000 219.000000 218.324334
2890000 219.000000 218.324567
2891000 219.000000 218.324801
2892000 219.000000 218.325035
2893000 219.000000 218.325268
2894000 219.000000 218.325501
2895000 219.000000 218.325734
2896000 219.000000 218.325967
2897000 219.000000 218.326200
2898000 219.000000 218.326432
2899000 219.000000 218.326664
2900000 219.000000 218.326897
2901000 219.000000 218.327129
2902000 219.000000 218.327360
2903000 219.000000 218.327592
2904000 219.000000 218.327824
2905000 219.000000 218.328055
2906000 219.000000 218.328286
2907000 219.000000 218.328517
2908000 219.000000 218.328748
2909000 219.000000 218.328979
2910000 219.000000 218.329210
2911000 219.000000 218.329440
2912000 219.000000 218.329670
2913000 219.000000 218.329900
2914000 219.000000 218.330130
2915000 219.000000 218.330360
2916000 219.000000 218.330590
2917000 219.000000 218.330819
2918000 219.000000 218.331049
2919000 219.000000 218.331278
2920000 219.000000 218.331507
2921000 219.000000 218.331736
2922000 219.000000 218.331964
2923000 219.000000 218.332193
2924000 219.000000 218.332421
2925000 219.000000 218.332650
2926000 219.000000 218.332878
2927000 219.000000 218.333106
2928000 219.000000 218.333333
2929000 219.000000 218.333561
2930000 219.000000 218.333788
2931000 219.000000 218.334016
2932000 219.000000 218.334243
2933000 219.000000 218.334470
2934000 219.000000 218.334697
2935000 219.000000 218.334923
2936000 219.000000 218.335150
2937000 219.000000 218.335376
2938000 219.000000 218.335602
2939000 219.000000 218.335829
2940000 219.000000 218.336054
2941000 219.000000 218.336280
2942000 219.000000 218.336506
2943000 219.000000 218.336731
2944000 219.000000 218.336957
2945000 219.000000 218.337182
2946000 219.000000 218.337407
2947000 219.000000 218.337631
2948000 219.000000 218.337856
2949000 219.000000 218.338081
2950000 219.000000 218.338305
2951000 219.000000 218.338529
2952000 219.000000 218.338753
2953000 219.000000 218.338977
2954000 219.000000 218.339201
2955000 219.000000 218.339425
2956000 219.000000 218.339648
2957000 219.000000 218.339871
2958000 219.000000 218.340095
2959000 219.000000 218.340318
2960000 219.000000 218.340541
2961000 219.000000 218.340763
2962000 219.000000 218.340986
2963000 219.000000 218.341208
2964000 219.000000 218.341430
2965000 219.000000 218.341653
2966000 219.000000 218.341875
2967000 219.000000 218.342096
2968000 219.000000 218.342318
2969000 219.000000 218.342540
2970000 219.000000 218.342761
2971000 219.000000 218.342982
2972000 219.000000 218.343203
2973000 219.000000 218.343424
2974000 219.000000 218.343645
2975000 219.000000 218.343866
2976000 219.000000 218.344086
2977000 219.000000 218.344306
2978000 219.000000 218.344527
2979000 219.000000 218.344747
2980000 219.000000 218.344966
2981000 219.000000 218.345186
2982000 219.000000 218.345406
2983000 219.000000 218.345625
2984000 219.000000 218.345845
2985000 219.000000 218.346064
2986000 219.000000 218.346283
2987000 219.000000 218.346502
2988000 219.000000 218.346720
2989000 219.000000 218.346939
2990000 219.000000 218.347157
2991000 219.000000 218.347375
2992000 219.000000 218.347594
2993000 219.000000 218.347812
2994000 219.000000 218.348029
2995000 219.000000 218.348247
2996000 219.000000 218.348465
2997000 219.000000 218.348682
2998000 219.000000 218.348899
2999000 219.000000 218.349116
3000000 219.000000 218.349333
