# r N rho/M
0 0 0
0.2 0 0
0.4 0 0
0.6 0 0
0.8 0 0
1 0 0
1.2 0 0
1.4 0 0
1.6 0 0
1.8 0 0
2 0 0
2.2 0 0
2.4 0 0
2.6 0 0
2.8 0 0
3 0 0
3.2 0 0
3.4 0.0006666666666666666 0.2591011428886967
3.6 0.0003333333333333333 0.1223533174752179
3.8 0.0003333333333333333 0.1159136691870485
4 0 0
4.2 0 0
4.4 0.0003333333333333333 0.100107259752451
4.6 0.001666666666666667 0.4787738509899832
4.8 0.001666666666666667 0.4588249405320671
5 0.001666666666666667 0.4404719429107845
5.2 0.001 0.2541184286023757
5.4 0.001666666666666667 0.4078443915840596
5.6 0.003666666666666667 0.8652127450033266
5.8 0.004 0.9113212611947265
6 0.005333333333333333 1.174591847762092
6.2 0.005333333333333333 1.136701788156863
6.4 0.006 1.238827339436581
6.6 0.01033333333333333 2.068883368217321
6.8 0.01233333333333333 2.396685571720445
7 0.01366666666666667 2.579907094191738
7.2 0.01566666666666667 2.875302960667621
7.4 0.02033333333333333 3.630917367237547
7.6 0.027 4.694503602075466
7.8 0.02566666666666667 4.348248667196205
8 0.03033333333333333 5.010368350610173
8.199999999999999 0.03766666666666667 6.069918237673007
8.4 0.049 7.708259000938727
8.6 0.04733333333333333 7.272908824805975
8.800000000000001 0.06166666666666667 9.259921527101717
9 0.068 9.984030705977782
9.199999999999999 0.07833333333333334 11.25118549826461
9.4 0.08833333333333333 12.41756009269765
9.6 0.09866666666666667 13.58121823974919
9.800000000000001 0.111 14.96705683564196
10 0.124 16.38555627628118
10.2 0.1436666666666667 18.61209876417138
10.4 0.1536666666666667 19.5247659309492
10.6 0.156 19.44725181907992
10.8 0.1966666666666667 24.06281910345952
11 0.2026666666666667 24.34608557179608
11.2 0.23 27.13621791146797
11.4 0.2483333333333333 28.78522784811705
11.6 0.255 29.0483652005819
11.8 0.292 32.69944254151247
12 0.309 34.0264575898581
12.2 0.3283333333333333 35.5626937514035
12.4 0.3493333333333333 37.22698356213726
12.6 0.3923333333333333 41.14567276238042
12.8 0.404 41.7071870943649
13 0.409 41.57377491934864
13.2 0.4593333333333333 45.98260131295915
13.4 0.4796666666666667 47.30142730213573
13.6 0.5246666666666666 50.97814986335108
13.8 0.515 49.31370665196825
14 0.5616666666666666 53.01394455747656
14.2 0.5946666666666667 55.33816522203095
14.4 0.6176666666666667 56.68017432039469
14.6 0.608 55.02882355268979
14.8 0.647 57.76730008039409
15 0.6850000000000001 60.34465617877748
15.2 0.7206666666666667 62.65133819559973
15.4 0.708 60.75080563263025
15.6 0.7693333333333333 65.16725924603143
15.8 0.8096666666666666 67.71559172976552
16 0.7886666666666666 65.13478855793225
16.2 0.8116666666666666 66.20673956714569
16.4 0.8343333333333334 67.22568738449353
16.6 0.879 69.97135623227339
16.8 0.8926666666666667 70.21332518542147
17 0.9116666666666666 70.86416258005853
17.2 0.8953333333333333 68.78532782897481
17.4 0.907 68.88069865863474
17.6 0.922 69.22417011881987
17.8 0.9226666666666666 68.495861684104
18 0.9453333333333334 69.39880167194359
18.2 0.9626666666666667 69.8946687432058
18.4 1.017666666666667 73.08482835362094
18.6 1.012 71.89638810092158
18.8 1.017333333333333 71.50640264700607
19 1.006 69.9654907213025
19.2 1.041333333333333 71.66845571110889
19.4 1.061333333333333 72.29189001174936
19.6 1.049333333333333 70.74518756546679
19.8 1.087333333333333 72.56664029166559
20 1.056666666666667 69.81480295135934
20.2 1.109666666666667 72.59064841336641
20.4 1.126333333333333 72.95856348507553
20.6 1.100666666666667 70.60380366463156
20.8 1.100333333333333 69.90374440137016
21 1.141 71.79692669445787
21.2 1.173 73.11418712750239
21.4 1.145333333333333 70.72250447857267
21.6 1.172666666666667 71.7398284796361
21.8 1.167 70.7381776206723
22 1.190666666666667 71.51662636715101
22.2 1.162666666666667 69.20568184111785
22.4 1.171 69.07937211810651
22.6 1.216333333333333 71.11867786201117
22.8 1.186 68.73680582791977
23 1.206 69.28815171527035
23.2 1.191666666666667 67.87444809939889
23.4 1.180666666666667 66.67314623034183
23.6 1.212 67.86254171286492
23.8 1.203333333333333 66.81108041629966
24 1.209 66.56632237239231
24.2 1.187666666666667 64.85130299963326
24.4 1.188666666666667 64.37389132868269
24.6 1.183 63.54613517847048
24.8 1.148666666666667 61.2042869060711
25 1.154 60.99655465428543
25.2 1.127666666666667 59.13161043123745
25.4 1.141 59.35966380250454
25.6 1.138333333333333 58.75826894688785
25.8 1.148666666666667 58.83202772366524
26 1.128 57.32911749269592
26.2 1.121333333333333 56.55525251724729
26.4 1.091333333333333 54.62519473825409
26.6 1.032333333333333 51.2835190674699
26.8 1.062333333333333 52.38000306181605
27 1.038 50.80109741571047
27.2 1.056666666666667 51.33441393482305
27.4 1.016666666666667 49.03063598094499
27.6 1.034666666666667 49.53713444909691
27.8 1.003333333333333 47.69138662451299
28 1.03 48.60922512836871
28.2 1.01 47.32730450424386
28.4 1.014333333333333 47.19563810836328
28.6 0.99 45.74131714842761
28.8 1.019666666666667 46.78484976958645
29 1.017333333333333 46.35587481943843
29.2 1.015 45.9327762384705
29.4 1.005666666666667 45.20081128441622
29.6 0.9843333333333333 43.9430286289036
29.8 0.9873333333333333 43.78113741281018
30 1.017 44.79599659402678
30.2 1.007666666666667 44.09094978209608
30.4 1.032666666666667 44.88756839268454
30.6 1.028333333333333 44.40705698953496
30.8 1.074 46.07794156034245
31 1.078666666666667 45.97958733094512
31.2 1.119 47.39308693434305
31.4 1.093333333333333 46.01108193462971
31.6 1.135666666666667 47.49012371826084
31.8 1.184333333333333 49.21373626295651
32 1.186 48.97497415239284
32.2 1.182333333333333 48.52030998461342
32.4 1.220666666666667 49.78420539936089
32.6 1.238333333333333 50.19488551882097
32.8 1.248333333333333 50.29168982319781
33 1.234333333333333 49.42629104844347
33.2 1.295 51.54317765687944
33.4 1.329333333333333 52.59287749485653
33.6 1.352333333333333 53.18436524967418
33.8 1.340333333333333 52.40052314923858
34 1.308666666666667 50.86155434905116
34.2 1.384666666666667 53.50059797811106
34.4 1.373 52.7413933967884
34.6 1.395666666666667 53.30219725339463
34.8 1.35 51.26182094220336
35 1.419333333333333 53.58655808326058
35.2 1.441666666666667 54.12048730366882
35.4 1.471 54.90968034082746
35.6 1.471666666666667 54.62594460536835
35.8 1.463666666666667 54.02548327713001
36 1.558 57.18794058791685
36.2 1.488666666666667 54.34109660330284
36.4 1.531666666666667 55.60353235371029
36.6 1.501666666666667 54.21656018614983
36.8 1.569 56.33971291524626
37 1.547666666666667 55.27327651175059
37.2 1.566333333333333 55.63918440155312
37.4 1.556333333333333 54.9883289157875
37.6 1.540666666666667 54.14524787589483
37.8 1.554333333333333 54.33652565589915
38 1.648333333333333 57.31930941299551
38.2 1.607333333333333 55.60093478313619
38.4 1.612333333333333 55.48340593384021
38.6 1.575666666666667 53.94069622122483
38.8 1.595666666666667 54.34379357510116
39 1.648 55.83828937822867
39.2 1.621333333333333 54.65447781423611
39.4 1.585 53.15847940458833
39.6 1.648666666666667 55.01450074840253
39.8 1.635333333333333 54.29536060101278
40 1.589333333333333 52.50425559496551
40.2 1.623 53.34969875703008
40.4 1.599 52.30059183522359
40.6 1.624 52.85663314929413
40.8 1.620333333333333 52.47877731591479
41 1.595666666666667 51.42778513936403
41.2 1.607333333333333 51.55232302708258
41.4 1.639 52.31402278483881
41.6 1.609666666666667 51.13074548836966
41.8 1.580666666666667 49.96932902590765
42 1.593333333333333 50.12990207413213
42.2 1.534 48.03440476955995
42.4 1.510666666666667 47.08063314319989
42.6 1.519666666666667 47.13876966502972
42.8 1.541666666666667 47.5977274757565
43 1.518666666666667 46.66953888143102
43.2 1.524333333333333 46.62681006784762
43.4 1.487 45.2752381872122
43.6 1.436666666666667 43.54206591618076
43.8 1.454333333333333 43.87623486118157
44 1.393 41.83482385054928
44.2 1.379333333333333 41.23694343359334
44.4 1.363666666666667 40.5849260911716
44.6 1.367 40.50169143222258
44.8 1.313666666666667 38.74776622793307
45 1.313666666666667 38.5755539335867
45.2 1.307666666666667 38.22945646103999
45.4 1.309666666666667 38.11925690961393
45.6 1.300666666666667 37.69126143065527
45.8 1.307666666666667 37.72863388731457
46 1.254 36.02294454848633
46.2 1.236333333333333 35.36169775446103
46.4 1.144 32.57973508771146
46.6 1.103 31.27728882171214
46.8 1.060333333333333 29.93891560682063
47 0.996 28.00276947696647
47.2 0.9293333333333333 26.0177071363404
47.4 0.947 26.40043860357677
47.6 0.8586666666666667 23.8373051457601
47.8 0.8583333333333333 23.7283525731228
48 0.789 21.72077268478806
48.2 0.7413333333333333 20.3238506438503
48.4 0.6743333333333333 18.41063513447349
48.6 0.6879999999999999 18.70646276065553
48.8 0.6503333333333333 17.60985165202747
49 0.61 16.45027868421909
49.2 0.582 15.63138236427296
49.4 0.5316666666666666 14.22171556564172
49.6 0.48 12.78789511676471
49.8 0.4756666666666667 12.62155547256405
50 0.4513333333333333 11.92798021402404
50.2 0.4296666666666666 11.310126183506
50.4 0.413 10.82826859655678
50.6 0.389 10.15871062009655
50.8 0.363 9.4424005084615
51 0.3703333333333333 9.595378991644735
51.2 0.3396666666666667 8.766424020040807
51.4 0.2836666666666667 7.292638587880886
51.6 0.2843333333333333 7.281445102769363
51.8 0.2513333333333334 6.41150279835389
52 0.215 5.463546214951076
52.2 0.1976666666666667 5.003828776745118
52.4 0.19 4.791393272121129
52.6 0.1556666666666667 3.910653941812478
52.8 0.1336666666666667 3.345250930061071
53 0.09633333333333334 2.401818707570126
53.2 0.06933333333333333 1.722145942207578
53.4 0.06866666666666667 1.699198880891791
53.6 0.05266666666666667 1.298406100371342
53.8 0.03733333333333334 0.9169676134945699
54 0.033 0.8075318953364382
54.2 0.01733333333333333 0.4225930079586862
54.4 0.01533333333333333 0.3724578929025016
54.6 0.013 0.314622816364846
54.8 0.01033333333333333 0.249172084493327
55 0.005 0.1201287117029412
55.2 0.003333333333333334 0.07979564183166385
55.4 0.001666666666666667 0.03975378546126213
55.6 0.001666666666666667 0.03961078623298422
55.8 0 0
56 0.0003333333333333333 0.007865570409121151
