1000 102.000000 102.000000
2000 93.000000 97.500000
3000 97.000000 97.333333
4000 100.000000 98.000000
5000 97.000000 97.800000
6000 94.000000 97.166667
7000 105.000000 98.285714
8000 97.000000 98.125000
9000 96.000000 97.888889
10000 98.000000 97.900000
11000 100.000000 98.090909
12000 107.000000 98.833333
13000 103.000000 99.153846
14000 102.000000 99.357143
15000 104.000000 99.666667
16000 98.000000 99.562500
17000 108.000000 100.058824
18000 97.000000 99.888889
19000 102.000000 100.000000
20000 108.000000 100.400000
21000 102.000000 100.476190
22000 98.000000 100.363636
23000 94.000000 100.086957
24000 101.000000 100.125000
25000 102.000000 100.200000
26000 98.000000 100.115385
27000 97.000000 100.000000
28000 93.000000 99.750000
29000 98.000000 99.689655
30000 101.000000 99.733333
31000 99.000000 99.709677
32000 96.000000 99.593750
33000 101.000000 99.636364
34000 96.000000 99.529412
35000 100.000000 99.542857
36000 104.000000 99.666667
37000 101.000000 99.702703
38000 93.000000 99.526316
39000 97.000000 99.461538
40000 95.000000 99.350000
41000 91.000000 99.146341
42000 95.000000 99.047619
43000 99.000000 99.046512
44000 95.000000 98.954545
45000 101.000000 99.000000
46000 100.000000 99.021739
47000 102.000000 99.085106
48000 98.000000 99.062500
49000 102.000000 99.122449
50000 102.000000 99.180000
51000 96.000000 99.117647
52000 100.000000 99.134615
53000 97.000000 99.094340
54000 98.000000 99.074074
55000 96.000000 99.018182
56000 90.000000 98.857143
57000 101.000000 98.894737
58000 93.000000 98.793103
59000 103.000000 98.864407
60000 100.000000 98.883333
61000 97.000000 98.852459
62000 95.000000 98.790323
63000 100.000000 98.809524
64000 98.000000 98.796875
65000 99.000000 98.800000
66000 102.000000 98.848485
67000 98.000000 98.835821
68000 108.000000 98.970588
69000 95.000000 98.913043
70000 98.000000 98.900000
71000 93.000000 98.816901
72000 103.000000 98.875000
73000 97.000000 98.849315
74000 101.000000 98.878378
75000 97.000000 98.853333
76000 97.000000 98.828947
77000 95.000000 98.779221
78000 93.000000 98.705128
79000 96.000000 98.670886
80000 98.000000 98.662500
81000 101.000000 98.691358
82000 100.000000 98.707317
83000 98.000000 98.698795
84000 94.000000 98.642857
85000 97.000000 98.623529
86000 95.000000 98.581395
87000 95.000000 98.540230
88000 95.000000 98.500000
89000 91.000000 98.415730
90000 97.000000 98.400000
91000 99.000000 98.406593
92000 100.000000 98.423913
93000 104.000000 98.483871
94000 98.000000 98.478723
95000 93.000000 98.421053
96000 102.000000 98.458333
97000 107.000000 98.546392
98000 93.000000 98.489796
99000 94.000000 98.444444
100000 98.000000 98.440000
101000 97.000000 98.425743
102000 100.000000 98.441176
103000 98.000000 98.436893
104000 100.000000 98.451923
105000 92.000000 98.390476
106000 92.000000 98.330189
107000 97.000000 98.317757
108000 89.000000 98.231481
109000 95.000000 98.201835
110000 97.000000 98.190909
111000 99.000000 98.198198
112000 94.000000 98.160714
113000 99.000000 98.168142
114000 94.000000 98.131579
115000 94.000000 98.095652
116000 102.000000 98.129310
117000 95.000000 98.102564
118000 91.000000 98.042373
119000 95.000000 98.016807
120000 91.000000 97.958333
121000 98.000000 97.958678
122000 98.000000 97.959016
123000 95.000000 97.934959
124000 101.000000 97.959677
125000 102.000000 97.992000
126000 100.000000 98.007937
127000 101.000000 98.031496
128000 94.000000 98.000000
129000 93.000000 97.961240
130000 94.000000 97.930769
131000 100.000000 97.946565
132000 97.000000 97.939394
133000 98.000000 97.939850
134000 95.000000 97.917910
135000 90.000000 97.859259
136000 89.000000 97.794118
137000 103.000000 97.832117
138000 93.000000 97.797101
139000 100.000000 97.812950
140000 96.000000 97.800000
141000 97.000000 97.794326
142000 92.000000 97.753521
143000 95.000000 97.734266
144000 95.000000 97.715278
145000 91.000000 97.668966
146000 93.000000 97.636986
147000 99.000000 97.646259
148000 101.000000 97.668919
149000 95.000000 97.651007
150000 96.000000 97.640000
151000 93.000000 97.609272
152000 104.000000 97.651316
153000 94.000000 97.627451
154000 94.000000 97.603896
155000 104.000000 97.645161
156000 100.000000 97.660256
157000 95.000000 97.643312
158000 102.000000 97.670886
159000 98.000000 97.672956
160000 99.000000 97.681250
161000 98.000000 97.683230
162000 99.000000 97.691358
163000 95.000000 97.674847
164000 100.000000 97.689024
165000 94.000000 97.666667
166000 97.000000 97.662651
167000 90.000000 97.616766
168000 97.000000 97.613095
169000 95.000000 97.597633
170000 101.000000 97.617647
171000 104.000000 97.654971
172000 103.000000 97.686047
173000 97.000000 97.682081
174000 94.000000 97.660920
175000 99.000000 97.668571
176000 97.000000 97.664773
177000 96.000000 97.655367
178000 103.000000 97.685393
179000 97.000000 97.681564
180000 99.000000 97.688889
181000 102.000000 97.712707
182000 108.000000 97.769231
183000 101.000000 97.786885
184000 109.000000 97.847826
185000 100.000000 97.859459
186000 96.000000 97.849462
187000 102.000000 97.871658
188000 97.000000 97.867021
189000 107.000000 97.915344
190000 106.000000 97.957895
191000 103.000000 97.984293
192000 102.000000 98.005208
193000 103.000000 98.031088
194000 99.000000 98.036082
195000 104.000000 98.066667
196000 98.000000 98.066327
197000 102.000000 98.086294
198000 104.000000 98.116162
199000 100.000000 98.125628
200000 101.000000 98.140000
201000 98.000000 98.139303
202000 102.000000 98.158416
203000 94.000000 98.137931
204000 100.000000 98.147059
205000 100.000000 98.156098
206000 96.000000 98.145631
207000 106.000000 98.183575
208000 99.000000 98.187500
209000 95.000000 98.172249
210000 100.000000 98.180952
211000 93.000000 98.156398
212000 100.000000 98.165094
213000 105.000000 98.197183
214000 97.000000 98.191589
215000 99.000000 98.195349
216000 100.000000 98.203704
217000 93.000000 98.179724
218000 102.000000 98.197248
219000 98.000000 98.196347
220000 103.000000 98.218182
221000 102.000000 98.235294
222000 97.000000 98.229730
223000 95.000000 98.215247
224000 96.000000 98.205357
225000 98.000000 98.204444
226000 101.000000 98.216814
227000 92.000000 98.189427
228000 99.000000 98.192982
229000 99.000000 98.196507
230000 97.000000 98.191304
231000 95.000000 98.177489
232000 96.000000 98.168103
233000 99.000000 98.171674
234000 101.000000 98.183761
235000 106.000000 98.217021
236000 98.000000 98.216102
237000 97.000000 98.210970
238000 102.000000 98.226891
239000 96.000000 98.217573
240000 98.000000 98.216667
241000 94.000000 98.199170
242000 103.000000 98.219008
243000 100.000000 98.226337
244000 96.000000 98.217213
245000 96.000000 98.208163
246000 97.000000 98.203252
247000 98.000000 98.202429
248000 92.000000 98.177419
249000 98.000000 98.176707
250000 96.000000 98.168000
251000 101.000000 98.179283
252000 94.000000 98.162698
253000 98.000000 98.162055
254000 95.000000 98.149606
255000 96.000000 98.141176
256000 99.000000 98.144531
257000 101.000000 98.155642
258000 107.000000 98.189922
259000 97.000000 98.185328
260000 97.000000 98.180769
261000 107.000000 98.214559
262000 102.000000 98.229008
263000 105.000000 98.254753
264000 100.000000 98.261364
265000 95.000000 98.249057
266000 97.000000 98.244361
267000 91.000000 98.217228
268000 100.000000 98.223881
269000 100.000000 98.230483
270000 100.000000 98.237037
271000 103.000000 98.254613
272000 95.000000 98.242647
273000 91.000000 98.216117
274000 100.000000 98.222628
275000 95.000000 98.210909
276000 100.000000 98.217391
277000 104.000000 98.238267
278000 92.000000 98.215827
279000 95.000000 98.204301
280000 98.000000 98.203571
281000 98.000000 98.202847
282000 100.000000 98.209220
283000 94.000000 98.194346
284000 98.000000 98.193662
285000 104.000000 98.214035
286000 101.000000 98.223776
287000 98.000000 98.222997
288000 99.000000 98.225694
289000 103.000000 98.242215
290000 108.000000 98.275862
291000 98.000000 98.274914
292000 106.000000 98.301370
293000 92.000000 98.279863
294000 102.000000 98.292517
295000 98.000000 98.291525
296000 98.000000 98.290541
297000 92.000000 98.269360
298000 100.000000 98.275168
299000 105.000000 98.297659
300000 100.000000 98.303333
301000 100.000000 98.308970
302000 101.000000 98.317881
303000 100.000000 98.323432
304000 100.000000 98.328947
305000 99.000000 98.331148
306000 101.000000 98.339869
307000 106.000000 98.364821
308000 98.000000 98.363636
309000 104.000000 98.381877
310000 105.000000 98.403226
311000 99.000000 98.405145
312000 101.000000 98.413462
313000 93.000000 98.396166
314000 110.000000 98.433121
315000 94.000000 98.419048
316000 96.000000 98.411392
317000 104.000000 98.429022
318000 100.000000 98.433962
319000 105.000000 98.454545
320000 103.000000 98.468750
321000 100.000000 98.473520
322000 102.000000 98.484472
323000 99.000000 98.486068
324000 106.000000 98.509259
325000 101.000000 98.516923
326000 102.000000 98.527607
327000 96.000000 98.519878
328000 102.000000 98.530488
329000 99.000000 98.531915
330000 99.000000 98.533333
331000 101.000000 98.540785
332000 107.000000 98.566265
333000 102.000000 98.576577
334000 102.000000 98.586826
335000 105.000000 98.605970
336000 104.000000 98.622024
337000 103.000000 98.635015
338000 100.000000 98.639053
339000 96.000000 98.631268
340000 99.000000 98.632353
341000 99.000000 98.633431
342000 107.000000 98.657895
343000 105.000000 98.676385
344000 100.000000 98.680233
345000 102.000000 98.689855
346000 103.000000 98.702312
347000 102.000000 98.711816
348000 96.000000 98.704023
349000 99.000000 98.704871
350000 100.000000 98.708571
351000 96.000000 98.700855
352000 103.000000 98.713068
353000 103.000000 98.725212
354000 97.000000 98.720339
355000 98.000000 98.718310
356000 101.000000 98.724719
357000 104.000000 98.739496
358000 98.000000 98.737430
359000 101.000000 98.743733
360000 104.000000 98.758333
361000 103.000000 98.770083
362000 104.000000 98.784530
363000 99.000000 98.785124
364000 97.000000 98.780220
365000 99.000000 98.780822
366000 105.000000 98.797814
367000 99.000000 98.798365
368000 102.000000 98.807065
369000 100.000000 98.810298
370000 99.000000 98.810811
371000 100.000000 98.814016
372000 97.000000 98.809140
373000 101.000000 98.815013
374000 101.000000 98.820856
375000 97.000000 98.816000
376000 98.000000 98.813830
377000 99.000000 98.814324
378000 101.000000 98.820106
379000 104.000000 98.833773
380000 92.000000 98.815789
381000 97.000000 98.811024
382000 96.000000 98.803665
383000 101.000000 98.809399
384000 99.000000 98.809896
385000 96.000000 98.802597
386000 96.000000 98.795337
387000 103.000000 98.806202
388000 109.000000 98.832474
389000 101.000000 98.838046
390000 110.000000 98.866667
391000 105.000000 98.882353
392000 105.000000 98.897959
393000 107.000000 98.918575
394000 103.000000 98.928934
395000 105.000000 98.944304
396000 98.000000 98.941919
397000 101.000000 98.947103
398000 99.000000 98.947236
399000 94.000000 98.934837
400000 99.000000 98.935000
401000 99.000000 98.935162
402000 95.000000 98.925373
403000 93.000000 98.910670
404000 90.000000 98.888614
405000 100.000000 98.891358
406000 96.000000 98.884236
407000 102.000000 98.891892
408000 105.000000 98.906863
409000 93.000000 98.892421
410000 94.000000 98.880488
411000 96.000000 98.873479
412000 104.000000 98.885922
413000 100.000000 98.888620
414000 97.000000 98.884058
415000 100.000000 98.886747
416000 91.000000 98.867788
417000 90.000000 98.846523
418000 100.000000 98.849282
419000 96.000000 98.842482
420000 100.000000 98.845238
421000 99.000000 98.845606
422000 98.000000 98.843602
423000 97.000000 98.839243
424000 102.000000 98.846698
425000 100.000000 98.849412
426000 97.000000 98.845070
427000 98.000000 98.843091
428000 93.000000 98.829439
429000 95.000000 98.820513
430000 104.000000 98.832558
431000 108.000000 98.853828
432000 92.000000 98.837963
433000 102.000000 98.845266
434000 92.000000 98.829493
435000 97.000000 98.825287
436000 100.000000 98.827982
437000 97.000000 98.823799
438000 99.000000 98.824201
439000 96.000000 98.817768
440000 102.000000 98.825000
441000 103.000000 98.834467
442000 99.000000 98.834842
443000 98.000000 98.832957
444000 95.000000 98.824324
445000 96.000000 98.817978
446000 95.000000 98.809417
447000 94.000000 98.798658
448000 100.000000 98.801339
449000 93.000000 98.788419
450000 102.000000 98.795556
451000 100.000000 98.798226
452000 110.000000 98.823009
453000 104.000000 98.834437
454000 101.000000 98.839207
455000 99.000000 98.839560
456000 103.000000 98.848684
457000 100.000000 98.851204
458000 99.000000 98.851528
459000 98.000000 98.849673
460000 95.000000 98.841304
461000 101.000000 98.845987
462000 99.000000 98.846320
463000 101.000000 98.850972
464000 99.000000 98.851293
465000 101.000000 98.855914
466000 96.000000 98.849785
467000 99.000000 98.850107
468000 106.000000 98.865385
469000 96.000000 98.859275
470000 104.000000 98.870213
471000 97.000000 98.866242
472000 98.000000 98.864407
473000 97.000000 98.860465
474000 98.000000 98.858650
475000 96.000000 98.852632
476000 94.000000 98.842437
477000 94.000000 98.832285
478000 100.000000 98.834728
479000 95.000000 98.826722
480000 97.000000 98.822917
481000 91.000000 98.806653
482000 97.000000 98.802905
483000 98.000000 98.801242
484000 109.000000 98.822314
485000 99.000000 98.822680
486000 99.000000 98.823045
487000 104.000000 98.833676
488000 102.000000 98.840164
489000 99.000000 98.840491
490000 94.000000 98.830612
491000 104.000000 98.841141
492000 100.000000 98.843496
493000 102.000000 98.849899
494000 93.000000 98.838057
495000 94.000000 98.828283
496000 100.000000 98.830645
497000 99.000000 98.830986
498000 92.000000 98.817269
499000 97.000000 98.813627
500000 97.000000 98.810000
501000 99.000000 98.810379
502000 101.000000 98.814741
503000 95.000000 98.807157
504000 103.000000 98.815476
505000 108.000000 98.833663
506000 104.000000 98.843874
507000 101.000000 98.848126
508000 103.000000 98.856299
509000 96.000000 98.850688
510000 103.000000 98.858824
511000 107.000000 98.874755
512000 105.000000 98.886719
513000 102.000000 98.892788
514000 98.000000 98.891051
515000 98.000000 98.889320
516000 100.000000 98.891473
517000 104.000000 98.901354
518000 101.000000 98.905405
519000 107.000000 98.921002
520000 110.000000 98.942308
521000 107.000000 98.957774
522000 102.000000 98.963602
523000 107.000000 98.978967
524000 110.000000 99.000000
525000 97.000000 98.996190
526000 107.000000 99.011407
527000 97.000000 99.007590
528000 93.000000 98.996212
529000 101.000000 99.000000
530000 100.000000 99.001887
531000 100.000000 99.003766
532000 105.000000 99.015038
533000 105.000000 99.026266
534000 103.000000 99.033708
535000 98.000000 99.031776
536000 99.000000 99.031716
537000 98.000000 99.029795
538000 96.000000 99.024164
539000 103.000000 99.031540
540000 105.000000 99.042593
541000 104.000000 99.051756
542000 99.000000 99.051661
543000 104.000000 99.060773
544000 104.000000 99.069853
545000 104.000000 99.078899
546000 106.000000 99.091575
547000 103.000000 99.098720
548000 108.000000 99.114964
549000 100.000000 99.116576
550000 104.000000 99.125455
551000 104.000000 99.134301
552000 105.000000 99.144928
553000 102.000000 99.150090
554000 98.000000 99.148014
555000 94.000000 99.138739
556000 97.000000 99.134892
557000 104.000000 99.143627
558000 92.000000 99.130824
559000 103.000000 99.137746
560000 95.000000 99.130357
561000 98.000000 99.128342
562000 106.000000 99.140569
563000 101.000000 99.143872
564000 101.000000 99.147163
565000 101.000000 99.150442
566000 99.000000 99.150177
567000 103.000000 99.156966
568000 104.000000 99.165493
569000 100.000000 99.166960
570000 104.000000 99.175439
571000 106.000000 99.187391
572000 107.000000 99.201049
573000 93.000000 99.190227
574000 95.000000 99.182927
575000 91.000000 99.168696
576000 105.000000 99.178819
577000 106.000000 99.190641
578000 92.000000 99.178201
579000 104.000000 99.186528
580000 100.000000 99.187931
581000 99.000000 99.187608
582000 107.000000 99.201031
583000 99.000000 99.200686
584000 99.000000 99.200342
585000 105.000000 99.210256
586000 96.000000 99.204778
587000 102.000000 99.209540
588000 102.000000 99.214286
589000 103.000000 99.220713
590000 99.000000 99.220339
591000 99.000000 99.219966
592000 103.000000 99.226351
593000 99.000000 99.225970
594000 104.000000 99.234007
595000 105.000000 99.243697
596000 107.000000 99.256711
597000 98.000000 99.254606
598000 99.000000 99.254181
599000 108.000000 99.268781
600000 95.000000 99.261667
601000 99.000000 99.261231
602000 105.000000 99.270764
603000 100.000000 99.271973
604000 101.000000 99.274834
605000 101.000000 99.277686
606000 99.000000 99.277228
607000 100.000000 99.278418
608000 107.000000 99.291118
609000 97.000000 99.287356
610000 103.000000 99.293443
611000 107.000000 99.306056
612000 104.000000 99.313725
613000 96.000000 99.308320
614000 100.000000 99.309446
615000 101.000000 99.312195
616000 100.000000 99.313312
617000 102.000000 99.317666
618000 101.000000 99.320388
619000 105.000000 99.329564
620000 102.000000 99.333871
621000 106.000000 99.344605
622000 109.000000 99.360129
623000 102.000000 99.364366
624000 103.000000 99.370192
625000 103.000000 99.376000
626000 101.000000 99.378594
627000 100.000000 99.379585
628000 102.000000 99.383758
629000 95.000000 99.376789
630000 98.000000 99.374603
631000 105.000000 99.383518
632000 104.000000 99.390823
633000 99.000000 99.390205
634000 96.000000 99.384858
635000 99.000000 99.384252
636000 97.000000 99.380503
637000 105.000000 99.389325
638000 99.000000 99.388715
639000 99.000000 99.388106
640000 103.000000 99.393750
641000 100.000000 99.394696
642000 104.000000 99.401869
643000 103.000000 99.407465
644000 105.000000 99.416149
645000 108.000000 99.429457
646000 98.000000 99.427245
647000 104.000000 99.434312
648000 100.000000 99.435185
649000 101.000000 99.437596
650000 102.000000 99.441538
651000 100.000000 99.442396
652000 102.000000 99.446319
653000 106.000000 99.456355
654000 107.000000 99.467890
655000 99.000000 99.467176
656000 102.000000 99.471037
657000 102.000000 99.474886
658000 107.000000 99.486322
659000 100.000000 99.487102
660000 110.000000 99.503030
661000 105.000000 99.511346
662000 106.000000 99.521148
663000 103.000000 99.526395
664000 100.000000 99.527108
665000 101.000000 99.529323
666000 99.000000 99.528529
667000 103.000000 99.533733
668000 97.000000 99.529940
669000 104.000000 99.536622
670000 93.000000 99.526866
671000 102.000000 99.530551
672000 96.000000 99.525298
673000 95.000000 99.518574
674000 96.000000 99.513353
675000 99.000000 99.512593
676000 102.000000 99.516272
677000 104.000000 99.522895
678000 112.000000 99.541298
679000 103.000000 99.546392
680000 99.000000 99.545588
681000 101.000000 99.547724
682000 101.000000 99.549853
683000 97.000000 99.546120
684000 97.000000 99.542398
685000 106.000000 99.551825
686000 102.000000 99.555394
687000 106.000000 99.564774
688000 99.000000 99.563953
689000 112.000000 99.582003
690000 99.000000 99.581159
691000 102.000000 99.584660
692000 108.000000 99.596821
693000 107.000000 99.607504
694000 98.000000 99.605187
695000 100.000000 99.605755
696000 101.000000 99.607759
697000 102.000000 99.611191
698000 103.000000 99.616046
699000 107.000000 99.626609
700000 101.000000 99.628571
701000 104.000000 99.634807
702000 102.000000 99.638177
703000 103.000000 99.642959
704000 102.000000 99.646307
705000 98.000000 99.643972
706000 102.000000 99.647309
707000 99.000000 99.646393
708000 103.000000 99.651130
709000 104.000000 99.657264
710000 101.000000 99.659155
711000 104.000000 99.665260
712000 101.000000 99.667135
713000 100.000000 99.667602
714000 97.000000 99.663866
715000 101.000000 99.665734
716000 98.000000 99.663408
717000 110.000000 99.677824
718000 109.000000 99.690808
719000 98.000000 99.688456
720000 103.000000 99.693056
721000 101.000000 99.694868
722000 108.000000 99.706371
723000 103.000000 99.710927
724000 99.000000 99.709945
725000 106.000000 99.718621
726000 100.000000 99.719008
727000 101.000000 99.720770
728000 100.000000 99.721154
729000 95.000000 99.714678
730000 101.000000 99.716438
731000 103.000000 99.720930
732000 100.000000 99.721311
733000 105.000000 99.728513
734000 106.000000 99.737057
735000 107.000000 99.746939
736000 105.000000 99.754076
737000 108.000000 99.765265
738000 101.000000 99.766938
739000 108.000000 99.778078
740000 98.000000 99.775676
741000 101.000000 99.777328
742000 100.000000 99.777628
743000 98.000000 99.775236
744000 108.000000 99.786290
745000 96.000000 99.781208
746000 103.000000 99.785523
747000 100.000000 99.785810
748000 107.000000 99.795455
749000 107.000000 99.805073
750000 100.000000 99.805333
751000 97.000000 99.801598
752000 103.000000 99.805851
753000 100.000000 99.806109
754000 99.000000 99.805040
755000 101.000000 99.806623
756000 107.000000 99.816138
757000 100.000000 99.816380
758000 94.000000 99.808707
759000 102.000000 99.811594
760000 99.000000 99.810526
761000 97.000000 99.806833
762000 104.000000 99.812336
763000 95.000000 99.806029
764000 101.000000 99.807592
765000 103.000000 99.811765
766000 99.000000 99.810705
767000 98.000000 99.808344
768000 106.000000 99.816406
769000 108.000000 99.827048
770000 97.000000 99.823377
771000 94.000000 99.815824
772000 106.000000 99.823834
773000 97.000000 99.820181
774000 95.000000 99.813953
775000 95.000000 99.807742
776000 98.000000 99.805412
777000 103.000000 99.809524
778000 109.000000 99.821337
779000 107.000000 99.830552
780000 92.000000 99.820513
781000 100.000000 99.820743
782000 94.000000 99.813299
783000 104.000000 99.818646
784000 106.000000 99.826531
785000 102.000000 99.829299
786000 94.000000 99.821883
787000 98.000000 99.819568
788000 101.000000 99.821066
789000 93.000000 99.812421
790000 98.000000 99.810127
791000 100.000000 99.810367
792000 109.000000 99.821970
793000 96.000000 99.817150
794000 103.000000 99.821159
795000 98.000000 99.818868
796000 100.000000 99.819095
797000 98.000000 99.816813
798000 97.000000 99.813283
799000 106.000000 99.821026
800000 107.000000 99.830000
801000 110.000000 99.842697
802000 103.000000 99.846633
803000 107.000000 99.855542
804000 103.000000 99.859453
805000 99.000000 99.858385
806000 100.000000 99.858561
807000 98.000000 99.856258
808000 98.000000 99.853960
809000 95.000000 99.847960
810000 101.000000 99.849383
811000 101.000000 99.850801
812000 102.000000 99.853448
813000 108.000000 99.863469
814000 101.000000 99.864865
815000 98.000000 99.862577
816000 100.000000 99.862745
817000 100.000000 99.862913
818000 103.000000 99.866748
819000 113.000000 99.882784
820000 99.000000 99.881707
821000 103.000000 99.885505
822000 101.000000 99.886861
823000 100.000000 99.886999
824000 102.000000 99.889563
825000 104.000000 99.894545
826000 98.000000 99.892252
827000 98.000000 99.889964
828000 105.000000 99.896135
829000 101.000000 99.897467
830000 100.000000 99.897590
831000 98.000000 99.895307
832000 104.000000 99.900240
833000 103.000000 99.903962
834000 99.000000 99.902878
835000 107.000000 99.911377
836000 96.000000 99.906699
837000 93.000000 99.898447
838000 96.000000 99.893795
839000 105.000000 99.899881
840000 101.000000 99.901190
841000 99.000000 99.900119
842000 103.000000 99.903800
843000 98.000000 99.901542
844000 99.000000 99.900474
845000 101.000000 99.901775
846000 109.000000 99.912530
847000 103.000000 99.916175
848000 107.000000 99.924528
849000 101.000000 99.925795
850000 98.000000 99.923529
851000 104.000000 99.928320
852000 96.000000 99.923709
853000 98.000000 99.921454
854000 102.000000 99.923888
855000 102.000000 99.926316
856000 102.000000 99.928738
857000 101.000000 99.929988
858000 94.000000 99.923077
859000 101.000000 99.924331
860000 102.000000 99.926744
861000 105.000000 99.932636
862000 103.000000 99.936195
863000 102.000000 99.938586
864000 101.000000 99.939815
865000 104.000000 99.944509
866000 99.000000 99.943418
867000 101.000000 99.944637
868000 90.000000 99.933180
869000 98.000000 99.930955
870000 103.000000 99.934483
871000 106.000000 99.941447
872000 103.000000 99.944954
873000 99.000000 99.943872
874000 97.000000 99.940503
875000 103.000000 99.944000
876000 99.000000 99.942922
877000 96.000000 99.938426
878000 100.000000 99.938497
879000 94.000000 99.931741
880000 94.000000 99.925000
881000 104.000000 99.929625
882000 95.000000 99.924036
883000 94.000000 99.917327
884000 97.000000 99.914027
885000 97.000000 99.910734
886000 100.000000 99.910835
887000 92.000000 99.901917
888000 95.000000 99.896396
889000 99.000000 99.895388
890000 100.000000 99.895506
891000 98.000000 99.893378
892000 101.000000 99.894619
893000 107.000000 99.902576
894000 99.000000 99.901566
895000 100.000000 99.901676
896000 99.000000 99.900670
897000 96.000000 99.896321
898000 94.000000 99.889755
899000 100.000000 99.889878
900000 103.000000 99.893333
901000 103.000000 99.896781
902000 99.000000 99.895787
903000 101.000000 99.897010
904000 100.000000 99.897124
905000 100.000000 99.897238
906000 103.000000 99.900662
907000 98.000000 99.898567
908000 96.000000 99.894273
909000 97.000000 99.891089
910000 97.000000 99.887912
911000 101.000000 99.889133
912000 97.000000 99.885965
913000 97.000000 99.882804
914000 96.000000 99.878556
915000 102.000000 99.880874
916000 106.000000 99.887555
917000 99.000000 99.886587
918000 98.000000 99.884532
919000 99.000000 99.883569
920000 103.000000 99.886957
921000 99.000000 99.885993
922000 97.000000 99.882863
923000 98.000000 99.880823
924000 100.000000 99.880952
925000 94.000000 99.874595
926000 101.000000 99.875810
927000 100.000000 99.875944
928000 97.000000 99.872845
929000 103.000000 99.876211
930000 97.000000 99.873118
931000 100.000000 99.873255
932000 102.000000 99.875536
933000 108.000000 99.884244
934000 90.000000 99.873662
935000 94.000000 99.867380
936000 98.000000 99.865385
937000 92.000000 99.856990
938000 106.000000 99.863539
939000 102.000000 99.865815
940000 104.000000 99.870213
941000 109.000000 99.879915
942000 101.000000 99.881104
943000 99.000000 99.880170
944000 104.000000 99.884534
945000 104.000000 99.888889
946000 95.000000 99.883721
947000 106.000000 99.890180
948000 98.000000 99.888186
949000 106.000000 99.894626
950000 94.000000 99.888421
951000 98.000000 99.886435
952000 106.000000 99.892857
953000 99.000000 99.891920
954000 95.000000 99.886792
955000 94.000000 99.880628
956000 98.000000 99.878661
957000 97.000000 99.875653
958000 98.000000 99.873695
959000 96.000000 99.869656
960000 104.000000 99.873958
961000 104.000000 99.878252
962000 102.000000 99.880457
963000 102.000000 99.882658
964000 96.000000 99.878631
965000 106.000000 99.884974
966000 107.000000 99.892340
967000 103.000000 99.895553
968000 101.000000 99.896694
969000 98.000000 99.894737
970000 104.000000 99.898969
971000 106.000000 99.905252
972000 105.000000 99.910494
973000 100.000000 99.910586
974000 98.000000 99.908624
975000 106.000000 99.914872
976000 100.000000 99.914959
977000 107.000000 99.922211
978000 104.000000 99.926380
979000 102.000000 99.928498
980000 101.000000 99.929592
981000 100.000000 99.929664
982000 104.000000 99.933809
983000 95.000000 99.928789
984000 95.000000 99.923780
985000 93.000000 99.916751
986000 98.000000 99.914807
987000 96.000000 99.910841
988000 101.000000 99.911943
989000 100.000000 99.912032
990000 101.000000 99.913131
991000 105.000000 99.918264
992000 98.000000 99.916331
993000 98.000000 99.914401
994000 94.000000 99.908451
995000 101.000000 99.909548
996000 99.000000 99.908635
997000 98.000000 99.906720
998000 100.000000 99.906814
999000 96.000000 99.902903
1000000 97.000000 99.900000
1001000 96.000000 99.896104
1002000 104.000000 99.900200
1003000 98.000000 99.898305
1004000 103.000000 99.901394
1005000 107.000000 99.908458
1006000 87.000000 99.895626
1007000 105.000000 99.900695
1008000 101.000000 99.901786
1009000 95.000000 99.896928
1010000 95.000000 99.892079
1011000 101.000000 99.893175
1012000 105.000000 99.898221
1013000 98.000000 99.896347
1014000 94.000000 99.890533
1015000 96.000000 99.886700
1016000 91.000000 99.877953
1017000 95.000000 99.873156
1018000 108.000000 99.881139
1019000 100.000000 99.881256
1020000 96.000000 99.877451
1021000 99.000000 99.876592
1022000 92.000000 99.868885
1023000 97.000000 99.866080
1024000 97.000000 99.863281
1025000 100.000000 99.863415
1026000 99.000000 99.862573
1027000 100.000000 99.862707
1028000 102.000000 99.864786
1029000 96.000000 99.861030
1030000 96.000000 99.857282
1031000 96.000000 99.853540
1032000 100.000000 99.853682
1033000 98.000000 99.851888
1034000 104.000000 99.855899
1035000 91.000000 99.847343
1036000 89.000000 99.836873
1037000 92.000000 99.829315
1038000 93.000000 99.822736
1039000 94.000000 99.817132
1040000 102.000000 99.819231
1041000 94.000000 99.813641
1042000 96.000000 99.809981
1043000 95.000000 99.805369
1044000 96.000000 99.801724
1045000 91.000000 99.793301
1046000 95.000000 99.788719
1047000 95.000000 99.784145
1048000 100.000000 99.784351
1049000 101.000000 99.785510
1050000 103.000000 99.788571
1051000 100.000000 99.788773
1052000 98.000000 99.787072
1053000 103.000000 99.790123
1054000 98.000000 99.788425
1055000 93.000000 99.781991
1056000 97.000000 99.779356
1057000 94.000000 99.773888
1058000 98.000000 99.772212
1059000 96.000000 99.768650
1060000 92.000000 99.761321
1061000 102.000000 99.763431
1062000 106.000000 99.769303
1063000 99.000000 99.768579
1064000 93.000000 99.762218
1065000 92.000000 99.754930
1066000 101.000000 99.756098
1067000 98.000000 99.754452
1068000 93.000000 99.748127
1069000 97.000000 99.745557
1070000 95.000000 99.741121
1071000 98.000000 99.739496
1072000 98.000000 99.737873
1073000 97.000000 99.735322
1074000 98.000000 99.733706
1075000 96.000000 99.730233
1076000 97.000000 99.727695
1077000 97.000000 99.725162
1078000 109.000000 99.733766
1079000 93.000000 99.727525
1080000 104.000000 99.731481
1081000 102.000000 99.733580
1082000 96.000000 99.730129
1083000 98.000000 99.728532
1084000 93.000000 99.722325
1085000 99.000000 99.721659
1086000 96.000000 99.718232
1087000 97.000000 99.715731
1088000 99.000000 99.715074
1089000 99.000000 99.714417
1090000 99.000000 99.713761
1091000 93.000000 99.707608
1092000 103.000000 99.710623
1093000 96.000000 99.707228
1094000 99.000000 99.706581
1095000 89.000000 99.696804
1096000 90.000000 99.687956
1097000 99.000000 99.687329
1098000 99.000000 99.686703
1099000 99.000000 99.686078
1100000 100.000000 99.686364
1101000 91.000000 99.678474
1102000 102.000000 99.680581
1103000 98.000000 99.679057
1104000 99.000000 99.678442
1105000 97.000000 99.676018
1106000 93.000000 99.669982
1107000 97.000000 99.667570
1108000 98.000000 99.666065
1109000 95.000000 99.661858
1110000 101.000000 99.663063
1111000 101.000000 99.664266
1112000 97.000000 99.661871
1113000 90.000000 99.653190
1114000 98.000000 99.651706
1115000 101.000000 99.652915
1116000 99.000000 99.652330
1117000 94.000000 99.647269
1118000 99.000000 99.646691
1119000 102.000000 99.648794
1120000 104.000000 99.652679
1121000 96.000000 99.649420
1122000 93.000000 99.643494
1123000 102.000000 99.645592
1124000 92.000000 99.638790
1125000 97.000000 99.636444
1126000 101.000000 99.637655
1127000 99.000000 99.637090
1128000 106.000000 99.642730
1129000 93.000000 99.636847
1130000 95.000000 99.632743
1131000 97.000000 99.630416
1132000 98.000000 99.628975
1133000 102.000000 99.631068
1134000 98.000000 99.629630
1135000 97.000000 99.627313
1136000 98.000000 99.625880
1137000 99.000000 99.625330
1138000 102.000000 99.627417
1139000 102.000000 99.629500
1140000 103.000000 99.632456
1141000 102.000000 99.634531
1142000 99.000000 99.633975
1143000 98.000000 99.632546
1144000 97.000000 99.630245
1145000 99.000000 99.629694
1146000 95.000000 99.625654
1147000 98.000000 99.624237
1148000 99.000000 99.623693
1149000 103.000000 99.626632
1150000 100.000000 99.626957
1151000 107.000000 99.633362
1152000 102.000000 99.635417
1153000 95.000000 99.631396
1154000 100.000000 99.631716
1155000 97.000000 99.629437
1156000 92.000000 99.622837
1157000 96.000000 99.619706
1158000 94.000000 99.614853
1159000 95.000000 99.610871
1160000 101.000000 99.612069
1161000 108.000000 99.619294
1162000 105.000000 99.623924
1163000 101.000000 99.625107
1164000 105.000000 99.629725
1165000 100.000000 99.630043
1166000 94.000000 99.625214
1167000 104.000000 99.628963
1168000 101.000000 99.630137
1169000 100.000000 99.630453
1170000 100.000000 99.630769
1171000 94.000000 99.625961
1172000 99.000000 99.625427
1173000 104.000000 99.629156
1174000 94.000000 99.624361
1175000 96.000000 99.621277
1176000 98.000000 99.619898
1177000 96.000000 99.616822
1178000 99.000000 99.616299
1179000 98.000000 99.614928
1180000 98.000000 99.613559
1181000 97.000000 99.611346
1182000 97.000000 99.609137
1183000 96.000000 99.606086
1184000 102.000000 99.608108
1185000 95.000000 99.604219
1186000 95.000000 99.600337
1187000 99.000000 99.599832
1188000 96.000000 99.596801
1189000 94.000000 99.592094
1190000 98.000000 99.590756
1191000 103.000000 99.593619
1192000 98.000000 99.592282
1193000 102.000000 99.594300
1194000 93.000000 99.588777
1195000 99.000000 99.588285
1196000 96.000000 99.585284
1197000 100.000000 99.585631
1198000 103.000000 99.588481
1199000 103.000000 99.591326
1200000 100.000000 99.591667
1201000 92.000000 99.585346
1202000 102.000000 99.587354
1203000 96.000000 99.584372
1204000 98.000000 99.583056
1205000 104.000000 99.586722
1206000 102.000000 99.588723
1207000 101.000000 99.589892
1208000 108.000000 99.596854
1209000 104.000000 99.600496
1210000 108.000000 99.607438
1211000 91.000000 99.600330
1212000 96.000000 99.597360
1213000 90.000000 99.589448
1214000 93.000000 99.584020
1215000 99.000000 99.583539
1216000 94.000000 99.578947
1217000 99.000000 99.578472
1218000 96.000000 99.575534
1219000 101.000000 99.576702
1220000 99.000000 99.576230
1221000 104.000000 99.579853
1222000 103.000000 99.582651
1223000 106.000000 99.587899
1224000 100.000000 99.588235
1225000 99.000000 99.587755
1226000 103.000000 99.590538
1227000 97.000000 99.588427
1228000 96.000000 99.585505
1229000 101.000000 99.586656
1230000 94.000000 99.582114
1231000 97.000000 99.580016
1232000 97.000000 99.577922
1233000 103.000000 99.580697
1234000 99.000000 99.580227
1235000 97.000000 99.578138
1236000 98.000000 99.576861
1237000 97.000000 99.574778
1238000 92.000000 99.568659
1239000 95.000000 99.564972
1240000 105.000000 99.569355
1241000 98.000000 99.568090
1242000 103.000000 99.570853
1243000 92.000000 99.564763
1244000 98.000000 99.563505
1245000 100.000000 99.563855
1246000 100.000000 99.564205
1247000 99.000000 99.563753
1248000 108.000000 99.570513
1249000 99.000000 99.570056
1250000 94.000000 99.565600
1251000 94.000000 99.561151
1252000 100.000000 99.561502
1253000 97.000000 99.559457
1254000 100.000000 99.559809
1255000 106.000000 99.564940
1256000 100.000000 99.565287
1257000 96.000000 99.562450
1258000 105.000000 99.566773
1259000 105.000000 99.571088
1260000 103.000000 99.573810
1261000 106.000000 99.578906
1262000 109.000000 99.586371
1263000 100.000000 99.586698
1264000 107.000000 99.592563
1265000 99.000000 99.592095
1266000 92.000000 99.586098
1267000 96.000000 99.583268
1268000 98.000000 99.582019
1269000 95.000000 99.578408
1270000 96.000000 99.575591
1271000 105.000000 99.579858
1272000 103.000000 99.582547
1273000 99.000000 99.582090
1274000 94.000000 99.577708
1275000 104.000000 99.581176
1276000 103.000000 99.583856
1277000 94.000000 99.579483
1278000 97.000000 99.577465
1279000 104.000000 99.580923
1280000 94.000000 99.576562
1281000 102.000000 99.578454
1282000 97.000000 99.576443
1283000 96.000000 99.573655
1284000 104.000000 99.577103
1285000 101.000000 99.578210
1286000 94.000000 99.573872
1287000 97.000000 99.571873
1288000 96.000000 99.569099
1289000 102.000000 99.570985
1290000 107.000000 99.576744
1291000 95.000000 99.573199
1292000 105.000000 99.577399
1293000 102.000000 99.579273
1294000 101.000000 99.580371
1295000 94.000000 99.576062
1296000 99.000000 99.575617
1297000 98.000000 99.574402
1298000 96.000000 99.571649
1299000 94.000000 99.567360
1300000 108.000000 99.573846
1301000 103.000000 99.576480
1302000 102.000000 99.578341
1303000 98.000000 99.577130
1304000 105.000000 99.581288
1305000 102.000000 99.583142
1306000 98.000000 99.581930
1307000 91.000000 99.575363
1308000 99.000000 99.574924
1309000 101.000000 99.576012
1310000 100.000000 99.576336
1311000 104.000000 99.579710
1312000 105.000000 99.583841
1313000 103.000000 99.586443
1314000 98.000000 99.585236
1315000 100.000000 99.585551
1316000 106.000000 99.590426
1317000 100.000000 99.590737
1318000 100.000000 99.591047
1319000 101.000000 99.592115
1320000 107.000000 99.597727
1321000 98.000000 99.596518
1322000 103.000000 99.599092
1323000 98.000000 99.597884
1324000 96.000000 99.595166
1325000 100.000000 99.595472
1326000 98.000000 99.594268
1327000 103.000000 99.596835
1328000 96.000000 99.594127
1329000 101.000000 99.595184
1330000 96.000000 99.592481
1331000 91.000000 99.586026
1332000 99.000000 99.585586
1333000 101.000000 99.586647
1334000 101.000000 99.587706
1335000 98.000000 99.586517
1336000 101.000000 99.587575
1337000 101.000000 99.588631
1338000 99.000000 99.588191
1339000 96.000000 99.585512
1340000 102.000000 99.587313
1341000 103.000000 99.589858
1342000 93.000000 99.584948
1343000 106.000000 99.589724
1344000 93.000000 99.584821
1345000 98.000000 99.583643
1346000 98.000000 99.582467
1347000 104.000000 99.585746
1348000 103.000000 99.588279
1349000 100.000000 99.588584
1350000 101.000000 99.589630
1351000 93.000000 99.584752
1352000 96.000000 99.582101
1353000 103.000000 99.584627
1354000 102.000000 99.586411
1355000 99.000000 99.585978
1356000 97.000000 99.584071
1357000 95.000000 99.580693
1358000 91.000000 99.574374
1359000 101.000000 99.575423
1360000 95.000000 99.572059
1361000 101.000000 99.573108
1362000 102.000000 99.574890
1363000 99.000000 99.574468
1364000 108.000000 99.580645
1365000 104.000000 99.583883
1366000 102.000000 99.585652
1367000 99.000000 99.585223
1368000 100.000000 99.585526
1369000 108.000000 99.591673
1370000 98.000000 99.590511
1371000 100.000000 99.590810
1372000 94.000000 99.586735
1373000 103.000000 99.589221
1374000 97.000000 99.587336
1375000 96.000000 99.584727
1376000 104.000000 99.587936
1377000 98.000000 99.586783
1378000 91.000000 99.580552
1379000 104.000000 99.583756
1380000 98.000000 99.582609
1381000 100.000000 99.582911
1382000 100.000000 99.583213
1383000 101.000000 99.584237
1384000 96.000000 99.581647
1385000 98.000000 99.580505
1386000 98.000000 99.579365
1387000 99.000000 99.578947
1388000 95.000000 99.575648
1389000 93.000000 99.570914
1390000 95.000000 99.567626
1391000 98.000000 99.566499
1392000 94.000000 99.562500
1393000 99.000000 99.562096
1394000 99.000000 99.561693
1395000 101.000000 99.562724
1396000 96.000000 99.560172
1397000 95.000000 99.556908
1398000 105.000000 99.560801
1399000 101.000000 99.561830
1400000 96.000000 99.559286
1401000 100.000000 99.559600
1402000 101.000000 99.560628
1403000 100.000000 99.560941
1404000 98.000000 99.559829
1405000 98.000000 99.558719
1406000 100.000000 99.559033
1407000 102.000000 99.560768
1408000 95.000000 99.557528
1409000 101.000000 99.558552
1410000 99.000000 99.558156
1411000 97.000000 99.556343
1412000 98.000000 99.555241
1413000 102.000000 99.556971
1414000 105.000000 99.560820
1415000 103.000000 99.563251
1416000 102.000000 99.564972
1417000 105.000000 99.568807
1418000 102.000000 99.570522
1419000 101.000000 99.571529
1420000 98.000000 99.570423
1421000 100.000000 99.570725
1422000 98.000000 99.569620
1423000 103.000000 99.572031
1424000 96.000000 99.569522
1425000 101.000000 99.570526
1426000 99.000000 99.570126
1427000 100.000000 99.570427
1428000 98.000000 99.569328
1429000 104.000000 99.572428
1430000 100.000000 99.572727
1431000 99.000000 99.572327
1432000 107.000000 99.577514
1433000 102.000000 99.579204
1434000 99.000000 99.578801
1435000 101.000000 99.579791
1436000 110.000000 99.587047
1437000 109.000000 99.593598
1438000 104.000000 99.596662
1439000 104.000000 99.599722
1440000 110.000000 99.606944
1441000 103.000000 99.609299
1442000 99.000000 99.608877
1443000 110.000000 99.616078
1444000 103.000000 99.618421
1445000 99.000000 99.617993
1446000 95.000000 99.614799
1447000 99.000000 99.614375
1448000 98.000000 99.613260
1449000 93.000000 99.608696
1450000 102.000000 99.610345
1451000 102.000000 99.611992
1452000 97.000000 99.610193
1453000 101.000000 99.611149
1454000 96.000000 99.608666
1455000 97.000000 99.606873
1456000 100.000000 99.607143
1457000 104.000000 99.610158
1458000 99.000000 99.609739
1459000 98.000000 99.608636
1460000 102.000000 99.610274
1461000 101.000000 99.611225
1462000 101.000000 99.612175
1463000 100.000000 99.612440
1464000 105.000000 99.616120
1465000 103.000000 99.618430
1466000 102.000000 99.620055
1467000 98.000000 99.618950
1468000 98.000000 99.617847
1469000 101.000000 99.618788
1470000 101.000000 99.619728
1471000 100.000000 99.619986
1472000 104.000000 99.622962
1473000 101.000000 99.623897
1474000 97.000000 99.622117
1475000 92.000000 99.616949
1476000 106.000000 99.621274
1477000 104.000000 99.624238
1478000 105.000000 99.627876
1479000 107.000000 99.632860
1480000 102.000000 99.634459
1481000 104.000000 99.637407
1482000 106.000000 99.641700
1483000 107.000000 99.646662
1484000 100.000000 99.646900
1485000 99.000000 99.646465
1486000 102.000000 99.648048
1487000 102.000000 99.649630
1488000 98.000000 99.648522
1489000 101.000000 99.649429
1490000 96.000000 99.646980
1491000 103.000000 99.649229
1492000 98.000000 99.648123
1493000 100.000000 99.648359
1494000 94.000000 99.644578
1495000 97.000000 99.642809
1496000 100.000000 99.643048
1497000 100.000000 99.643287
1498000 100.000000 99.643525
1499000 96.000000 99.641094
1500000 101.000000 99.642000
1501000 97.000000 99.640240
1502000 97.000000 99.638482
1503000 100.000000 99.638723
1504000 95.000000 99.635638
1505000 96.000000 99.633223
1506000 108.000000 99.638778
1507000 97.000000 99.637027
1508000 103.000000 99.639257
1509000 96.000000 99.636846
1510000 96.000000 99.634437
1511000 100.000000 99.634679
1512000 104.000000 99.637566
1513000 106.000000 99.641771
1514000 114.000000 99.651255
1515000 107.000000 99.656106
1516000 102.000000 99.657652
1517000 104.000000 99.660514
1518000 109.000000 99.666667
1519000 96.000000 99.664253
1520000 100.000000 99.664474
1521000 99.000000 99.664037
1522000 102.000000 99.665572
1523000 100.000000 99.665791
1524000 105.000000 99.669291
1525000 102.000000 99.670820
1526000 100.000000 99.671035
1527000 100.000000 99.671251
1528000 105.000000 99.674738
1529000 107.000000 99.679529
1530000 103.000000 99.681699
1531000 97.000000 99.679948
1532000 97.000000 99.678198
1533000 105.000000 99.681670
1534000 108.000000 99.687093
1535000 94.000000 99.683388
1536000 98.000000 99.682292
1537000 101.000000 99.683149
1538000 98.000000 99.682055
1539000 99.000000 99.681611
1540000 106.000000 99.685714
1541000 98.000000 99.684620
1542000 107.000000 99.689364
1543000 101.000000 99.690214
1544000 115.000000 99.700130
1545000 100.000000 99.700324
1546000 94.000000 99.696636
1547000 105.000000 99.700065
1548000 104.000000 99.702842
1549000 99.000000 99.702389
1550000 101.000000 99.703226
1551000 102.000000 99.704707
1552000 103.000000 99.706830
1553000 104.000000 99.709594
1554000 103.000000 99.711712
1555000 94.000000 99.708039
1556000 107.000000 99.712725
1557000 104.000000 99.715478
1558000 106.000000 99.719512
1559000 104.000000 99.722258
1560000 103.000000 99.724359
1561000 100.000000 99.724536
1562000 105.000000 99.727913
1563000 104.000000 99.730646
1564000 99.000000 99.730179
1565000 103.000000 99.732268
1566000 105.000000 99.735632
1567000 103.000000 99.737715
1568000 104.000000 99.740434
1569000 97.000000 99.738687
1570000 104.000000 99.741401
1571000 106.000000 99.745385
1572000 102.000000 99.746819
1573000 101.000000 99.747616
1574000 97.000000 99.745870
1575000 107.000000 99.750476
1576000 108.000000 99.755711
1577000 99.000000 99.755231
1578000 98.000000 99.754119
1579000 103.000000 99.756175
1580000 99.000000 99.755696
1581000 94.000000 99.752056
1582000 97.000000 99.750316
1583000 102.000000 99.751737
1584000 96.000000 99.749369
1585000 109.000000 99.755205
1586000 99.000000 99.754729
1587000 98.000000 99.753623
1588000 99.000000 99.753149
1589000 96.000000 99.750787
1590000 101.000000 99.751572
1591000 108.000000 99.756757
1592000 104.000000 99.759422
1593000 101.000000 99.760201
1594000 96.000000 99.757842
1595000 103.000000 99.759875
1596000 104.000000 99.762531
1597000 100.000000 99.762680
1598000 100.000000 99.762829
1599000 104.000000 99.765478
1600000 101.000000 99.766250
1601000 100.000000 99.766396
1602000 101.000000 99.767166
1603000 105.000000 99.770430
1604000 100.000000 99.770574
1605000 90.000000 99.764486
1606000 105.000000 99.767746
1607000 99.000000 99.767268
1608000 102.000000 99.768657
1609000 96.000000 99.766314
1610000 109.000000 99.772050
1611000 103.000000 99.774053
1612000 95.000000 99.771092
1613000 103.000000 99.773094
1614000 106.000000 99.776952
1615000 104.000000 99.779567
1616000 97.000000 99.777847
1617000 98.000000 99.776747
1618000 103.000000 99.778739
1619000 96.000000 99.776405
1620000 105.000000 99.779630
1621000 104.000000 99.782233
1622000 103.000000 99.784217
1623000 101.000000 99.784966
1624000 110.000000 99.791256
1625000 103.000000 99.793231
1626000 109.000000 99.798893
1627000 95.000000 99.795943
1628000 104.000000 99.798526
1629000 105.000000 99.801719
1630000 107.000000 99.806135
1631000 102.000000 99.807480
1632000 99.000000 99.806985
1633000 103.000000 99.808941
1634000 97.000000 99.807222
1635000 102.000000 99.808563
1636000 103.000000 99.810513
1637000 100.000000 99.810629
1638000 99.000000 99.810134
1639000 101.000000 99.810860
1640000 96.000000 99.808537
1641000 97.000000 99.806825
1642000 108.000000 99.811815
1643000 106.000000 99.815581
1644000 100.000000 99.815693
1645000 104.000000 99.818237
1646000 101.000000 99.818955
1647000 100.000000 99.819065
1648000 110.000000 99.825243
1649000 103.000000 99.827168
1650000 106.000000 99.830909
1651000 104.000000 99.833434
1652000 101.000000 99.834140
1653000 112.000000 99.841500
1654000 102.000000 99.842805
1655000 106.000000 99.846526
1656000 105.000000 99.849638
1657000 103.000000 99.851539
1658000 104.000000 99.854041
1659000 102.000000 99.855335
1660000 105.000000 99.858434
1661000 102.000000 99.859723
1662000 94.000000 99.856197
1663000 102.000000 99.857486
1664000 106.000000 99.861178
1665000 103.000000 99.863063
1666000 107.000000 99.867347
1667000 100.000000 99.867427
1668000 100.000000 99.867506
1669000 101.000000 99.868185
1670000 105.000000 99.871257
1671000 99.000000 99.870736
1672000 100.000000 99.870813
1673000 105.000000 99.873879
1674000 101.000000 99.874552
1675000 99.000000 99.874030
1676000 100.000000 99.874105
1677000 99.000000 99.873584
1678000 98.000000 99.872467
1679000 105.000000 99.875521
1680000 101.000000 99.876190
1681000 107.000000 99.880428
1682000 102.000000 99.881688
1683000 105.000000 99.884730
1684000 102.000000 99.885986
1685000 97.000000 99.884273
1686000 111.000000 99.890866
1687000 105.000000 99.893894
1688000 106.000000 99.897512
1689000 102.000000 99.898757
1690000 102.000000 99.900000
1691000 99.000000 99.899468
1692000 103.000000 99.901300
1693000 94.000000 99.897815
1694000 96.000000 99.895514
1695000 103.000000 99.897345
1696000 98.000000 99.896226
1697000 102.000000 99.897466
1698000 101.000000 99.898115
1699000 96.000000 99.895821
1700000 105.000000 99.898824
1701000 107.000000 99.902998
1702000 102.000000 99.904230
1703000 104.000000 99.906635
1704000 104.000000 99.909038
1705000 107.000000 99.913196
1706000 105.000000 99.916178
1707000 100.000000 99.916227
1708000 98.000000 99.915105
1709000 100.000000 99.915155
1710000 103.000000 99.916959
1711000 95.000000 99.914085
1712000 108.000000 99.918808
1713000 101.000000 99.919440
1714000 95.000000 99.916569
1715000 101.000000 99.917201
1716000 98.000000 99.916084
1717000 97.000000 99.914386
1718000 103.000000 99.916182
1719000 101.000000 99.916812
1720000 106.000000 99.920349
1721000 97.000000 99.918652
1722000 105.000000 99.921603
1723000 105.000000 99.924550
1724000 99.000000 99.924014
1725000 107.000000 99.928116
1726000 99.000000 99.927578
1727000 99.000000 99.927041
1728000 103.000000 99.928819
1729000 93.000000 99.924812
1730000 98.000000 99.923699
1731000 100.000000 99.923744
1732000 100.000000 99.923788
1733000 98.000000 99.922677
1734000 97.000000 99.920992
1735000 101.000000 99.921614
1736000 97.000000 99.919931
1737000 99.000000 99.919401
1738000 95.000000 99.916571
1739000 101.000000 99.917194
1740000 100.000000 99.917241
1741000 100.000000 99.917289
1742000 97.000000 99.915614
1743000 98.000000 99.914515
1744000 102.000000 99.915711
1745000 100.000000 99.915759
1746000 98.000000 99.914662
1747000 100.000000 99.914711
1748000 105.000000 99.917620
1749000 99.000000 99.917095
1750000 102.000000 99.918286
1751000 97.000000 99.916619
1752000 103.000000 99.918379
1753000 96.000000 99.916144
1754000 105.000000 99.919042
1755000 97.000000 99.917379
1756000 97.000000 99.915718
1757000 101.000000 99.916335
1758000 106.000000 99.919795
1759000 97.000000 99.918135
1760000 101.000000 99.918750
1761000 102.000000 99.919932
1762000 102.000000 99.921112
1763000 90.000000 99.915485
1764000 96.000000 99.913265
1765000 96.000000 99.911048
1766000 94.000000 99.907701
1767000 95.000000 99.904924
1768000 100.000000 99.904977
1769000 104.000000 99.907292
1770000 97.000000 99.905650
1771000 106.000000 99.909091
1772000 98.000000 99.908014
1773000 101.000000 99.908629
1774000 99.000000 99.908117
1775000 102.000000 99.909296
1776000 102.000000 99.910473
1777000 104.000000 99.912774
1778000 99.000000 99.912261
1779000 97.000000 99.910624
1780000 100.000000 99.910674
1781000 99.000000 99.910163
1782000 103.000000 99.911897
1783000 103.000000 99.913629
1784000 103.000000 99.915359
1785000 101.000000 99.915966
1786000 107.000000 99.919933
1787000 94.000000 99.916620
1788000 103.000000 99.918345
1789000 101.000000 99.918949
1790000 104.000000 99.921229
1791000 110.000000 99.926857
1792000 102.000000 99.928013
1793000 91.000000 99.923034
1794000 104.000000 99.925307
1795000 108.000000 99.929805
1796000 100.000000 99.929844
1797000 104.000000 99.932109
1798000 104.000000 99.934372
1799000 102.000000 99.935520
1800000 104.000000 99.937778
1801000 108.000000 99.942254
1802000 110.000000 99.947836
1803000 100.000000 99.947865
1804000 105.000000 99.950665
1805000 97.000000 99.949030
1806000 104.000000 99.951274
1807000 100.000000 99.951300
1808000 104.000000 99.953540
1809000 106.000000 99.956882
1810000 98.000000 99.955801
1811000 107.000000 99.959691
1812000 107.000000 99.963576
1813000 97.000000 99.961942
1814000 101.000000 99.962514
1815000 109.000000 99.967493
1816000 106.000000 99.970815
1817000 97.000000 99.969180
1818000 110.000000 99.974697
1819000 105.000000 99.977460
1820000 102.000000 99.978571
1821000 107.000000 99.982427
1822000 108.000000 99.986828
1823000 99.000000 99.986286
1824000 103.000000 99.987939
1825000 94.000000 99.984658
1826000 107.000000 99.988499
1827000 103.000000 99.990148
1828000 99.000000 99.989606
1829000 104.000000 99.991799
1830000 101.000000 99.992350
1831000 106.000000 99.995631
1832000 107.000000 99.999454
1833000 98.000000 99.998363
1834000 108.000000 100.002726
1835000 105.000000 100.005450
1836000 103.000000 100.007081
1837000 103.000000 100.008710
1838000 105.000000 100.011425
1839000 105.000000 100.014138
1840000 93.000000 100.010326
1841000 102.000000 100.011407
1842000 103.000000 100.013029
1843000 102.000000 100.014107
1844000 100.000000 100.014100
1845000 96.000000 100.011924
1846000 103.000000 100.013543
1847000 102.000000 100.014618
1848000 96.000000 100.012446
1849000 93.000000 100.008653
1850000 106.000000 100.011892
1851000 101.000000 100.012426
1852000 107.000000 100.016199
1853000 94.000000 100.012952
1854000 92.000000 100.008630
1855000 102.000000 100.009704
1856000 101.000000 100.010237
1857000 112.000000 100.016694
1858000 101.000000 100.017223
1859000 98.000000 100.016138
1860000 96.000000 100.013978
1861000 105.000000 100.016658
1862000 103.000000 100.018260
1863000 99.000000 100.017713
1864000 99.000000 100.017167
1865000 100.000000 100.017158
1866000 100.000000 100.017149
1867000 94.000000 100.013926
1868000 100.000000 100.013919
1869000 98.000000 100.012841
1870000 101.000000 100.013369
1871000 94.000000 100.010155
1872000 101.000000 100.010684
1873000 103.000000 100.012280
1874000 102.000000 100.013340
1875000 103.000000 100.014933
1876000 108.000000 100.019190
1877000 96.000000 100.017048
1878000 104.000000 100.019169
1879000 103.000000 100.020756
1880000 100.000000 100.020745
1881000 95.000000 100.018075
1882000 100.000000 100.018066
1883000 104.000000 100.020181
1884000 94.000000 100.016985
1885000 107.000000 100.020690
1886000 104.000000 100.022800
1887000 95.000000 100.020138
1888000 93.000000 100.016419
1889000 104.000000 100.018528
1890000 106.000000 100.021693
1891000 110.000000 100.026970
1892000 97.000000 100.025370
1893000 105.000000 100.027998
1894000 101.000000 100.028511
1895000 95.000000 100.025858
1896000 101.000000 100.026371
1897000 101.000000 100.026885
1898000 103.000000 100.028451
1899000 98.000000 100.027383
1900000 102.000000 100.028421
1901000 99.000000 100.027880
1902000 106.000000 100.031020
1903000 95.000000 100.028376
1904000 100.000000 100.028361
1905000 105.000000 100.030971
1906000 101.000000 100.031480
1907000 106.000000 100.034609
1908000 100.000000 100.034591
1909000 101.000000 100.035097
1910000 93.000000 100.031414
1911000 106.000000 100.034537
1912000 103.000000 100.036088
1913000 108.000000 100.040251
1914000 100.000000 100.040230
1915000 101.000000 100.040731
1916000 107.000000 100.044363
1917000 99.000000 100.043818
1918000 102.000000 100.044838
1919000 100.000000 100.044815
1920000 100.000000 100.044792
1921000 104.000000 100.046851
1922000 94.000000 100.043704
1923000 103.000000 100.045242
1924000 95.000000 100.042620
1925000 100.000000 100.042597
1926000 102.000000 100.043614
1927000 97.000000 100.042034
1928000 104.000000 100.044087
1929000 104.000000 100.046138
1930000 98.000000 100.045078
1931000 101.000000 100.045572
1932000 98.000000 100.044513
1933000 98.000000 100.043456
1934000 100.000000 100.043433
1935000 102.000000 100.044444
1936000 104.000000 100.046488
1937000 103.000000 100.048012
1938000 91.000000 100.043344
1939000 96.000000 100.041258
1940000 91.000000 100.036598
1941000 99.000000 100.036064
1942000 96.000000 100.033986
1943000 99.000000 100.033453
1944000 108.000000 100.037551
1945000 96.000000 100.035476
1946000 100.000000 100.035457
1947000 93.000000 100.031844
1948000 96.000000 100.029774
1949000 89.000000 100.024115
1950000 103.000000 100.025641
1951000 100.000000 100.025628
1952000 100.000000 100.025615
1953000 99.000000 100.025090
1954000 106.000000 100.028147
1955000 102.000000 100.029156
1956000 101.000000 100.029652
1957000 99.000000 100.029126
1958000 103.000000 100.030644
1959000 101.000000 100.031138
1960000 103.000000 100.032653
1961000 103.000000 100.034166
1962000 102.000000 100.035168
1963000 103.000000 100.036679
1964000 103.000000 100.038187
1965000 100.000000 100.038168
1966000 100.000000 100.038149
1967000 102.000000 100.039146
1968000 100.000000 100.039126
1969000 96.000000 100.037075
1970000 104.000000 100.039086
1971000 101.000000 100.039574
1972000 95.000000 100.037018
1973000 109.000000 100.041561
1974000 104.000000 100.043566
1975000 104.000000 100.045570
1976000 100.000000 100.045547
1977000 96.000000 100.043500
1978000 103.000000 100.044995
1979000 99.000000 100.044467
1980000 98.000000 100.043434
1981000 93.000000 100.039879
1982000 99.000000 100.039354
1983000 100.000000 100.039334
1984000 99.000000 100.038810
1985000 93.000000 100.035264
1986000 100.000000 100.035247
1987000 101.000000 100.035732
1988000 100.000000 100.035714
1989000 98.000000 100.034691
1990000 99.000000 100.034171
1991000 96.000000 100.032145
1992000 95.000000 100.029618
1993000 97.000000 100.028098
1994000 104.000000 100.030090
1995000 101.000000 100.030576
1996000 96.000000 100.028557
1997000 99.000000 100.028042
1998000 104.000000 100.030030
1999000 100.000000 100.030015
2000000 103.000000 100.031500
2001000 102.000000 100.032484
2002000 93.000000 100.028971
2003000 104.000000 100.030954
2004000 103.000000 100.032435
2005000 100.000000 100.032419
2006000 97.000000 100.030907
2007000 104.000000 100.032885
2008000 97.000000 100.031375
2009000 94.000000 100.028372
2010000 98.000000 100.027363
2011000 105.000000 100.029836
2012000 102.000000 100.030815
2013000 90.000000 100.025832
2014000 92.000000 100.021847
2015000 100.000000 100.021836
2016000 91.000000 100.017361
2017000 99.000000 100.016857
2018000 98.000000 100.015857
2019000 92.000000 100.011887
2020000 95.000000 100.009406
2021000 101.000000 100.009896
2022000 99.000000 100.009397
2023000 99.000000 100.008898
2024000 109.000000 100.013340
2025000 99.000000 100.012840
2026000 94.000000 100.009872
2027000 99.000000 100.009373
2028000 101.000000 100.009862
2029000 100.000000 100.009857
2030000 102.000000 100.010837
2031000 107.000000 100.014279
2032000 103.000000 100.015748
2033000 95.000000 100.013281
2034000 105.000000 100.015733
2035000 102.000000 100.016708
2036000 100.000000 100.016699
2037000 102.000000 100.017673
2038000 98.000000 100.016683
2039000 105.000000 100.019127
2040000 100.000000 100.019118
2041000 100.000000 100.019108
2042000 105.000000 100.021548
2043000 102.000000 100.022516
2044000 102.000000 100.023483
2045000 96.000000 100.021516
2046000 97.000000 100.020039
2047000 101.000000 100.020518
2048000 104.000000 100.022461
2049000 101.000000 100.022938
2050000 101.000000 100.023415
2051000 102.000000 100.024378
2052000 106.000000 100.027290
2053000 107.000000 100.030687
2054000 103.000000 100.032132
2055000 102.000000 100.033090
2056000 91.000000 100.028696
2057000 97.000000 100.027224
2058000 95.000000 100.024781
2059000 101.000000 100.025255
2060000 93.000000 100.021845
2061000 102.000000 100.022804
2062000 103.000000 100.024248
2063000 102.000000 100.025206
2064000 103.000000 100.026647
2065000 102.000000 100.027603
2066000 97.000000 100.026137
2067000 98.000000 100.025157
2068000 99.000000 100.024662
2069000 101.000000 100.025133
2070000 104.000000 100.027053
2071000 104.000000 100.028972
2072000 97.000000 100.027510
2073000 101.000000 100.027979
2074000 105.000000 100.030376
2075000 103.000000 100.031807
2076000 98.000000 100.030829
2077000 106.000000 100.033702
2078000 93.000000 100.030318
2079000 99.000000 100.029822
2080000 99.000000 100.029327
2081000 107.000000 100.032677
2082000 98.000000 100.031700
2083000 93.000000 100.028325
2084000 98.000000 100.027351
2085000 102.000000 100.028297
2086000 90.000000 100.023490
2087000 95.000000 100.021083
2088000 97.000000 100.019636
2089000 99.000000 100.019148
2090000 92.000000 100.015311
2091000 101.000000 100.015782
2092000 99.000000 100.015296
2093000 93.000000 100.011945
2094000 94.000000 100.009074
2095000 104.000000 100.010979
2096000 96.000000 100.009065
2097000 97.000000 100.007630
2098000 105.000000 100.010010
2099000 100.000000 100.010005
2100000 101.000000 100.010476
2101000 103.000000 100.011899
2102000 103.000000 100.013321
2103000 105.000000 100.015692
2104000 98.000000 100.014734
2105000 97.000000 100.013302
2106000 101.000000 100.013770
2107000 101.000000 100.014238
2108000 101.000000 100.014706
2109000 98.000000 100.013751
2110000 100.000000 100.013744
2111000 104.000000 100.015632
2112000 98.000000 100.014678
2113000 90.000000 100.009938
2114000 106.000000 100.012772
2115000 103.000000 100.014184
2116000 109.000000 100.018431
2117000 106.000000 100.021256
2118000 102.000000 100.022191
2119000 106.000000 100.025012
2120000 97.000000 100.023585
2121000 100.000000 100.023574
2122000 105.000000 100.025919
2123000 89.000000 100.020725
2124000 101.000000 100.021186
2125000 100.000000 100.021176
2126000 108.000000 100.024929
2127000 106.000000 100.027739
2128000 104.000000 100.029605
2129000 101.000000 100.030061
2130000 110.000000 100.034742
2131000 99.000000 100.034256
2132000 93.000000 100.030957
2133000 108.000000 100.034693
2134000 103.000000 100.036082
2135000 101.000000 100.036534
2136000 93.000000 100.033240
2137000 100.000000 100.033224
2138000 100.000000 100.033209
2139000 97.000000 100.031791
2140000 98.000000 100.030841
2141000 96.000000 100.028958
2142000 97.000000 100.027544
2143000 97.000000 100.026132
2144000 95.000000 100.023787
2145000 99.000000 100.023310
2146000 103.000000 100.024697
2147000 98.000000 100.023754
2148000 96.000000 100.021881
2149000 103.000000 100.023267
2150000 96.000000 100.021395
2151000 92.000000 100.017666
2152000 101.000000 100.018123
2153000 94.000000 100.015327
2154000 96.000000 100.013463
2155000 99.000000 100.012993
2156000 100.000000 100.012987
2157000 95.000000 100.010663
2158000 106.000000 100.013438
2159000 97.000000 100.012043
2160000 97.000000 100.010648
2161000 106.000000 100.013420
2162000 104.000000 100.015264
2163000 101.000000 100.015719
2164000 97.000000 100.014325
2165000 94.000000 100.011547
2166000 106.000000 100.014312
2167000 97.000000 100.012921
2168000 100.000000 100.012915
2169000 103.000000 100.014292
2170000 101.000000 100.014747
2171000 100.000000 100.014740
2172000 101.000000 100.015193
2173000 102.000000 100.016107
2174000 94.000000 100.013339
2175000 95.000000 100.011034
2176000 100.000000 100.011029
2177000 96.000000 100.009187
2178000 98.000000 100.008264
2179000 97.000000 100.006884
2180000 100.000000 100.006881
2181000 105.000000 100.009170
2182000 99.000000 100.008708
2183000 103.000000 100.010078
2184000 94.000000 100.007326
2185000 93.000000 100.004119
2186000 110.000000 100.008692
2187000 101.000000 100.009145
2188000 96.000000 100.007313
2189000 101.000000 100.007766
2190000 103.000000 100.009132
2191000 95.000000 100.006846
2192000 98.000000 100.005931
2193000 104.000000 100.007752
2194000 102.000000 100.008660
2195000 102.000000 100.009567
2196000 104.000000 100.011384
2197000 95.000000 100.009103
2198000 101.000000 100.009554
2199000 97.000000 100.008186
2200000 96.000000 100.006364
2201000 108.000000 100.009995
2202000 97.000000 100.008629
2203000 102.000000 100.009532
2204000 98.000000 100.008621
2205000 95.000000 100.006349
2206000 95.000000 100.004080
2207000 97.000000 100.002719
2208000 96.000000 100.000906
2209000 104.000000 100.002716
2210000 100.000000 100.002715
2211000 96.000000 100.000905
2212000 95.000000 99.998644
2213000 92.000000 99.995029
2214000 102.000000 99.995935
2215000 101.000000 99.996388
2216000 95.000000 99.994134
2217000 96.000000 99.992332
2218000 102.000000 99.993237
2219000 99.000000 99.992790
2220000 96.000000 99.990991
2221000 102.000000 99.991896
2222000 97.000000 99.990549
2223000 99.000000 99.990103
2224000 102.000000 99.991007
2225000 95.000000 99.988764
2226000 89.000000 99.983827
2227000 91.000000 99.979793
2228000 86.000000 99.973519
2229000 96.000000 99.971736
2230000 100.000000 99.971749
2231000 99.000000 99.971313
2232000 105.000000 99.973566
2233000 108.000000 99.977161
2234000 99.000000 99.976723
2235000 99.000000 99.976286
2236000 109.000000 99.980322
2237000 100.000000 99.980331
2238000 95.000000 99.978105
2239000 92.000000 99.974542
2240000 104.000000 99.976339
2241000 95.000000 99.974119
2242000 95.000000 99.971900
2243000 100.000000 99.971913
2244000 104.000000 99.973708
2245000 96.000000 99.971938
2246000 101.000000 99.972395
2247000 99.000000 99.971963
2248000 100.000000 99.971975
2249000 98.000000 99.971098
2250000 96.000000 99.969333
2251000 105.000000 99.971568
2252000 88.000000 99.966252
2253000 92.000000 99.962716
2254000 99.000000 99.962289
2255000 102.000000 99.963193
2256000 96.000000 99.961436
2257000 98.000000 99.960567
2258000 98.000000 99.959699
2259000 93.000000 99.956618
2260000 86.000000 99.950442
2261000 94.000000 99.947811
2262000 101.000000 99.948276
2263000 92.000000 99.944764
2264000 100.000000 99.944788
2265000 102.000000 99.945695
2266000 108.000000 99.949250
2267000 98.000000 99.948390
2268000 101.000000 99.948854
2269000 104.000000 99.950639
2270000 100.000000 99.950661
2271000 110.000000 99.955086
2272000 103.000000 99.956426
2273000 107.000000 99.959525
2274000 103.000000 99.960862
2275000 104.000000 99.962637
2276000 106.000000 99.965290
2277000 98.000000 99.964427
2278000 102.000000 99.965320
2279000 104.000000 99.967091
2280000 100.000000 99.967105
2281000 104.000000 99.968873
2282000 108.000000 99.972393
2283000 101.000000 99.972843
2284000 94.000000 99.970228
2285000 101.000000 99.970678
2286000 98.000000 99.969816
2287000 103.000000 99.971141
2288000 98.000000 99.970280
2289000 96.000000 99.968545
2290000 95.000000 99.966376
2291000 99.000000 99.965954
2292000 96.000000 99.964223
2293000 102.000000 99.965111
2294000 95.000000 99.962947
2295000 105.000000 99.965142
2296000 100.000000 99.965157
2297000 100.000000 99.965172
2298000 98.000000 99.964317
2299000 94.000000 99.961722
2300000 97.000000 99.960435
2301000 96.000000 99.958714
2302000 101.000000 99.959166
2303000 98.000000 99.958315
2304000 108.000000 99.961806
2305000 109.000000 99.965727
2306000 101.000000 99.966175
2307000 101.000000 99.966623
2308000 103.000000 99.967938
2309000 100.000000 99.967951
2310000 103.000000 99.969264
2311000 102.000000 99.970143
2312000 100.000000 99.970156
2313000 96.000000 99.968439
2314000 105.000000 99.970614
2315000 105.000000 99.972786
2316000 100.000000 99.972798
2317000 108.000000 99.976262
2318000 100.000000 99.976273
2319000 102.000000 99.977145
2320000 99.000000 99.976724
2321000 104.000000 99.978458
2322000 103.000000 99.979759
2323000 104.000000 99.981489
2324000 106.000000 99.984079
2325000 98.000000 99.983226
2326000 100.000000 99.983233
2327000 101.000000 99.983670
2328000 103.000000 99.984966
2329000 98.000000 99.984113
2330000 102.000000 99.984979
2331000 103.000000 99.986272
2332000 98.000000 99.985420
2333000 104.000000 99.987141
2334000 100.000000 99.987147
2335000 92.000000 99.983726
2336000 103.000000 99.985017
2337000 101.000000 99.985451
2338000 99.000000 99.985030
2339000 99.000000 99.984609
2340000 97.000000 99.983333
2341000 101.000000 99.983768
2342000 104.000000 99.985482
2343000 100.000000 99.985489
2344000 97.000000 99.984215
2345000 101.000000 99.984648
2346000 101.000000 99.985081
2347000 101.000000 99.985513
2348000 101.000000 99.985945
2349000 99.000000 99.985526
2350000 101.000000 99.985957
2351000 96.000000 99.984262
2352000 100.000000 99.984269
2353000 97.000000 99.983000
2354000 99.000000 99.982583
2355000 104.000000 99.984289
2356000 102.000000 99.985144
2357000 101.000000 99.985575
2358000 97.000000 99.984309
2359000 97.000000 99.983044
2360000 100.000000 99.983051
2361000 98.000000 99.982211
2362000 104.000000 99.983912
2363000 101.000000 99.984342
2364000 102.000000 99.985195
2365000 99.000000 99.984778
2366000 99.000000 99.984362
2367000 101.000000 99.984791
2368000 93.000000 99.981841
2369000 108.000000 99.985226
2370000 97.000000 99.983966
2371000 102.000000 99.984817
2372000 101.000000 99.985245
2373000 99.000000 99.984829
2374000 98.000000 99.983993
2375000 97.000000 99.982737
2376000 92.000000 99.979377
2377000 101.000000 99.979806
2378000 100.000000 99.979815
2379000 104.000000 99.981505
2380000 100.000000 99.981513
2381000 97.000000 99.980260
2382000 101.000000 99.980688
2383000 98.000000 99.979857
2384000 89.000000 99.975252
2385000 98.000000 99.974423
2386000 99.000000 99.974015
2387000 94.000000 99.971512
2388000 99.000000 99.971106
2389000 101.000000 99.971536
2390000 95.000000 99.969456
2391000 94.000000 99.966959
2392000 99.000000 99.966555
2393000 103.000000 99.967823
2394000 104.000000 99.969507
2395000 104.000000 99.971190
2396000 104.000000 99.972871
2397000 103.000000 99.974134
2398000 95.000000 99.972060
2399000 104.000000 99.973739
2400000 95.000000 99.971667
2401000 104.000000 99.973344
2402000 106.000000 99.975853
2403000 99.000000 99.975447
2404000 102.000000 99.976290
2405000 103.000000 99.977547
2406000 91.000000 99.973815
2407000 100.000000 99.973826
2408000 101.000000 99.974252
2409000 99.000000 99.973848
2410000 101.000000 99.974274
2411000 97.000000 99.973040
2412000 95.000000 99.970978
2413000 105.000000 99.973063
2414000 105.000000 99.975145
2415000 99.000000 99.974741
2416000 99.000000 99.974338
2417000 98.000000 99.973521
2418000 104.000000 99.975186
2419000 105.000000 99.977263
2420000 101.000000 99.977686
2421000 97.000000 99.976456
2422000 99.000000 99.976053
2423000 114.000000 99.981841
2424000 96.000000 99.980198
2425000 96.000000 99.978557
2426000 100.000000 99.978566
2427000 101.000000 99.978986
2428000 106.000000 99.981466
2429000 108.000000 99.984767
2430000 96.000000 99.983128
2431000 98.000000 99.982312
2432000 106.000000 99.984786
2433000 96.000000 99.983148
2434000 96.000000 99.981512
2435000 100.000000 99.981520
2436000 94.000000 99.979064
2437000 109.000000 99.982766
2438000 101.000000 99.983183
2439000 104.000000 99.984830
2440000 106.000000 99.987295
2441000 100.000000 99.987300
2442000 109.000000 99.990991
2443000 105.000000 99.993041
2444000 100.000000 99.993044
2445000 99.000000 99.992638
2446000 96.000000 99.991006
2447000 98.000000 99.990192
2448000 102.000000 99.991013
2449000 99.000000 99.990608
2450000 99.000000 99.990204
2451000 97.000000 99.988984
2452000 99.000000 99.988581
2453000 94.000000 99.986139
2454000 100.000000 99.986145
2455000 103.000000 99.987373
2456000 97.000000 99.986156
2457000 98.000000 99.985348
2458000 99.000000 99.984947
2459000 97.000000 99.983733
2460000 96.000000 99.982114
2461000 105.000000 99.984153
2462000 99.000000 99.983753
2463000 104.000000 99.985384
2464000 100.000000 99.985390
2465000 98.000000 99.984584
2466000 95.000000 99.982563
2467000 100.000000 99.982570
2468000 105.000000 99.984603
2469000 98.000000 99.983799
2470000 91.000000 99.980162
2471000 97.000000 99.978956
2472000 97.000000 99.977751
2473000 92.000000 99.974525
2474000 99.000000 99.974131
2475000 99.000000 99.973737
2476000 96.000000 99.972132
2477000 98.000000 99.971336
2478000 97.000000 99.970137
2479000 95.000000 99.968132
2480000 96.000000 99.966532
2481000 94.000000 99.964127
2482000 97.000000 99.962933
2483000 103.000000 99.964156
2484000 102.000000 99.964976
2485000 94.000000 99.962575
2486000 95.000000 99.960579
2487000 95.000000 99.958585
2488000 97.000000 99.957395
2489000 106.000000 99.959823
2490000 96.000000 99.958233
2491000 98.000000 99.957447
2492000 103.000000 99.958668
2493000 107.000000 99.961492
2494000 90.000000 99.957498
2495000 105.000000 99.959519
2496000 96.000000 99.957933
2497000 97.000000 99.956748
2498000 91.000000 99.953163
2499000 100.000000 99.953181
2500000 95.000000 99.951200
2501000 100.000000 99.951220
2502000 94.000000 99.948841
2503000 99.000000 99.948462
2504000 97.000000 99.947284
2505000 97.000000 99.946108
2506000 87.000000 99.940942
2507000 102.000000 99.941763
2508000 95.000000 99.939793
2509000 103.000000 99.941012
2510000 102.000000 99.941833
2511000 97.000000 99.940661
2512000 98.000000 99.939889
2513000 95.000000 99.937923
2514000 97.000000 99.936754
2515000 100.000000 99.936779
2516000 99.000000 99.936407
2517000 102.000000 99.937227
2518000 98.000000 99.936458
2519000 99.000000 99.936086
2520000 90.000000 99.932143
2521000 97.000000 99.930980
2522000 96.000000 99.929421
2523000 97.000000 99.928260
2524000 98.000000 99.927496
2525000 94.000000 99.925149
2526000 95.000000 99.923199
2527000 97.000000 99.922042
2528000 95.000000 99.920095
2529000 97.000000 99.918940
2530000 103.000000 99.920158
2531000 101.000000 99.920585
2532000 96.000000 99.919036
2533000 93.000000 99.916305
2534000 97.000000 99.915154
2535000 97.000000 99.914004
2536000 98.000000 99.913249
2537000 94.000000 99.910918
2538000 95.000000 99.908983
2539000 99.000000 99.908625
2540000 95.000000 99.906693
2541000 95.000000 99.904762
2542000 90.000000 99.900865
2543000 94.000000 99.898545
2544000 94.000000 99.896226
2545000 94.000000 99.893910
2546000 94.000000 99.891595
2547000 96.000000 99.890067
2548000 103.000000 99.891287
2549000 101.000000 99.891722
2550000 103.000000 99.892941
2551000 101.000000 99.893375
2552000 98.000000 99.892633
2553000 98.000000 99.891892
2554000 98.000000 99.891151
2555000 94.000000 99.888845
2556000 101.000000 99.889280
2557000 97.000000 99.888150
2558000 97.000000 99.887021
2559000 99.000000 99.886674
2560000 93.000000 99.883984
2561000 100.000000 99.884030
2562000 93.000000 99.881343
2563000 95.000000 99.879438
2564000 99.000000 99.879095
2565000 98.000000 99.878363
2566000 92.000000 99.875292
2567000 102.000000 99.876120
2568000 106.000000 99.878505
2569000 98.000000 99.877773
2570000 98.000000 99.877043
2571000 99.000000 99.876702
2572000 105.000000 99.878694
2573000 93.000000 99.876020
2574000 93.000000 99.873349
2575000 94.000000 99.871068
2576000 91.000000 99.867624
2577000 95.000000 99.865735
2578000 93.000000 99.863072
2579000 97.000000 99.861962
2580000 100.000000 99.862016
2581000 109.000000 99.865556
2582000 90.000000 99.861735
2583000 92.000000 99.858691
2584000 96.000000 99.857198
2585000 90.000000 99.853385
2586000 93.000000 99.850735
2587000 86.000000 99.845381
2588000 97.000000 99.844281
2589000 93.000000 99.841638
2590000 95.000000 99.839768
2591000 96.000000 99.838286
2592000 92.000000 99.835262
2593000 104.000000 99.836868
2594000 97.000000 99.835775
2595000 93.000000 99.833141
2596000 99.000000 99.832820
2597000 98.000000 99.832114
2598000 95.000000 99.830254
2599000 94.000000 99.828011
2600000 94.000000 99.825769
2601000 96.000000 99.824298
2602000 99.000000 99.823982
2603000 99.000000 99.823665
2604000 97.000000 99.822581
2605000 97.000000 99.821497
2606000 90.000000 99.817728
2607000 104.000000 99.819333
2608000 99.000000 99.819018
2609000 95.000000 99.817171
2610000 96.000000 99.815709
2611000 100.000000 99.815779
2612000 98.000000 99.815084
2613000 98.000000 99.814390
2614000 93.000000 99.811783
2615000 99.000000 99.811472
2616000 101.000000 99.811927
2617000 93.000000 99.809324
2618000 97.000000 99.808251
2619000 92.000000 99.805269
2620000 96.000000 99.803817
2621000 93.000000 99.801221
2622000 96.000000 99.799771
2623000 98.000000 99.799085
2624000 100.000000 99.799162
2625000 98.000000 99.798476
2626000 98.000000 99.797791
2627000 96.000000 99.796346
2628000 97.000000 99.795282
2629000 94.000000 99.793077
2630000 94.000000 99.790875
2631000 104.000000 99.792474
2632000 100.000000 99.792553
2633000 96.000000 99.791113
2634000 98.000000 99.790433
2635000 104.000000 99.792030
2636000 96.000000 99.790592
2637000 93.000000 99.788017
2638000 96.000000 99.786581
2639000 102.000000 99.787419
2640000 101.000000 99.787879
2641000 100.000000 99.787959
2642000 98.000000 99.787282
2643000 98.000000 99.786606
2644000 97.000000 99.785552
2645000 100.000000 99.785633
2646000 101.000000 99.786092
2647000 94.000000 99.783906
2648000 103.000000 99.785121
2649000 103.000000 99.786334
2650000 105.000000 99.788302
2651000 97.000000 99.787250
2652000 94.000000 99.785068
2653000 98.000000 99.784395
2654000 101.000000 99.784853
2655000 96.000000 99.783427
2656000 99.000000 99.783133
2657000 103.000000 99.784343
2658000 98.000000 99.783672
2659000 99.000000 99.783377
2660000 93.000000 99.780827
2661000 98.000000 99.780158
2662000 91.000000 99.776860
2663000 100.000000 99.776943
2664000 93.000000 99.774399
2665000 100.000000 99.774484
2666000 100.000000 99.774569
2667000 94.000000 99.772403
2668000 105.000000 99.774363
2669000 99.000000 99.774073
2670000 99.000000 99.773783
2671000 92.000000 99.770872
2672000 97.000000 99.769835
2673000 91.000000 99.766554
2674000 91.000000 99.763276
2675000 97.000000 99.762243
2676000 107.000000 99.764948
2677000 98.000000 99.764288
2678000 101.000000 99.764750
2679000 100.000000 99.764838
2680000 97.000000 99.763806
2681000 96.000000 99.762402
2682000 105.000000 99.764355
2683000 102.000000 99.765188
2684000 95.000000 99.763413
2685000 98.000000 99.762756
2686000 104.000000 99.764334
2687000 101.000000 99.764793
2688000 99.000000 99.764509
2689000 102.000000 99.765340
2690000 98.000000 99.764684
2691000 100.000000 99.764771
2692000 103.000000 99.765973
2693000 96.000000 99.764575
2694000 97.000000 99.763549
2695000 104.000000 99.765121
2696000 103.000000 99.766320
2697000 104.000000 99.767890
2698000 97.000000 99.766864
2699000 96.000000 99.765469
2700000 97.000000 99.764444
2701000 101.000000 99.764902
2702000 91.000000 99.761658
2703000 96.000000 99.760266
2704000 101.000000 99.760725
2705000 93.000000 99.758226
2706000 104.000000 99.759793
2707000 92.000000 99.756926
2708000 95.000000 99.755170
2709000 92.000000 99.752307
2710000 97.000000 99.751292
2711000 98.000000 99.750646
2712000 98.000000 99.750000
2713000 106.000000 99.752304
2714000 102.000000 99.753132
2715000 97.000000 99.752118
2716000 99.000000 99.751841
2717000 92.000000 99.748988
2718000 96.000000 99.747609
2719000 98.000000 99.746966
2720000 95.000000 99.745221
2721000 100.000000 99.745314
2722000 91.000000 99.742101
2723000 91.000000 99.738891
2724000 88.000000 99.734581
2725000 96.000000 99.733211
2726000 94.000000 99.731108
2727000 96.000000 99.729740
2728000 99.000000 99.729472
2729000 99.000000 99.729205
2730000 98.000000 99.728571
2731000 99.000000 99.728305
2732000 100.000000 99.728404
2733000 97.000000 99.727406
2734000 101.000000 99.727871
2735000 92.000000 99.725046
2736000 92.000000 99.722222
2737000 97.000000 99.721228
2738000 99.000000 99.720964
2739000 91.000000 99.717780
2740000 99.000000 99.717518
2741000 100.000000 99.717621
2742000 89.000000 99.713713
2743000 93.000000 99.711265
2744000 100.000000 99.711370
2745000 95.000000 99.709654
2746000 94.000000 99.707575
2747000 99.000000 99.707317
2748000 98.000000 99.706696
2749000 100.000000 99.706802
2750000 97.000000 99.705818
2751000 99.000000 99.705562
2752000 94.000000 99.703488
2753000 97.000000 99.702506
2754000 103.000000 99.703704
2755000 93.000000 99.701270
2756000 101.000000 99.701742
2757000 98.000000 99.701124
2758000 98.000000 99.700508
2759000 97.000000 99.699529
2760000 96.000000 99.698188
2761000 104.000000 99.699746
2762000 93.000000 99.697321
2763000 91.000000 99.694173
2764000 97.000000 99.693198
2765000 101.000000 99.693671
2766000 104.000000 99.695228
2767000 104.000000 99.696784
2768000 100.000000 99.696893
2769000 99.000000 99.696641
2770000 97.000000 99.695668
2771000 99.000000 99.695417
2772000 94.000000 99.693362
2773000 95.000000 99.691670
2774000 99.000000 99.691420
2775000 94.000000 99.689369
2776000 97.000000 99.688401
2777000 97.000000 99.687432
2778000 98.000000 99.686825
2779000 99.000000 99.686578
2780000 100.000000 99.686691
2781000 93.000000 99.684286
2782000 99.000000 99.684040
2783000 92.000000 99.681279
2784000 91.000000 99.678161
2785000 100.000000 99.678276
2786000 101.000000 99.678751
2787000 101.000000 99.679225
2788000 102.000000 99.680057
2789000 104.000000 99.681606
2790000 94.000000 99.679570
2791000 100.000000 99.679685
2792000 98.000000 99.679083
2793000 95.000000 99.677408
2794000 98.000000 99.676807
2795000 101.000000 99.677281
2796000 97.000000 99.676323
2797000 93.000000 99.673936
2798000 95.000000 99.672266
2799000 97.000000 99.671311
2800000 98.000000 99.670714
2801000 102.000000 99.671546
2802000 94.000000 99.669522
2803000 100.000000 99.669640
2804000 94.000000 99.667618
2805000 97.000000 99.666667
2806000 86.000000 99.661796
2807000 97.000000 99.660848
2808000 95.000000 99.659188
2809000 96.000000 99.657885
2810000 100.000000 99.658007
2811000 101.000000 99.658485
2812000 100.000000 99.658606
2813000 95.000000 99.656950
2814000 92.000000 99.654229
2815000 94.000000 99.652220
2816000 88.000000 99.648082
2817000 97.000000 99.647142
2818000 103.000000 99.648332
2819000 99.000000 99.648102
2820000 107.000000 99.650709
2821000 94.000000 99.648706
2822000 99.000000 99.648476
2823000 95.000000 99.646830
2824000 99.000000 99.646601
2825000 93.000000 99.644248
2826000 96.000000 99.642958
2827000 99.000000 99.642731
2828000 102.000000 99.643564
2829000 101.000000 99.644044
2830000 98.000000 99.643463
2831000 101.000000 99.643942
2832000 99.000000 99.643715
2833000 100.000000 99.643840
2834000 103.000000 99.645025
2835000 101.000000 99.645503
2836000 99.000000 99.645275
2837000 92.000000 99.642580
2838000 98.000000 99.642001
2839000 91.000000 99.638957
2840000 100.000000 99.639085
2841000 99.000000 99.638860
2842000 97.000000 99.637931
2843000 99.000000 99.637707
2844000 98.000000 99.637131
2845000 98.000000 99.636555
2846000 102.000000 99.637386
2847000 91.000000 99.634352
2848000 104.000000 99.635885
2849000 97.000000 99.634960
2850000 101.000000 99.635439
2851000 95.000000 99.633813
2852000 103.000000 99.634993
2853000 98.000000 99.634420
2854000 102.000000 99.635249
2855000 101.000000 99.635727
2856000 100.000000 99.635854
2857000 93.000000 99.633532
2858000 100.000000 99.633660
2859000 99.000000 99.633438
2860000 99.000000 99.633217
2861000 96.000000 99.631947
2862000 97.000000 99.631027
2863000 101.000000 99.631505
2864000 94.000000 99.629539
2865000 100.000000 99.629668
2866000 96.000000 99.628402
2867000 92.000000 99.625741
2868000 97.000000 99.624826
2869000 102.000000 99.625654
2870000 94.000000 99.623693
2871000 96.000000 99.622431
2872000 99.000000 99.622214
2873000 95.000000 99.620606
2874000 98.000000 99.620042
2875000 102.000000 99.620870
2876000 102.000000 99.621697
2877000 97.000000 99.620786
2878000 102.000000 99.621612
2879000 96.000000 99.620354
2880000 101.000000 99.620833
2881000 95.000000 99.619229
2882000 92.000000 99.616586
2883000 99.000000 99.616372
2884000 97.000000 99.615465
2885000 104.000000 99.616984
2886000 95.000000 99.615385
2887000 93.000000 99.613093
2888000 96.000000 99.611842
2889000 97.000000 99.610938
2890000 95.000000 99.609343
2891000 97.000000 99.608440
2892000 100.000000 99.608575
2893000 105.000000 99.610439
2894000 95.000000 99.608846
2895000 88.000000 99.604836
2896000 95.000000 99.603246
2897000 95.000000 99.601657
2898000 100.000000 99.601794
2899000 96.000000 99.600552
2900000 102.000000 99.601379
2901000 101.000000 99.601861
2902000 96.000000 99.600620
2903000 103.000000 99.601791
2904000 94.000000 99.599862
2905000 102.000000 99.600688
2906000 102.000000 99.601514
2907000 96.000000 99.600275
2908000 94.000000 99.598349
2909000 101.000000 99.598831
2910000 96.000000 99.597595
2911000 95.000000 99.596015
2912000 98.000000 99.595467
2913000 98.000000 99.594919
2914000 93.000000 99.592656
2915000 95.000000 99.591081
2916000 103.000000 99.592250
2917000 101.000000 99.592732
2918000 103.000000 99.593900
2919000 98.000000 99.593354
2920000 96.000000 99.592123
2921000 98.000000 99.591578
2922000 100.000000 99.591718
2923000 93.000000 99.589463
2924000 102.000000 99.590287
2925000 97.000000 99.589402
2926000 111.000000 99.593301
2927000 99.000000 99.593099
2928000 91.000000 99.590164
2929000 98.000000 99.589621
2930000 96.000000 99.588396
2931000 98.000000 99.587854
2932000 93.000000 99.585607
2933000 102.000000 99.586430
2934000 96.000000 99.585208
2935000 99.000000 99.585009
2936000 103.000000 99.586172
2937000 97.000000 99.585291
2938000 99.000000 99.585092
2939000 101.000000 99.585573
2940000 95.000000 99.584014
2941000 98.000000 99.583475
2942000 100.000000 99.583617
2943000 94.000000 99.581719
2944000 94.000000 99.579823
2945000 99.000000 99.579626
2946000 102.000000 99.580448
2947000 97.000000 99.579572
2948000 95.000000 99.578019
2949000 103.000000 99.579179
2950000 92.000000 99.576610
2951000 96.000000 99.575398
2952000 102.000000 99.576220
2953000 96.000000 99.575008
2954000 93.000000 99.572783
2955000 99.000000 99.572589
2956000 98.000000 99.572057
2957000 106.000000 99.574231
2958000 98.000000 99.573698
2959000 101.000000 99.574180
2960000 93.000000 99.571959
2961000 99.000000 99.571766
2962000 105.000000 99.573599
2963000 98.000000 99.573068
2964000 100.000000 99.573212
2965000 99.000000 99.573019
2966000 97.000000 99.572151
2967000 95.000000 99.570610
2968000 97.000000 99.569744
2969000 101.000000 99.570226
2970000 97.000000 99.569360
2971000 91.000000 99.566476
2972000 104.000000 99.567968
2973000 96.000000 99.566768
2974000 95.000000 99.565232
2975000 102.000000 99.566050
2976000 104.000000 99.567540
2977000 96.000000 99.566342
2978000 98.000000 99.565816
2979000 104.000000 99.567304
2980000 102.000000 99.568121
2981000 103.000000 99.569272
2982000 92.000000 99.566734
2983000 95.000000 99.565203
2984000 97.000000 99.564343
2985000 99.000000 99.564154
2986000 91.000000 99.561286
2987000 93.000000 99.559089
2988000 101.000000 99.559572
2989000 97.000000 99.558715
2990000 102.000000 99.559532
2991000 96.000000 99.558342
2992000 101.000000 99.558824
2993000 102.000000 99.559639
2994000 95.000000 99.558116
2995000 98.000000 99.557596
2996000 89.000000 99.554072
2997000 95.000000 99.552553
2998000 102.000000 99.553369
2999000 98.000000 99.552851
3000000 97.000000 99.552000
