# r N rho/M
0 0 0
0.2 0 0
0.4 0 0
0.6 0 0
0.8 0 0
1 0 0
1.2 0 0
1.4 0 0
1.6 0 0
1.8 0 0
2 0 0
2.2 0 0
2.4 0 0
2.6 0 0
2.8 0 0
3 0 0
3.2 0 0
3.4 0 0
3.6 0 0
3.8 0 0
4 0 0
4.2 0 0
4.4 0 0
4.6 0 0
4.8 0 0
5 0 0
5.2 0 0
5.4 0 0
5.6 0 0
5.8 0 0
6 0 0
6.2 0 0
6.4 0 0
6.6 0 0
6.8 0 0
7 0 0
7.2 0 0
7.4 0 0
7.6 0 0
7.8 0 0
8 0 0
8.199999999999999 0 0
8.4 0 0
8.6 0 0
8.800000000000001 0 0
9 0 0
9.199999999999999 0 0
9.4 0 0
9.6 0 0
9.800000000000001 0 0
10 0 0
10.2 0 0
10.4 0 0
10.6 0 0
10.8 0 0
11 0.0005 0.06006435585147062
11.2 0.0005 0.05899177806840863
11.4 0.0005 0.05795683459352427
11.6 0.00175 0.1993515258863464
11.8 0.0015 0.1679765883981805
12 0.00375 0.4129424464788604
12.2 0.00475 0.5144856710228425
12.4 0.00575 0.6127533076783089
12.6 0.00775 0.812775608942519
12.8 0.0135 1.393680756866154
13 0.0115 1.168944771570928
13.2 0.019 1.902037935296569
13.4 0.02325 2.29275507597218
13.6 0.0255 2.477654678873162
13.8 0.03225 3.088091338885391
14 0.04025 3.799070507605516
14.2 0.04925 4.583079546835804
14.4 0.0645 5.918841732863666
14.6 0.06675 6.041404559444151
14.8 0.0905 8.080279222991754
15 0.096 8.457061303887063
15.2 0.10925 9.497676269013789
15.4 0.13575 11.64819472405305
15.6 0.14225 12.04944882289598
15.8 0.1615 13.50687698356171
16 0.1975 16.31122663591499
16.2 0.22225 18.12868320591145
16.4 0.23975 19.31764908162084
16.6 0.272 21.6521147840482
16.8 0.3045 23.95066189577391
17 0.35025 27.22505258902981
17.2 0.39775 30.55774103943567
17.4 0.444 33.71888666420488
17.6 0.4855 36.45155595736122
17.8 0.5145 38.19485639790987
18 0.585 42.94601443380148
18.2 0.641 46.53997506689223
18.4 0.69125 49.64286367452388
18.6 0.719 51.08053660529903
18.8 0.81525 57.30235395606654
19 0.8265 57.48158854985737
19.2 0.8835 60.80577524401218
19.4 0.9065 61.74553859514837
19.6 0.931 62.76725186478679
19.8 0.964 64.33559893424184
20 1.018 67.26006568247679
20.2 1.0255 67.08474912698162
20.4 1.07975 69.94111475851757
20.6 1.094 70.17616100161138
20.8 1.13925 72.37610494631411
21 1.144 71.98570038427675
21.2 1.19825 74.68804324427089
21.4 1.22875 75.87335044648968
21.6 1.24775 76.33317593985156
21.8 1.2485 75.6783331271717
22 1.26775 76.14658713070186
22.2 1.31975 78.55579008871727
22.4 1.33975 79.03423466715046
22.6 1.33275 77.92552857270105
22.8 1.34875 78.16928065801585
23 1.34975 77.54700064484757
23.2 1.347 76.72185867683103
23.4 1.34075 75.71317403303004
23.6 1.3405 75.05753891592032
23.8 1.33775 74.27411869271872
24 1.358 74.77011230910567
24.2 1.374 75.02584085447329
24.4 1.39125 75.34507261163472
24.6 1.37725 73.98048577730218
24.8 1.455 77.52661414538605
25 1.4415 76.19283668470749
25.2 1.501 78.70814122727232
25.4 1.54975 80.62457403850254
25.6 1.57575 81.33675750488304
25.8 1.6175 82.8445776346737
26 1.65175 83.94802288879477
26.2 1.69275 85.37506275140042
26.4 1.72 86.09224338710786
26.6 1.689 83.90493739582499
26.8 1.72325 84.96753085309804
27 1.7805 87.14003270585019
27.2 1.844 89.58422015376691
27.4 1.85125 89.27996543579451
27.6 1.90175 91.05081711202004
27.8 1.9185 91.19195206557626
28 2.011 94.90597255645581
28.2 2.131 99.85592663222143
28.4 2.11225 98.2803022619688
28.6 2.18875 101.1275837460818
28.8 2.31375 106.160620615607
29 2.36125 107.5928663998024
29.2 2.412 109.1525677706314
29.4 2.51225 112.9158814875121
29.6 2.50225 111.7065120758625
29.8 2.5435 112.7859449792195
30 2.6325 115.954238971264
30.2 2.695 117.9210482925064
30.4 2.74575 119.3512339388769
30.6 2.71375 117.1892877523668
30.8 2.7705 118.8630699189281
31 2.7205 115.964895550528
31.2 2.77925 117.7097737821921
31.4 2.75975 116.1394055205131
31.6 2.732 114.2439254461009
31.8 2.7 112.1956835716149
32 2.71175 111.979667923905
32.2 2.66175 109.2322541033646
32.4 2.6625 108.5885692592559
32.6 2.59875 105.3383246907424
32.8 2.601 104.7866637357577
33 2.55475 102.2996087410297
33.2 2.547 101.374883005461
33.4 2.4715 97.78081499137757
33.6 2.46975 97.1299625896348
33.8 2.3915 93.49603415424329
34 2.33725 90.83762193249096
34.2 2.23175 86.23011040273184
34.4 2.14975 82.57888598306326
34.6 2.06075 78.70253378786697
34.8 2.0135 76.4560566423159
35 1.89375 71.49803501891127
35.2 1.76425 66.23033738184813
35.4 1.6965 63.32717382611406
35.6 1.61875 60.0854458640589
35.8 1.55875 57.53510958202669
36 1.478 54.25146096851162
36.2 1.3905 50.75769916719163
36.4 1.32575 48.12821524565707
36.6 1.23375 44.54362783329346
36.8 1.2275 44.07711765676532
37 1.1095 39.62461789131205
37.2 1.076 38.22159762677452
37.4 1.00725 35.58813084199633
37.6 0.9682500000000001 34.02821479175801
37.8 0.91525 31.99539251976948
38 0.90625 31.51402881022883
38.2 0.869 30.06048050179097
38.4 0.82425 28.36398429251673
38.6 0.7514999999999999 25.72652837544983
38.8 0.75225 25.61946023618332
39 0.7242499999999999 24.53936958870274
39.2 0.7152500000000001 24.1107824362453
39.4 0.70125 23.51885405833916
39.6 0.67825 22.63258297569997
39.8 0.6264999999999999 20.80067881157838
40 0.619 20.44890994963317
40.2 0.62225 20.4540049609131
40.4 0.62075 20.30368504172298
40.6 0.594 19.33302961248812
40.8 0.593 19.20587221662465
41 0.5952499999999999 19.18470175738862
41.2 0.5882500000000001 18.86705973912152
41.4 0.555 17.71463248662938
41.6 0.5580000000000001 17.7247603950157
41.8 0.57875 18.29591892054664
42 0.588 18.49982160225294
42.2 0.5695 17.83285105362737
42.4 0.56125 17.49161872349135
42.6 0.57375 17.79723783415933
42.8 0.55125 17.01940363525023
43 0.58 17.82374838755267
43.2 0.5600000000000001 17.12946444653051
43.4 0.587 17.87260579414496
43.6 0.56575 17.14658268590204
43.8 0.5505 16.60820579262924
44 0.587 17.62888844240662
44.2 0.575 17.19036428780776
44.4 0.6015 17.90161308519168
44.6 0.5922500000000001 17.54727633557705
44.8 0.5932500000000001 17.49843616954171
45 0.6235000000000001 18.30895042699161
45.2 0.56275 16.45191941635247
45.4 0.58425 17.0052246241603
45.6 0.60475 17.5246978602169
45.8 0.6 17.31112439387362
46 0.59975 17.22867702787454
46.2 0.62725 17.94065105134997
46.4 0.5892500000000001 16.78112666121852
46.6 0.62975 17.85754545373819
46.8 0.5892500000000001 16.63769822821665
47 0.60925 17.12920412032311
47.2 0.60775 17.01462859983237
47.4 0.61525 17.1519217010038
47.6 0.6015 16.6981432979519
47.8 0.61775 17.07750268199605
48 0.632 17.39864174497599
48.2 0.64575 17.70340812041322
48.4 0.65225 17.80771641096441
48.6 0.651 17.70044659474819
48.8 0.62325 16.87648391920982
49 0.629 16.96266441372756
49.2 0.5892500000000001 15.82610319269389
49.4 0.551 14.73886885893779
49.6 0.548 14.59951359163971
49.8 0.5317499999999999 14.10969612306082
50 0.46275 12.22970349491793
50.2 0.4355 11.46367715962032
50.4 0.42125 11.04457178280762
50.6 0.39075 10.20441176041832
50.8 0.3495 9.091236853188139
51 0.30325 7.857242158099728
51.2 0.29475 7.607174131227757
51.4 0.25775 6.626360503030429
51.6 0.2285 5.851618543901991
51.8 0.204 5.204031449061778
52 0.18675 4.745661654149364
52.2 0.15325 3.879443979946995
52.4 0.12275 3.095492232383519
52.6 0.10475 2.631526769196084
52.8 0.06375 1.595459452304688
53 0.0455 1.134423022779662
53.2 0.0185 0.4595149028486566
53.4 0.0065 0.1608464960067472
53.6 0.001 0.02465328038679764
53.8 0.00025 0.006140408126079708
