# r N rho/M
0 0.005333333333333333 44.28106943875018
0.2 0.01633333333333333 107.9156260131422
0.4 0.027 89.19556843943384
0.6 0.038 83.68966915304904
0.8 0.057 94.15087779718017
1 0.066 87.21344469633533
1.2 0.07733333333333334 85.15790896275166
1.4 0.08 75.50947592756305
1.6 0.091 75.1555252591526
1.8 0.104 76.34847010453596
2 0.1223333333333333 80.82660152412895
2.2 0.143 85.89202886760295
2.4 0.1536666666666667 84.60731903411317
2.6 0.1513333333333333 76.91317772365235
2.8 0.1556666666666667 73.46442762119155
3 0.1696666666666667 74.73340631386309
3.2 0.1633333333333333 67.44726625821386
3.4 0.2006666666666667 77.98944400949772
3.6 0.2056666666666667 75.49199688220945
3.8 0.2123333333333333 73.83700727214992
4 0.222 73.3385784946456
4.2 0.2263333333333333 71.20963077057681
4.4 0.2333333333333333 70.0750818267157
4.6 0.2326666666666667 66.83682959820165
4.8 0.26 71.57669072300247
5 0.2696666666666667 71.26836036296493
5.2 0.2816666666666667 71.57669072300247
5.4 0.3016666666666667 73.81983487671481
5.6 0.313 73.85770614164761
5.8 0.3193333333333334 72.75381401871233
6 0.3683333333333333 81.12024948606947
6.2 0.3776666666666667 80.49269537385787
6.4 0.392 80.93671950985664
6.6 0.4023333333333333 80.55297501413889
6.8 0.4173333333333333 81.09865772416208
7 0.4416666666666667 83.37504633668419
7.2 0.462 84.79084901032601
7.4 0.4886666666666667 87.26106328475811
7.6 0.485 84.32719433357779
7.8 0.5093333333333333 86.28732420098443
8 0.5236666666666666 86.49767778910528
8.199999999999999 0.5486666666666666 88.41668512575015
8.4 0.5456666666666666 85.83959173154216
8.6 0.5526666666666666 84.9188931797768
8.800000000000001 0.5639999999999999 84.69074175057354
9 0.5613333333333334 82.41719465130679
9.199999999999999 0.5786666666666667 83.11514053186107
9.4 0.5656666666666667 79.51924331059587
9.6 0.585 80.52377706337776
9.800000000000001 0.5763333333333334 77.71183564211697
10 0.628 82.9849140443918
10.2 0.603 78.11899458094207
10.4 0.609 77.37906150942338
10.6 0.6506666666666666 81.11332382658973
10.8 0.6646666666666666 81.32417168186149
11 0.6786666666666666 81.5273523423961
11.2 0.7026666666666667 82.90311211213692
11.4 0.7416666666666667 85.96930464706099
11.6 0.717 81.67716803457735
11.8 0.741 82.98043466870116
12 0.78 85.89202886760297
12.2 0.7653333333333333 82.89537548550501
12.4 0.8106666666666666 86.38933589992159
12.6 0.8076666666666666 84.70345378355799
12.8 0.7876666666666666 81.31525008579558
13 0.8293333333333334 84.29955338169474
13.2 0.8426666666666667 84.35705088473205
13.4 0.8433333333333334 83.16373250479737
13.6 0.8146666666666667 79.15539915249686
13.8 0.83 79.47645926433719
14 0.881 83.15481036522881
14.2 0.89 82.82113292759118
14.4 0.9033333333333333 82.89437258946012
14.6 0.8993333333333333 81.39680150502031
14.8 0.9533333333333334 85.11822680573268
15 0.9396666666666667 82.77936047103343
15.2 0.9676666666666667 84.12434541250047
15.4 0.9623333333333334 82.57418825866458
15.6 0.9906666666666667 83.9155522006956
15.8 0.9906666666666667 82.85333002093996
16 1.011333333333333 83.52449217445751
16.2 0.9686666666666667 79.01305346288517
16.4 0.9853333333333333 79.39238190513896
16.6 1.043333333333333 83.05284224763584
16.8 0.9936666666666667 78.15755129863383
17 1.027 79.82906212400745
17.2 1.039333333333333 79.84834406952477
17.4 1.058666666666667 80.39878682095697
17.6 1.107 83.11405240947244
17.8 1.103 81.88323927481943
18 1.124666666666667 82.56401863227705
18.2 1.091333333333333 79.23654621373122
18.4 1.129 81.08035166515364
18.6 1.133333333333333 80.51637666111112
18.8 1.170666666666667 82.283907633121
19 1.225333333333333 85.21972958631808
19.2 1.238 85.20379145680486
19.4 1.254 85.41522934177171
19.6 1.269333333333333 85.57740605123813
19.8 1.271666666666667 84.86871021235569
20 1.294 85.49560411898327
20.2 1.269666666666667 83.05730844292961
20.4 1.279 82.84759043866079
20.6 1.367333333333333 87.7095101854387
20.8 1.347 85.57438083184999
21 1.35 84.94816041850842
21.2 1.351 84.20909361402875
21.4 1.389666666666667 85.80969766332058
21.6 1.382333333333333 84.56653459495476
21.8 1.389666666666667 84.23520779793854
22 1.427666666666667 85.75187870394954
22.2 1.397333333333333 83.17380111180219
22.4 1.427333333333333 84.20093122964192
22.6 1.477666666666667 86.39876650104014
22.8 1.483333333333333 85.96930464706099
23 1.488333333333333 85.50900978681098
23.2 1.483666666666667 84.50606111620264
23.4 1.468 82.8990784862861
23.6 1.497 83.82031761069207
23.8 1.498 83.17146686727166
24 1.564333333333333 86.13061783667965
24.2 1.501333333333333 81.97874507727988
24.4 1.52 82.3177073636548
24.6 1.482666666666667 79.64305699460036
24.8 1.545 82.32207481417281
25 1.582666666666667 83.65443139761616
25.2 1.556 81.59218371061675
25.4 1.518666666666667 79.00748708273755
25.6 1.575666666666667 81.33245602106555
25.8 1.495333333333333 76.58748588751082
26 1.552 78.87836023817739
26.2 1.550666666666667 78.20898772599119
26.4 1.585 79.33500335381741
26.6 1.580666666666667 78.52323132642631
26.8 1.647666666666667 81.24077663462715
27 1.608666666666667 78.73028135138688
27.2 1.625333333333333 78.96107329533034
27.4 1.673333333333333 80.69960413912914
27.6 1.624666666666667 77.78479165750592
27.8 1.659666666666667 78.88884186161135
28 1.658 78.24669442993721
28.2 1.671666666666667 78.33215580487885
28.4 1.649 76.72586977393138
28.6 1.655666666666667 76.49734756775756
28.8 1.691666666666667 77.61788577334136
29 1.668333333333333 76.01938187132676
29.2 1.717333333333333 77.71614554371102
29.4 1.699 76.3634521434105
29.6 1.753 78.25817391107483
29.8 1.745333333333333 77.39298970070026
30 1.852333333333333 81.59008622517432
30.2 1.808333333333333 79.12451292354325
30.4 1.797333333333333 78.12581303207071
30.6 1.795333333333333 77.52881975547336
30.8 1.827 78.38398438616913
31 1.899 80.94737608912062
31.2 1.888666666666667 79.99083424783667
31.4 1.888 79.4532829505313
31.6 1.884333333333333 78.7970852302109
31.8 1.890333333333333 78.5508298190899
32 1.941333333333333 80.16589360976278
32.2 1.956666666666667 80.29721443746287
32.4 1.980666666666667 80.78037915974943
32.6 1.993333333333333 80.79822756461628
32.8 2.004666666666667 80.76214221541031
33 2.011333333333333 80.53962737950525
33.2 2.025666666666667 80.62493967074809
33.4 2.083666666666667 82.43682979447047
33.6 2.096333333333333 82.44428717160486
33.8 2.093666666666667 81.85219743853956
34 2.116 82.23870275287233
34.2 2.116666666666667 81.78353325975091
34.4 2.115666666666667 81.26963435042875
34.6 2.176333333333333 83.11680101920554
34.8 2.171 82.43660241890629
35 2.214 83.58898985181229
35.2 2.159 81.04934017707814
35.4 2.188 81.6739500922709
35.6 2.169666666666667 80.53460326983976
35.8 2.2 81.20432467070329
36 2.232333333333334 81.94001671315344
36.2 2.250333333333333 82.14436703289242
36.4 2.207333333333333 80.13201115261579
36.6 2.245666666666667 81.07812785218454
36.8 2.214 79.5003979568867
37 2.264666666666667 80.88017243610459
37.2 2.258 80.20851992681864
37.4 2.254333333333333 79.65004678892072
37.6 2.304666666666667 80.99529290652031
37.8 2.260333333333334 79.01693769518597
38 2.28 79.2849497239412
38.2 2.308666666666667 79.8614836806307
38.4 2.329 80.14524648743883
38.6 2.358666666666667 80.74558207348991
38.8 2.389666666666667 81.38513811153129
39 2.308 78.20071109523772
39.2 2.355 79.38607848634418
39.4 2.349333333333333 78.79305212272105
39.6 2.385333333333334 79.59639453205993
39.8 2.401333333333334 79.72763509370078
40 2.356666666666666 77.85341590948114
40.2 2.364333333333333 77.71809679269138
40.4 2.376333333333333 77.72585349037085
40.6 2.356 76.68117469195626
40.8 2.381666666666667 77.13656941415577
41 2.367 76.28759186852392
41.2 2.305 73.92872536961345
41.4 2.348333333333333 74.95470622720957
41.6 2.262333333333333 71.86257395518014
41.8 2.249333333333333 71.10776724310941
42 2.128666666666667 66.97271017686356
42.2 2.108 66.00816509402371
42.4 2.046333333333333 63.7749353190874
42.6 2.046 63.465182760244
42.8 1.966666666666667 60.71926315826234
43 1.916333333333333 58.89007441381628
43.2 1.819333333333333 55.65036723164494
43.4 1.805333333333333 54.96765075587116
43.6 1.659 50.28047843731592
43.8 1.535333333333333 46.31994906500168
44 1.403666666666667 42.15516708175712
44.2 1.281666666666667 38.31707286180919
44.4 1.202 35.77346455261912
44.6 1.103666666666667 32.69960993223334
44.8 1.056 31.14765882011976
45 0.9926666666666667 29.14945435529591
45.2 0.919 26.86683952666001
45.4 0.8406666666666667 24.4685074894493
45.6 0.8336666666666667 24.15834055306737
45.8 0.753 21.7254611143114
46 0.6593333333333333 18.94029354516373
46.2 0.6466666666666666 18.49600799235762
46.4 0.5813333333333334 16.55566957837086
46.6 0.537 15.22747424955523
46.8 0.4983333333333334 14.07063150965006
47 0.46 12.93300598333793
47.2 0.4186666666666667 11.72103305711748
47.4 0.3653333333333333 10.18475209768396
47.6 0.3346666666666667 9.290626695008983
47.8 0.29 8.016957956744402
48 0.2483333333333333 6.8364916139278
48.2 0.2176666666666667 5.967389600015399
48.4 0.1966666666666667 5.369389386722372
48.6 0.1676666666666667 4.558793977039599
48.8 0.131 3.547243310736441
49 0.1096666666666667 2.957454473829553
49.2 0.07833333333333334 2.103880215122649
49.4 0.07099999999999999 1.899200887449333
49.6 0.051 1.35871385615625
49.8 0.03633333333333334 0.9640851762505122
50 0.03533333333333333 0.9338005189708629
50.2 0.015 0.3948453671511016
50.4 0.009333333333333334 0.2447066349504358
50.6 0.005333333333333333 0.1392796657425405
50.8 0.004666666666666667 0.1213899055265941
51 0.003 0.07773034286660901
51.2 0.001 0.02580890290492878
51.4 0 0
51.6 0.0003333333333333333 0.008536277963387295
