# r N rho/M
0 0.01166666666666667 96.86483939726602
0.2 0.02766666666666667 182.7958563079755
0.4 0.03866666666666667 127.7368634441275
0.6 0.05366666666666667 118.1933046810605
0.8 0.07199999999999999 118.9274245859118
1 0.08633333333333333 114.0822332138932
1.2 0.1036666666666667 114.1556452043783
1.4 0.1273333333333333 120.1859158513712
1.6 0.134 110.6685756563346
1.8 0.1473333333333333 108.1603326480926
2 0.157 103.7311425554897
2.2 0.1723333333333333 103.5109065840343
2.4 0.1926666666666667 106.0803262510139
2.6 0.2006666666666667 101.9861960124201
2.8 0.2033333333333333 95.95995899127804
3 0.2123333333333333 93.52687587805657
3.2 0.1966666666666667 81.21201447417587
3.4 0.2153333333333333 83.68966915304904
3.6 0.2423333333333333 88.95086180448342
3.8 0.2486666666666667 86.4715972135382
4 0.2516666666666666 83.13907922441057
4.2 0.2646666666666667 83.27017206456259
4.4 0.2803333333333333 84.19020545181129
4.6 0.286 82.15759282988111
4.8 0.3116666666666666 85.80026387949654
5 0.3366666666666667 88.97533246797846
5.2 0.326 82.84260772437446
5.4 0.3383333333333333 82.79241149156411
5.6 0.355 83.76832485714026
5.8 0.3926666666666667 89.46137047394897
6 0.395 86.99320872487993
6.2 0.3683333333333333 78.50346724458336
6.4 0.393 81.14319073309608
6.6 0.3863333333333333 77.34954270206046
6.8 0.4396666666666667 85.43860186754775
7 0.4233333333333333 79.9141953566709
7.2 0.427 78.36729984287706
7.4 0.446 79.64208913711211
7.6 0.4763333333333333 82.82031663414617
7.8 0.4733333333333333 80.18848191452742
8 0.51 84.24025908168753
8.199999999999999 0.496 79.92954281112773
8.4 0.5336666666666666 83.95185483335307
8.6 0.5483333333333333 84.2530634986326
8.800000000000001 0.5406666666666666 81.18698765923776
9 0.5626666666666666 82.61295995926713
9.199999999999999 0.583 83.73754653814804
9.4 0.6016666666666667 84.57998478233681
9.6 0.59 81.21201447417587
9.800000000000001 0.5816666666666667 78.43097350809376
10 0.6236666666666667 82.41230051860778
10.2 0.6453333333333333 83.60330210541949
10.4 0.6563333333333333 83.39319765301293
10.6 0.6516666666666666 81.23798569722487
10.8 0.6766666666666666 82.79241149156411
11 0.6926666666666667 83.20915430623728
11.2 0.7156666666666667 84.43689834191555
11.4 0.7286666666666667 84.46242694762935
11.6 0.7343333333333333 83.6516974338326
11.8 0.7356666666666667 82.38318457661875
12 0.723 79.61530368112429
12.2 0.7533333333333333 81.59562221134203
12.4 0.759 80.88343661353679
12.6 0.7763333333333333 81.41739325708072
12.8 0.7683333333333333 79.31936159448111
13 0.8133333333333334 82.67319543863952
13.2 0.8223333333333334 82.32153660309888
13.4 0.7886666666666666 77.77288186021761
13.6 0.8159999999999999 79.2849497239412
13.8 0.827 79.1891949537432
14 0.859 81.07829977722082
14.2 0.8623333333333333 80.24654340212672
14.4 0.9033333333333333 82.89437258946012
14.6 0.854 77.29377518749519
14.8 0.882 78.74924060418485
15 0.8816666666666667 77.66988593326832
15.2 0.9096666666666666 79.08210080286386
15.4 0.9273333333333333 79.57097046609104
15.6 0.9116666666666666 77.22376691416636
15.8 0.9443333333333334 78.97829204216787
16 0.9463333333333334 78.15624037023233
16.2 0.9623333333333334 78.49645056687869
16.4 0.968 77.99576354956818
16.6 0.972 77.37446900770163
16.8 0.9726666666666667 76.50578151271839
17 1.009666666666667 78.48173618098623
17.2 1.007666666666667 77.41550484995938
17.4 1.014333333333333 77.03196105043202
17.6 1.011333333333333 75.93135652223408
17.8 0.9903333333333333 73.51922148246857
18 0.995 73.0449305327051
18.2 1.043666666666667 75.77569523371794
18.4 1.008666666666667 72.43848365478445
18.6 1.053333333333333 74.8328677203268
18.8 1.048 73.66190364422906
19 1.086666666666667 75.57571230995565
19.2 1.105666666666667 76.09611638724333
19.4 1.064666666666667 72.51893740500235
19.6 1.079333333333333 72.76776281352652
19.8 1.112 74.21284856315036
20 1.081 71.42252554298369
20.2 1.121333333333333 73.35384237385539
20.4 1.121333333333333 72.63468705646466
20.6 1.144666666666667 73.42624524056474
20.8 1.180666666666667 75.00728950913455
21 1.194666666666667 75.17387825677388
21.2 1.188333333333333 74.06992813570503
21.4 1.153666666666667 71.23707450533762
21.6 1.185 72.49434060406661
21.8 1.238333333333333 75.06207650979653
22 1.263 75.86128144040737
22.2 1.285666666666667 76.52703981112143
22.4 1.291 76.15838548631554
22.6 1.296666666666667 75.81574592579432
22.8 1.298666666666667 75.2666091921235
23 1.362666666666667 78.28910011388204
23.2 1.344666666666667 76.58895765957347
23.4 1.482333333333333 83.70849274035292
23.6 1.394 78.0531214090212
23.8 1.395666666666667 77.48974894821237
24 1.443666666666667 79.48683269777531
24.2 1.485 81.08688039948532
24.4 1.485333333333333 80.44028596764163
24.6 1.495 80.30555544531984
24.8 1.520666666666667 81.0255243370564
25 1.574 83.19634057698897
25.2 1.518666666666667 79.63453063101326
25.4 1.552 80.74162859026033
25.6 1.599666666666667 82.57128336050212
25.8 1.602333333333333 82.06777634000547
26 1.678666666666667 85.31602709610424
26.2 1.634333333333333 82.42877618670138
26.4 1.650333333333333 82.60517383906416
26.6 1.61 79.98043173906349
26.8 1.701666666666667 83.90333091640129
27 1.689333333333333 82.67821506192058
27.2 1.687666666666667 81.98931790284198
27.4 1.677333333333333 80.89251155938203
27.6 1.725333333333333 82.60444842413841
27.8 1.769333333333333 84.10162132987207
28 1.729 81.59742742422283
28.2 1.767333333333333 82.81497309620492
28.4 1.771 82.40237439031682
28.6 1.786666666666667 82.54998650355959
28.8 1.766333333333333 81.04377866264745
29 1.815 82.70240445342142
29.2 1.789333333333333 80.97443114880448
29.4 1.830666666666667 82.2813574988445
29.6 1.842 82.23134988260118
29.8 1.882 83.45317415014392
30 1.845 81.26707346703972
30.2 1.871666666666667 81.89569402132632
30.4 1.860333333333333 80.86427346661473
30.6 1.897666666666667 81.94793369251947
30.8 1.892333333333333 81.18698765923776
31 1.970666666666667 84.00226214479217
31.2 1.944333333333333 82.34848855764761
31.4 1.900666666666667 79.98633816806667
31.6 1.942333333333333 81.22246871332725
31.8 1.939333333333333 80.58697370613031
32 2.045666666666667 84.47425980135888
32.2 2.004 82.23966834719366
32.4 2.047333333333333 83.49934177030983
32.6 2.005333333333333 81.28463829911897
32.8 2.097666666666667 84.50883953468191
33 2.049 82.04791009310884
33.2 2.071333333333333 82.4425497966149
33.4 2.069333333333333 81.86975513742964
33.6 2.072333333333333 81.50041872251032
33.8 2.128666666666667 83.2205274387062
34 2.161 83.98763546737104
34.2 2.15 83.07146291738478
34.4 2.173666666666667 83.49760289887283
34.6 2.204 84.17342446607245
34.8 2.205 83.72764087226548
35 2.198666666666667 83.01008386970098
35.2 2.284333333333334 85.75438138544335
35.4 2.212666666666667 82.59471065089795
35.6 2.192 81.36358136464378
35.8 2.249 83.01296644745985
36 2.211333333333333 81.16919081305956
36.2 2.24 81.76716730277546
36.4 2.245666666666667 81.52361207115261
36.6 2.233 80.6208072557198
36.8 2.313333333333333 83.06726314676209
37 2.322 82.92777173828443
37.2 2.291333333333333 81.39258428948204
37.4 2.313 81.7228559320303
37.6 2.308666666666667 81.13586905851311
37.8 2.366 82.71084261324731
38 2.340333333333333 81.38298713622677
38.2 2.371333333333333 82.02925135778325
38.4 2.379 81.86584001443407
38.6 2.384666666666666 81.63565491149616
38.8 2.414 82.21386109690467
39 2.412 81.724486638524
39.2 2.394666666666667 80.72322545589478
39.4 2.394 80.29110390825518
39.6 2.408333333333333 80.36388352349539
39.8 2.378333333333333 78.9640028308655
40 2.404666666666667 79.43911490395998
40.2 2.374333333333333 78.04680719784869
40.4 2.377666666666667 77.76946457382738
40.6 2.370666666666667 77.15853344782016
40.8 2.387 77.3093035094149
41 2.37 76.3842808316019
41.2 2.350666666666667 75.39340149045755
41.4 2.318666666666667 74.00779794414049
41.6 2.227333333333333 70.75080583004474
41.8 2.186666666666667 69.12669726063986
42 2.114666666666666 66.53223823395277
42.2 2.095333333333333 65.61153159092871
42.4 2.002 62.3932662528814
42.6 1.922 59.61880804750194
42.8 1.878666666666667 58.00233341694349
43 1.784 54.82339159205857
43.2 1.78 54.44722627647197
43.4 1.695666666666667 51.62858925316038
43.6 1.580333333333333 47.89627250779883
43.8 1.485333333333333 44.81148350708803
44 1.397666666666667 41.97497401420271
44.2 1.319 39.43320086194511
44.4 1.266333333333333 37.68812862878536
44.6 1.187 35.16862306514133
44.8 1.104333333333333 32.57329345677297
45 1.08 31.71397988957648
45.2 0.984 28.76710565204946
45.4 0.9036666666666666 26.30219024738187
45.6 0.868 25.15326621358953
45.8 0.8106666666666666 23.38925251438925
46 0.7593333333333333 21.81293665110363
46.2 0.6953333333333334 19.8879756041536
46.4 0.6273333333333333 17.86569389133828
46.6 0.5953333333333334 16.8816070823747
46.8 0.553 15.6141656685682
47 0.513 14.42311319446164
47.2 0.424 11.87034558013809
47.4 0.4033333333333333 11.24411499835547
47.6 0.371 10.29927042982569
47.8 0.34 9.399192087217576
48 0.2963333333333333 8.157907442660154
48.2 0.254 6.963477603693314
48.4 0.2273333333333333 6.206650104651962
48.6 0.1986666666666667 5.401672386313323
48.8 0.1656666666666667 4.485954008743031
49 0.136 3.667603116481634
49.2 0.109 2.92752693763875
49.4 0.099 2.648181519119494
49.6 0.06766666666666667 1.802737992155025
49.8 0.05933333333333334 1.574377627271478
50 0.043 1.136417612709824
50.2 0.03 0.7896907343022032
50.4 0.01666666666666667 0.436976133840064
50.6 0.008666666666666666 0.2263294568316283
50.8 0.006666666666666667 0.1734141507522773
51 0.002333333333333334 0.06045693334069591
51.2 0.001333333333333333 0.03441187053990503
51.4 0.001666666666666667 0.04284746526369498
51.6 0.001666666666666667 0.04268138981693648
