1000 75.938631 75.938631
2000 76.390994 76.164813
3000 77.545871 76.625165
4000 76.427720 76.575804
5000 76.964284 76.653500
6000 77.334048 76.766925
7000 76.847276 76.778403
8000 76.639825 76.761081
9000 76.354096 76.715861
10000 76.183538 76.662628
11000 75.735860 76.578377
12000 77.003670 76.613818
13000 78.063901 76.725363
14000 76.531797 76.711537
15000 76.005824 76.664489
16000 76.269197 76.639783
17000 76.912449 76.655823
18000 75.188223 76.574289
19000 74.334358 76.456398
20000 74.813383 76.374247
21000 74.604741 76.289985
22000 73.798568 76.176739
23000 74.703270 76.112675
24000 74.242785 76.034763
25000 74.007693 75.953680
26000 73.650237 75.865086
27000 72.485084 75.739901
28000 73.166870 75.648007
29000 72.983288 75.556120
30000 74.458405 75.519530
31000 73.628664 75.458534
32000 73.872290 75.408964
33000 74.090815 75.369020
34000 73.239597 75.306390
35000 73.790087 75.263067
36000 73.500313 75.214101
37000 73.599815 75.170472
38000 73.734253 75.132677
39000 72.156489 75.056364
40000 73.751918 75.023753
41000 74.428733 75.009241
42000 74.821115 75.004761
43000 74.935303 75.003146
44000 74.793182 74.998374
45000 75.266461 75.004332
46000 75.920659 75.024252
47000 74.388655 75.010728
48000 74.534972 75.000817
49000 74.375459 74.988054
50000 75.386037 74.996014
51000 77.510377 75.045315
52000 77.305233 75.088775
53000 77.261794 75.129776
54000 76.290095 75.151263
55000 76.507654 75.175925
56000 78.140583 75.228865
57000 77.695709 75.272143
58000 76.636553 75.295667
59000 76.140705 75.309990
60000 76.468306 75.329295
61000 76.844562 75.354136
62000 76.872001 75.378617
63000 77.638105 75.414482
64000 77.130560 75.441296
65000 77.767750 75.477088
66000 76.015108 75.485239
67000 76.963198 75.507298
68000 77.421871 75.535454
69000 78.055349 75.571974
70000 77.984468 75.606438
71000 80.478783 75.675063
72000 79.502571 75.728223
73000 80.015004 75.786946
74000 79.616099 75.838691
75000 79.119329 75.882433
76000 77.836747 75.908148
77000 80.216123 75.964095
78000 80.128495 76.017485
79000 80.048960 76.068516
80000 79.660392 76.113415
81000 81.076118 76.174683
82000 81.952415 76.245143
83000 83.858342 76.336868
84000 83.861731 76.426450
85000 82.422687 76.496994
86000 80.911297 76.548323
87000 81.830641 76.609039
88000 84.013209 76.693178
89000 83.508834 76.769758
90000 83.742828 76.847237
91000 80.826272 76.890962
92000 83.053938 76.957951
93000 81.801434 77.010032
94000 82.412163 77.067501
95000 81.995206 77.119372
96000 82.185043 77.172139
97000 82.791836 77.230074
98000 82.285765 77.281663
99000 83.883280 77.348346
100000 82.623012 77.401092
101000 84.191142 77.468321
102000 85.994745 77.551913
103000 86.182310 77.635703
104000 84.838993 77.704966
105000 84.884280 77.773340
106000 83.403125 77.826451
107000 83.067530 77.875433
108000 82.236553 77.915814
109000 81.476081 77.948477
110000 82.381039 77.988773
111000 81.740899 78.022576
112000 82.362629 78.061326
113000 82.876836 78.103942
114000 82.223876 78.140081
115000 82.026213 78.173874
116000 82.292355 78.209378
117000 80.261364 78.226916
118000 80.669337 78.247615
119000 79.730544 78.260076
120000 81.004395 78.282946
121000 81.324558 78.308083
122000 82.866584 78.345448
123000 81.480023 78.370932
124000 82.881864 78.407311
125000 82.479134 78.439885
126000 82.350208 78.470919
127000 83.599515 78.511302
128000 83.674887 78.551643
129000 84.092668 78.594596
130000 83.418003 78.631699
131000 82.289764 78.659624
132000 82.123977 78.685869
133000 82.238327 78.712579
134000 83.253170 78.746464
135000 82.136334 78.771574
136000 82.503085 78.799012
137000 82.542522 78.826337
138000 83.045650 78.856911
139000 84.365681 78.896543
140000 83.238538 78.927557
141000 82.708821 78.954374
142000 83.049476 78.983213
143000 81.046677 78.997643
144000 81.956932 79.018194
145000 81.637002 79.036254
146000 82.256023 79.058308
147000 82.026028 79.078496
148000 81.772791 79.096701
149000 82.872549 79.122042
150000 84.071325 79.155037
151000 83.381836 79.183029
152000 82.822662 79.206974
153000 82.652947 79.229497
154000 84.458415 79.263451
155000 84.061455 79.294406
156000 84.401130 79.327141
157000 82.739290 79.348875
158000 82.526393 79.368986
159000 83.552379 79.395296
160000 82.770608 79.416392
161000 82.150079 79.433371
162000 84.453825 79.464362
163000 85.653484 79.502332
164000 83.945244 79.529423
165000 82.800963 79.549250
166000 82.680741 79.568115
167000 82.647722 79.586556
168000 82.269047 79.602523
169000 82.289170 79.618420
170000 81.926449 79.631997
171000 81.773385 79.644519
172000 81.323873 79.654283
173000 81.700324 79.666110
174000 80.156314 79.668927
175000 80.027426 79.670976
176000 79.504834 79.670032
177000 80.097878 79.672449
178000 81.538184 79.682931
179000 81.125830 79.690992
180000 80.998864 79.698258
181000 80.977285 79.705324
182000 80.354656 79.708892
183000 77.988432 79.699490
184000 79.286448 79.697246
185000 78.110162 79.688667
186000 77.980918 79.679485
187000 78.403525 79.672662
188000 77.274028 79.659903
189000 78.850480 79.655621
190000 78.767134 79.650944
191000 76.902775 79.636556
192000 77.187459 79.623800
193000 75.719622 79.603571
194000 78.578341 79.598287
195000 78.947641 79.594950
196000 78.156314 79.587610
197000 77.342376 79.576213
198000 77.929726 79.567897
199000 77.921835 79.559626
200000 79.225647 79.557956
201000 79.123641 79.555795
202000 79.833704 79.557171
203000 79.995890 79.559332
204000 79.369002 79.558399
205000 80.207911 79.561567
206000 80.550809 79.566369
207000 81.231309 79.574413
208000 80.280279 79.577806
209000 80.853867 79.583912
210000 78.975341 79.581014
211000 80.614533 79.585912
212000 80.529172 79.590361
213000 80.690029 79.595524
214000 80.823286 79.601261
215000 80.152245 79.603824
216000 79.601044 79.603811
217000 80.348041 79.607241
218000 79.636346 79.607374
219000 80.232699 79.610230
220000 79.206466 79.608394
221000 79.737191 79.608977
222000 80.463703 79.612827
223000 81.546751 79.621500
224000 81.456121 79.629690
225000 81.352585 79.637347
226000 81.012386 79.643431
227000 80.436411 79.646925
228000 80.964299 79.652703
229000 81.142762 79.659210
230000 81.112838 79.665530
231000 80.470220 79.669013
232000 78.800570 79.665270
233000 78.441511 79.660018
234000 79.659997 79.660018
235000 79.651565 79.659982
236000 79.530488 79.659433
237000 78.288607 79.653649
238000 77.316806 79.643830
239000 78.803427 79.640314
240000 78.107899 79.633929
241000 78.117233 79.627635
242000 79.196922 79.625856
243000 79.475429 79.625237
244000 78.375078 79.620113
245000 77.902963 79.613104
246000 77.199279 79.603292
247000 78.197287 79.597600
248000 77.530968 79.589266
249000 78.127925 79.583398
250000 76.979513 79.572982
251000 78.247380 79.567701
252000 77.059685 79.557748
253000 77.848736 79.550993
254000 77.301225 79.542136
255000 77.718056 79.534983
256000 78.046048 79.529167
257000 78.021957 79.523302
258000 80.805462 79.528272
259000 79.551523 79.528361
260000 80.304129 79.531345
261000 80.136840 79.533665
262000 80.291155 79.536556
263000 80.280205 79.539384
264000 80.492918 79.542996
265000 82.635982 79.554667
266000 80.849080 79.559533
267000 81.396900 79.566415
268000 82.128619 79.575975
269000 81.869805 79.584503
270000 82.617729 79.595737
271000 81.671674 79.603397
272000 79.987463 79.604809
273000 79.066267 79.602836
274000 79.062400 79.600864
275000 78.773611 79.597856
276000 79.835574 79.598717
277000 81.180970 79.604429
278000 79.827203 79.605231
279000 80.036881 79.606778
280000 78.477556 79.602745
281000 78.598884 79.599172
282000 78.735084 79.596108
283000 79.963846 79.597408
284000 77.821308 79.591154
285000 78.152202 79.586105
286000 79.214010 79.584804
287000 79.428161 79.584258
288000 79.144702 79.582732
289000 77.710680 79.576254
290000 80.067095 79.577947
291000 79.835667 79.578832
292000 79.644644 79.579058
293000 78.003716 79.573681
294000 79.111411 79.572109
295000 79.374805 79.571440
296000 79.324606 79.570606
297000 78.795327 79.567996
298000 79.816965 79.568831
299000 80.798565 79.572944
300000 81.601154 79.579705
301000 79.824882 79.580519
302000 78.331587 79.576384
303000 79.322192 79.575545
304000 79.742271 79.576093
305000 80.417519 79.578852
306000 79.872836 79.579813
307000 81.422711 79.585816
308000 80.632212 79.589213
309000 78.705794 79.586354
310000 78.758979 79.583685
311000 78.913194 79.581529
312000 77.681451 79.575439
313000 77.352463 79.568337
314000 77.395917 79.561418
315000 78.355510 79.557590
316000 77.181502 79.550071
317000 77.749832 79.544392
318000 76.785466 79.535716
319000 77.577532 79.529578
320000 77.278807 79.522544
321000 76.933676 79.514479
322000 75.861341 79.503134
323000 76.778205 79.494697
324000 75.612441 79.482715
325000 75.855815 79.471555
326000 75.690183 79.459956
327000 76.856931 79.451996
328000 76.202154 79.442088
329000 76.928333 79.434447
330000 76.599139 79.425855
331000 76.520862 79.417079
332000 76.029066 79.406874
333000 77.862579 79.402237
334000 76.068722 79.392256
335000 77.382699 79.386257
336000 76.429619 79.377458
337000 76.836729 79.369918
338000 77.980408 79.365808
339000 77.555047 79.360466
340000 78.361773 79.357529
341000 78.767696 79.355799
342000 77.449569 79.350225
343000 77.832244 79.345800
344000 77.700305 79.341016
345000 77.819516 79.336606
346000 77.377517 79.330944
347000 77.457204 79.325544
348000 78.448750 79.323025
349000 78.324077 79.320162
350000 78.345231 79.317377
351000 77.835602 79.313155
352000 77.628192 79.308368
353000 78.279886 79.305455
354000 77.943697 79.301608
355000 78.821282 79.300255
356000 77.595765 79.295467
357000 77.731650 79.291087
358000 79.396805 79.291382
359000 78.802028 79.290019
360000 79.133288 79.289583
361000 78.164069 79.286466
362000 79.024428 79.285742
363000 78.937128 79.284781
364000 79.147298 79.284404
365000 78.534963 79.282351
366000 78.007146 79.278866
367000 77.005104 79.272671
368000 76.605366 79.265423
369000 76.841811 79.258855
370000 77.463404 79.254002
371000 77.004000 79.247937
372000 77.235925 79.242529
373000 77.064443 79.236689
374000 76.667749 79.229821
375000 76.703782 79.223084
376000 76.768328 79.216556
377000 76.892579 79.210391
378000 77.619523 79.206183
379000 77.945307 79.202856
380000 77.510169 79.198402
381000 77.085370 79.192856
382000 77.079642 79.187324
383000 78.399621 79.185267
384000 77.747995 79.181524
385000 77.463073 79.177060
386000 77.396380 79.172447
387000 77.521419 79.168181
388000 76.860642 79.162234
389000 77.014723 79.156713
390000 76.022990 79.148678
391000 76.431934 79.141730
392000 77.162211 79.136680
393000 76.945562 79.131105
394000 77.007018 79.125714
395000 77.477942 79.121542
396000 77.723587 79.118012
397000 76.687964 79.111891
398000 76.223611 79.104634
399000 76.330072 79.097680
400000 76.307503 79.090705
401000 76.056134 79.083137
402000 76.093237 79.075700
403000 75.526529 79.066893
404000 75.317616 79.057612
405000 75.608434 79.049096
406000 75.742477 79.040951
407000 76.231668 79.034049
408000 76.776386 79.028515
409000 78.772960 79.027891
410000 77.828655 79.024966
411000 78.571372 79.023862
412000 75.864132 79.016193
413000 77.064496 79.011467
414000 76.905778 79.006381
415000 78.708471 79.005663
416000 77.955586 79.003139
417000 78.736517 79.002499
418000 77.270432 78.998356
419000 77.705605 78.995270
420000 77.557197 78.991846
421000 77.191523 78.987570
422000 77.242700 78.983435
423000 77.580620 78.980119
424000 77.861758 78.977481
425000 76.697894 78.972118
426000 77.284867 78.968157
427000 78.942055 78.968096
428000 78.917306 78.967977
429000 77.632044 78.964863
430000 77.536161 78.961541
431000 76.459025 78.955734
432000 76.055937 78.949022
433000 78.606904 78.948232
434000 78.014476 78.946080
435000 78.385764 78.944792
436000 79.129903 78.945217
437000 78.915625 78.945149
438000 79.353303 78.946081
439000 79.730536 78.947868
440000 78.881122 78.947716
441000 78.668402 78.947083
442000 78.599404 78.946296
443000 79.416777 78.947358
444000 79.115194 78.947736
445000 79.165999 78.948227
446000 79.651667 78.949804
447000 79.869142 78.951860
448000 80.769825 78.955918
449000 80.115953 78.958502
450000 80.525099 78.961983
451000 80.629732 78.965681
452000 82.162713 78.972754
453000 82.009111 78.979457
454000 80.491306 78.982787
455000 81.091813 78.987422
456000 81.969022 78.993961
457000 82.794956 79.002278
458000 82.713489 79.010381
459000 81.836944 79.016539
460000 81.520203 79.021982
461000 82.129356 79.028723
462000 83.262995 79.037888
463000 83.872187 79.048329
464000 82.296090 79.055329
465000 81.035255 79.059586
466000 79.598657 79.060743
467000 79.752052 79.062224
468000 80.007567 79.064244
469000 81.062281 79.068504
470000 81.545720 79.073774
471000 81.614030 79.079168
472000 80.718047 79.082640
473000 82.024370 79.088859
474000 80.823041 79.092518
475000 78.586621 79.091453
476000 80.278559 79.093947
477000 79.437445 79.094667
478000 78.243276 79.092886
479000 78.275322 79.091179
480000 79.171085 79.091345
481000 77.727260 79.088509
482000 78.431720 79.087147
483000 77.925900 79.084743
484000 78.855973 79.084270
485000 79.719026 79.085579
486000 78.015155 79.083376
487000 79.172584 79.083559
488000 79.118054 79.083630
489000 78.374066 79.082179
490000 78.364699 79.080715
491000 76.429216 79.075314
492000 77.994385 79.073117
493000 77.903186 79.070744
494000 75.932989 79.064393
495000 76.640274 79.059495
496000 77.556635 79.056465
497000 77.644882 79.053625
498000 77.752937 79.051013
499000 77.038295 79.046980
500000 76.793832 79.042474
501000 78.470779 79.041333
502000 78.728922 79.040710
503000 78.414494 79.039465
504000 78.938558 79.039265
505000 79.188685 79.039561
506000 79.042196 79.039566
507000 79.148972 79.039782
508000 79.847117 79.041371
509000 79.088716 79.041464
510000 77.422348 79.038289
511000 78.927848 79.038073
512000 78.693633 79.037401
513000 78.956284 79.037242
514000 78.593999 79.036380
515000 77.748612 79.033880
516000 76.966663 79.029873
517000 79.107565 79.030024
518000 77.195787 79.026483
519000 78.997479 79.026427
520000 79.091204 79.026551
521000 79.663477 79.027774
522000 79.951757 79.029544
523000 79.141134 79.029757
524000 79.520300 79.030693
525000 77.847280 79.028439
526000 78.144076 79.026758
527000 79.411578 79.027488
528000 79.710739 79.028782
529000 78.214424 79.027243
530000 79.775974 79.028656
531000 79.468288 79.029483
532000 81.259015 79.033674
533000 81.161966 79.037667
534000 80.810691 79.040988
535000 80.373428 79.043478
536000 79.479247 79.044291
537000 77.918544 79.042195
538000 80.482316 79.044872
539000 78.722804 79.044274
540000 78.978702 79.044153
541000 78.927871 79.043938
542000 78.582672 79.043087
543000 77.516015 79.040274
544000 77.232561 79.036951
545000 77.621705 79.034355
546000 79.029037 79.034345
547000 78.212094 79.032842
548000 79.063721 79.032898
549000 79.310919 79.033404
550000 78.468528 79.032377
551000 78.457366 79.031334
552000 81.134545 79.035144
553000 79.689866 79.036328
554000 79.888783 79.037867
555000 81.370394 79.042069
556000 79.300411 79.042534
557000 80.518780 79.045184
558000 78.576936 79.044345
559000 78.511235 79.043392
560000 78.770361 79.042904
561000 77.149975 79.039530
562000 78.234922 79.038098
563000 78.016251 79.036283
564000 77.968980 79.034391
565000 79.587632 79.035370
566000 80.562990 79.038069
567000 81.142793 79.041781
568000 82.803926 79.048404
569000 82.194157 79.053933
570000 81.906942 79.058938
571000 81.702609 79.063568
572000 82.705540 79.069935
573000 82.889357 79.076601
574000 82.812657 79.083110
575000 83.276319 79.090402
576000 84.457755 79.099721
577000 85.161388 79.110226
578000 82.866591 79.116725
579000 83.945897 79.125065
580000 83.036432 79.131809
581000 82.140468 79.136988
582000 81.682203 79.141361
583000 81.856482 79.146018
584000 81.692909 79.150379
585000 80.814998 79.153225
586000 81.031041 79.156429
587000 82.557937 79.162224
588000 80.523031 79.164538
589000 79.734765 79.165506
590000 79.770644 79.166532
591000 80.111604 79.168131
592000 80.544806 79.170456
593000 81.308857 79.174063
594000 80.487525 79.176274
595000 80.131019 79.177878
596000 79.839251 79.178988
597000 79.625468 79.179736
598000 80.071347 79.181227
599000 80.573052 79.183550
600000 79.558053 79.184175
601000 79.352111 79.184454
602000 78.237739 79.182881
603000 79.421808 79.183278
604000 79.145714 79.183216
605000 79.858787 79.184332
606000 79.390038 79.184672
607000 77.971374 79.182673
608000 78.132215 79.180945
609000 77.280463 79.177824
610000 79.104686 79.177704
611000 78.059875 79.175875
612000 78.617424 79.174962
613000 79.680788 79.175788
614000 78.892708 79.175327
615000 79.297556 79.175525
616000 78.731540 79.174805
617000 79.372571 79.175125
618000 80.362462 79.177046
619000 79.027477 79.176805
620000 78.490769 79.175698
621000 80.555744 79.177921
622000 78.886765 79.177452
623000 79.410277 79.177826
624000 78.333920 79.176474
625000 77.941792 79.174498
626000 78.297701 79.173098
627000 79.101759 79.172984
628000 77.594146 79.170470
629000 78.583964 79.169537
630000 79.297029 79.169740
631000 79.471246 79.170218
632000 78.158679 79.168617
633000 79.731684 79.169506
634000 79.844474 79.170571
635000 79.122458 79.170495
636000 77.565479 79.167972
637000 78.233151 79.166504
638000 78.107671 79.164845
639000 79.328719 79.165101
640000 79.628760 79.165826
641000 80.452502 79.167833
642000 79.691909 79.168649
643000 80.335669 79.170464
644000 80.508802 79.172542
645000 82.045670 79.176997
646000 81.081918 79.179946
647000 81.515295 79.183555
648000 80.859108 79.186141
649000 81.579833 79.189829
650000 81.900651 79.194000
651000 81.142092 79.196992
652000 81.377341 79.200336
653000 80.642466 79.202545
654000 80.611951 79.204700
655000 81.478678 79.208171
656000 81.865952 79.212223
657000 81.375486 79.215515
658000 83.309898 79.221738
659000 82.184018 79.226233
660000 81.817056 79.230159
661000 82.040605 79.234410
662000 79.835545 79.235318
663000 80.187709 79.236755
664000 80.425389 79.238545
665000 80.783799 79.240869
666000 80.446284 79.242679
667000 80.071162 79.243921
668000 79.762918 79.244698
669000 80.601295 79.246725
670000 80.680568 79.248866
671000 81.406440 79.252081
672000 83.558516 79.258489
673000 81.718197 79.262144
674000 85.177480 79.270921
675000 83.222037 79.276774
676000 84.238912 79.284115
677000 83.029256 79.289647
678000 86.576000 79.300393
679000 85.504983 79.309531
680000 83.568293 79.315794
681000 82.884375 79.321034
682000 83.032377 79.326476
683000 81.130032 79.329117
684000 80.479455 79.330799
685000 80.090685 79.331908
686000 80.203117 79.333178
687000 78.709225 79.332270
688000 78.780171 79.331467
689000 78.845151 79.330761
690000 77.068969 79.327483
691000 77.640529 79.325042
692000 78.588434 79.323978
693000 78.883016 79.323341
694000 78.477110 79.322122
695000 78.646709 79.321150
696000 78.564085 79.320062
697000 77.644750 79.317659
698000 77.674969 79.315305
699000 78.127127 79.313606
700000 77.833011 79.311490
701000 77.943083 79.309538
702000 77.493162 79.306951
703000 77.705486 79.304673
704000 77.837529 79.302589
705000 77.921252 79.300630
706000 79.159262 79.300429
707000 79.125854 79.300182
708000 79.396959 79.300319
709000 79.159903 79.300121
710000 81.131638 79.302701
711000 81.396963 79.305646
712000 82.484500 79.310111
713000 84.104025 79.316834
714000 82.310843 79.321028
715000 82.551328 79.325546
716000 82.515756 79.330001
717000 81.940094 79.333641
718000 81.440782 79.336576
719000 83.170627 79.341909
720000 81.016395 79.344234
721000 79.758484 79.344809
722000 79.180519 79.344581
723000 80.903394 79.346737
724000 80.226511 79.347953
725000 78.733393 79.347105
726000 79.370438 79.347137
727000 80.346579 79.348512
728000 81.374261 79.351294
729000 80.608859 79.353019
730000 81.049776 79.355344
731000 81.892459 79.358815
732000 80.888569 79.360904
733000 80.646372 79.362658
734000 80.562506 79.364293
735000 80.895334 79.366376
736000 79.990419 79.367224
737000 79.482469 79.367380
738000 78.823517 79.366643
739000 79.097643 79.366279
740000 79.523215 79.366491
741000 80.873249 79.368525
742000 79.756341 79.369047
743000 79.445833 79.369151
744000 78.903703 79.368525
745000 78.648269 79.367558
746000 78.816096 79.366819
747000 77.891836 79.364844
748000 78.100413 79.363154
749000 78.428509 79.361906
750000 79.217585 79.361714
751000 79.140805 79.361420
752000 79.834211 79.362048
753000 78.313118 79.360655
754000 79.651921 79.361042
755000 77.947163 79.359169
756000 78.834879 79.358475
757000 76.759091 79.355042
758000 78.270700 79.353611
759000 77.404115 79.351043
760000 79.246743 79.350905
761000 80.026822 79.351794
762000 79.993958 79.352636
763000 80.049351 79.353549
764000 78.666951 79.352651
765000 79.783789 79.353214
766000 78.910887 79.352637
767000 80.535753 79.354179
768000 80.793240 79.356053
769000 79.831920 79.356672
770000 79.471940 79.356822
771000 80.447896 79.358237
772000 79.259682 79.358109
773000 79.057420 79.357720
774000 79.507826 79.357914
775000 80.390021 79.359246
776000 79.847832 79.359875
777000 79.928013 79.360607
778000 80.046409 79.361488
779000 78.976204 79.360994
780000 78.368277 79.359721
781000 77.688740 79.357581
782000 78.271667 79.356193
783000 78.875507 79.355579
784000 80.695190 79.357287
785000 79.037228 79.356880
786000 78.833087 79.356213
787000 78.642658 79.355307
788000 78.052199 79.353653
789000 78.931681 79.353118
790000 79.993564 79.353929
791000 80.324030 79.355155
792000 79.993761 79.355962
793000 81.391432 79.358528
794000 81.144644 79.360778
795000 79.787860 79.361315
796000 79.554741 79.361558
797000 79.182740 79.361334
798000 81.738357 79.364312
799000 81.864846 79.367442
800000 81.706543 79.370366
801000 81.329328 79.372812
802000 81.155087 79.375034
803000 81.383319 79.377535
804000 81.701404 79.380425
805000 81.524160 79.383088
806000 81.454661 79.385658
807000 80.910166 79.387548
808000 80.142229 79.388482
809000 79.408515 79.388506
810000 81.317789 79.390888
811000 81.007563 79.392882
812000 80.450739 79.394184
813000 80.826589 79.395946
814000 81.281822 79.398263
815000 79.747839 79.398692
816000 80.031651 79.399468
817000 79.791364 79.399947
818000 79.189394 79.399690
819000 78.584267 79.398694
820000 78.688653 79.397828
821000 78.020150 79.396150
822000 76.515759 79.392646
823000 76.499647 79.389131
824000 77.355737 79.386663
825000 77.331256 79.384172
826000 76.874876 79.381134
827000 78.182606 79.379685
828000 78.949046 79.379165
829000 76.248138 79.375388
830000 77.883459 79.373590
831000 77.571842 79.371422
832000 77.134022 79.368733
833000 77.542395 79.366540
834000 76.641546 79.363273
835000 77.839743 79.361448
836000 77.783254 79.359561
837000 77.861980 79.357771
838000 77.042659 79.355009
839000 77.825436 79.353186
840000 77.759221 79.351288
841000 76.438461 79.347825
842000 76.790930 79.344788
843000 77.451233 79.342542
844000 77.947258 79.340889
845000 77.547450 79.338766
846000 76.349082 79.335232
847000 78.152212 79.333835
848000 77.206287 79.331327
849000 77.699833 79.329405
850000 76.939653 79.326593
851000 77.085263 79.323960
852000 76.642303 79.320812
853000 77.105497 79.318215
854000 76.057554 79.314397
855000 77.669046 79.312473
856000 76.855669 79.309603
857000 76.511780 79.306338
858000 78.091785 79.304922
859000 78.663766 79.304176
860000 78.176423 79.302865
861000 77.799634 79.301119
862000 78.151270 79.299785
863000 76.560664 79.296611
864000 76.624105 79.293518
865000 77.275353 79.291184
866000 76.777110 79.288281
867000 77.298200 79.285986
868000 78.682651 79.285291
869000 77.417861 79.283142
870000 77.338777 79.280907
871000 76.992101 79.278279
872000 77.571435 79.276322
873000 76.508233 79.273151
874000 76.653509 79.270154
875000 76.076950 79.266504
876000 75.930163 79.262696
877000 76.118921 79.259111
878000 76.056256 79.255463
879000 77.122033 79.253036
880000 76.110075 79.249465
881000 75.802373 79.245552
882000 76.437991 79.242369
883000 75.581560 79.238223
884000 75.268199 79.233732
885000 74.739394 79.228653
886000 75.068318 79.223958
887000 76.515360 79.220904
888000 76.279007 79.217591
889000 76.823853 79.214899
890000 76.501910 79.211850
891000 77.296148 79.209700
892000 77.024711 79.207251
893000 76.343966 79.204044
894000 75.983049 79.200441
895000 76.432784 79.197349
896000 75.969986 79.193747
897000 76.396237 79.190628
898000 76.558307 79.187697
899000 76.884887 79.185136
900000 76.909953 79.182608
901000 78.133881 79.181444
902000 76.598263 79.178580
903000 76.872433 79.176026
904000 77.794123 79.174497
905000 77.939998 79.173133
906000 79.109492 79.173063
907000 78.426071 79.172239
908000 79.056794 79.172112
909000 77.356151 79.170114
910000 78.096161 79.168934
911000 76.618179 79.166134
912000 77.388493 79.164185
913000 76.612144 79.161390
914000 76.768731 79.158772
915000 76.344756 79.155697
916000 76.615033 79.152923
917000 75.654098 79.149108
918000 74.937938 79.144520
919000 75.399284 79.140445
920000 75.653706 79.136655
921000 75.728321 79.132954
922000 75.861066 79.129406
923000 74.783234 79.124697
924000 75.900961 79.121208
925000 76.320855 79.118181
926000 75.776182 79.114571
927000 76.635871 79.111898
928000 75.194972 79.107677
929000 76.960333 79.105365
930000 74.593943 79.100514
931000 74.233151 79.095286
932000 75.627096 79.091565
933000 74.061261 79.086173
934000 75.471139 79.082303
935000 75.574534 79.078551
936000 75.277321 79.074490
937000 74.996989 79.070138
938000 74.486498 79.065252
939000 75.405886 79.061355
940000 76.119487 79.058225
941000 76.418242 79.055420
942000 76.028345 79.052206
943000 76.823628 79.049843
944000 77.562399 79.048267
945000 77.339383 79.046459
946000 75.895069 79.043128
947000 77.343652 79.041333
948000 77.150896 79.039339
949000 77.859675 79.038096
950000 77.272803 79.036238
951000 76.180724 79.033235
952000 76.669029 79.030752
953000 77.207699 79.028839
954000 76.092278 79.025760
955000 77.233437 79.023884
956000 75.735768 79.020444
957000 75.623731 79.016895
958000 75.216112 79.012927
959000 75.524002 79.009289
960000 74.385081 79.004472
961000 75.160303 79.000472
962000 75.378127 78.996707
963000 74.297835 78.991827
964000 75.550025 78.988257
965000 75.721204 78.984872
966000 75.575613 78.981342
967000 74.598375 78.976810
968000 75.813755 78.973542
969000 74.487001 78.968912
970000 74.988849 78.964809
971000 74.538339 78.960250
972000 75.170970 78.956352
973000 74.857826 78.952140
974000 75.765261 78.948868
975000 75.416189 78.945244
976000 76.338770 78.942574
977000 77.949233 78.941557
978000 77.006175 78.939578
979000 76.347629 78.936931
980000 74.739555 78.932648
981000 76.565149 78.930234
982000 75.942862 78.927192
983000 75.547548 78.923754
984000 75.484498 78.920259
985000 76.931122 78.918239
986000 78.314714 78.917627
987000 77.770768 78.916465
988000 78.162868 78.915703
989000 78.020791 78.914798
990000 76.044986 78.911899
991000 76.077957 78.909039
992000 75.842612 78.905948
993000 76.105116 78.903127
994000 75.923881 78.900130
995000 74.555965 78.895764
996000 75.368713 78.892223
997000 75.752873 78.889074
998000 75.030171 78.885208
999000 74.606401 78.880925
1000000 73.746685 78.875790
1001000 75.043333 78.871962
1002000 74.472103 78.867571
1003000 75.817437 78.864530
1004000 74.999445 78.860680
1005000 74.833168 78.856672
1006000 74.120771 78.851965
1007000 75.683680 78.848818
1008000 76.333743 78.846323
1009000 76.333774 78.843833
1010000 75.466901 78.840490
1011000 75.578414 78.837263
1012000 73.779374 78.832265
1013000 73.112236 78.826619
1014000 73.242215 78.821111
1015000 72.477472 78.814861
1016000 72.566287 78.808711
1017000 73.072036 78.803070
1018000 72.206665 78.796591
1019000 72.123309 78.790042
1020000 71.623591 78.783016
1021000 72.127149 78.776497
1022000 72.373067 78.770231
1023000 72.397107 78.764002
1024000 72.713049 78.758092
1025000 72.909711 78.752387
1026000 72.466956 78.746261
1027000 73.647949 78.741296
1028000 73.760752 78.736451
1029000 73.549391 78.731410
1030000 73.919885 78.726739
1031000 74.306138 78.722451
1032000 73.533296 78.717423
1033000 73.220581 78.712102
1034000 72.776819 78.706362
1035000 72.163589 78.700040
1036000 72.847756 78.694391
1037000 73.546268 78.689427
1038000 74.707654 78.685591
1039000 74.540472 78.681601
1040000 73.500818 78.676620
1041000 73.321751 78.671476
1042000 74.416171 78.667392
1043000 73.672227 78.662603
1044000 72.941108 78.657123
1045000 72.543654 78.651272
1046000 72.757372 78.645638
1047000 72.238231 78.639518
1048000 72.383813 78.633549
1049000 71.880018 78.627111
1050000 72.460334 78.621237
1051000 72.140277 78.615071
1052000 71.540357 78.608346
1053000 71.648720 78.601737
1054000 70.619221 78.594163
1055000 72.248327 78.588148
1056000 72.229882 78.582127
1057000 71.405912 78.575338
1058000 72.520351 78.569615
1059000 72.406113 78.563795
1060000 72.211656 78.557802
1061000 72.472326 78.552066
1062000 72.400104 78.546274
1063000 72.385012 78.540478
1064000 73.459026 78.535702
1065000 71.499699 78.529095
1066000 72.355474 78.523304
1067000 71.306490 78.516540
1068000 73.961081 78.512275
1069000 73.343795 78.507440
1070000 73.707313 78.502954
1071000 74.844561 78.499538
1072000 74.888203 78.496169
1073000 75.235848 78.493131
1074000 76.477252 78.491254
1075000 75.415552 78.488392
1076000 75.287948 78.485418
1077000 75.009923 78.482191
1078000 76.642533 78.480484
1079000 74.525291 78.476819
1080000 74.545044 78.473178
1081000 75.671119 78.470586
1082000 75.636748 78.467967
1083000 75.143032 78.464897
1084000 75.926713 78.462556
1085000 75.934162 78.460225
1086000 76.195887 78.458140
1087000 75.717176 78.455619
1088000 75.219562 78.452644
1089000 76.980626 78.451293
1090000 76.866836 78.449839
1091000 77.919071 78.449352
1092000 78.454822 78.449357
1093000 77.170087 78.448187
1094000 76.697946 78.446587
1095000 75.592727 78.443981
1096000 77.423417 78.443050
1097000 78.090319 78.442728
1098000 77.625253 78.441984
1099000 77.418582 78.441053
1100000 77.766381 78.440439
1101000 76.671809 78.438833
1102000 76.308059 78.436899
1103000 77.184453 78.435764
1104000 77.480644 78.434899
1105000 76.407074 78.433063
1106000 75.829499 78.430709
1107000 75.000083 78.427610
1108000 77.280158 78.426575
1109000 75.754423 78.424165
1110000 74.987982 78.421070
1111000 76.623781 78.419452
1112000 74.860425 78.416251
1113000 75.248633 78.413405
1114000 75.162364 78.410487
1115000 74.738912 78.407194
1116000 74.135928 78.403367
1117000 75.229925 78.400526
1118000 75.732965 78.398140
1119000 76.686589 78.396610
1120000 76.969599 78.395336
1121000 75.493481 78.392747
1122000 74.378915 78.389170
1123000 74.475338 78.385685
1124000 74.330851 78.382077
1125000 74.312280 78.378460
1126000 75.173293 78.375613
1127000 76.665971 78.374096
1128000 75.850030 78.371859
1129000 75.169507 78.369022
1130000 74.734499 78.365806
1131000 73.307659 78.361334
1132000 74.664177 78.358067
1133000 74.745382 78.354879
1134000 74.619921 78.351585
1135000 74.621833 78.348299
1136000 73.965722 78.344441
1137000 74.516326 78.341074
1138000 74.094324 78.337343
1139000 75.922853 78.335223
1140000 74.739073 78.332068
1141000 75.008104 78.329155
1142000 75.236249 78.326447
1143000 74.860868 78.323415
1144000 73.713314 78.319385
1145000 74.145374 78.315740
1146000 76.001366 78.313720
1147000 76.364078 78.312020
1148000 76.538552 78.310475
1149000 76.643379 78.309024
1150000 78.097967 78.308841
1151000 78.122084 78.308679
1152000 78.700089 78.309018
1153000 78.310199 78.309019
1154000 79.250229 78.309835
1155000 79.050850 78.310477
1156000 79.104371 78.311163
1157000 78.686418 78.311488
1158000 79.430372 78.312454
1159000 79.498722 78.313477
1160000 80.861412 78.315674
1161000 81.107082 78.318078
1162000 78.897206 78.318577
1163000 78.658407 78.318869
1164000 78.724077 78.319217
1165000 78.174082 78.319092
1166000 77.943503 78.318770
1167000 77.978311 78.318479
1168000 77.866101 78.318091
1169000 77.672163 78.317539
1170000 77.534153 78.316869
1171000 78.658532 78.317161
1172000 77.948710 78.316847
1173000 78.771376 78.317234
1174000 78.859139 78.317696
1175000 79.122913 78.318381
1176000 79.764605 78.319611
1177000 80.352837 78.321338
1178000 80.256095 78.322981
1179000 79.733774 78.324177
1180000 81.035824 78.326475
1181000 80.577125 78.328381
1182000 81.856913 78.331366
1183000 81.363190 78.333929
1184000 80.299312 78.335589
1185000 79.502501 78.336574
1186000 79.541234 78.337589
1187000 80.698972 78.339579
1188000 80.862798 78.341703
1189000 81.207598 78.344113
1190000 80.716714 78.346107
1191000 80.114089 78.347591
1192000 79.209325 78.348314
1193000 78.978469 78.348842
1194000 80.468440 78.350618
1195000 82.082421 78.353740
1196000 82.852556 78.357502
1197000 81.927625 78.360485
1198000 81.778539 78.363338
1199000 81.592781 78.366031
1200000 81.535914 78.368673
1201000 81.427564 78.371220
1202000 81.044105 78.373443
1203000 81.717488 78.376223
1204000 80.405331 78.377908
1205000 82.280214 78.381147
1206000 81.062412 78.383370
1207000 80.240079 78.384908
1208000 82.935355 78.388675
1209000 84.465352 78.393702
1210000 82.384234 78.396999
1211000 84.386101 78.401945
1212000 82.069981 78.404971
1213000 82.505358 78.408352
1214000 82.018259 78.411325
1215000 81.417939 78.413800
1216000 80.035790 78.415134
1217000 79.896335 78.416351
1218000 83.408158 78.420449
1219000 81.514490 78.422988
1220000 81.455628 78.425473
1221000 81.044533 78.427618
1222000 80.960114 78.429691
1223000 81.042914 78.431827
1224000 81.517611 78.434349
1225000 81.992243 78.437253
1226000 82.452223 78.440528
1227000 81.797878 78.443264
1228000 82.274881 78.446384
1229000 83.002546 78.450091
1230000 81.043303 78.452200
1231000 81.824324 78.454939
1232000 81.395665 78.457326
1233000 81.682159 78.459941
1234000 80.844641 78.461874
1235000 81.833878 78.464604
1236000 82.301562 78.467709
1237000 81.703309 78.470324
1238000 82.485176 78.473567
1239000 81.566757 78.476064
1240000 82.390864 78.479221
1241000 82.597526 78.482539
1242000 83.610762 78.486668
1243000 82.614901 78.489990
1244000 83.052159 78.493657
1245000 80.973772 78.495649
1246000 79.903951 78.496779
1247000 79.506614 78.497589
1248000 79.631903 78.498498
1249000 78.528007 78.498522
1250000 80.889110 78.500434
1251000 80.464497 78.502004
1252000 80.398780 78.503519
1253000 79.439554 78.504266
1254000 79.264242 78.504872
1255000 79.504378 78.505669
1256000 79.081432 78.506127
1257000 77.814216 78.505577
1258000 77.259607 78.504586
1259000 76.892851 78.503306
1260000 78.332792 78.503171
1261000 77.319149 78.502232
1262000 76.676191 78.500785
1263000 78.818004 78.501036
1264000 77.185633 78.499995
1265000 77.230911 78.498992
1266000 78.023620 78.498617
1267000 78.768512 78.498830
1268000 77.958256 78.498403
1269000 78.041262 78.498043
1270000 76.715444 78.496639
1271000 77.061171 78.495510
1272000 77.657751 78.494851
1273000 78.062700 78.494512
1274000 77.000538 78.493339
1275000 76.648894 78.491893
1276000 76.680093 78.490473
1277000 75.148281 78.487855
1278000 75.711381 78.485683
1279000 78.215025 78.485471
1280000 76.115516 78.483620
1281000 76.706716 78.482233
1282000 77.504810 78.481470
1283000 77.174540 78.480452
1284000 77.457901 78.479655
1285000 77.809852 78.479134
1286000 78.733574 78.479332
1287000 77.789675 78.478796
1288000 77.692889 78.478186
1289000 78.297743 78.478046
1290000 78.090203 78.477745
1291000 78.853681 78.478036
1292000 79.178586 78.478579
1293000 77.613105 78.477909
1294000 78.456392 78.477893
1295000 78.712955 78.478074
1296000 77.008262 78.476940
1297000 76.713070 78.475580
1298000 77.186351 78.474587
1299000 76.935046 78.473402
1300000 76.875288 78.472172
1301000 77.081645 78.471103
1302000 77.770732 78.470566
1303000 79.318238 78.471216
1304000 78.965801 78.471595
1305000 78.501276 78.471618
1306000 79.016535 78.472035
1307000 79.923116 78.473146
1308000 79.544390 78.473965
1309000 79.885680 78.475043
1310000 79.826973 78.476075
1311000 82.091364 78.478833
1312000 80.828490 78.480624
1313000 80.495207 78.482158
1314000 80.379791 78.483602
1315000 80.708813 78.485294
1316000 79.632397 78.486166
1317000 80.610183 78.487779
1318000 81.131479 78.489785
1319000 79.871497 78.490832
1320000 80.898817 78.492656
1321000 82.223033 78.495480
1322000 81.016511 78.497387
1323000 80.485418 78.498890
1324000 80.406547 78.500331
1325000 81.384389 78.502507
1326000 81.073977 78.504447
1327000 79.951051 78.505537
1328000 80.602997 78.507116
1329000 80.972562 78.508971
1330000 81.317967 78.511083
1331000 80.607854 78.512659
1332000 80.789787 78.514368
1333000 80.331363 78.515731
1334000 80.330208 78.517092
1335000 80.501276 78.518578
1336000 80.748936 78.520247
1337000 80.644610 78.521836
1338000 80.381994 78.523226
1339000 80.345450 78.524587
1340000 81.510049 78.526815
1341000 81.412901 78.528967
1342000 81.137217 78.530911
1343000 82.008676 78.533501
1344000 82.512279 78.536461
1345000 82.690459 78.539549
1346000 83.722701 78.543400
1347000 83.843451 78.547335
1348000 83.468808 78.550986
1349000 83.449495 78.554617
1350000 82.723558 78.557705
1351000 82.940350 78.560949
1352000 82.222034 78.563657
1353000 81.930004 78.566145
1354000 81.826401 78.568553
1355000 81.151778 78.570459
1356000 80.169181 78.571638
1357000 81.335411 78.573675
1358000 80.840850 78.575345
1359000 80.278105 78.576598
1360000 82.042449 78.579146
1361000 81.633364 78.581390
1362000 81.731956 78.583703
1363000 81.769117 78.586040
1364000 82.618269 78.588996
1365000 82.601887 78.591936
1366000 82.097783 78.594503
1367000 81.699990 78.596775
1368000 81.565481 78.598945
1369000 81.714425 78.601220
1370000 82.406220 78.603998
1371000 83.665550 78.607690
1372000 82.583426 78.610587
1373000 83.756183 78.614335
1374000 84.138609 78.618356
1375000 83.816011 78.622136
1376000 82.335518 78.624835
1377000 81.050932 78.626596
1378000 80.649443 78.628064
1379000 81.347047 78.630036
1380000 83.412663 78.633502
1381000 81.353568 78.635471
1382000 82.713500 78.638422
1383000 81.759836 78.640679
1384000 81.454319 78.642712
1385000 81.216237 78.644570
1386000 79.471737 78.645167
1387000 79.660093 78.645899
1388000 80.412955 78.647172
1389000 81.410482 78.649161
1390000 80.926428 78.650800
1391000 81.142213 78.652591
1392000 81.631333 78.654731
1393000 80.493869 78.656051
1394000 82.069290 78.658499
1395000 80.523994 78.659837
1396000 82.138696 78.662329
1397000 82.169026 78.664839
1398000 81.851658 78.667118
1399000 81.994368 78.669497
1400000 81.471696 78.671498
1401000 82.260115 78.674060
1402000 81.712702 78.676227
1403000 82.102005 78.678669
1404000 81.347848 78.680570
1405000 81.654548 78.682687
1406000 81.506829 78.684695
1407000 81.881571 78.686968
1408000 81.350586 78.688859
1409000 82.456178 78.691533
1410000 82.187063 78.694012
1411000 83.355144 78.697316
1412000 83.900590 78.701001
1413000 84.163609 78.704867
1414000 84.238741 78.708780
1415000 86.287985 78.714137
1416000 86.021636 78.719297
1417000 83.226349 78.722478
1418000 83.129887 78.725586
1419000 83.287474 78.728801
1420000 83.467230 78.732138
1421000 82.554686 78.734828
1422000 84.172459 78.738652
1423000 85.298050 78.743261
1424000 84.086644 78.747014
1425000 85.429016 78.751703
1426000 85.411277 78.756373
1427000 85.389477 78.761021
1428000 85.267555 78.765578
1429000 84.876795 78.769854
1430000 84.379517 78.773777
1431000 85.500624 78.778478
1432000 84.869636 78.782732
1433000 85.384398 78.787338
1434000 86.769117 78.792904
1435000 86.475817 78.798258
1436000 85.451783 78.802892
1437000 87.210702 78.808743
1438000 87.366392 78.814694
1439000 86.634660 78.820128
1440000 87.475677 78.826139
1441000 88.632486 78.832944
1442000 85.865387 78.837821
1443000 86.609049 78.843207
1444000 86.535431 78.848534
1445000 87.707618 78.854664
1446000 86.585854 78.860011
1447000 84.873058 78.864167
1448000 84.949343 78.868369
1449000 85.986233 78.873281
1450000 85.663862 78.877964
1451000 87.655624 78.884014
1452000 87.532215 78.889970
1453000 86.522172 78.895223
1454000 85.986339 78.900100
1455000 86.247459 78.905149
1456000 86.855166 78.910609
1457000 85.789802 78.915331
1458000 85.603653 78.919918
1459000 85.683276 78.924554
1460000 82.755633 78.927178
1461000 83.119220 78.930047
1462000 84.114147 78.933593
1463000 83.638633 78.936809
1464000 83.693062 78.940058
1465000 83.394660 78.943099
1466000 85.718658 78.947720
1467000 86.145086 78.952627
1468000 88.400192 78.959062
1469000 87.679015 78.964998
1470000 87.831301 78.971030
1471000 87.045954 78.976519
1472000 86.208356 78.981432
1473000 85.321898 78.985737
1474000 85.078573 78.989870
1475000 86.006926 78.994627
1476000 86.244563 78.999539
1477000 85.828483 79.004163
1478000 85.175888 79.008339
1479000 85.776222 79.012915
1480000 86.581107 79.018028
1481000 86.196076 79.022875
1482000 86.801499 79.028124
1483000 85.969600 79.032804
1484000 85.879298 79.037418
1485000 87.190165 79.042908
1486000 87.734310 79.048757
1487000 86.170223 79.053546
1488000 86.779204 79.058738
1489000 87.207259 79.064210
1490000 87.479800 79.069858
1491000 87.844699 79.075744
1492000 86.594236 79.080783
1493000 86.371152 79.085666
1494000 86.695936 79.090760
1495000 86.050296 79.095415
1496000 86.192965 79.100159
1497000 86.406957 79.105040
1498000 87.590120 79.110705
1499000 87.588145 79.116360
1500000 88.171722 79.122397
1501000 86.415700 79.127256
1502000 85.145188 79.131262
1503000 87.487303 79.136822
1504000 84.652440 79.140489
1505000 86.697310 79.145510
1506000 85.929862 79.150015
1507000 86.052813 79.154596
1508000 86.862673 79.159707
1509000 87.195483 79.165033
1510000 87.831609 79.170772
1511000 89.495209 79.177605
1512000 89.348034 79.184331
1513000 91.064189 79.192183
1514000 90.135314 79.199411
1515000 90.215635 79.206683
1516000 87.465753 79.212131
1517000 88.288114 79.218113
1518000 88.450326 79.224195
1519000 84.998454 79.227997
1520000 85.965627 79.232429
1521000 85.608285 79.236621
1522000 87.346554 79.241950
1523000 86.025497 79.246404
1524000 84.140792 79.249615
1525000 84.815297 79.253265
1526000 84.562218 79.256744
1527000 84.404460 79.260115
1528000 84.207087 79.263352
1529000 86.186285 79.267880
1530000 86.014221 79.272290
1531000 86.750584 79.277174
1532000 86.676165 79.282004
1533000 85.300747 79.285930
1534000 83.657827 79.288780
1535000 84.336213 79.292068
1536000 84.520685 79.295472
1537000 84.397403 79.298792
1538000 83.256793 79.301365
1539000 83.410552 79.304035
1540000 83.703988 79.306892
1541000 83.746474 79.309773
1542000 83.772287 79.312667
1543000 84.625416 79.316110
1544000 84.467365 79.319447
1545000 83.295819 79.322020
1546000 83.308184 79.324599
1547000 83.803367 79.327494
1548000 85.805395 79.331679
1549000 85.628175 79.335743
1550000 85.680684 79.339837
1551000 85.669887 79.343918
1552000 84.096444 79.346980
1553000 84.043436 79.350004
1554000 85.698978 79.354090
1555000 83.489993 79.356750
1556000 86.700103 79.361469
1557000 86.207379 79.365866
1558000 85.394803 79.369736
1559000 85.130706 79.373431
1560000 85.344953 79.377259
1561000 86.408584 79.381763
1562000 84.748447 79.385199
1563000 84.584403 79.388525
1564000 86.672846 79.393183
1565000 86.248524 79.397563
1566000 86.410718 79.402042
1567000 85.315830 79.405816
1568000 86.406258 79.410280
1569000 86.841000 79.415016
1570000 86.958152 79.419821
1571000 87.730798 79.425111
1572000 86.057745 79.429330
1573000 85.897731 79.433442
1574000 85.683849 79.437413
1575000 86.873940 79.442135
1576000 85.765549 79.446147
1577000 85.450622 79.449955
1578000 85.370661 79.453707
1579000 83.117919 79.456028
1580000 84.763785 79.459387
1581000 85.679061 79.463321
1582000 86.308151 79.467648
1583000 88.262636 79.473203
1584000 86.797558 79.477827
1585000 86.310338 79.482138
1586000 85.173592 79.485727
1587000 84.201788 79.488698
1588000 86.036923 79.492822
1589000 86.565895 79.497273
1590000 86.026963 79.501380
1591000 87.421996 79.506358
1592000 86.516560 79.510762
1593000 85.223043 79.514348
1594000 83.757771 79.517010
1595000 85.448726 79.520729
1596000 86.678579 79.525214
1597000 86.550081 79.529612
1598000 86.447482 79.533941
1599000 86.277880 79.538159
1600000 85.937600 79.542159
1601000 86.095315 79.546252
1602000 86.292524 79.550463
1603000 86.484593 79.554789
1604000 84.356283 79.557782
1605000 85.610885 79.561554
1606000 85.277889 79.565113
1607000 83.902628 79.567812
1608000 84.734305 79.571025
1609000 85.031518 79.574419
1610000 85.937218 79.578371
1611000 86.203945 79.582484
1612000 87.232227 79.587229
1613000 87.292441 79.592006
1614000 85.586199 79.595720
1615000 87.110165 79.600373
1616000 86.504056 79.604645
1617000 87.380773 79.609454
1618000 87.816393 79.614526
1619000 88.027120 79.619722
1620000 87.979989 79.624883
1621000 87.452762 79.629712
1622000 87.195637 79.634377
1623000 85.424179 79.637944
1624000 83.943746 79.640595
1625000 85.548547 79.644231
1626000 85.678186 79.647942
1627000 85.017310 79.651242
1628000 85.484193 79.654825
1629000 84.885883 79.658036
1630000 84.224700 79.660838
1631000 85.133310 79.664193
1632000 85.461223 79.667745
1633000 87.799379 79.672725
1634000 86.993691 79.677205
1635000 86.887893 79.681615
1636000 86.849124 79.685996
1637000 87.099545 79.690525
1638000 85.708352 79.694199
1639000 85.897093 79.697984
1640000 85.841754 79.701730
1641000 86.652035 79.705965
1642000 85.961534 79.709775
1643000 84.905365 79.712937
1644000 83.642430 79.715327
1645000 82.163463 79.716816
1646000 82.912668 79.718757
1647000 82.281555 79.720313
1648000 83.625601 79.722683
1649000 82.334197 79.724267
1650000 82.271503 79.725810
1651000 80.172240 79.726081
1652000 80.230382 79.726386
1653000 81.577762 79.727506
1654000 80.453709 79.727945
1655000 82.037546 79.729341
1656000 81.476437 79.730396
1657000 80.465647 79.730839
1658000 83.178325 79.732919
1659000 81.978245 79.734272
1660000 82.175975 79.735743
1661000 82.022662 79.737120
1662000 82.388966 79.738715
1663000 82.504368 79.740378
1664000 82.755955 79.742191
1665000 80.472451 79.742629
1666000 79.092540 79.742239
1667000 78.811859 79.741681
1668000 81.315401 79.742624
1669000 80.881785 79.743307
1670000 80.379540 79.743688
1671000 80.391570 79.744076
1672000 80.413969 79.744476
1673000 79.043224 79.744057
1674000 78.794046 79.743490
1675000 80.257234 79.743796
1676000 78.999359 79.743352
1677000 79.087219 79.742961
1678000 79.013103 79.742526
1679000 78.850950 79.741995
1680000 78.666261 79.741355
1681000 77.809529 79.740205
1682000 79.403359 79.740005
1683000 79.005535 79.739569
1684000 78.239803 79.738678
1685000 76.880749 79.736982
1686000 76.622656 79.735135
1687000 77.495747 79.733808
1688000 77.191457 79.732301
1689000 76.735417 79.730527
1690000 77.028023 79.728928
1691000 77.929539 79.727864
1692000 77.519870 79.726559
1693000 77.194033 79.725063
1694000 77.781938 79.723916
1695000 76.640916 79.722097
1696000 77.267448 79.720650
1697000 77.934395 79.719597
1698000 77.189358 79.718107
1699000 79.014178 79.717693
1700000 77.567678 79.716428
1701000 77.937657 79.715382
1702000 78.596515 79.714725
1703000 78.330096 79.713912
1704000 78.256339 79.713056
1705000 78.361112 79.712263
1706000 77.337362 79.710871
1707000 76.368512 79.708913
1708000 77.171961 79.707428
1709000 77.464912 79.706116
1710000 77.256636 79.704683
1711000 77.894753 79.703626
1712000 77.986904 79.702623
1713000 78.325510 79.701819
1714000 77.385755 79.700468
1715000 77.362894 79.699105
1716000 77.773748 79.697983
1717000 77.846919 79.696905
1718000 77.719714 79.695754
1719000 76.122656 79.693675
1720000 75.048715 79.690975
1721000 75.256832 79.688398
1722000 75.375767 79.685894
1723000 75.478734 79.683452
1724000 76.250563 79.681461
1725000 75.687439 79.679145
1726000 75.345780 79.676635
1727000 74.313857 79.673529
1728000 73.528575 79.669973
1729000 74.190267 79.666804
1730000 75.076593 79.664151
1731000 74.125308 79.660951
1732000 72.878322 79.657035
1733000 73.045088 79.653219
1734000 73.492985 79.649667
1735000 73.791853 79.646291
1736000 73.783847 79.642914
1737000 74.058879 79.639699
1738000 73.745275 79.636307
1739000 73.133507 79.632568
1740000 73.538413 79.629066
1741000 74.500872 79.626120
1742000 74.902198 79.623408
1743000 75.352919 79.620958
1744000 75.199416 79.618423
1745000 75.223422 79.615904
1746000 75.708359 79.613666
1747000 74.400923 79.610682
1748000 74.462308 79.607737
1749000 74.767219 79.604970
1750000 73.777586 79.601640
1751000 73.929285 79.598400
1752000 74.501368 79.595491
1753000 73.923086 79.592255
1754000 75.012569 79.589644
1755000 73.966847 79.586440
1756000 75.026818 79.583844
1757000 74.748689 79.581092
1758000 74.591604 79.578253
1759000 74.133020 79.575158
1760000 74.141308 79.572070
1761000 73.888068 79.568843
1762000 72.945512 79.565084
1763000 73.265682 79.561511
1764000 73.440906 79.558041
1765000 73.187744 79.554432
1766000 74.311033 79.551463
1767000 73.824135 79.548221
1768000 73.421919 79.544756
1769000 72.731641 79.540905
1770000 72.634720 79.537003
1771000 72.704194 79.533145
1772000 73.624233 79.529810
1773000 73.949912 79.526663
1774000 73.373964 79.523195
1775000 73.003884 79.519522
1776000 73.122527 79.515920
1777000 72.596615 79.512026
1778000 72.569178 79.508121
1779000 72.644895 79.504263
1780000 72.167426 79.500142
1781000 72.700735 79.496324
1782000 73.696570 79.493069
1783000 73.211559 79.489546
1784000 74.376027 79.486680
1785000 73.318783 79.483225
1786000 73.676591 79.479973
1787000 73.747913 79.476766
1788000 72.878083 79.473075
1789000 72.435981 79.469142
1790000 72.576348 79.465291
1791000 73.416995 79.461914
1792000 74.068554 79.458904
1793000 73.814850 79.455756
1794000 73.838447 79.452625
1795000 73.422424 79.449266
1796000 73.458871 79.445930
1797000 73.618659 79.442688
1798000 72.840274 79.439015
1799000 74.012978 79.435999
1800000 73.701435 79.432813
1801000 73.859002 79.429719
1802000 74.790515 79.427144
1803000 74.346164 79.424326
1804000 72.656400 79.420574
1805000 74.495488 79.417846
1806000 75.253986 79.415540
1807000 74.586425 79.412868
1808000 73.816701 79.409773
1809000 75.070365 79.407374
1810000 75.862497 79.405415
1811000 75.939975 79.403502
1812000 74.083006 79.400566
1813000 74.407629 79.397812
1814000 74.411257 79.395063
1815000 74.947038 79.392612
1816000 74.682815 79.390018
1817000 74.729634 79.387454
1818000 73.294862 79.384102
1819000 74.256061 79.381283
1820000 72.902516 79.377723
1821000 71.684047 79.373498
1822000 71.471260 79.369161
1823000 71.349923 79.364762
1824000 71.667801 79.360543
1825000 72.291637 79.356669
1826000 71.266536 79.352239
1827000 71.387300 79.347879
1828000 72.218799 79.343979
1829000 71.496804 79.339689
1830000 70.862955 79.335057
1831000 70.242956 79.330091
1832000 69.406040 79.324674
1833000 70.994589 79.320129
1834000 70.825325 79.315498
1835000 70.308664 79.310589
1836000 71.954282 79.306582
1837000 70.738490 79.301918
1838000 70.242669 79.296989
1839000 69.146735 79.291470
1840000 68.270847 79.285481
1841000 69.140005 79.279970
1842000 69.921179 79.274889
1843000 69.713850 79.269701
1844000 69.229656 79.264256
1845000 70.195537 79.259341
1846000 70.181168 79.254423
1847000 70.574130 79.249724
1848000 70.612211 79.245050
1849000 70.891595 79.240532
1850000 70.149337 79.235618
1851000 70.872419 79.231100
1852000 69.852967 79.226036
1853000 70.308773 79.221223
1854000 70.783233 79.216672
1855000 70.224959 79.211825
1856000 70.371471 79.207062
1857000 70.560878 79.202406
1858000 70.955460 79.197967
1859000 71.275922 79.193706
1860000 70.486889 79.189025
1861000 71.827815 79.185069
1862000 70.597498 79.180457
1863000 70.951988 79.176040
1864000 70.286376 79.171271
1865000 69.383702 79.166023
1866000 69.141525 79.160651
1867000 70.520252 79.156023
1868000 69.474033 79.150840
1869000 69.681908 79.145774
1870000 69.295381 79.140506
1871000 69.446046 79.135325
1872000 69.216135 79.130026
1873000 69.197163 79.124723
1874000 69.373982 79.119520
1875000 68.952636 79.114097
1876000 68.960714 79.108685
1877000 68.050567 79.102794
1878000 68.108297 79.096939
1879000 68.270748 79.091178
1880000 69.018420 79.085820
1881000 69.897733 79.080935
1882000 70.096355 79.076161
1883000 69.693897 79.071178
1884000 70.135881 79.066436
1885000 69.667380 79.061449
1886000 69.392453 79.056323
1887000 70.785836 79.051940
1888000 70.937081 79.047642
1889000 70.106354 79.042908
1890000 70.730880 79.038510
1891000 70.229455 79.033852
1892000 69.520510 79.028824
1893000 69.205496 79.023635
1894000 68.479910 79.018068
1895000 68.732341 79.012640
1896000 68.639796 79.007169
1897000 67.545101 79.001127
1898000 68.331503 78.995505
1899000 67.626139 78.989518
1900000 68.863021 78.984188
1901000 68.970886 78.978921
1902000 69.119409 78.973737
1903000 69.513874 78.968766
1904000 67.905513 78.962956
1905000 69.128075 78.957793
1906000 67.715912 78.951895
1907000 69.177983 78.946770
1908000 68.484934 78.941287
1909000 67.747255 78.935423
1910000 69.179269 78.930315
1911000 68.225821 78.924713
1912000 68.453951 78.919237
1913000 69.395114 78.914258
1914000 69.342989 78.909258
1915000 68.802955 78.903980
1916000 67.687261 78.898126
1917000 69.493588 78.893220
1918000 69.304780 78.888221
1919000 70.063850 78.883622
1920000 70.761342 78.879392
1921000 70.342794 78.874948
1922000 70.624162 78.870655
1923000 70.699669 78.866406
1924000 70.295998 78.861952
1925000 69.909506 78.857301
1926000 70.648545 78.853039
1927000 71.301080 78.849120
1928000 70.266943 78.844669
1929000 70.432163 78.840308
1930000 71.074268 78.836284
1931000 70.479175 78.831956
1932000 70.899767 78.827850
1933000 70.515142 78.823550
1934000 70.621157 78.819309
1935000 70.269732 78.814890
1936000 70.897515 78.810801
1937000 69.611113 78.806051
1938000 69.440802 78.801219
1939000 69.463104 78.796403
1940000 69.582392 78.791654
1941000 70.002591 78.787125
1942000 68.779736 78.781972
1943000 69.323307 78.777104
1944000 67.854869 78.771486
1945000 68.532327 78.766221
1946000 68.514723 78.760953
1947000 67.988856 78.755421
1948000 69.083955 78.750456
1949000 69.164544 78.745538
1950000 68.567545 78.740318
1951000 69.295881 78.735477
1952000 69.018262 78.730499
1953000 69.270916 78.725656
1954000 67.562034 78.719942
1955000 67.442739 78.714174
1956000 67.355008 78.708367
1957000 66.884464 78.702325
1958000 67.396339 78.696551
1959000 67.823802 78.691000
1960000 67.171046 78.685123
1961000 67.476692 78.679407
1962000 67.601085 78.673761
1963000 67.183297 78.667907
1964000 66.850256 78.661890
1965000 66.358695 78.655629
1966000 67.588671 78.650000
1967000 68.184315 78.644679
1968000 68.232727 78.639389
1969000 67.897801 78.633933
1970000 67.610318 78.628337
1971000 66.576821 78.622223
1972000 66.403007 78.616027
1973000 66.116549 78.609691
1974000 66.889577 78.603754
1975000 66.871924 78.597814
1976000 65.877183 78.591376
1977000 66.370448 78.585195
1978000 66.443322 78.579056
1979000 67.060327 78.573236
1980000 67.279327 78.567532
1981000 66.625154 78.561503
1982000 66.220514 78.555277
1983000 67.148329 78.549525
1984000 66.439338 78.543421
1985000 66.377249 78.537292
1986000 66.643148 78.531303
1987000 66.160071 78.525076
1988000 66.534962 78.519045
1989000 66.372347 78.512938
1990000 67.712907 78.507511
1991000 67.920345 78.502194
1992000 67.571649 78.496706
1993000 67.194725 78.491036
1994000 67.561649 78.485554
1995000 67.848258 78.480222
1996000 67.097399 78.474520
1997000 67.282474 78.468915
1998000 65.838741 78.462594
1999000 67.075292 78.456897
2000000 67.021848 78.451180
