1000 301.000000 301.000000
2000 301.000000 301.000000
3000 301.000000 301.000000
4000 301.000000 301.000000
5000 301.000000 301.000000
6000 301.000000 301.000000
7000 301.000000 301.000000
8000 301.000000 301.000000
9000 301.000000 301.000000
10000 301.000000 301.000000
11000 301.000000 301.000000
12000 301.000000 301.000000
13000 301.000000 301.000000
14000 301.000000 301.000000
15000 301.000000 301.000000
16000 301.000000 301.000000
17000 301.000000 301.000000
18000 301.000000 301.000000
19000 301.000000 301.000000
20000 301.000000 301.000000
21000 301.000000 301.000000
22000 301.000000 301.000000
23000 301.000000 301.000000
24000 301.000000 301.000000
25000 301.000000 301.000000
26000 301.000000 301.000000
27000 301.000000 301.000000
28000 301.000000 301.000000
29000 301.000000 301.000000
30000 301.000000 301.000000
31000 301.000000 301.000000
32000 301.000000 301.000000
33000 301.000000 301.000000
34000 301.000000 301.000000
35000 301.000000 301.000000
36000 301.000000 301.000000
37000 301.000000 301.000000
38000 301.000000 301.000000
39000 301.000000 301.000000
40000 301.000000 301.000000
41000 301.000000 301.000000
42000 301.000000 301.000000
43000 301.000000 301.000000
44000 301.000000 301.000000
45000 301.000000 301.000000
46000 301.000000 301.000000
47000 301.000000 301.000000
48000 301.000000 301.000000
49000 301.000000 301.000000
50000 301.000000 301.000000
51000 301.000000 301.000000
52000 301.000000 301.000000
53000 301.000000 301.000000
54000 301.000000 301.000000
55000 301.000000 301.000000
56000 301.000000 301.000000
57000 301.000000 301.000000
58000 301.000000 301.000000
59000 301.000000 301.000000
60000 301.000000 301.000000
61000 301.000000 301.000000
62000 301.000000 301.000000
63000 301.000000 301.000000
64000 301.000000 301.000000
65000 301.000000 301.000000
66000 301.000000 301.000000
67000 301.000000 301.000000
68000 301.000000 301.000000
69000 301.000000 301.000000
70000 301.000000 301.000000
71000 301.000000 301.000000
72000 301.000000 301.000000
73000 301.000000 301.000000
74000 301.000000 301.000000
75000 301.000000 301.000000
76000 301.000000 301.000000
77000 301.000000 301.000000
78000 301.000000 301.000000
79000 301.000000 301.000000
80000 301.000000 301.000000
81000 301.000000 301.000000
82000 301.000000 301.000000
83000 301.000000 301.000000
84000 301.000000 301.000000
85000 301.000000 301.000000
86000 301.000000 301.000000
87000 301.000000 301.000000
88000 301.000000 301.000000
89000 301.000000 301.000000
90000 301.000000 301.000000
91000 301.000000 301.000000
92000 301.000000 301.000000
93000 301.000000 301.000000
94000 301.000000 301.000000
95000 301.000000 301.000000
96000 301.000000 301.000000
97000 301.000000 301.000000
98000 301.000000 301.000000
99000 301.000000 301.000000
100000 301.000000 301.000000
101000 301.000000 301.000000
102000 301.000000 301.000000
103000 301.000000 301.000000
104000 301.000000 301.000000
105000 301.000000 301.000000
106000 301.000000 301.000000
107000 301.000000 301.000000
108000 301.000000 301.000000
109000 301.000000 301.000000
110000 301.000000 301.000000
111000 301.000000 301.000000
112000 301.000000 301.000000
113000 301.000000 301.000000
114000 301.000000 301.000000
115000 301.000000 301.000000
116000 301.000000 301.000000
117000 301.000000 301.000000
118000 301.000000 301.000000
119000 301.000000 301.000000
120000 301.000000 301.000000
121000 301.000000 301.000000
122000 301.000000 301.000000
123000 301.000000 301.000000
124000 301.000000 301.000000
125000 301.000000 301.000000
126000 301.000000 301.000000
127000 301.000000 301.000000
128000 301.000000 301.000000
129000 301.000000 301.000000
130000 301.000000 301.000000
131000 301.000000 301.000000
132000 301.000000 301.000000
133000 301.000000 301.000000
134000 301.000000 301.000000
135000 301.000000 301.000000
136000 301.000000 301.000000
137000 301.000000 301.000000
138000 301.000000 301.000000
139000 301.000000 301.000000
140000 301.000000 301.000000
141000 301.000000 301.000000
142000 301.000000 301.000000
143000 301.000000 301.000000
144000 301.000000 301.000000
145000 301.000000 301.000000
146000 301.000000 301.000000
147000 301.000000 301.000000
148000 301.000000 301.000000
149000 301.000000 301.000000
150000 301.000000 301.000000
151000 301.000000 301.000000
152000 301.000000 301.000000
153000 301.000000 301.000000
154000 301.000000 301.000000
155000 301.000000 301.000000
156000 301.000000 301.000000
157000 301.000000 301.000000
158000 301.000000 301.000000
159000 301.000000 301.000000
160000 301.000000 301.000000
161000 301.000000 301.000000
162000 301.000000 301.000000
163000 301.000000 301.000000
164000 301.000000 301.000000
165000 301.000000 301.000000
166000 301.000000 301.000000
167000 301.000000 301.000000
168000 301.000000 301.000000
169000 301.000000 301.000000
170000 301.000000 301.000000
171000 301.000000 301.000000
172000 301.000000 301.000000
173000 301.000000 301.000000
174000 301.000000 301.000000
175000 301.000000 301.000000
176000 301.000000 301.000000
177000 301.000000 301.000000
178000 301.000000 301.000000
179000 301.000000 301.000000
180000 301.000000 301.000000
181000 301.000000 301.000000
182000 301.000000 301.000000
183000 301.000000 301.000000
184000 301.000000 301.000000
185000 301.000000 301.000000
186000 301.000000 301.000000
187000 301.000000 301.000000
188000 301.000000 301.000000
189000 301.000000 301.000000
190000 301.000000 301.000000
191000 301.000000 301.000000
192000 301.000000 301.000000
193000 301.000000 301.000000
194000 301.000000 301.000000
195000 301.000000 301.000000
196000 301.000000 301.000000
197000 301.000000 301.000000
198000 301.000000 301.000000
199000 301.000000 301.000000
200000 301.000000 301.000000
201000 301.000000 301.000000
202000 301.000000 301.000000
203000 301.000000 301.000000
204000 301.000000 301.000000
205000 301.000000 301.000000
206000 301.000000 301.000000
207000 301.000000 301.000000
208000 301.000000 301.000000
209000 301.000000 301.000000
210000 301.000000 301.000000
211000 301.000000 301.000000
212000 301.000000 301.000000
213000 301.000000 301.000000
214000 301.000000 301.000000
215000 301.000000 301.000000
216000 301.000000 301.000000
217000 301.000000 301.000000
218000 301.000000 301.000000
219000 301.000000 301.000000
220000 301.000000 301.000000
221000 301.000000 301.000000
222000 301.000000 301.000000
223000 301.000000 301.000000
224000 301.000000 301.000000
225000 301.000000 301.000000
226000 301.000000 301.000000
227000 301.000000 301.000000
228000 301.000000 301.000000
229000 301.000000 301.000000
230000 301.000000 301.000000
231000 301.000000 301.000000
232000 301.000000 301.000000
233000 301.000000 301.000000
234000 301.000000 301.000000
235000 301.000000 301.000000
236000 301.000000 301.000000
237000 301.000000 301.000000
238000 301.000000 301.000000
239000 301.000000 301.000000
240000 301.000000 301.000000
241000 301.000000 301.000000
242000 301.000000 301.000000
243000 301.000000 301.000000
244000 301.000000 301.000000
245000 301.000000 301.000000
246000 301.000000 301.000000
247000 301.000000 301.000000
248000 301.000000 301.000000
249000 301.000000 301.000000
250000 301.000000 301.000000
251000 301.000000 301.000000
252000 301.000000 301.000000
253000 301.000000 301.000000
254000 301.000000 301.000000
255000 301.000000 301.000000
256000 301.000000 301.000000
257000 301.000000 301.000000
258000 301.000000 301.000000
259000 301.000000 301.000000
260000 301.000000 301.000000
261000 301.000000 301.000000
262000 301.000000 301.000000
263000 301.000000 301.000000
264000 301.000000 301.000000
265000 301.000000 301.000000
266000 301.000000 301.000000
267000 301.000000 301.000000
268000 301.000000 301.000000
269000 301.000000 301.000000
270000 301.000000 301.000000
271000 301.000000 301.000000
272000 301.000000 301.000000
273000 301.000000 301.000000
274000 301.000000 301.000000
275000 301.000000 301.000000
276000 301.000000 301.000000
277000 301.000000 301.000000
278000 301.000000 301.000000
279000 301.000000 301.000000
280000 301.000000 301.000000
281000 301.000000 301.000000
282000 301.000000 301.000000
283000 301.000000 301.000000
284000 301.000000 301.000000
285000 301.000000 301.000000
286000 301.000000 301.000000
287000 301.000000 301.000000
288000 301.000000 301.000000
289000 301.000000 301.000000
290000 301.000000 301.000000
291000 301.000000 301.000000
292000 301.000000 301.000000
293000 301.000000 301.000000
294000 301.000000 301.000000
295000 301.000000 301.000000
296000 301.000000 301.000000
297000 301.000000 301.000000
298000 301.000000 301.000000
299000 301.000000 301.000000
300000 301.000000 301.000000
301000 301.000000 301.000000
302000 301.000000 301.000000
303000 301.000000 301.000000
304000 301.000000 301.000000
305000 301.000000 301.000000
306000 301.000000 301.000000
307000 301.000000 301.000000
308000 301.000000 301.000000
309000 301.000000 301.000000
310000 301.000000 301.000000
311000 301.000000 301.000000
312000 301.000000 301.000000
313000 301.000000 301.000000
314000 301.000000 301.000000
315000 301.000000 301.000000
316000 301.000000 301.000000
317000 301.000000 301.000000
318000 301.000000 301.000000
319000 301.000000 301.000000
320000 301.000000 301.000000
321000 301.000000 301.000000
322000 301.000000 301.000000
323000 301.000000 301.000000
324000 301.000000 301.000000
325000 301.000000 301.000000
326000 301.000000 301.000000
327000 301.000000 301.000000
328000 301.000000 301.000000
329000 301.000000 301.000000
330000 301.000000 301.000000
331000 301.000000 301.000000
332000 301.000000 301.000000
333000 301.000000 301.000000
334000 301.000000 301.000000
335000 301.000000 301.000000
336000 301.000000 301.000000
337000 301.000000 301.000000
338000 301.000000 301.000000
339000 301.000000 301.000000
340000 301.000000 301.000000
341000 301.000000 301.000000
342000 301.000000 301.000000
343000 301.000000 301.000000
344000 301.000000 301.000000
345000 301.000000 301.000000
346000 301.000000 301.000000
347000 301.000000 301.000000
348000 301.000000 301.000000
349000 301.000000 301.000000
350000 301.000000 301.000000
351000 301.000000 301.000000
352000 301.000000 301.000000
353000 301.000000 301.000000
354000 301.000000 301.000000
355000 301.000000 301.000000
356000 301.000000 301.000000
357000 301.000000 301.000000
358000 301.000000 301.000000
359000 301.000000 301.000000
360000 301.000000 301.000000
361000 301.000000 301.000000
362000 301.000000 301.000000
363000 301.000000 301.000000
364000 301.000000 301.000000
365000 301.000000 301.000000
366000 301.000000 301.000000
367000 301.000000 301.000000
368000 301.000000 301.000000
369000 301.000000 301.000000
370000 301.000000 301.000000
371000 301.000000 301.000000
372000 301.000000 301.000000
373000 301.000000 301.000000
374000 301.000000 301.000000
375000 301.000000 301.000000
376000 301.000000 301.000000
377000 301.000000 301.000000
378000 301.000000 301.000000
379000 301.000000 301.000000
380000 301.000000 301.000000
381000 301.000000 301.000000
382000 301.000000 301.000000
383000 301.000000 301.000000
384000 301.000000 301.000000
385000 301.000000 301.000000
386000 301.000000 301.000000
387000 301.000000 301.000000
388000 301.000000 301.000000
389000 301.000000 301.000000
390000 301.000000 301.000000
391000 301.000000 301.000000
392000 301.000000 301.000000
393000 301.000000 301.000000
394000 301.000000 301.000000
395000 301.000000 301.000000
396000 301.000000 301.000000
397000 301.000000 301.000000
398000 301.000000 301.000000
399000 301.000000 301.000000
400000 301.000000 301.000000
401000 301.000000 301.000000
402000 301.000000 301.000000
403000 301.000000 301.000000
404000 301.000000 301.000000
405000 301.000000 301.000000
406000 301.000000 301.000000
407000 301.000000 301.000000
408000 301.000000 301.000000
409000 301.000000 301.000000
410000 301.000000 301.000000
411000 301.000000 301.000000
412000 301.000000 301.000000
413000 301.000000 301.000000
414000 301.000000 301.000000
415000 301.000000 301.000000
416000 301.000000 301.000000
417000 301.000000 301.000000
418000 301.000000 301.000000
419000 301.000000 301.000000
420000 301.000000 301.000000
421000 301.000000 301.000000
422000 301.000000 301.000000
423000 301.000000 301.000000
424000 301.000000 301.000000
425000 301.000000 301.000000
426000 301.000000 301.000000
427000 301.000000 301.000000
428000 301.000000 301.000000
429000 301.000000 301.000000
430000 301.000000 301.000000
431000 301.000000 301.000000
432000 301.000000 301.000000
433000 301.000000 301.000000
434000 301.000000 301.000000
435000 301.000000 301.000000
436000 301.000000 301.000000
437000 301.000000 301.000000
438000 301.000000 301.000000
439000 301.000000 301.000000
440000 301.000000 301.000000
441000 301.000000 301.000000
442000 301.000000 301.000000
443000 301.000000 301.000000
444000 301.000000 301.000000
445000 301.000000 301.000000
446000 301.000000 301.000000
447000 301.000000 301.000000
448000 301.000000 301.000000
449000 301.000000 301.000000
450000 301.000000 301.000000
451000 301.000000 301.000000
452000 301.000000 301.000000
453000 301.000000 301.000000
454000 301.000000 301.000000
455000 301.000000 301.000000
456000 301.000000 301.000000
457000 301.000000 301.000000
458000 301.000000 301.000000
459000 301.000000 301.000000
460000 301.000000 301.000000
461000 301.000000 301.000000
462000 301.000000 301.000000
463000 301.000000 301.000000
464000 301.000000 301.000000
465000 301.000000 301.000000
466000 301.000000 301.000000
467000 301.000000 301.000000
468000 301.000000 301.000000
469000 301.000000 301.000000
470000 301.000000 301.000000
471000 301.000000 301.000000
472000 301.000000 301.000000
473000 301.000000 301.000000
474000 301.000000 301.000000
475000 301.000000 301.000000
476000 301.000000 301.000000
477000 301.000000 301.000000
478000 301.000000 301.000000
479000 301.000000 301.000000
480000 301.000000 301.000000
481000 301.000000 301.000000
482000 301.000000 301.000000
483000 301.000000 301.000000
484000 301.000000 301.000000
485000 301.000000 301.000000
486000 301.000000 301.000000
487000 301.000000 301.000000
488000 301.000000 301.000000
489000 301.000000 301.000000
490000 301.000000 301.000000
491000 301.000000 301.000000
492000 301.000000 301.000000
493000 301.000000 301.000000
494000 301.000000 301.000000
495000 301.000000 301.000000
496000 301.000000 301.000000
497000 301.000000 301.000000
498000 301.000000 301.000000
499000 301.000000 301.000000
500000 301.000000 301.000000
501000 301.000000 301.000000
502000 301.000000 301.000000
503000 301.000000 301.000000
504000 301.000000 301.000000
505000 301.000000 301.000000
506000 301.000000 301.000000
507000 301.000000 301.000000
508000 301.000000 301.000000
509000 301.000000 301.000000
510000 301.000000 301.000000
511000 301.000000 301.000000
512000 301.000000 301.000000
513000 301.000000 301.000000
514000 301.000000 301.000000
515000 301.000000 301.000000
516000 301.000000 301.000000
517000 301.000000 301.000000
518000 301.000000 301.000000
519000 301.000000 301.000000
520000 301.000000 301.000000
521000 301.000000 301.000000
522000 301.000000 301.000000
523000 301.000000 301.000000
524000 301.000000 301.000000
525000 301.000000 301.000000
526000 301.000000 301.000000
527000 301.000000 301.000000
528000 301.000000 301.000000
529000 301.000000 301.000000
530000 301.000000 301.000000
531000 301.000000 301.000000
532000 301.000000 301.000000
533000 301.000000 301.000000
534000 301.000000 301.000000
535000 301.000000 301.000000
536000 301.000000 301.000000
537000 301.000000 301.000000
538000 301.000000 301.000000
539000 301.000000 301.000000
540000 301.000000 301.000000
541000 301.000000 301.000000
542000 301.000000 301.000000
543000 301.000000 301.000000
544000 301.000000 301.000000
545000 301.000000 301.000000
546000 301.000000 301.000000
547000 301.000000 301.000000
548000 301.000000 301.000000
549000 301.000000 301.000000
550000 301.000000 301.000000
551000 301.000000 301.000000
552000 301.000000 301.000000
553000 301.000000 301.000000
554000 301.000000 301.000000
555000 301.000000 301.000000
556000 301.000000 301.000000
557000 301.000000 301.000000
558000 301.000000 301.000000
559000 301.000000 301.000000
560000 301.000000 301.000000
561000 301.000000 301.000000
562000 301.000000 301.000000
563000 301.000000 301.000000
564000 301.000000 301.000000
565000 301.000000 301.000000
566000 301.000000 301.000000
567000 301.000000 301.000000
568000 301.000000 301.000000
569000 301.000000 301.000000
570000 301.000000 301.000000
571000 301.000000 301.000000
572000 301.000000 301.000000
573000 301.000000 301.000000
574000 301.000000 301.000000
575000 301.000000 301.000000
576000 301.000000 301.000000
577000 301.000000 301.000000
578000 301.000000 301.000000
579000 301.000000 301.000000
580000 301.000000 301.000000
581000 301.000000 301.000000
582000 301.000000 301.000000
583000 301.000000 301.000000
584000 301.000000 301.000000
585000 301.000000 301.000000
586000 301.000000 301.000000
587000 301.000000 301.000000
588000 301.000000 301.000000
589000 301.000000 301.000000
590000 301.000000 301.000000
591000 301.000000 301.000000
592000 301.000000 301.000000
593000 301.000000 301.000000
594000 301.000000 301.000000
595000 301.000000 301.000000
596000 301.000000 301.000000
597000 301.000000 301.000000
598000 301.000000 301.000000
599000 301.000000 301.000000
600000 301.000000 301.000000
601000 301.000000 301.000000
602000 301.000000 301.000000
603000 301.000000 301.000000
604000 301.000000 301.000000
605000 301.000000 301.000000
606000 301.000000 301.000000
607000 301.000000 301.000000
608000 301.000000 301.000000
609000 301.000000 301.000000
610000 301.000000 301.000000
611000 301.000000 301.000000
612000 301.000000 301.000000
613000 301.000000 301.000000
614000 301.000000 301.000000
615000 301.000000 301.000000
616000 301.000000 301.000000
617000 301.000000 301.000000
618000 301.000000 301.000000
619000 301.000000 301.000000
620000 301.000000 301.000000
621000 301.000000 301.000000
622000 301.000000 301.000000
623000 301.000000 301.000000
624000 301.000000 301.000000
625000 301.000000 301.000000
626000 301.000000 301.000000
627000 301.000000 301.000000
628000 301.000000 301.000000
629000 301.000000 301.000000
630000 301.000000 301.000000
631000 301.000000 301.000000
632000 301.000000 301.000000
633000 301.000000 301.000000
634000 301.000000 301.000000
635000 301.000000 301.000000
636000 301.000000 301.000000
637000 301.000000 301.000000
638000 301.000000 301.000000
639000 301.000000 301.000000
640000 301.000000 301.000000
641000 301.000000 301.000000
642000 301.000000 301.000000
643000 301.000000 301.000000
644000 301.000000 301.000000
645000 301.000000 301.000000
646000 301.000000 301.000000
647000 301.000000 301.000000
648000 301.000000 301.000000
649000 301.000000 301.000000
650000 301.000000 301.000000
651000 301.000000 301.000000
652000 301.000000 301.000000
653000 301.000000 301.000000
654000 301.000000 301.000000
655000 301.000000 301.000000
656000 301.000000 301.000000
657000 301.000000 301.000000
658000 301.000000 301.000000
659000 301.000000 301.000000
660000 301.000000 301.000000
661000 301.000000 301.000000
662000 301.000000 301.000000
663000 301.000000 301.000000
664000 301.000000 301.000000
665000 301.000000 301.000000
666000 301.000000 301.000000
667000 301.000000 301.000000
668000 301.000000 301.000000
669000 301.000000 301.000000
670000 301.000000 301.000000
671000 301.000000 301.000000
672000 301.000000 301.000000
673000 301.000000 301.000000
674000 301.000000 301.000000
675000 301.000000 301.000000
676000 301.000000 301.000000
677000 301.000000 301.000000
678000 301.000000 301.000000
679000 301.000000 301.000000
680000 301.000000 301.000000
681000 301.000000 301.000000
682000 301.000000 301.000000
683000 301.000000 301.000000
684000 301.000000 301.000000
685000 301.000000 301.000000
686000 301.000000 301.000000
687000 301.000000 301.000000
688000 301.000000 301.000000
689000 301.000000 301.000000
690000 301.000000 301.000000
691000 301.000000 301.000000
692000 301.000000 301.000000
693000 301.000000 301.000000
694000 301.000000 301.000000
695000 301.000000 301.000000
696000 301.000000 301.000000
697000 301.000000 301.000000
698000 301.000000 301.000000
699000 301.000000 301.000000
700000 301.000000 301.000000
701000 301.000000 301.000000
702000 301.000000 301.000000
703000 301.000000 301.000000
704000 301.000000 301.000000
705000 301.000000 301.000000
706000 301.000000 301.000000
707000 301.000000 301.000000
708000 301.000000 301.000000
709000 301.000000 301.000000
710000 301.000000 301.000000
711000 301.000000 301.000000
712000 301.000000 301.000000
713000 301.000000 301.000000
714000 301.000000 301.000000
715000 301.000000 301.000000
716000 301.000000 301.000000
717000 301.000000 301.000000
718000 301.000000 301.000000
719000 301.000000 301.000000
720000 301.000000 301.000000
721000 301.000000 301.000000
722000 301.000000 301.000000
723000 301.000000 301.000000
724000 301.000000 301.000000
725000 301.000000 301.000000
726000 301.000000 301.000000
727000 301.000000 301.000000
728000 301.000000 301.000000
729000 301.000000 301.000000
730000 301.000000 301.000000
731000 301.000000 301.000000
732000 301.000000 301.000000
733000 301.000000 301.000000
734000 301.000000 301.000000
735000 301.000000 301.000000
736000 301.000000 301.000000
737000 301.000000 301.000000
738000 301.000000 301.000000
739000 301.000000 301.000000
740000 301.000000 301.000000
741000 301.000000 301.000000
742000 301.000000 301.000000
743000 301.000000 301.000000
744000 301.000000 301.000000
745000 301.000000 301.000000
746000 301.000000 301.000000
747000 301.000000 301.000000
748000 301.000000 301.000000
749000 301.000000 301.000000
750000 301.000000 301.000000
751000 301.000000 301.000000
752000 301.000000 301.000000
753000 301.000000 301.000000
754000 301.000000 301.000000
755000 301.000000 301.000000
756000 301.000000 301.000000
757000 301.000000 301.000000
758000 301.000000 301.000000
759000 301.000000 301.000000
760000 301.000000 301.000000
761000 301.000000 301.000000
762000 301.000000 301.000000
763000 301.000000 301.000000
764000 301.000000 301.000000
765000 301.000000 301.000000
766000 301.000000 301.000000
767000 301.000000 301.000000
768000 301.000000 301.000000
769000 301.000000 301.000000
770000 301.000000 301.000000
771000 301.000000 301.000000
772000 301.000000 301.000000
773000 301.000000 301.000000
774000 301.000000 301.000000
775000 301.000000 301.000000
776000 301.000000 301.000000
777000 301.000000 301.000000
778000 301.000000 301.000000
779000 301.000000 301.000000
780000 301.000000 301.000000
781000 301.000000 301.000000
782000 301.000000 301.000000
783000 301.000000 301.000000
784000 301.000000 301.000000
785000 301.000000 301.000000
786000 301.000000 301.000000
787000 301.000000 301.000000
788000 301.000000 301.000000
789000 301.000000 301.000000
790000 301.000000 301.000000
791000 301.000000 301.000000
792000 301.000000 301.000000
793000 301.000000 301.000000
794000 301.000000 301.000000
795000 301.000000 301.000000
796000 301.000000 301.000000
797000 301.000000 301.000000
798000 301.000000 301.000000
799000 301.000000 301.000000
800000 301.000000 301.000000
801000 301.000000 301.000000
802000 301.000000 301.000000
803000 301.000000 301.000000
804000 301.000000 301.000000
805000 301.000000 301.000000
806000 301.000000 301.000000
807000 301.000000 301.000000
808000 301.000000 301.000000
809000 301.000000 301.000000
810000 301.000000 301.000000
811000 301.000000 301.000000
812000 301.000000 301.000000
813000 301.000000 301.000000
814000 301.000000 301.000000
815000 301.000000 301.000000
816000 301.000000 301.000000
817000 301.000000 301.000000
818000 301.000000 301.000000
819000 301.000000 301.000000
820000 301.000000 301.000000
821000 301.000000 301.000000
822000 301.000000 301.000000
823000 301.000000 301.000000
824000 301.000000 301.000000
825000 301.000000 301.000000
826000 301.000000 301.000000
827000 301.000000 301.000000
828000 301.000000 301.000000
829000 301.000000 301.000000
830000 301.000000 301.000000
831000 301.000000 301.000000
832000 301.000000 301.000000
833000 301.000000 301.000000
834000 301.000000 301.000000
835000 301.000000 301.000000
836000 301.000000 301.000000
837000 301.000000 301.000000
838000 301.000000 301.000000
839000 301.000000 301.000000
840000 301.000000 301.000000
841000 301.000000 301.000000
842000 301.000000 301.000000
843000 301.000000 301.000000
844000 301.000000 301.000000
845000 301.000000 301.000000
846000 301.000000 301.000000
847000 301.000000 301.000000
848000 301.000000 301.000000
849000 301.000000 301.000000
850000 301.000000 301.000000
851000 301.000000 301.000000
852000 301.000000 301.000000
853000 301.000000 301.000000
854000 301.000000 301.000000
855000 301.000000 301.000000
856000 301.000000 301.000000
857000 301.000000 301.000000
858000 301.000000 301.000000
859000 301.000000 301.000000
860000 301.000000 301.000000
861000 301.000000 301.000000
862000 301.000000 301.000000
863000 301.000000 301.000000
864000 301.000000 301.000000
865000 301.000000 301.000000
866000 301.000000 301.000000
867000 301.000000 301.000000
868000 301.000000 301.000000
869000 301.000000 301.000000
870000 301.000000 301.000000
871000 301.000000 301.000000
872000 301.000000 301.000000
873000 301.000000 301.000000
874000 301.000000 301.000000
875000 301.000000 301.000000
876000 301.000000 301.000000
877000 301.000000 301.000000
878000 301.000000 301.000000
879000 301.000000 301.000000
880000 301.000000 301.000000
881000 301.000000 301.000000
882000 301.000000 301.000000
883000 301.000000 301.000000
884000 301.000000 301.000000
885000 301.000000 301.000000
886000 301.000000 301.000000
887000 301.000000 301.000000
888000 301.000000 301.000000
889000 301.000000 301.000000
890000 301.000000 301.000000
891000 301.000000 301.000000
892000 301.000000 301.000000
893000 301.000000 301.000000
894000 301.000000 301.000000
895000 301.000000 301.000000
896000 301.000000 301.000000
897000 301.000000 301.000000
898000 301.000000 301.000000
899000 301.000000 301.000000
900000 301.000000 301.000000
901000 301.000000 301.000000
902000 301.000000 301.000000
903000 301.000000 301.000000
904000 301.000000 301.000000
905000 301.000000 301.000000
906000 301.000000 301.000000
907000 301.000000 301.000000
908000 301.000000 301.000000
909000 301.000000 301.000000
910000 301.000000 301.000000
911000 301.000000 301.000000
912000 301.000000 301.000000
913000 301.000000 301.000000
914000 301.000000 301.000000
915000 301.000000 301.000000
916000 301.000000 301.000000
917000 301.000000 301.000000
918000 301.000000 301.000000
919000 301.000000 301.000000
920000 301.000000 301.000000
921000 301.000000 301.000000
922000 301.000000 301.000000
923000 301.000000 301.000000
924000 301.000000 301.000000
925000 301.000000 301.000000
926000 301.000000 301.000000
927000 301.000000 301.000000
928000 301.000000 301.000000
929000 301.000000 301.000000
930000 301.000000 301.000000
931000 301.000000 301.000000
932000 301.000000 301.000000
933000 301.000000 301.000000
934000 301.000000 301.000000
935000 301.000000 301.000000
936000 301.000000 301.000000
937000 301.000000 301.000000
938000 301.000000 301.000000
939000 301.000000 301.000000
940000 301.000000 301.000000
941000 301.000000 301.000000
942000 301.000000 301.000000
943000 301.000000 301.000000
944000 301.000000 301.000000
945000 301.000000 301.000000
946000 301.000000 301.000000
947000 301.000000 301.000000
948000 301.000000 301.000000
949000 301.000000 301.000000
950000 301.000000 301.000000
951000 301.000000 301.000000
952000 301.000000 301.000000
953000 301.000000 301.000000
954000 301.000000 301.000000
955000 301.000000 301.000000
956000 301.000000 301.000000
957000 301.000000 301.000000
958000 301.000000 301.000000
959000 301.000000 301.000000
960000 301.000000 301.000000
961000 301.000000 301.000000
962000 301.000000 301.000000
963000 301.000000 301.000000
964000 301.000000 301.000000
965000 301.000000 301.000000
966000 301.000000 301.000000
967000 301.000000 301.000000
968000 301.000000 301.000000
969000 301.000000 301.000000
970000 301.000000 301.000000
971000 301.000000 301.000000
972000 301.000000 301.000000
973000 301.000000 301.000000
974000 301.000000 301.000000
975000 301.000000 301.000000
976000 301.000000 301.000000
977000 301.000000 301.000000
978000 301.000000 301.000000
979000 301.000000 301.000000
980000 301.000000 301.000000
981000 301.000000 301.000000
982000 301.000000 301.000000
983000 301.000000 301.000000
984000 301.000000 301.000000
985000 301.000000 301.000000
986000 301.000000 301.000000
987000 301.000000 301.000000
988000 301.000000 301.000000
989000 301.000000 301.000000
990000 301.000000 301.000000
991000 301.000000 301.000000
992000 301.000000 301.000000
993000 301.000000 301.000000
994000 301.000000 301.000000
995000 301.000000 301.000000
996000 301.000000 301.000000
997000 301.000000 301.000000
998000 301.000000 301.000000
999000 301.000000 301.000000
1000000 301.000000 301.000000
1001000 301.000000 301.000000
1002000 301.000000 301.000000
1003000 301.000000 301.000000
1004000 301.000000 301.000000
1005000 301.000000 301.000000
1006000 301.000000 301.000000
1007000 301.000000 301.000000
1008000 301.000000 301.000000
1009000 301.000000 301.000000
1010000 301.000000 301.000000
1011000 301.000000 301.000000
1012000 301.000000 301.000000
1013000 301.000000 301.000000
1014000 301.000000 301.000000
1015000 301.000000 301.000000
1016000 301.000000 301.000000
1017000 301.000000 301.000000
1018000 301.000000 301.000000
1019000 301.000000 301.000000
1020000 301.000000 301.000000
1021000 301.000000 301.000000
1022000 301.000000 301.000000
1023000 301.000000 301.000000
1024000 301.000000 301.000000
1025000 301.000000 301.000000
1026000 301.000000 301.000000
1027000 301.000000 301.000000
1028000 301.000000 301.000000
1029000 301.000000 301.000000
1030000 301.000000 301.000000
1031000 301.000000 301.000000
1032000 301.000000 301.000000
1033000 301.000000 301.000000
1034000 301.000000 301.000000
1035000 301.000000 301.000000
1036000 301.000000 301.000000
1037000 301.000000 301.000000
1038000 301.000000 301.000000
1039000 301.000000 301.000000
1040000 301.000000 301.000000
1041000 301.000000 301.000000
1042000 301.000000 301.000000
1043000 301.000000 301.000000
1044000 301.000000 301.000000
1045000 301.000000 301.000000
1046000 301.000000 301.000000
1047000 301.000000 301.000000
1048000 301.000000 301.000000
1049000 301.000000 301.000000
1050000 301.000000 301.000000
1051000 301.000000 301.000000
1052000 301.000000 301.000000
1053000 301.000000 301.000000
1054000 301.000000 301.000000
1055000 301.000000 301.000000
1056000 301.000000 301.000000
1057000 301.000000 301.000000
1058000 301.000000 301.000000
1059000 301.000000 301.000000
1060000 301.000000 301.000000
1061000 301.000000 301.000000
1062000 301.000000 301.000000
1063000 301.000000 301.000000
1064000 301.000000 301.000000
1065000 301.000000 301.000000
1066000 301.000000 301.000000
1067000 301.000000 301.000000
1068000 301.000000 301.000000
1069000 301.000000 301.000000
1070000 301.000000 301.000000
1071000 301.000000 301.000000
1072000 301.000000 301.000000
1073000 301.000000 301.000000
1074000 301.000000 301.000000
1075000 301.000000 301.000000
1076000 301.000000 301.000000
1077000 301.000000 301.000000
1078000 301.000000 301.000000
1079000 301.000000 301.000000
1080000 301.000000 301.000000
1081000 301.000000 301.000000
1082000 301.000000 301.000000
1083000 301.000000 301.000000
1084000 301.000000 301.000000
1085000 301.000000 301.000000
1086000 301.000000 301.000000
1087000 301.000000 301.000000
1088000 301.000000 301.000000
1089000 301.000000 301.000000
1090000 301.000000 301.000000
1091000 301.000000 301.000000
1092000 301.000000 301.000000
1093000 301.000000 301.000000
1094000 301.000000 301.000000
1095000 301.000000 301.000000
1096000 301.000000 301.000000
1097000 301.000000 301.000000
1098000 301.000000 301.000000
1099000 301.000000 301.000000
1100000 301.000000 301.000000
1101000 301.000000 301.000000
1102000 301.000000 301.000000
1103000 301.000000 301.000000
1104000 301.000000 301.000000
1105000 301.000000 301.000000
1106000 301.000000 301.000000
1107000 301.000000 301.000000
1108000 301.000000 301.000000
1109000 301.000000 301.000000
1110000 301.000000 301.000000
1111000 301.000000 301.000000
1112000 301.000000 301.000000
1113000 301.000000 301.000000
1114000 301.000000 301.000000
1115000 301.000000 301.000000
1116000 301.000000 301.000000
1117000 301.000000 301.000000
1118000 301.000000 301.000000
1119000 301.000000 301.000000
1120000 301.000000 301.000000
1121000 301.000000 301.000000
1122000 301.000000 301.000000
1123000 301.000000 301.000000
1124000 301.000000 301.000000
1125000 301.000000 301.000000
1126000 301.000000 301.000000
1127000 301.000000 301.000000
1128000 301.000000 301.000000
1129000 301.000000 301.000000
1130000 301.000000 301.000000
1131000 301.000000 301.000000
1132000 301.000000 301.000000
1133000 301.000000 301.000000
1134000 301.000000 301.000000
1135000 301.000000 301.000000
1136000 301.000000 301.000000
1137000 301.000000 301.000000
1138000 301.000000 301.000000
1139000 301.000000 301.000000
1140000 301.000000 301.000000
1141000 301.000000 301.000000
1142000 301.000000 301.000000
1143000 301.000000 301.000000
1144000 301.000000 301.000000
1145000 301.000000 301.000000
1146000 301.000000 301.000000
1147000 301.000000 301.000000
1148000 301.000000 301.000000
1149000 301.000000 301.000000
1150000 301.000000 301.000000
1151000 301.000000 301.000000
1152000 301.000000 301.000000
1153000 301.000000 301.000000
1154000 301.000000 301.000000
1155000 301.000000 301.000000
1156000 301.000000 301.000000
1157000 301.000000 301.000000
1158000 301.000000 301.000000
1159000 301.000000 301.000000
1160000 301.000000 301.000000
1161000 301.000000 301.000000
1162000 301.000000 301.000000
1163000 301.000000 301.000000
1164000 301.000000 301.000000
1165000 301.000000 301.000000
1166000 301.000000 301.000000
1167000 301.000000 301.000000
1168000 301.000000 301.000000
1169000 301.000000 301.000000
1170000 301.000000 301.000000
1171000 301.000000 301.000000
1172000 301.000000 301.000000
1173000 301.000000 301.000000
1174000 301.000000 301.000000
1175000 301.000000 301.000000
1176000 301.000000 301.000000
1177000 301.000000 301.000000
1178000 301.000000 301.000000
1179000 301.000000 301.000000
1180000 301.000000 301.000000
1181000 301.000000 301.000000
1182000 301.000000 301.000000
1183000 301.000000 301.000000
1184000 301.000000 301.000000
1185000 301.000000 301.000000
1186000 301.000000 301.000000
1187000 301.000000 301.000000
1188000 301.000000 301.000000
1189000 301.000000 301.000000
1190000 301.000000 301.000000
1191000 301.000000 301.000000
1192000 301.000000 301.000000
1193000 301.000000 301.000000
1194000 301.000000 301.000000
1195000 301.000000 301.000000
1196000 301.000000 301.000000
1197000 301.000000 301.000000
1198000 301.000000 301.000000
1199000 301.000000 301.000000
1200000 301.000000 301.000000
1201000 301.000000 301.000000
1202000 301.000000 301.000000
1203000 301.000000 301.000000
1204000 301.000000 301.000000
1205000 301.000000 301.000000
1206000 301.000000 301.000000
1207000 301.000000 301.000000
1208000 301.000000 301.000000
1209000 301.000000 301.000000
1210000 301.000000 301.000000
1211000 301.000000 301.000000
1212000 301.000000 301.000000
1213000 301.000000 301.000000
1214000 301.000000 301.000000
1215000 301.000000 301.000000
1216000 301.000000 301.000000
1217000 301.000000 301.000000
1218000 301.000000 301.000000
1219000 301.000000 301.000000
1220000 301.000000 301.000000
1221000 301.000000 301.000000
1222000 301.000000 301.000000
1223000 301.000000 301.000000
1224000 301.000000 301.000000
1225000 301.000000 301.000000
1226000 301.000000 301.000000
1227000 301.000000 301.000000
1228000 301.000000 301.000000
1229000 301.000000 301.000000
1230000 301.000000 301.000000
1231000 301.000000 301.000000
1232000 301.000000 301.000000
1233000 301.000000 301.000000
1234000 301.000000 301.000000
1235000 301.000000 301.000000
1236000 301.000000 301.000000
1237000 301.000000 301.000000
1238000 301.000000 301.000000
1239000 301.000000 301.000000
1240000 301.000000 301.000000
1241000 301.000000 301.000000
1242000 301.000000 301.000000
1243000 301.000000 301.000000
1244000 301.000000 301.000000
1245000 301.000000 301.000000
1246000 301.000000 301.000000
1247000 301.000000 301.000000
1248000 301.000000 301.000000
1249000 301.000000 301.000000
1250000 301.000000 301.000000
1251000 301.000000 301.000000
1252000 301.000000 301.000000
1253000 301.000000 301.000000
1254000 301.000000 301.000000
1255000 301.000000 301.000000
1256000 301.000000 301.000000
1257000 301.000000 301.000000
1258000 301.000000 301.000000
1259000 301.000000 301.000000
1260000 301.000000 301.000000
1261000 301.000000 301.000000
1262000 301.000000 301.000000
1263000 301.000000 301.000000
1264000 301.000000 301.000000
1265000 301.000000 301.000000
1266000 301.000000 301.000000
1267000 301.000000 301.000000
1268000 301.000000 301.000000
1269000 301.000000 301.000000
1270000 301.000000 301.000000
1271000 301.000000 301.000000
1272000 301.000000 301.000000
1273000 301.000000 301.000000
1274000 301.000000 301.000000
1275000 301.000000 301.000000
1276000 301.000000 301.000000
1277000 301.000000 301.000000
1278000 301.000000 301.000000
1279000 301.000000 301.000000
1280000 301.000000 301.000000
1281000 301.000000 301.000000
1282000 301.000000 301.000000
1283000 301.000000 301.000000
1284000 301.000000 301.000000
1285000 301.000000 301.000000
1286000 301.000000 301.000000
1287000 301.000000 301.000000
1288000 301.000000 301.000000
1289000 301.000000 301.000000
1290000 301.000000 301.000000
1291000 301.000000 301.000000
1292000 301.000000 301.000000
1293000 301.000000 301.000000
1294000 301.000000 301.000000
1295000 301.000000 301.000000
1296000 301.000000 301.000000
1297000 301.000000 301.000000
1298000 301.000000 301.000000
1299000 301.000000 301.000000
1300000 301.000000 301.000000
1301000 301.000000 301.000000
1302000 301.000000 301.000000
1303000 301.000000 301.000000
1304000 301.000000 301.000000
1305000 301.000000 301.000000
1306000 301.000000 301.000000
1307000 301.000000 301.000000
1308000 301.000000 301.000000
1309000 301.000000 301.000000
1310000 301.000000 301.000000
1311000 301.000000 301.000000
1312000 301.000000 301.000000
1313000 301.000000 301.000000
1314000 301.000000 301.000000
1315000 301.000000 301.000000
1316000 301.000000 301.000000
1317000 301.000000 301.000000
1318000 301.000000 301.000000
1319000 301.000000 301.000000
1320000 301.000000 301.000000
1321000 301.000000 301.000000
1322000 301.000000 301.000000
1323000 301.000000 301.000000
1324000 301.000000 301.000000
1325000 301.000000 301.000000
1326000 301.000000 301.000000
1327000 301.000000 301.000000
1328000 301.000000 301.000000
1329000 301.000000 301.000000
1330000 301.000000 301.000000
1331000 301.000000 301.000000
1332000 301.000000 301.000000
1333000 301.000000 301.000000
1334000 301.000000 301.000000
1335000 301.000000 301.000000
1336000 301.000000 301.000000
1337000 301.000000 301.000000
1338000 301.000000 301.000000
1339000 301.000000 301.000000
1340000 301.000000 301.000000
1341000 301.000000 301.000000
1342000 301.000000 301.000000
1343000 301.000000 301.000000
1344000 301.000000 301.000000
1345000 301.000000 301.000000
1346000 301.000000 301.000000
1347000 301.000000 301.000000
1348000 301.000000 301.000000
1349000 301.000000 301.000000
1350000 301.000000 301.000000
1351000 301.000000 301.000000
1352000 301.000000 301.000000
1353000 301.000000 301.000000
1354000 301.000000 301.000000
1355000 301.000000 301.000000
1356000 301.000000 301.000000
1357000 301.000000 301.000000
1358000 301.000000 301.000000
1359000 301.000000 301.000000
1360000 301.000000 301.000000
1361000 301.000000 301.000000
1362000 301.000000 301.000000
1363000 301.000000 301.000000
1364000 301.000000 301.000000
1365000 301.000000 301.000000
1366000 301.000000 301.000000
1367000 301.000000 301.000000
1368000 301.000000 301.000000
1369000 301.000000 301.000000
1370000 301.000000 301.000000
1371000 301.000000 301.000000
1372000 301.000000 301.000000
1373000 301.000000 301.000000
1374000 301.000000 301.000000
1375000 301.000000 301.000000
1376000 301.000000 301.000000
1377000 301.000000 301.000000
1378000 301.000000 301.000000
1379000 301.000000 301.000000
1380000 301.000000 301.000000
1381000 301.000000 301.000000
1382000 301.000000 301.000000
1383000 301.000000 301.000000
1384000 301.000000 301.000000
1385000 301.000000 301.000000
1386000 301.000000 301.000000
1387000 301.000000 301.000000
1388000 301.000000 301.000000
1389000 301.000000 301.000000
1390000 301.000000 301.000000
1391000 301.000000 301.000000
1392000 301.000000 301.000000
1393000 301.000000 301.000000
1394000 301.000000 301.000000
1395000 301.000000 301.000000
1396000 301.000000 301.000000
1397000 301.000000 301.000000
1398000 301.000000 301.000000
1399000 301.000000 301.000000
1400000 301.000000 301.000000
1401000 301.000000 301.000000
1402000 301.000000 301.000000
1403000 301.000000 301.000000
1404000 301.000000 301.000000
1405000 301.000000 301.000000
1406000 301.000000 301.000000
1407000 301.000000 301.000000
1408000 301.000000 301.000000
1409000 301.000000 301.000000
1410000 301.000000 301.000000
1411000 301.000000 301.000000
1412000 301.000000 301.000000
1413000 301.000000 301.000000
1414000 301.000000 301.000000
1415000 301.000000 301.000000
1416000 301.000000 301.000000
1417000 301.000000 301.000000
1418000 301.000000 301.000000
1419000 301.000000 301.000000
1420000 301.000000 301.000000
1421000 301.000000 301.000000
1422000 301.000000 301.000000
1423000 301.000000 301.000000
1424000 301.000000 301.000000
1425000 301.000000 301.000000
1426000 301.000000 301.000000
1427000 301.000000 301.000000
1428000 301.000000 301.000000
1429000 301.000000 301.000000
1430000 301.000000 301.000000
1431000 301.000000 301.000000
1432000 301.000000 301.000000
1433000 301.000000 301.000000
1434000 301.000000 301.000000
1435000 301.000000 301.000000
1436000 301.000000 301.000000
1437000 301.000000 301.000000
1438000 301.000000 301.000000
1439000 301.000000 301.000000
1440000 301.000000 301.000000
1441000 301.000000 301.000000
1442000 301.000000 301.000000
1443000 301.000000 301.000000
1444000 301.000000 301.000000
1445000 301.000000 301.000000
1446000 301.000000 301.000000
1447000 301.000000 301.000000
1448000 301.000000 301.000000
1449000 301.000000 301.000000
1450000 301.000000 301.000000
1451000 301.000000 301.000000
1452000 301.000000 301.000000
1453000 301.000000 301.000000
1454000 301.000000 301.000000
1455000 301.000000 301.000000
1456000 301.000000 301.000000
1457000 301.000000 301.000000
1458000 301.000000 301.000000
1459000 301.000000 301.000000
1460000 301.000000 301.000000
1461000 301.000000 301.000000
1462000 301.000000 301.000000
1463000 301.000000 301.000000
1464000 301.000000 301.000000
1465000 301.000000 301.000000
1466000 301.000000 301.000000
1467000 301.000000 301.000000
1468000 301.000000 301.000000
1469000 301.000000 301.000000
1470000 301.000000 301.000000
1471000 301.000000 301.000000
1472000 301.000000 301.000000
1473000 301.000000 301.000000
1474000 301.000000 301.000000
1475000 301.000000 301.000000
1476000 301.000000 301.000000
1477000 301.000000 301.000000
1478000 301.000000 301.000000
1479000 301.000000 301.000000
1480000 301.000000 301.000000
1481000 301.000000 301.000000
1482000 301.000000 301.000000
1483000 301.000000 301.000000
1484000 301.000000 301.000000
1485000 301.000000 301.000000
1486000 301.000000 301.000000
1487000 301.000000 301.000000
1488000 301.000000 301.000000
1489000 301.000000 301.000000
1490000 301.000000 301.000000
1491000 301.000000 301.000000
1492000 301.000000 301.000000
1493000 301.000000 301.000000
1494000 301.000000 301.000000
1495000 301.000000 301.000000
1496000 301.000000 301.000000
1497000 301.000000 301.000000
1498000 301.000000 301.000000
1499000 301.000000 301.000000
1500000 301.000000 301.000000
1501000 301.000000 301.000000
1502000 301.000000 301.000000
1503000 301.000000 301.000000
1504000 301.000000 301.000000
1505000 301.000000 301.000000
1506000 301.000000 301.000000
1507000 301.000000 301.000000
1508000 301.000000 301.000000
1509000 301.000000 301.000000
1510000 301.000000 301.000000
1511000 301.000000 301.000000
1512000 301.000000 301.000000
1513000 301.000000 301.000000
1514000 301.000000 301.000000
1515000 301.000000 301.000000
1516000 301.000000 301.000000
1517000 301.000000 301.000000
1518000 301.000000 301.000000
1519000 301.000000 301.000000
1520000 301.000000 301.000000
1521000 301.000000 301.000000
1522000 301.000000 301.000000
1523000 301.000000 301.000000
1524000 301.000000 301.000000
1525000 301.000000 301.000000
1526000 301.000000 301.000000
1527000 301.000000 301.000000
1528000 301.000000 301.000000
1529000 301.000000 301.000000
1530000 301.000000 301.000000
1531000 301.000000 301.000000
1532000 301.000000 301.000000
1533000 301.000000 301.000000
1534000 301.000000 301.000000
1535000 301.000000 301.000000
1536000 301.000000 301.000000
1537000 301.000000 301.000000
1538000 301.000000 301.000000
1539000 301.000000 301.000000
1540000 301.000000 301.000000
1541000 301.000000 301.000000
1542000 301.000000 301.000000
1543000 301.000000 301.000000
1544000 301.000000 301.000000
1545000 301.000000 301.000000
1546000 301.000000 301.000000
1547000 301.000000 301.000000
1548000 301.000000 301.000000
1549000 301.000000 301.000000
1550000 301.000000 301.000000
1551000 301.000000 301.000000
1552000 301.000000 301.000000
1553000 301.000000 301.000000
1554000 301.000000 301.000000
1555000 301.000000 301.000000
1556000 301.000000 301.000000
1557000 301.000000 301.000000
1558000 301.000000 301.000000
1559000 301.000000 301.000000
1560000 301.000000 301.000000
1561000 301.000000 301.000000
1562000 301.000000 301.000000
1563000 301.000000 301.000000
1564000 301.000000 301.000000
1565000 301.000000 301.000000
1566000 301.000000 301.000000
1567000 301.000000 301.000000
1568000 301.000000 301.000000
1569000 301.000000 301.000000
1570000 301.000000 301.000000
1571000 301.000000 301.000000
1572000 301.000000 301.000000
1573000 301.000000 301.000000
1574000 301.000000 301.000000
1575000 301.000000 301.000000
1576000 301.000000 301.000000
1577000 301.000000 301.000000
1578000 301.000000 301.000000
1579000 301.000000 301.000000
1580000 301.000000 301.000000
1581000 301.000000 301.000000
1582000 301.000000 301.000000
1583000 301.000000 301.000000
1584000 301.000000 301.000000
1585000 301.000000 301.000000
1586000 301.000000 301.000000
1587000 301.000000 301.000000
1588000 301.000000 301.000000
1589000 301.000000 301.000000
1590000 301.000000 301.000000
1591000 301.000000 301.000000
1592000 301.000000 301.000000
1593000 301.000000 301.000000
1594000 301.000000 301.000000
1595000 301.000000 301.000000
1596000 301.000000 301.000000
1597000 301.000000 301.000000
1598000 301.000000 301.000000
1599000 301.000000 301.000000
1600000 301.000000 301.000000
1601000 301.000000 301.000000
1602000 301.000000 301.000000
1603000 301.000000 301.000000
1604000 301.000000 301.000000
1605000 301.000000 301.000000
1606000 301.000000 301.000000
1607000 301.000000 301.000000
1608000 301.000000 301.000000
1609000 301.000000 301.000000
1610000 301.000000 301.000000
1611000 301.000000 301.000000
1612000 301.000000 301.000000
1613000 301.000000 301.000000
1614000 301.000000 301.000000
1615000 301.000000 301.000000
1616000 301.000000 301.000000
1617000 301.000000 301.000000
1618000 301.000000 301.000000
1619000 301.000000 301.000000
1620000 301.000000 301.000000
1621000 301.000000 301.000000
1622000 301.000000 301.000000
1623000 301.000000 301.000000
1624000 301.000000 301.000000
1625000 301.000000 301.000000
1626000 301.000000 301.000000
1627000 301.000000 301.000000
1628000 301.000000 301.000000
1629000 301.000000 301.000000
1630000 301.000000 301.000000
1631000 301.000000 301.000000
1632000 301.000000 301.000000
1633000 301.000000 301.000000
1634000 301.000000 301.000000
1635000 301.000000 301.000000
1636000 301.000000 301.000000
1637000 301.000000 301.000000
1638000 301.000000 301.000000
1639000 301.000000 301.000000
1640000 301.000000 301.000000
1641000 301.000000 301.000000
1642000 301.000000 301.000000
1643000 301.000000 301.000000
1644000 301.000000 301.000000
1645000 301.000000 301.000000
1646000 301.000000 301.000000
1647000 301.000000 301.000000
1648000 301.000000 301.000000
1649000 301.000000 301.000000
1650000 301.000000 301.000000
1651000 301.000000 301.000000
1652000 301.000000 301.000000
1653000 301.000000 301.000000
1654000 301.000000 301.000000
1655000 301.000000 301.000000
1656000 301.000000 301.000000
1657000 301.000000 301.000000
1658000 301.000000 301.000000
1659000 301.000000 301.000000
1660000 301.000000 301.000000
1661000 301.000000 301.000000
1662000 301.000000 301.000000
1663000 301.000000 301.000000
1664000 301.000000 301.000000
1665000 301.000000 301.000000
1666000 301.000000 301.000000
1667000 301.000000 301.000000
1668000 301.000000 301.000000
1669000 301.000000 301.000000
1670000 301.000000 301.000000
1671000 301.000000 301.000000
1672000 301.000000 301.000000
1673000 301.000000 301.000000
1674000 301.000000 301.000000
1675000 301.000000 301.000000
1676000 301.000000 301.000000
1677000 301.000000 301.000000
1678000 301.000000 301.000000
1679000 301.000000 301.000000
1680000 301.000000 301.000000
1681000 301.000000 301.000000
1682000 301.000000 301.000000
1683000 301.000000 301.000000
1684000 301.000000 301.000000
1685000 301.000000 301.000000
1686000 301.000000 301.000000
1687000 301.000000 301.000000
1688000 301.000000 301.000000
1689000 301.000000 301.000000
1690000 301.000000 301.000000
1691000 301.000000 301.000000
1692000 301.000000 301.000000
1693000 301.000000 301.000000
1694000 301.000000 301.000000
1695000 301.000000 301.000000
1696000 301.000000 301.000000
1697000 301.000000 301.000000
1698000 301.000000 301.000000
1699000 301.000000 301.000000
1700000 301.000000 301.000000
1701000 301.000000 301.000000
1702000 301.000000 301.000000
1703000 301.000000 301.000000
1704000 301.000000 301.000000
1705000 301.000000 301.000000
1706000 301.000000 301.000000
1707000 301.000000 301.000000
1708000 301.000000 301.000000
1709000 301.000000 301.000000
1710000 301.000000 301.000000
1711000 301.000000 301.000000
1712000 301.000000 301.000000
1713000 301.000000 301.000000
1714000 301.000000 301.000000
1715000 301.000000 301.000000
1716000 301.000000 301.000000
1717000 301.000000 301.000000
1718000 301.000000 301.000000
1719000 301.000000 301.000000
1720000 301.000000 301.000000
1721000 301.000000 301.000000
1722000 301.000000 301.000000
1723000 301.000000 301.000000
1724000 301.000000 301.000000
1725000 301.000000 301.000000
1726000 301.000000 301.000000
1727000 301.000000 301.000000
1728000 301.000000 301.000000
1729000 301.000000 301.000000
1730000 301.000000 301.000000
1731000 301.000000 301.000000
1732000 301.000000 301.000000
1733000 301.000000 301.000000
1734000 301.000000 301.000000
1735000 301.000000 301.000000
1736000 301.000000 301.000000
1737000 301.000000 301.000000
1738000 301.000000 301.000000
1739000 301.000000 301.000000
1740000 301.000000 301.000000
1741000 301.000000 301.000000
1742000 301.000000 301.000000
1743000 301.000000 301.000000
1744000 301.000000 301.000000
1745000 301.000000 301.000000
1746000 301.000000 301.000000
1747000 301.000000 301.000000
1748000 301.000000 301.000000
1749000 301.000000 301.000000
1750000 301.000000 301.000000
1751000 301.000000 301.000000
1752000 301.000000 301.000000
1753000 301.000000 301.000000
1754000 301.000000 301.000000
1755000 301.000000 301.000000
1756000 301.000000 301.000000
1757000 301.000000 301.000000
1758000 301.000000 301.000000
1759000 301.000000 301.000000
1760000 301.000000 301.000000
1761000 301.000000 301.000000
1762000 301.000000 301.000000
1763000 301.000000 301.000000
1764000 301.000000 301.000000
1765000 301.000000 301.000000
1766000 301.000000 301.000000
1767000 301.000000 301.000000
1768000 301.000000 301.000000
1769000 301.000000 301.000000
1770000 301.000000 301.000000
1771000 301.000000 301.000000
1772000 301.000000 301.000000
1773000 301.000000 301.000000
1774000 301.000000 301.000000
1775000 301.000000 301.000000
1776000 301.000000 301.000000
1777000 301.000000 301.000000
1778000 301.000000 301.000000
1779000 301.000000 301.000000
1780000 301.000000 301.000000
1781000 301.000000 301.000000
1782000 301.000000 301.000000
1783000 301.000000 301.000000
1784000 301.000000 301.000000
1785000 301.000000 301.000000
1786000 301.000000 301.000000
1787000 301.000000 301.000000
1788000 301.000000 301.000000
1789000 301.000000 301.000000
1790000 301.000000 301.000000
1791000 301.000000 301.000000
1792000 301.000000 301.000000
1793000 301.000000 301.000000
1794000 301.000000 301.000000
1795000 301.000000 301.000000
1796000 301.000000 301.000000
1797000 301.000000 301.000000
1798000 301.000000 301.000000
1799000 301.000000 301.000000
1800000 301.000000 301.000000
1801000 301.000000 301.000000
1802000 301.000000 301.000000
1803000 301.000000 301.000000
1804000 301.000000 301.000000
1805000 301.000000 301.000000
1806000 301.000000 301.000000
1807000 301.000000 301.000000
1808000 301.000000 301.000000
1809000 301.000000 301.000000
1810000 301.000000 301.000000
1811000 301.000000 301.000000
1812000 301.000000 301.000000
1813000 301.000000 301.000000
1814000 301.000000 301.000000
1815000 301.000000 301.000000
1816000 301.000000 301.000000
1817000 301.000000 301.000000
1818000 301.000000 301.000000
1819000 301.000000 301.000000
1820000 301.000000 301.000000
1821000 301.000000 301.000000
1822000 301.000000 301.000000
1823000 301.000000 301.000000
1824000 301.000000 301.000000
1825000 301.000000 301.000000
1826000 301.000000 301.000000
1827000 301.000000 301.000000
1828000 301.000000 301.000000
1829000 301.000000 301.000000
1830000 301.000000 301.000000
1831000 301.000000 301.000000
1832000 301.000000 301.000000
1833000 301.000000 301.000000
1834000 301.000000 301.000000
1835000 301.000000 301.000000
1836000 301.000000 301.000000
1837000 301.000000 301.000000
1838000 301.000000 301.000000
1839000 301.000000 301.000000
1840000 301.000000 301.000000
1841000 301.000000 301.000000
1842000 301.000000 301.000000
1843000 301.000000 301.000000
1844000 301.000000 301.000000
1845000 301.000000 301.000000
1846000 301.000000 301.000000
1847000 301.000000 301.000000
1848000 301.000000 301.000000
1849000 301.000000 301.000000
1850000 301.000000 301.000000
1851000 301.000000 301.000000
1852000 301.000000 301.000000
1853000 301.000000 301.000000
1854000 301.000000 301.000000
1855000 301.000000 301.000000
1856000 301.000000 301.000000
1857000 301.000000 301.000000
1858000 301.000000 301.000000
1859000 301.000000 301.000000
1860000 301.000000 301.000000
1861000 301.000000 301.000000
1862000 301.000000 301.000000
1863000 301.000000 301.000000
1864000 301.000000 301.000000
1865000 301.000000 301.000000
1866000 301.000000 301.000000
1867000 301.000000 301.000000
1868000 301.000000 301.000000
1869000 301.000000 301.000000
1870000 301.000000 301.000000
1871000 301.000000 301.000000
1872000 301.000000 301.000000
1873000 301.000000 301.000000
1874000 301.000000 301.000000
1875000 301.000000 301.000000
1876000 301.000000 301.000000
1877000 301.000000 301.000000
1878000 301.000000 301.000000
1879000 301.000000 301.000000
1880000 301.000000 301.000000
1881000 301.000000 301.000000
1882000 301.000000 301.000000
1883000 301.000000 301.000000
1884000 301.000000 301.000000
1885000 301.000000 301.000000
1886000 301.000000 301.000000
1887000 301.000000 301.000000
1888000 301.000000 301.000000
1889000 301.000000 301.000000
1890000 301.000000 301.000000
1891000 301.000000 301.000000
1892000 301.000000 301.000000
1893000 301.000000 301.000000
1894000 301.000000 301.000000
1895000 301.000000 301.000000
1896000 301.000000 301.000000
1897000 301.000000 301.000000
1898000 301.000000 301.000000
1899000 301.000000 301.000000
1900000 301.000000 301.000000
1901000 301.000000 301.000000
1902000 301.000000 301.000000
1903000 301.000000 301.000000
1904000 301.000000 301.000000
1905000 301.000000 301.000000
1906000 301.000000 301.000000
1907000 301.000000 301.000000
1908000 301.000000 301.000000
1909000 301.000000 301.000000
1910000 301.000000 301.000000
1911000 301.000000 301.000000
1912000 301.000000 301.000000
1913000 301.000000 301.000000
1914000 301.000000 301.000000
1915000 301.000000 301.000000
1916000 301.000000 301.000000
1917000 301.000000 301.000000
1918000 301.000000 301.000000
1919000 301.000000 301.000000
1920000 301.000000 301.000000
1921000 301.000000 301.000000
1922000 301.000000 301.000000
1923000 301.000000 301.000000
1924000 301.000000 301.000000
1925000 301.000000 301.000000
1926000 301.000000 301.000000
1927000 301.000000 301.000000
1928000 301.000000 301.000000
1929000 301.000000 301.000000
1930000 301.000000 301.000000
1931000 301.000000 301.000000
1932000 301.000000 301.000000
1933000 301.000000 301.000000
1934000 301.000000 301.000000
1935000 301.000000 301.000000
1936000 301.000000 301.000000
1937000 301.000000 301.000000
1938000 301.000000 301.000000
1939000 301.000000 301.000000
1940000 301.000000 301.000000
1941000 301.000000 301.000000
1942000 301.000000 301.000000
1943000 301.000000 301.000000
1944000 301.000000 301.000000
1945000 301.000000 301.000000
1946000 301.000000 301.000000
1947000 301.000000 301.000000
1948000 301.000000 301.000000
1949000 301.000000 301.000000
1950000 301.000000 301.000000
1951000 301.000000 301.000000
1952000 301.000000 301.000000
1953000 301.000000 301.000000
1954000 301.000000 301.000000
1955000 301.000000 301.000000
1956000 301.000000 301.000000
1957000 301.000000 301.000000
1958000 301.000000 301.000000
1959000 301.000000 301.000000
1960000 301.000000 301.000000
1961000 301.000000 301.000000
1962000 301.000000 301.000000
1963000 301.000000 301.000000
1964000 301.000000 301.000000
1965000 301.000000 301.000000
1966000 301.000000 301.000000
1967000 301.000000 301.000000
1968000 301.000000 301.000000
1969000 301.000000 301.000000
1970000 301.000000 301.000000
1971000 301.000000 301.000000
1972000 301.000000 301.000000
1973000 301.000000 301.000000
1974000 301.000000 301.000000
1975000 301.000000 301.000000
1976000 301.000000 301.000000
1977000 301.000000 301.000000
1978000 301.000000 301.000000
1979000 301.000000 301.000000
1980000 301.000000 301.000000
1981000 301.000000 301.000000
1982000 301.000000 301.000000
1983000 301.000000 301.000000
1984000 301.000000 301.000000
1985000 301.000000 301.000000
1986000 301.000000 301.000000
1987000 301.000000 301.000000
1988000 301.000000 301.000000
1989000 301.000000 301.000000
1990000 301.000000 301.000000
1991000 301.000000 301.000000
1992000 301.000000 301.000000
1993000 301.000000 301.000000
1994000 301.000000 301.000000
1995000 301.000000 301.000000
1996000 301.000000 301.000000
1997000 301.000000 301.000000
1998000 301.000000 301.000000
1999000 301.000000 301.000000
2000000 301.000000 301.000000
2001000 301.000000 301.000000
2002000 301.000000 301.000000
2003000 301.000000 301.000000
2004000 301.000000 301.000000
2005000 301.000000 301.000000
2006000 301.000000 301.000000
2007000 301.000000 301.000000
2008000 301.000000 301.000000
2009000 301.000000 301.000000
2010000 301.000000 301.000000
2011000 301.000000 301.000000
2012000 301.000000 301.000000
2013000 301.000000 301.000000
2014000 301.000000 301.000000
2015000 301.000000 301.000000
2016000 301.000000 301.000000
2017000 301.000000 301.000000
2018000 301.000000 301.000000
2019000 301.000000 301.000000
2020000 301.000000 301.000000
2021000 301.000000 301.000000
2022000 301.000000 301.000000
2023000 301.000000 301.000000
2024000 301.000000 301.000000
2025000 301.000000 301.000000
2026000 301.000000 301.000000
2027000 301.000000 301.000000
2028000 301.000000 301.000000
2029000 301.000000 301.000000
2030000 301.000000 301.000000
2031000 301.000000 301.000000
2032000 301.000000 301.000000
2033000 301.000000 301.000000
2034000 301.000000 301.000000
2035000 301.000000 301.000000
2036000 301.000000 301.000000
2037000 301.000000 301.000000
2038000 301.000000 301.000000
2039000 301.000000 301.000000
2040000 301.000000 301.000000
2041000 301.000000 301.000000
2042000 301.000000 301.000000
2043000 301.000000 301.000000
2044000 301.000000 301.000000
2045000 301.000000 301.000000
2046000 301.000000 301.000000
2047000 301.000000 301.000000
2048000 301.000000 301.000000
2049000 301.000000 301.000000
2050000 301.000000 301.000000
2051000 301.000000 301.000000
2052000 301.000000 301.000000
2053000 301.000000 301.000000
2054000 301.000000 301.000000
2055000 301.000000 301.000000
2056000 301.000000 301.000000
2057000 301.000000 301.000000
2058000 301.000000 301.000000
2059000 301.000000 301.000000
2060000 301.000000 301.000000
2061000 301.000000 301.000000
2062000 301.000000 301.000000
2063000 301.000000 301.000000
2064000 301.000000 301.000000
2065000 301.000000 301.000000
2066000 301.000000 301.000000
2067000 301.000000 301.000000
2068000 301.000000 301.000000
2069000 301.000000 301.000000
2070000 301.000000 301.000000
2071000 301.000000 301.000000
2072000 301.000000 301.000000
2073000 301.000000 301.000000
2074000 301.000000 301.000000
2075000 301.000000 301.000000
2076000 301.000000 301.000000
2077000 301.000000 301.000000
2078000 301.000000 301.000000
2079000 301.000000 301.000000
2080000 301.000000 301.000000
2081000 301.000000 301.000000
2082000 301.000000 301.000000
2083000 301.000000 301.000000
2084000 301.000000 301.000000
2085000 301.000000 301.000000
2086000 301.000000 301.000000
2087000 301.000000 301.000000
2088000 301.000000 301.000000
2089000 301.000000 301.000000
2090000 301.000000 301.000000
2091000 301.000000 301.000000
2092000 301.000000 301.000000
2093000 301.000000 301.000000
2094000 301.000000 301.000000
2095000 301.000000 301.000000
2096000 301.000000 301.000000
2097000 301.000000 301.000000
2098000 301.000000 301.000000
2099000 301.000000 301.000000
2100000 301.000000 301.000000
2101000 301.000000 301.000000
2102000 301.000000 301.000000
2103000 301.000000 301.000000
2104000 301.000000 301.000000
2105000 301.000000 301.000000
2106000 301.000000 301.000000
2107000 301.000000 301.000000
2108000 301.000000 301.000000
2109000 301.000000 301.000000
2110000 301.000000 301.000000
2111000 301.000000 301.000000
2112000 301.000000 301.000000
2113000 301.000000 301.000000
2114000 301.000000 301.000000
2115000 301.000000 301.000000
2116000 301.000000 301.000000
2117000 301.000000 301.000000
2118000 301.000000 301.000000
2119000 301.000000 301.000000
2120000 301.000000 301.000000
2121000 301.000000 301.000000
2122000 301.000000 301.000000
2123000 301.000000 301.000000
2124000 301.000000 301.000000
2125000 301.000000 301.000000
2126000 301.000000 301.000000
2127000 301.000000 301.000000
2128000 301.000000 301.000000
2129000 301.000000 301.000000
2130000 301.000000 301.000000
2131000 301.000000 301.000000
2132000 301.000000 301.000000
2133000 301.000000 301.000000
2134000 301.000000 301.000000
2135000 301.000000 301.000000
2136000 301.000000 301.000000
2137000 301.000000 301.000000
2138000 301.000000 301.000000
2139000 301.000000 301.000000
2140000 301.000000 301.000000
2141000 301.000000 301.000000
2142000 301.000000 301.000000
2143000 301.000000 301.000000
2144000 301.000000 301.000000
2145000 301.000000 301.000000
2146000 301.000000 301.000000
2147000 301.000000 301.000000
2148000 301.000000 301.000000
2149000 301.000000 301.000000
2150000 301.000000 301.000000
2151000 301.000000 301.000000
2152000 301.000000 301.000000
2153000 301.000000 301.000000
2154000 301.000000 301.000000
2155000 301.000000 301.000000
2156000 301.000000 301.000000
2157000 301.000000 301.000000
2158000 301.000000 301.000000
2159000 301.000000 301.000000
2160000 301.000000 301.000000
2161000 301.000000 301.000000
2162000 301.000000 301.000000
2163000 301.000000 301.000000
2164000 301.000000 301.000000
2165000 301.000000 301.000000
2166000 301.000000 301.000000
2167000 301.000000 301.000000
2168000 301.000000 301.000000
2169000 301.000000 301.000000
2170000 301.000000 301.000000
2171000 301.000000 301.000000
2172000 301.000000 301.000000
2173000 301.000000 301.000000
2174000 301.000000 301.000000
2175000 301.000000 301.000000
2176000 301.000000 301.000000
2177000 301.000000 301.000000
2178000 301.000000 301.000000
2179000 301.000000 301.000000
2180000 301.000000 301.000000
2181000 301.000000 301.000000
2182000 301.000000 301.000000
2183000 301.000000 301.000000
2184000 301.000000 301.000000
2185000 301.000000 301.000000
2186000 301.000000 301.000000
2187000 301.000000 301.000000
2188000 301.000000 301.000000
2189000 301.000000 301.000000
2190000 301.000000 301.000000
2191000 301.000000 301.000000
2192000 301.000000 301.000000
2193000 301.000000 301.000000
2194000 301.000000 301.000000
2195000 301.000000 301.000000
2196000 301.000000 301.000000
2197000 301.000000 301.000000
2198000 301.000000 301.000000
2199000 301.000000 301.000000
2200000 301.000000 301.000000
2201000 301.000000 301.000000
2202000 301.000000 301.000000
2203000 301.000000 301.000000
2204000 301.000000 301.000000
2205000 301.000000 301.000000
2206000 301.000000 301.000000
2207000 301.000000 301.000000
2208000 301.000000 301.000000
2209000 301.000000 301.000000
2210000 301.000000 301.000000
2211000 301.000000 301.000000
2212000 301.000000 301.000000
2213000 301.000000 301.000000
2214000 301.000000 301.000000
2215000 301.000000 301.000000
2216000 301.000000 301.000000
2217000 301.000000 301.000000
2218000 301.000000 301.000000
2219000 301.000000 301.000000
2220000 301.000000 301.000000
2221000 301.000000 301.000000
2222000 301.000000 301.000000
2223000 301.000000 301.000000
2224000 301.000000 301.000000
2225000 301.000000 301.000000
2226000 301.000000 301.000000
2227000 301.000000 301.000000
2228000 301.000000 301.000000
2229000 301.000000 301.000000
2230000 301.000000 301.000000
2231000 301.000000 301.000000
2232000 301.000000 301.000000
2233000 301.000000 301.000000
2234000 301.000000 301.000000
2235000 301.000000 301.000000
2236000 301.000000 301.000000
2237000 301.000000 301.000000
2238000 301.000000 301.000000
2239000 301.000000 301.000000
2240000 301.000000 301.000000
2241000 301.000000 301.000000
2242000 301.000000 301.000000
2243000 301.000000 301.000000
2244000 301.000000 301.000000
2245000 301.000000 301.000000
2246000 301.000000 301.000000
2247000 301.000000 301.000000
2248000 301.000000 301.000000
2249000 301.000000 301.000000
2250000 301.000000 301.000000
2251000 301.000000 301.000000
2252000 301.000000 301.000000
2253000 301.000000 301.000000
2254000 301.000000 301.000000
2255000 301.000000 301.000000
2256000 301.000000 301.000000
2257000 301.000000 301.000000
2258000 301.000000 301.000000
2259000 301.000000 301.000000
2260000 301.000000 301.000000
2261000 301.000000 301.000000
2262000 301.000000 301.000000
2263000 301.000000 301.000000
2264000 301.000000 301.000000
2265000 301.000000 301.000000
2266000 301.000000 301.000000
2267000 301.000000 301.000000
2268000 301.000000 301.000000
2269000 301.000000 301.000000
2270000 301.000000 301.000000
2271000 301.000000 301.000000
2272000 301.000000 301.000000
2273000 301.000000 301.000000
2274000 301.000000 301.000000
2275000 301.000000 301.000000
2276000 301.000000 301.000000
2277000 301.000000 301.000000
2278000 301.000000 301.000000
2279000 301.000000 301.000000
2280000 301.000000 301.000000
2281000 301.000000 301.000000
2282000 301.000000 301.000000
2283000 301.000000 301.000000
2284000 301.000000 301.000000
2285000 301.000000 301.000000
2286000 301.000000 301.000000
2287000 301.000000 301.000000
2288000 301.000000 301.000000
2289000 301.000000 301.000000
2290000 301.000000 301.000000
2291000 301.000000 301.000000
2292000 301.000000 301.000000
2293000 301.000000 301.000000
2294000 301.000000 301.000000
2295000 301.000000 301.000000
2296000 301.000000 301.000000
2297000 301.000000 301.000000
2298000 301.000000 301.000000
2299000 301.000000 301.000000
2300000 301.000000 301.000000
2301000 301.000000 301.000000
2302000 301.000000 301.000000
2303000 301.000000 301.000000
2304000 301.000000 301.000000
2305000 301.000000 301.000000
2306000 301.000000 301.000000
2307000 301.000000 301.000000
2308000 301.000000 301.000000
2309000 301.000000 301.000000
2310000 301.000000 301.000000
2311000 301.000000 301.000000
2312000 301.000000 301.000000
2313000 301.000000 301.000000
2314000 301.000000 301.000000
2315000 301.000000 301.000000
2316000 301.000000 301.000000
2317000 301.000000 301.000000
2318000 301.000000 301.000000
2319000 301.000000 301.000000
2320000 301.000000 301.000000
2321000 301.000000 301.000000
2322000 301.000000 301.000000
2323000 301.000000 301.000000
2324000 301.000000 301.000000
2325000 301.000000 301.000000
2326000 301.000000 301.000000
2327000 301.000000 301.000000
2328000 301.000000 301.000000
2329000 301.000000 301.000000
2330000 301.000000 301.000000
2331000 301.000000 301.000000
2332000 301.000000 301.000000
2333000 301.000000 301.000000
2334000 301.000000 301.000000
2335000 301.000000 301.000000
2336000 301.000000 301.000000
2337000 301.000000 301.000000
2338000 301.000000 301.000000
2339000 301.000000 301.000000
2340000 301.000000 301.000000
2341000 301.000000 301.000000
2342000 301.000000 301.000000
2343000 301.000000 301.000000
2344000 301.000000 301.000000
2345000 301.000000 301.000000
2346000 301.000000 301.000000
2347000 301.000000 301.000000
2348000 301.000000 301.000000
2349000 301.000000 301.000000
2350000 301.000000 301.000000
2351000 301.000000 301.000000
2352000 301.000000 301.000000
2353000 301.000000 301.000000
2354000 301.000000 301.000000
2355000 301.000000 301.000000
2356000 301.000000 301.000000
2357000 301.000000 301.000000
2358000 301.000000 301.000000
2359000 301.000000 301.000000
2360000 301.000000 301.000000
2361000 301.000000 301.000000
2362000 301.000000 301.000000
2363000 301.000000 301.000000
2364000 301.000000 301.000000
2365000 301.000000 301.000000
2366000 301.000000 301.000000
2367000 301.000000 301.000000
2368000 301.000000 301.000000
2369000 301.000000 301.000000
2370000 301.000000 301.000000
2371000 301.000000 301.000000
2372000 301.000000 301.000000
2373000 301.000000 301.000000
2374000 301.000000 301.000000
2375000 301.000000 301.000000
2376000 301.000000 301.000000
2377000 301.000000 301.000000
2378000 301.000000 301.000000
2379000 301.000000 301.000000
2380000 301.000000 301.000000
2381000 301.000000 301.000000
2382000 301.000000 301.000000
2383000 301.000000 301.000000
2384000 301.000000 301.000000
2385000 301.000000 301.000000
2386000 301.000000 301.000000
2387000 301.000000 301.000000
2388000 301.000000 301.000000
2389000 301.000000 301.000000
2390000 301.000000 301.000000
2391000 301.000000 301.000000
2392000 301.000000 301.000000
2393000 301.000000 301.000000
2394000 301.000000 301.000000
2395000 301.000000 301.000000
2396000 301.000000 301.000000
2397000 301.000000 301.000000
2398000 301.000000 301.000000
2399000 301.000000 301.000000
2400000 301.000000 301.000000
2401000 301.000000 301.000000
2402000 301.000000 301.000000
2403000 301.000000 301.000000
2404000 301.000000 301.000000
2405000 301.000000 301.000000
2406000 301.000000 301.000000
2407000 301.000000 301.000000
2408000 301.000000 301.000000
2409000 301.000000 301.000000
2410000 301.000000 301.000000
2411000 301.000000 301.000000
2412000 301.000000 301.000000
2413000 301.000000 301.000000
2414000 301.000000 301.000000
2415000 301.000000 301.000000
2416000 301.000000 301.000000
2417000 301.000000 301.000000
2418000 301.000000 301.000000
2419000 301.000000 301.000000
2420000 301.000000 301.000000
2421000 301.000000 301.000000
2422000 301.000000 301.000000
2423000 301.000000 301.000000
2424000 301.000000 301.000000
2425000 301.000000 301.000000
2426000 301.000000 301.000000
2427000 301.000000 301.000000
2428000 301.000000 301.000000
2429000 301.000000 301.000000
2430000 301.000000 301.000000
2431000 301.000000 301.000000
2432000 301.000000 301.000000
2433000 301.000000 301.000000
2434000 301.000000 301.000000
2435000 301.000000 301.000000
2436000 301.000000 301.000000
2437000 301.000000 301.000000
2438000 301.000000 301.000000
2439000 301.000000 301.000000
2440000 301.000000 301.000000
2441000 301.000000 301.000000
2442000 301.000000 301.000000
2443000 301.000000 301.000000
2444000 301.000000 301.000000
2445000 301.000000 301.000000
2446000 301.000000 301.000000
2447000 301.000000 301.000000
2448000 301.000000 301.000000
2449000 301.000000 301.000000
2450000 301.000000 301.000000
2451000 301.000000 301.000000
2452000 301.000000 301.000000
2453000 301.000000 301.000000
2454000 301.000000 301.000000
2455000 301.000000 301.000000
2456000 301.000000 301.000000
2457000 301.000000 301.000000
2458000 301.000000 301.000000
2459000 301.000000 301.000000
2460000 301.000000 301.000000
2461000 301.000000 301.000000
2462000 301.000000 301.000000
2463000 301.000000 301.000000
2464000 301.000000 301.000000
2465000 301.000000 301.000000
2466000 301.000000 301.000000
2467000 301.000000 301.000000
2468000 301.000000 301.000000
2469000 301.000000 301.000000
2470000 301.000000 301.000000
2471000 301.000000 301.000000
2472000 301.000000 301.000000
2473000 301.000000 301.000000
2474000 301.000000 301.000000
2475000 301.000000 301.000000
2476000 301.000000 301.000000
2477000 301.000000 301.000000
2478000 301.000000 301.000000
2479000 301.000000 301.000000
2480000 301.000000 301.000000
2481000 301.000000 301.000000
2482000 301.000000 301.000000
2483000 301.000000 301.000000
2484000 301.000000 301.000000
2485000 301.000000 301.000000
2486000 301.000000 301.000000
2487000 301.000000 301.000000
2488000 301.000000 301.000000
2489000 301.000000 301.000000
2490000 301.000000 301.000000
2491000 301.000000 301.000000
2492000 301.000000 301.000000
2493000 301.000000 301.000000
2494000 301.000000 301.000000
2495000 301.000000 301.000000
2496000 301.000000 301.000000
2497000 301.000000 301.000000
2498000 301.000000 301.000000
2499000 301.000000 301.000000
2500000 301.000000 301.000000
2501000 301.000000 301.000000
2502000 301.000000 301.000000
2503000 301.000000 301.000000
2504000 301.000000 301.000000
2505000 301.000000 301.000000
2506000 301.000000 301.000000
2507000 301.000000 301.000000
2508000 301.000000 301.000000
2509000 301.000000 301.000000
2510000 301.000000 301.000000
2511000 301.000000 301.000000
2512000 301.000000 301.000000
2513000 301.000000 301.000000
2514000 301.000000 301.000000
2515000 301.000000 301.000000
2516000 301.000000 301.000000
2517000 301.000000 301.000000
2518000 301.000000 301.000000
2519000 301.000000 301.000000
2520000 301.000000 301.000000
2521000 301.000000 301.000000
2522000 301.000000 301.000000
2523000 301.000000 301.000000
2524000 301.000000 301.000000
2525000 301.000000 301.000000
2526000 301.000000 301.000000
2527000 301.000000 301.000000
2528000 301.000000 301.000000
2529000 301.000000 301.000000
2530000 301.000000 301.000000
2531000 301.000000 301.000000
2532000 301.000000 301.000000
2533000 301.000000 301.000000
2534000 301.000000 301.000000
2535000 301.000000 301.000000
2536000 301.000000 301.000000
2537000 301.000000 301.000000
2538000 301.000000 301.000000
2539000 301.000000 301.000000
2540000 301.000000 301.000000
2541000 301.000000 301.000000
2542000 301.000000 301.000000
2543000 301.000000 301.000000
2544000 301.000000 301.000000
2545000 301.000000 301.000000
2546000 301.000000 301.000000
2547000 301.000000 301.000000
2548000 301.000000 301.000000
2549000 301.000000 301.000000
2550000 301.000000 301.000000
2551000 301.000000 301.000000
2552000 301.000000 301.000000
2553000 301.000000 301.000000
2554000 301.000000 301.000000
2555000 301.000000 301.000000
2556000 301.000000 301.000000
2557000 301.000000 301.000000
2558000 301.000000 301.000000
2559000 301.000000 301.000000
2560000 301.000000 301.000000
2561000 301.000000 301.000000
2562000 301.000000 301.000000
2563000 301.000000 301.000000
2564000 301.000000 301.000000
2565000 301.000000 301.000000
2566000 301.000000 301.000000
2567000 301.000000 301.000000
2568000 301.000000 301.000000
2569000 301.000000 301.000000
2570000 301.000000 301.000000
2571000 301.000000 301.000000
2572000 301.000000 301.000000
2573000 301.000000 301.000000
2574000 301.000000 301.000000
2575000 301.000000 301.000000
2576000 301.000000 301.000000
2577000 301.000000 301.000000
2578000 301.000000 301.000000
2579000 301.000000 301.000000
2580000 301.000000 301.000000
2581000 301.000000 301.000000
2582000 301.000000 301.000000
2583000 301.000000 301.000000
2584000 301.000000 301.000000
2585000 301.000000 301.000000
2586000 301.000000 301.000000
2587000 301.000000 301.000000
2588000 301.000000 301.000000
2589000 301.000000 301.000000
2590000 301.000000 301.000000
2591000 301.000000 301.000000
2592000 301.000000 301.000000
2593000 301.000000 301.000000
2594000 301.000000 301.000000
2595000 301.000000 301.000000
2596000 301.000000 301.000000
2597000 301.000000 301.000000
2598000 301.000000 301.000000
2599000 301.000000 301.000000
2600000 301.000000 301.000000
2601000 301.000000 301.000000
2602000 301.000000 301.000000
2603000 301.000000 301.000000
2604000 301.000000 301.000000
2605000 301.000000 301.000000
2606000 301.000000 301.000000
2607000 301.000000 301.000000
2608000 301.000000 301.000000
2609000 301.000000 301.000000
2610000 301.000000 301.000000
2611000 301.000000 301.000000
2612000 301.000000 301.000000
2613000 301.000000 301.000000
2614000 301.000000 301.000000
2615000 301.000000 301.000000
2616000 301.000000 301.000000
2617000 301.000000 301.000000
2618000 301.000000 301.000000
2619000 301.000000 301.000000
2620000 301.000000 301.000000
2621000 301.000000 301.000000
2622000 301.000000 301.000000
2623000 301.000000 301.000000
2624000 301.000000 301.000000
2625000 301.000000 301.000000
2626000 301.000000 301.000000
2627000 301.000000 301.000000
2628000 301.000000 301.000000
2629000 301.000000 301.000000
2630000 301.000000 301.000000
2631000 301.000000 301.000000
2632000 301.000000 301.000000
2633000 301.000000 301.000000
2634000 301.000000 301.000000
2635000 301.000000 301.000000
2636000 301.000000 301.000000
2637000 301.000000 301.000000
2638000 301.000000 301.000000
2639000 301.000000 301.000000
2640000 301.000000 301.000000
2641000 301.000000 301.000000
2642000 301.000000 301.000000
2643000 301.000000 301.000000
2644000 301.000000 301.000000
2645000 301.000000 301.000000
2646000 301.000000 301.000000
2647000 301.000000 301.000000
2648000 301.000000 301.000000
2649000 301.000000 301.000000
2650000 301.000000 301.000000
2651000 301.000000 301.000000
2652000 301.000000 301.000000
2653000 301.000000 301.000000
2654000 301.000000 301.000000
2655000 301.000000 301.000000
2656000 301.000000 301.000000
2657000 301.000000 301.000000
2658000 301.000000 301.000000
2659000 301.000000 301.000000
2660000 301.000000 301.000000
2661000 301.000000 301.000000
2662000 301.000000 301.000000
2663000 301.000000 301.000000
2664000 301.000000 301.000000
2665000 301.000000 301.000000
2666000 301.000000 301.000000
2667000 301.000000 301.000000
2668000 301.000000 301.000000
2669000 301.000000 301.000000
2670000 301.000000 301.000000
2671000 301.000000 301.000000
2672000 301.000000 301.000000
2673000 301.000000 301.000000
2674000 301.000000 301.000000
2675000 301.000000 301.000000
2676000 301.000000 301.000000
2677000 301.000000 301.000000
2678000 301.000000 301.000000
2679000 301.000000 301.000000
2680000 301.000000 301.000000
2681000 301.000000 301.000000
2682000 301.000000 301.000000
2683000 301.000000 301.000000
2684000 301.000000 301.000000
2685000 301.000000 301.000000
2686000 301.000000 301.000000
2687000 301.000000 301.000000
2688000 301.000000 301.000000
2689000 301.000000 301.000000
2690000 301.000000 301.000000
2691000 301.000000 301.000000
2692000 301.000000 301.000000
2693000 301.000000 301.000000
2694000 301.000000 301.000000
2695000 301.000000 301.000000
2696000 301.000000 301.000000
2697000 301.000000 301.000000
2698000 301.000000 301.000000
2699000 301.000000 301.000000
2700000 301.000000 301.000000
2701000 301.000000 301.000000
2702000 301.000000 301.000000
2703000 301.000000 301.000000
2704000 301.000000 301.000000
2705000 301.000000 301.000000
2706000 301.000000 301.000000
2707000 301.000000 301.000000
2708000 301.000000 301.000000
2709000 301.000000 301.000000
2710000 301.000000 301.000000
2711000 301.000000 301.000000
2712000 301.000000 301.000000
2713000 301.000000 301.000000
2714000 301.000000 301.000000
2715000 301.000000 301.000000
2716000 301.000000 301.000000
2717000 301.000000 301.000000
2718000 301.000000 301.000000
2719000 301.000000 301.000000
2720000 301.000000 301.000000
2721000 301.000000 301.000000
2722000 301.000000 301.000000
2723000 301.000000 301.000000
2724000 301.000000 301.000000
2725000 301.000000 301.000000
2726000 301.000000 301.000000
2727000 301.000000 301.000000
2728000 301.000000 301.000000
2729000 301.000000 301.000000
2730000 301.000000 301.000000
2731000 301.000000 301.000000
2732000 301.000000 301.000000
2733000 301.000000 301.000000
2734000 301.000000 301.000000
2735000 301.000000 301.000000
2736000 301.000000 301.000000
2737000 301.000000 301.000000
2738000 301.000000 301.000000
2739000 301.000000 301.000000
2740000 301.000000 301.000000
2741000 301.000000 301.000000
2742000 301.000000 301.000000
2743000 301.000000 301.000000
2744000 301.000000 301.000000
2745000 301.000000 301.000000
2746000 301.000000 301.000000
2747000 301.000000 301.000000
2748000 301.000000 301.000000
2749000 301.000000 301.000000
2750000 301.000000 301.000000
2751000 301.000000 301.000000
2752000 301.000000 301.000000
2753000 301.000000 301.000000
2754000 301.000000 301.000000
2755000 301.000000 301.000000
2756000 301.000000 301.000000
2757000 301.000000 301.000000
2758000 301.000000 301.000000
2759000 301.000000 301.000000
2760000 301.000000 301.000000
2761000 301.000000 301.000000
2762000 301.000000 301.000000
2763000 301.000000 301.000000
2764000 301.000000 301.000000
2765000 301.000000 301.000000
2766000 301.000000 301.000000
2767000 301.000000 301.000000
2768000 301.000000 301.000000
2769000 301.000000 301.000000
2770000 301.000000 301.000000
2771000 301.000000 301.000000
2772000 301.000000 301.000000
2773000 301.000000 301.000000
2774000 301.000000 301.000000
2775000 301.000000 301.000000
2776000 301.000000 301.000000
2777000 301.000000 301.000000
2778000 301.000000 301.000000
2779000 301.000000 301.000000
2780000 301.000000 301.000000
2781000 301.000000 301.000000
2782000 301.000000 301.000000
2783000 301.000000 301.000000
2784000 301.000000 301.000000
2785000 301.000000 301.000000
2786000 301.000000 301.000000
2787000 301.000000 301.000000
2788000 301.000000 301.000000
2789000 301.000000 301.000000
2790000 301.000000 301.000000
2791000 301.000000 301.000000
2792000 301.000000 301.000000
2793000 301.000000 301.000000
2794000 301.000000 301.000000
2795000 301.000000 301.000000
2796000 301.000000 301.000000
2797000 301.000000 301.000000
2798000 301.000000 301.000000
2799000 301.000000 301.000000
2800000 301.000000 301.000000
2801000 301.000000 301.000000
2802000 301.000000 301.000000
2803000 301.000000 301.000000
2804000 301.000000 301.000000
2805000 301.000000 301.000000
2806000 301.000000 301.000000
2807000 301.000000 301.000000
2808000 301.000000 301.000000
2809000 301.000000 301.000000
2810000 301.000000 301.000000
2811000 301.000000 301.000000
2812000 301.000000 301.000000
2813000 301.000000 301.000000
2814000 301.000000 301.000000
2815000 301.000000 301.000000
2816000 301.000000 301.000000
2817000 301.000000 301.000000
2818000 301.000000 301.000000
2819000 301.000000 301.000000
2820000 301.000000 301.000000
2821000 301.000000 301.000000
2822000 301.000000 301.000000
2823000 301.000000 301.000000
2824000 301.000000 301.000000
2825000 301.000000 301.000000
2826000 301.000000 301.000000
2827000 301.000000 301.000000
2828000 301.000000 301.000000
2829000 301.000000 301.000000
2830000 301.000000 301.000000
2831000 301.000000 301.000000
2832000 301.000000 301.000000
2833000 301.000000 301.000000
2834000 301.000000 301.000000
2835000 301.000000 301.000000
2836000 301.000000 301.000000
2837000 301.000000 301.000000
2838000 301.000000 301.000000
2839000 301.000000 301.000000
2840000 301.000000 301.000000
2841000 301.000000 301.000000
2842000 301.000000 301.000000
2843000 301.000000 301.000000
2844000 301.000000 301.000000
2845000 301.000000 301.000000
2846000 301.000000 301.000000
2847000 301.000000 301.000000
2848000 301.000000 301.000000
2849000 301.000000 301.000000
2850000 301.000000 301.000000
2851000 301.000000 301.000000
2852000 301.000000 301.000000
2853000 301.000000 301.000000
2854000 301.000000 301.000000
2855000 301.000000 301.000000
2856000 301.000000 301.000000
2857000 301.000000 301.000000
2858000 301.000000 301.000000
2859000 301.000000 301.000000
2860000 301.000000 301.000000
2861000 301.000000 301.000000
2862000 301.000000 301.000000
2863000 301.000000 301.000000
2864000 301.000000 301.000000
2865000 301.000000 301.000000
2866000 301.000000 301.000000
2867000 301.000000 301.000000
2868000 301.000000 301.000000
2869000 301.000000 301.000000
2870000 301.000000 301.000000
2871000 301.000000 301.000000
2872000 301.000000 301.000000
2873000 301.000000 301.000000
2874000 301.000000 301.000000
2875000 301.000000 301.000000
2876000 301.000000 301.000000
2877000 301.000000 301.000000
2878000 301.000000 301.000000
2879000 301.000000 301.000000
2880000 301.000000 301.000000
2881000 301.000000 301.000000
2882000 301.000000 301.000000
2883000 301.000000 301.000000
2884000 301.000000 301.000000
2885000 301.000000 301.000000
2886000 301.000000 301.000000
2887000 301.000000 301.000000
2888000 301.000000 301.000000
2889000 301.000000 301.000000
2890000 301.000000 301.000000
2891000 301.000000 301.000000
2892000 301.000000 301.000000
2893000 301.000000 301.000000
2894000 301.000000 301.000000
2895000 301.000000 301.000000
2896000 301.000000 301.000000
2897000 301.000000 301.000000
2898000 301.000000 301.000000
2899000 301.000000 301.000000
2900000 301.000000 301.000000
2901000 301.000000 301.000000
2902000 301.000000 301.000000
2903000 301.000000 301.000000
2904000 301.000000 301.000000
2905000 301.000000 301.000000
2906000 301.000000 301.000000
2907000 301.000000 301.000000
2908000 301.000000 301.000000
2909000 301.000000 301.000000
2910000 301.000000 301.000000
2911000 301.000000 301.000000
2912000 301.000000 301.000000
2913000 301.000000 301.000000
2914000 301.000000 301.000000
2915000 301.000000 301.000000
2916000 301.000000 301.000000
2917000 301.000000 301.000000
2918000 301.000000 301.000000
2919000 301.000000 301.000000
2920000 301.000000 301.000000
2921000 301.000000 301.000000
2922000 301.000000 301.000000
2923000 301.000000 301.000000
2924000 301.000000 301.000000
2925000 301.000000 301.000000
2926000 301.000000 301.000000
2927000 301.000000 301.000000
2928000 301.000000 301.000000
2929000 301.000000 301.000000
2930000 301.000000 301.000000
2931000 301.000000 301.000000
2932000 301.000000 301.000000
2933000 301.000000 301.000000
2934000 301.000000 301.000000
2935000 301.000000 301.000000
2936000 301.000000 301.000000
2937000 301.000000 301.000000
2938000 301.000000 301.000000
2939000 301.000000 301.000000
2940000 301.000000 301.000000
2941000 301.000000 301.000000
2942000 301.000000 301.000000
2943000 301.000000 301.000000
2944000 301.000000 301.000000
2945000 301.000000 301.000000
2946000 301.000000 301.000000
2947000 301.000000 301.000000
2948000 301.000000 301.000000
2949000 301.000000 301.000000
2950000 301.000000 301.000000
2951000 301.000000 301.000000
2952000 301.000000 301.000000
2953000 301.000000 301.000000
2954000 301.000000 301.000000
2955000 301.000000 301.000000
2956000 301.000000 301.000000
2957000 301.000000 301.000000
2958000 301.000000 301.000000
2959000 301.000000 301.000000
2960000 301.000000 301.000000
2961000 301.000000 301.000000
2962000 301.000000 301.000000
2963000 301.000000 301.000000
2964000 301.000000 301.000000
2965000 301.000000 301.000000
2966000 301.000000 301.000000
2967000 301.000000 301.000000
2968000 301.000000 301.000000
2969000 301.000000 301.000000
2970000 301.000000 301.000000
2971000 301.000000 301.000000
2972000 301.000000 301.000000
2973000 301.000000 301.000000
2974000 301.000000 301.000000
2975000 301.000000 301.000000
2976000 301.000000 301.000000
2977000 301.000000 301.000000
2978000 301.000000 301.000000
2979000 301.000000 301.000000
2980000 301.000000 301.000000
2981000 301.000000 301.000000
2982000 301.000000 301.000000
2983000 301.000000 301.000000
2984000 301.000000 301.000000
2985000 301.000000 301.000000
2986000 301.000000 301.000000
2987000 301.000000 301.000000
2988000 301.000000 301.000000
2989000 301.000000 301.000000
2990000 301.000000 301.000000
2991000 301.000000 301.000000
2992000 301.000000 301.000000
2993000 301.000000 301.000000
2994000 301.000000 301.000000
2995000 301.000000 301.000000
2996000 301.000000 301.000000
2997000 301.000000 301.000000
2998000 301.000000 301.000000
2999000 301.000000 301.000000
3000000 301.000000 301.000000
