1000 47.576165 47.576165
2000 47.441768 47.508967
3000 47.387964 47.468633
4000 47.197456 47.400839
5000 47.277790 47.376229
6000 47.190895 47.345340
7000 47.513765 47.369401
8000 47.649497 47.404413
9000 47.555354 47.421184
10000 47.628088 47.441874
11000 47.925206 47.485814
12000 47.920873 47.522069
13000 47.889521 47.550334
14000 47.803404 47.568411
15000 47.502255 47.564000
16000 47.690626 47.571914
17000 47.914981 47.592095
18000 47.872685 47.607683
19000 47.776728 47.616580
20000 47.831906 47.627346
21000 47.888464 47.639781
22000 47.746572 47.644635
23000 47.605701 47.642942
24000 47.922530 47.654591
25000 47.983313 47.667740
26000 47.934845 47.678014
27000 47.982327 47.689284
28000 47.813326 47.693714
29000 47.825402 47.698255
30000 47.745900 47.699844
31000 47.548558 47.694963
32000 48.069963 47.706682
33000 48.021768 47.716230
34000 47.780633 47.718124
35000 47.746454 47.718934
36000 47.898374 47.723918
37000 47.601282 47.720604
38000 47.655566 47.718892
39000 48.049930 47.727380
40000 47.704150 47.726800
41000 47.746538 47.727281
42000 47.769558 47.728288
43000 47.647222 47.726402
44000 47.630820 47.724230
45000 47.607595 47.721638
46000 47.619089 47.719409
47000 47.743308 47.719917
48000 47.715032 47.719816
49000 47.629315 47.717969
50000 47.459033 47.712790
51000 47.674033 47.712030
52000 47.861153 47.714898
53000 47.438188 47.709677
54000 47.639531 47.708378
55000 47.501810 47.704622
56000 47.438353 47.699867
57000 47.701638 47.699898
58000 47.352908 47.693916
59000 47.817096 47.696004
60000 48.057746 47.702033
61000 47.955920 47.706195
62000 47.976947 47.710562
63000 47.772556 47.711546
64000 47.808396 47.713059
65000 47.609924 47.711472
66000 47.447668 47.707475
67000 47.343527 47.702043
68000 47.803831 47.703540
69000 47.420915 47.699444
70000 47.579066 47.697724
71000 47.507878 47.695050
72000 47.689665 47.694976
73000 47.796913 47.696372
74000 47.562575 47.694564
75000 47.226916 47.688329
76000 47.481764 47.685611
77000 47.562961 47.684018
78000 47.456737 47.681104
79000 47.554099 47.679496
80000 47.149974 47.672877
81000 46.839746 47.662592
82000 46.866093 47.652878
83000 46.977134 47.644737
84000 47.108443 47.638352
85000 47.094504 47.631954
86000 46.865003 47.623036
87000 47.290593 47.619215
88000 47.269911 47.615246
89000 47.206499 47.610653
90000 47.210478 47.606207
91000 47.303962 47.602885
92000 47.534987 47.602147
93000 47.321415 47.599129
94000 47.188446 47.594760
95000 47.177486 47.590367
96000 47.042149 47.584657
97000 46.961471 47.578232
98000 47.073412 47.573081
99000 46.782843 47.565099
100000 46.559896 47.555047
101000 46.394749 47.543558
102000 46.503590 47.533363
103000 46.680254 47.525080
104000 47.144224 47.521418
105000 46.698820 47.513584
106000 47.024811 47.508973
107000 47.044058 47.504628
108000 46.927267 47.499282
109000 46.986403 47.494576
110000 47.131203 47.491273
111000 47.055446 47.487347
112000 47.324243 47.485890
113000 47.215900 47.483501
114000 47.174334 47.480789
115000 47.016646 47.476753
116000 47.204548 47.474406
117000 47.331778 47.473187
118000 47.619041 47.474423
119000 47.138583 47.471601
120000 47.243713 47.469702
121000 47.414340 47.469245
122000 47.643254 47.470671
123000 47.339355 47.469603
124000 47.221636 47.467604
125000 47.343316 47.466609
126000 47.530156 47.467114
127000 47.275040 47.465601
128000 47.029603 47.462195
129000 47.162662 47.459873
130000 47.284788 47.458526
131000 47.496980 47.458820
132000 47.446050 47.458723
133000 47.631398 47.460021
134000 47.602528 47.461085
135000 47.517900 47.461506
136000 47.530366 47.462012
137000 47.658217 47.463444
138000 47.889340 47.466530
139000 47.899732 47.469647
140000 47.880129 47.472579
141000 47.792764 47.474850
142000 48.031854 47.478772
143000 48.263037 47.484257
144000 47.856103 47.486839
145000 48.170391 47.491553
146000 47.865375 47.494114
147000 47.783399 47.496081
148000 47.866432 47.498584
149000 47.577285 47.499112
150000 47.527216 47.499299
151000 47.884981 47.501854
152000 47.706241 47.503198
153000 47.780765 47.505012
154000 47.614867 47.505726
155000 47.874762 47.508107
156000 48.022121 47.511402
157000 48.118420 47.515268
158000 48.181944 47.519487
159000 48.165843 47.523553
160000 47.539079 47.523650
161000 47.866269 47.525778
162000 47.726448 47.527016
163000 47.723007 47.528219
164000 47.807060 47.529919
165000 47.462886 47.529513
166000 47.770072 47.530962
167000 47.984132 47.533675
168000 47.896355 47.535834
169000 48.195170 47.539736
170000 48.250132 47.543915
171000 48.177990 47.547623
172000 48.273348 47.551842
173000 48.076386 47.554874
174000 48.063760 47.557799
175000 47.984587 47.560237
176000 47.874893 47.562025
177000 48.072792 47.564911
178000 47.886103 47.566715
179000 47.888371 47.568512
180000 47.990393 47.570856
181000 48.064482 47.573583
182000 48.124558 47.576611
183000 48.068224 47.579297
184000 48.022181 47.581704
185000 48.090243 47.584453
186000 48.042869 47.586917
187000 47.819915 47.588163
188000 47.729897 47.588917
189000 47.566461 47.588799
190000 48.115342 47.591570
191000 47.804549 47.592685
192000 47.812313 47.593829
193000 48.010626 47.595988
194000 48.288183 47.599556
195000 48.239759 47.602839
196000 48.509885 47.607467
197000 48.289912 47.610931
198000 47.988086 47.612836
199000 48.032387 47.614945
200000 47.989493 47.616817
201000 48.424320 47.620835
202000 48.404892 47.624716
203000 47.976853 47.626451
204000 48.089505 47.628721
205000 48.143701 47.631233
206000 48.055128 47.633291
207000 47.864148 47.634406
208000 47.684060 47.634645
209000 48.044224 47.636604
210000 48.001415 47.638341
211000 47.990308 47.640010
212000 47.893820 47.641207
213000 47.877790 47.642317
214000 47.550862 47.641890
215000 47.919294 47.643180
216000 48.040649 47.645020
217000 47.871627 47.646065
218000 47.293847 47.644449
219000 47.900149 47.645617
220000 47.819549 47.646407
221000 47.688128 47.646596
222000 47.969325 47.648050
223000 47.912273 47.649235
224000 47.573456 47.648896
225000 47.797982 47.649559
226000 47.723257 47.649885
227000 47.862347 47.650821
228000 47.927007 47.652032
229000 47.849412 47.652894
230000 47.720706 47.653189
231000 47.794437 47.653801
232000 47.552061 47.653362
233000 47.520960 47.652794
234000 47.082007 47.650355
235000 47.880377 47.651333
236000 47.639077 47.651281
237000 47.485470 47.650582
238000 47.745546 47.650981
239000 47.604112 47.650785
240000 47.324954 47.649427
241000 47.521298 47.648895
242000 47.452975 47.648086
243000 47.490731 47.647438
244000 47.687458 47.647602
245000 47.541805 47.647170
246000 47.722831 47.647478
247000 47.409521 47.646515
248000 47.561971 47.646174
249000 47.363785 47.645040
250000 47.689342 47.645217
251000 47.416842 47.644307
252000 47.677644 47.644439
253000 47.533029 47.643999
254000 47.973471 47.645296
255000 47.779680 47.645823
256000 47.909397 47.646853
257000 47.516017 47.646344
258000 47.361559 47.645240
259000 47.683366 47.645387
260000 47.221849 47.643758
261000 47.297709 47.642432
262000 47.419259 47.641580
263000 47.390859 47.640627
264000 47.717126 47.640917
265000 47.920262 47.641971
266000 47.732728 47.642312
267000 47.804425 47.642919
268000 47.835391 47.643637
269000 47.643615 47.643637
270000 47.687924 47.643801
271000 47.209469 47.642199
272000 47.367587 47.641189
273000 47.696787 47.641393
274000 47.733701 47.641730
275000 47.810225 47.642342
276000 47.818605 47.642981
277000 47.949888 47.644089
278000 47.935515 47.645137
279000 47.708504 47.645364
280000 47.844576 47.646076
281000 48.051443 47.647518
282000 48.293065 47.649808
283000 47.912759 47.650737
284000 48.280619 47.652955
285000 48.223936 47.654958
286000 47.907593 47.655841
287000 48.285648 47.658036
288000 48.221630 47.659993
289000 48.120577 47.661586
290000 48.346151 47.663947
291000 48.442890 47.666624
292000 48.297268 47.668784
293000 47.923351 47.669652
294000 47.573136 47.669324
295000 48.302535 47.671471
296000 47.745216 47.671720
297000 47.677499 47.671739
298000 47.490613 47.671131
299000 47.825531 47.671648
300000 47.791644 47.672048
301000 47.902648 47.672814
302000 47.766060 47.673123
303000 47.469683 47.672451
304000 47.931649 47.673304
305000 47.899491 47.674045
306000 48.034759 47.675224
307000 47.859697 47.675825
308000 47.922924 47.676627
309000 47.834586 47.677139
310000 48.088926 47.678467
311000 47.699989 47.678536
312000 47.771847 47.678835
313000 47.975023 47.679781
314000 47.665984 47.679738
315000 47.696105 47.679789
316000 47.580871 47.679476
317000 47.686984 47.679500
318000 47.699212 47.679562
319000 47.956026 47.680429
320000 48.265840 47.682258
321000 47.811089 47.682660
322000 47.638166 47.682521
323000 47.721645 47.682642
324000 47.675110 47.682619
325000 47.581318 47.682308
326000 47.288888 47.681101
327000 47.217441 47.679683
328000 47.437629 47.678945
329000 47.191776 47.677464
330000 47.088074 47.675678
331000 47.203687 47.674252
332000 47.122054 47.672589
333000 47.214552 47.671213
334000 47.398516 47.670397
335000 47.344358 47.669424
336000 47.314458 47.668367
337000 47.657461 47.668335
338000 47.591476 47.668107
339000 47.464142 47.667506
340000 47.203591 47.666141
341000 47.191108 47.664748
342000 46.678307 47.661864
343000 46.815545 47.659397
344000 46.847973 47.657038
345000 46.503755 47.653695
346000 46.911588 47.651550
347000 47.070022 47.649874
348000 47.436343 47.649261
349000 47.513012 47.648870
350000 47.340625 47.647990
351000 47.505430 47.647583
352000 47.698567 47.647728
353000 47.656842 47.647754
354000 47.662904 47.647797
355000 47.678969 47.647885
356000 47.446054 47.647318
357000 47.406245 47.646642
358000 47.416109 47.645998
359000 47.107783 47.644499
360000 47.742317 47.644771
361000 47.272342 47.643739
362000 47.402986 47.643074
363000 47.621056 47.643014
364000 47.085547 47.641482
365000 47.356853 47.640702
366000 47.411287 47.640075
367000 47.457671 47.639578
368000 47.473137 47.639126
369000 47.472586 47.638675
370000 47.090114 47.637192
371000 47.294800 47.636269
372000 47.439428 47.635740
373000 47.555799 47.635526
374000 47.331053 47.634712
375000 47.280638 47.633768
376000 46.906492 47.631833
377000 47.368852 47.631136
378000 47.097730 47.629725
379000 47.191503 47.628568
380000 47.100963 47.627180
381000 47.067634 47.625711
382000 46.968976 47.623992
383000 47.038809 47.622464
384000 47.469677 47.622066
385000 47.280328 47.621179
386000 47.143833 47.619942
387000 47.019150 47.618390
388000 47.200660 47.617313
389000 47.055823 47.615870
390000 47.343166 47.615170
391000 46.837228 47.613181
392000 47.060609 47.611771
393000 47.605142 47.611754
394000 47.567388 47.611642
395000 47.567602 47.611530
396000 47.479659 47.611197
397000 47.443678 47.610775
398000 47.646249 47.610864
399000 47.544715 47.610699
400000 47.539238 47.610520
401000 47.757230 47.610886
402000 47.616830 47.610901
403000 47.521474 47.610679
404000 47.793755 47.611132
405000 47.670653 47.611279
406000 47.587132 47.611219
407000 47.519314 47.610993
408000 47.856971 47.611596
409000 47.620232 47.611617
410000 47.889864 47.612296
411000 47.769193 47.612678
412000 47.577595 47.612593
413000 47.772818 47.612981
414000 47.415896 47.612505
415000 47.791711 47.612936
416000 47.875538 47.613568
417000 47.459135 47.613197
418000 47.848675 47.613761
419000 47.684128 47.613929
420000 47.753669 47.614261
421000 47.427239 47.613817
422000 47.569451 47.613712
423000 47.221530 47.612785
424000 47.635238 47.612838
425000 47.375672 47.612280
426000 47.390166 47.611758
427000 47.448609 47.611376
428000 46.987430 47.609918
429000 46.883896 47.608226
430000 46.849178 47.606461
431000 47.156117 47.605416
432000 47.149209 47.604360
433000 47.120312 47.603242
434000 47.454016 47.602898
435000 47.559034 47.602797
436000 47.336725 47.602187
437000 47.159068 47.601173
438000 47.001101 47.599803
439000 47.020097 47.598483
440000 47.055831 47.597249
441000 46.830162 47.595510
442000 47.191434 47.594596
443000 47.222690 47.593756
444000 47.254879 47.592993
445000 46.875342 47.591380
446000 46.898866 47.589827
447000 46.976796 47.588456
448000 47.284009 47.587776
449000 46.913408 47.586275
450000 46.855162 47.584650
451000 46.727820 47.582750
452000 47.028189 47.581523
453000 46.677939 47.579528
454000 46.883585 47.577996
455000 46.851812 47.576400
456000 46.711736 47.574503
457000 46.808013 47.572826
458000 46.997667 47.571570
459000 47.128257 47.570604
460000 46.715490 47.568746
461000 46.523236 47.566478
462000 47.073225 47.565410
463000 47.004339 47.564198
464000 47.114979 47.563230
465000 46.970644 47.561956
466000 47.127030 47.561022
467000 46.868930 47.559540
468000 46.870501 47.558068
469000 46.906858 47.556679
470000 46.779281 47.555025
471000 46.700725 47.553212
472000 46.764268 47.551540
473000 46.618792 47.549568
474000 46.797338 47.547981
475000 46.635847 47.546061
476000 46.689010 47.544260
477000 46.401553 47.541865
478000 46.342732 47.539356
479000 46.693716 47.537591
480000 46.442612 47.535309
481000 46.715434 47.533605
482000 46.636705 47.531744
483000 46.603841 47.529823
484000 46.724726 47.528160
485000 46.363685 47.525759
486000 47.015604 47.524709
487000 46.830378 47.523283
488000 46.418266 47.521019
489000 46.465393 47.518860
490000 46.256298 47.516283
491000 46.245946 47.513696
492000 45.738975 47.510089
493000 46.029003 47.507085
494000 46.082219 47.504200
495000 46.428100 47.502027
496000 46.007210 47.499013
497000 46.192696 47.496384
498000 46.343243 47.494069
499000 46.012183 47.491099
500000 46.353422 47.488824
501000 46.233696 47.486319
502000 46.333948 47.484023
503000 46.137925 47.481347
504000 46.229303 47.478863
505000 45.959092 47.475853
506000 46.022102 47.472980
507000 45.991182 47.470057
508000 46.343449 47.467840
509000 45.960655 47.464879
510000 46.182427 47.462364
511000 45.695328 47.458906
512000 46.234263 47.456514
513000 46.253796 47.454170
514000 46.192130 47.451714
515000 46.198640 47.449281
516000 46.334760 47.447121
517000 46.563781 47.445413
518000 46.466642 47.443523
519000 46.667877 47.442029
520000 46.459631 47.440139
521000 46.961595 47.439221
522000 46.680409 47.437767
523000 46.613162 47.436191
524000 46.232380 47.433893
525000 46.840686 47.432763
526000 46.703822 47.431377
527000 47.058831 47.430671
528000 47.131575 47.430104
529000 46.985622 47.429264
530000 46.912354 47.428289
531000 46.517333 47.426573
532000 46.836696 47.425464
533000 46.699734 47.424103
534000 47.101992 47.423499
535000 47.070919 47.422840
536000 46.821986 47.421719
537000 46.689827 47.420356
538000 46.669744 47.418961
539000 46.393575 47.417059
540000 46.755287 47.415833
541000 46.805753 47.414706
542000 46.576658 47.413159
543000 46.674609 47.411799
544000 46.983172 47.411011
545000 46.846813 47.409976
546000 47.123226 47.409451
547000 47.048661 47.408791
548000 47.240635 47.408485
549000 46.808985 47.407393
550000 47.107174 47.406847
551000 46.850438 47.405837
552000 46.952899 47.405016
553000 47.399105 47.405006
554000 47.310865 47.404836
555000 47.191736 47.404452
556000 46.732630 47.403244
557000 46.981439 47.402486
558000 46.952933 47.401681
559000 46.854136 47.400701
560000 47.050796 47.400076
561000 46.796634 47.399001
562000 46.883646 47.398084
563000 47.093194 47.397542
564000 47.290298 47.397352
565000 47.021905 47.396687
566000 46.915923 47.395838
567000 46.711202 47.394631
568000 46.749477 47.393495
569000 47.054225 47.392898
570000 47.153731 47.392479
571000 47.163762 47.392078
572000 47.348182 47.392002
573000 47.417116 47.392045
574000 47.239545 47.391780
575000 47.383363 47.391765
576000 47.176879 47.391392
577000 47.048525 47.390798
578000 47.174437 47.390423
579000 47.060730 47.389854
580000 47.317524 47.389729
581000 47.300035 47.389575
582000 47.330282 47.389473
583000 47.339160 47.389387
584000 47.088639 47.388872
585000 47.275624 47.388678
586000 47.518627 47.388900
587000 47.395010 47.388910
588000 47.329807 47.388810
589000 47.489555 47.388981
590000 47.541336 47.389239
591000 47.146714 47.388829
592000 47.104573 47.388349
593000 47.152000 47.387950
594000 47.103789 47.387472
595000 47.110999 47.387007
596000 47.016453 47.386385
597000 47.290086 47.386224
598000 47.154289 47.385836
599000 47.378828 47.385824
600000 47.678829 47.386313
601000 47.392428 47.386323
602000 47.407938 47.386359
603000 47.392183 47.386368
604000 47.331225 47.386277
605000 47.254616 47.386060
606000 47.205098 47.385761
607000 47.219963 47.385488
608000 47.229605 47.385231
609000 47.431893 47.385308
610000 47.528129 47.385542
611000 47.430155 47.385615
612000 47.250568 47.385394
613000 47.265147 47.385198
614000 47.076103 47.384695
615000 47.157218 47.384325
616000 47.193622 47.384015
617000 47.221371 47.383752
618000 47.184802 47.383430
619000 47.280994 47.383264
620000 47.365896 47.383236
621000 47.614890 47.383609
622000 47.466556 47.383743
623000 47.353582 47.383694
624000 47.278123 47.383525
625000 47.376843 47.383515
626000 47.220119 47.383254
627000 46.890574 47.382468
628000 47.015965 47.381884
629000 47.195388 47.381588
630000 46.786799 47.380644
631000 47.288292 47.380497
632000 47.765801 47.381107
633000 47.493835 47.381285
634000 47.516668 47.381498
635000 47.345251 47.381441
636000 47.718861 47.381972
637000 47.762395 47.382569
638000 47.531576 47.382803
639000 47.494563 47.382978
640000 47.396324 47.382998
641000 47.034693 47.382455
642000 47.114515 47.382038
643000 47.127948 47.381643
644000 46.968868 47.381002
645000 47.192200 47.380709
646000 47.114578 47.380297
647000 46.993211 47.379699
648000 46.732053 47.378699
649000 47.116248 47.378295
650000 47.157266 47.377955
651000 47.139335 47.377588
652000 47.444222 47.377690
653000 46.977904 47.377078
654000 46.872369 47.376306
655000 46.879649 47.375548
656000 46.957368 47.374911
657000 47.087472 47.374473
658000 47.071821 47.374013
659000 46.944420 47.373361
660000 47.089458 47.372931
661000 46.903845 47.372222
662000 47.133039 47.371860
663000 47.360585 47.371843
664000 47.584897 47.372164
665000 47.516261 47.372381
666000 47.283513 47.372247
667000 47.439230 47.372348
668000 47.435467 47.372442
669000 47.836309 47.373136
670000 47.882676 47.373896
671000 47.647500 47.374304
672000 47.450741 47.374418
673000 47.153139 47.374089
674000 47.458288 47.374214
675000 47.255338 47.374038
676000 47.599601 47.374371
677000 47.428026 47.374451
678000 47.825228 47.375115
679000 47.365741 47.375102
680000 47.230569 47.374889
681000 47.158430 47.374571
682000 47.731653 47.375095
683000 47.432564 47.375179
684000 47.695026 47.375647
685000 47.900886 47.376413
686000 47.775606 47.376995
687000 47.819049 47.377639
688000 47.651525 47.378037
689000 47.588207 47.378342
690000 47.590164 47.378649
691000 47.595500 47.378963
692000 47.530388 47.379181
693000 47.713565 47.379664
694000 47.438360 47.379749
695000 47.896892 47.380493
696000 47.794531 47.381088
697000 47.927374 47.381871
698000 47.619111 47.382211
699000 47.676578 47.382632
700000 47.669993 47.383043
701000 47.756864 47.383576
702000 47.909049 47.384325
703000 47.978147 47.385169
704000 47.554966 47.385411
705000 47.735601 47.385907
706000 47.729549 47.386394
707000 47.864434 47.387070
708000 47.699321 47.387511
709000 47.737136 47.388004
710000 47.812042 47.388602
711000 47.463546 47.388707
712000 47.078113 47.388271
713000 47.277645 47.388116
714000 47.651648 47.388485
715000 47.181341 47.388195
716000 47.532253 47.388396
717000 47.254306 47.388209
718000 47.317450 47.388111
719000 47.443195 47.388187
720000 47.293896 47.388056
721000 47.478381 47.388182
722000 47.490787 47.388324
723000 47.172661 47.388025
724000 47.654423 47.388393
725000 47.431512 47.388453
726000 47.541882 47.388664
727000 47.596570 47.388950
728000 47.713552 47.389396
729000 47.587961 47.389668
730000 47.553575 47.389893
731000 47.574015 47.390145
732000 47.414303 47.390178
733000 47.071067 47.389742
734000 47.617458 47.390053
735000 47.665912 47.390428
736000 47.712161 47.390865
737000 47.596536 47.391144
738000 47.417497 47.391180
739000 47.048493 47.390716
740000 47.202396 47.390462
741000 47.418485 47.390499
742000 47.217328 47.390266
743000 47.143572 47.389934
744000 47.312612 47.389830
745000 47.094132 47.389433
746000 46.914697 47.388797
747000 47.210861 47.388559
748000 47.051143 47.388108
749000 47.255277 47.387930
750000 47.186702 47.387662
751000 47.125588 47.387313
752000 47.113035 47.386948
753000 47.201323 47.386702
754000 47.393174 47.386710
755000 47.292310 47.386585
756000 47.254525 47.386411
757000 47.212733 47.386181
758000 47.188635 47.385921
759000 47.258082 47.385752
760000 47.143377 47.385433
761000 47.343841 47.385379
762000 47.259376 47.385213
763000 47.396345 47.385228
764000 47.075671 47.384823
765000 47.503379 47.384978
766000 47.296897 47.384863
767000 47.380497 47.384857
768000 47.715984 47.385288
769000 47.564118 47.385521
770000 47.316522 47.385431
771000 47.458547 47.385526
772000 47.358157 47.385490
773000 47.432876 47.385552
774000 47.323354 47.385471
775000 47.410621 47.385504
776000 47.532801 47.385694
777000 48.121770 47.386641
778000 47.807100 47.387181
779000 47.495648 47.387321
780000 47.905801 47.387985
781000 48.124521 47.388928
782000 47.734593 47.389370
783000 47.508638 47.389523
784000 47.407278 47.389545
785000 47.512788 47.389702
786000 48.063891 47.390560
787000 47.981259 47.391311
788000 47.926367 47.391990
789000 48.055113 47.392830
790000 47.844437 47.393402
791000 47.959216 47.394117
792000 48.061262 47.394959
793000 48.034913 47.395766
794000 47.849587 47.396338
795000 47.925512 47.397004
796000 47.731226 47.397424
797000 47.858762 47.398002
798000 47.908505 47.398642
799000 47.904573 47.399275
800000 47.706594 47.399659
801000 47.608197 47.399920
802000 47.825797 47.400451
803000 47.943310 47.401127
804000 47.876366 47.401718
805000 47.732248 47.402129
806000 47.748778 47.402559
807000 47.799240 47.403050
808000 47.659661 47.403368
809000 47.663690 47.403690
810000 47.639063 47.403980
811000 47.435942 47.404020
812000 47.278667 47.403865
813000 47.544066 47.404038
814000 47.044607 47.403596
815000 47.275097 47.403438
816000 47.019654 47.402968
817000 47.180214 47.402695
818000 46.868915 47.402043
819000 47.000794 47.401553
820000 47.083944 47.401166
821000 47.147540 47.400857
822000 46.679391 47.399979
823000 46.774975 47.399220
824000 47.133271 47.398897
825000 47.152011 47.398598
826000 47.147466 47.398294
827000 47.157113 47.398002
828000 47.044709 47.397575
829000 47.112992 47.397232
830000 46.846940 47.396569
831000 46.901121 47.395973
832000 46.875529 47.395347
833000 47.215986 47.395132
834000 47.153807 47.394843
835000 46.938130 47.394296
836000 46.945900 47.393759
837000 46.965707 47.393248
838000 46.935801 47.392702
839000 46.902241 47.392117
840000 46.986008 47.391634
841000 46.940238 47.391097
842000 47.078769 47.390726
843000 47.005439 47.390269
844000 46.896429 47.389684
845000 46.851888 47.389048
846000 46.982822 47.388567
847000 47.108070 47.388236
848000 46.811715 47.387556
849000 46.817760 47.386885
850000 46.571259 47.385926
851000 46.770778 47.385203
852000 46.530049 47.384199
853000 46.907106 47.383640
854000 47.083382 47.383288
855000 46.753835 47.382552
856000 46.885387 47.381971
857000 47.216700 47.381778
858000 47.078454 47.381425
859000 47.169931 47.381179
860000 46.890869 47.380609
861000 47.271674 47.380482
862000 47.118005 47.380177
863000 47.370957 47.380167
864000 47.201358 47.379960
865000 47.297530 47.379865
866000 47.401900 47.379890
867000 47.448336 47.379969
868000 47.364757 47.379951
869000 46.976687 47.379487
870000 47.455477 47.379575
871000 47.427641 47.379630
872000 47.275003 47.379510
873000 47.429081 47.379567
874000 47.757431 47.379999
875000 47.522896 47.380162
876000 47.397425 47.380182
877000 47.511069 47.380331
878000 47.517637 47.380488
879000 47.223814 47.380309
880000 47.446909 47.380385
881000 47.429420 47.380441
882000 47.712163 47.380817
883000 47.474281 47.380923
884000 47.945294 47.381561
885000 47.752413 47.381980
886000 47.557686 47.382179
887000 47.014317 47.381764
888000 47.091627 47.381437
889000 47.428628 47.381490
890000 47.426357 47.381541
891000 47.047423 47.381166
892000 47.030740 47.380773
893000 47.322001 47.380707
894000 46.868829 47.380134
895000 46.894046 47.379591
896000 46.660649 47.378789
897000 46.755072 47.378093
898000 47.647128 47.378393
899000 46.985762 47.377956
900000 47.028291 47.377568
901000 46.728847 47.376848
902000 46.973610 47.376401
903000 47.186842 47.376191
904000 46.950510 47.375720
905000 46.882637 47.375175
906000 47.067518 47.374836
907000 47.248370 47.374696
908000 46.759255 47.374018
909000 47.011118 47.373619
910000 46.672047 47.372848
911000 47.035044 47.372477
912000 46.935749 47.371998
913000 46.812788 47.371386
914000 46.669821 47.370618
915000 46.929013 47.370136
916000 46.597882 47.369293
917000 46.604668 47.368459
918000 46.878481 47.367925
919000 46.655702 47.367150
920000 46.573940 47.366288
921000 47.029234 47.365922
922000 46.782125 47.365289
923000 46.262221 47.364094
924000 46.485820 47.363143
925000 46.741829 47.362471
926000 46.589397 47.361637
927000 46.507400 47.360715
928000 46.999665 47.360326
929000 47.189768 47.360142
930000 46.830401 47.359573
931000 46.804195 47.358976
932000 46.724483 47.358296
933000 46.838793 47.357739
934000 46.812537 47.357155
935000 47.098772 47.356879
936000 46.851627 47.356339
937000 46.891220 47.355842
938000 47.039622 47.355505
939000 47.047551 47.355177
940000 46.805521 47.354593
941000 46.814934 47.354019
942000 46.946615 47.353587
943000 46.778301 47.352977
944000 46.963776 47.352564
945000 46.844787 47.352027
946000 47.017294 47.351673
947000 46.987102 47.351288
948000 47.125210 47.351050
949000 47.099718 47.350785
950000 47.108487 47.350530
951000 47.559369 47.350749
952000 47.329572 47.350727
953000 46.920987 47.350276
954000 46.886956 47.349791
955000 46.796347 47.349211
956000 46.518128 47.348342
957000 46.790723 47.347759
958000 46.990266 47.347386
959000 47.173393 47.347204
960000 47.214577 47.347066
961000 47.226737 47.346941
962000 47.355849 47.346950
963000 47.540755 47.347152
964000 47.344808 47.347149
965000 47.368096 47.347171
966000 47.395935 47.347221
967000 47.134413 47.347001
968000 47.394257 47.347050
969000 47.236648 47.346936
970000 47.261837 47.346848
971000 47.101259 47.346595
972000 47.117103 47.346359
973000 47.191493 47.346200
974000 47.258580 47.346110
975000 47.492546 47.346260
976000 47.059543 47.345967
977000 47.067625 47.345682
978000 47.001383 47.345330
979000 47.113479 47.345093
980000 47.686229 47.345441
981000 47.444510 47.345542
982000 47.646595 47.345849
983000 47.497924 47.346003
984000 47.658717 47.346321
985000 47.456797 47.346433
986000 47.351596 47.346438
987000 47.542725 47.346637
988000 47.506427 47.346799
989000 47.259461 47.346711
990000 47.433703 47.346799
991000 47.510741 47.346964
992000 47.368701 47.346986
993000 47.252395 47.346891
994000 47.278300 47.346822
995000 47.106606 47.346580
996000 47.313984 47.346548
997000 47.741999 47.346944
998000 47.814672 47.347413
999000 47.577415 47.347643
1000000 47.718614 47.348014
1001000 47.745966 47.348412
1002000 48.034192 47.349096
1003000 47.681535 47.349427
1004000 47.526911 47.349604
1005000 47.485456 47.349739
1006000 47.768103 47.350155
1007000 47.782461 47.350585
1008000 47.760801 47.350992
1009000 47.561273 47.351200
1010000 47.751783 47.351597
1011000 47.398168 47.351643
1012000 47.492949 47.351782
1013000 47.669856 47.352096
1014000 47.266734 47.352012
1015000 47.423429 47.352082
1016000 47.463554 47.352192
1017000 47.475899 47.352314
1018000 47.267883 47.352231
1019000 47.247319 47.352128
1020000 47.409153 47.352184
1021000 47.512207 47.352341
1022000 47.785980 47.352765
1023000 47.382453 47.352794
1024000 47.772170 47.353203
1025000 47.724235 47.353565
1026000 47.886810 47.354085
1027000 47.393289 47.354123
1028000 47.519946 47.354285
1029000 47.267134 47.354200
1030000 47.407182 47.354251
1031000 47.635146 47.354524
1032000 47.730780 47.354888
1033000 47.639725 47.355164
1034000 47.860654 47.355653
1035000 47.771320 47.356055
1036000 47.848680 47.356530
1037000 47.759447 47.356919
1038000 47.792186 47.357338
1039000 47.829166 47.357792
1040000 47.687458 47.358109
1041000 47.505658 47.358251
1042000 47.730904 47.358608
1043000 47.983911 47.359208
1044000 48.171369 47.359986
1045000 47.731554 47.360341
1046000 47.364735 47.360346
1047000 47.497718 47.360477
1048000 47.683798 47.360785
1049000 47.635719 47.361047
1050000 47.675882 47.361347
1051000 47.621312 47.361595
1052000 47.667430 47.361885
1053000 47.407664 47.361929
1054000 47.353988 47.361921
1055000 47.247604 47.361813
1056000 47.328726 47.361782
1057000 47.367625 47.361787
1058000 47.370798 47.361796
1059000 47.473741 47.361901
1060000 47.234914 47.361782
1061000 47.550123 47.361959
1062000 47.157253 47.361766
1063000 47.255688 47.361667
1064000 47.320898 47.361628
1065000 47.332326 47.361601
1066000 47.206406 47.361455
1067000 47.278265 47.361377
1068000 47.549898 47.361554
1069000 47.753342 47.361920
1070000 47.253932 47.361819
1071000 47.414063 47.361868
1072000 47.537790 47.362032
1073000 47.582577 47.362238
1074000 47.539805 47.362403
1075000 47.330196 47.362373
1076000 47.134145 47.362161
1077000 47.009746 47.361834
1078000 47.686611 47.362135
1079000 47.396379 47.362167
1080000 47.519690 47.362313
1081000 47.361950 47.362312
1082000 47.752721 47.362673
1083000 47.700168 47.362985
1084000 47.653433 47.363253
1085000 47.808039 47.363663
1086000 48.011628 47.364259
1087000 48.330456 47.365148
1088000 48.040396 47.365769
1089000 48.037572 47.366386
1090000 48.135013 47.367091
1091000 47.771582 47.367462
1092000 47.841845 47.367896
1093000 47.554182 47.368066
1094000 47.534149 47.368218
1095000 47.848028 47.368656
1096000 47.708145 47.368966
1097000 47.628687 47.369203
1098000 47.382986 47.369215
1099000 47.632806 47.369455
1100000 47.529684 47.369601
1101000 47.722280 47.369921
1102000 47.706253 47.370227
1103000 47.963961 47.370765
1104000 48.050012 47.371380
1105000 47.790294 47.371759
1106000 47.470692 47.371849
1107000 47.622038 47.372075
1108000 47.550331 47.372236
1109000 47.553890 47.372399
1110000 47.715779 47.372709
1111000 47.723659 47.373025
1112000 47.388414 47.373038
1113000 47.542073 47.373190
1114000 47.662929 47.373450
1115000 47.703454 47.373746
1116000 47.478497 47.373840
1117000 47.720339 47.374150
1118000 47.646377 47.374394
1119000 47.763625 47.374742
1120000 47.687565 47.375021
1121000 47.582277 47.375206
1122000 47.486849 47.375305
1123000 47.668181 47.375566
1124000 47.532309 47.375706
1125000 47.346367 47.375680
1126000 47.461773 47.375756
1127000 47.312842 47.375700
1128000 47.481108 47.375794
1129000 47.550056 47.375948
1130000 47.537853 47.376091
1131000 47.677595 47.376358
1132000 47.754260 47.376692
1133000 47.612351 47.376900
1134000 47.410235 47.376929
1135000 47.776685 47.377281
1136000 47.641064 47.377514
1137000 47.593321 47.377703
1138000 47.672954 47.377963
1139000 47.174629 47.377784
1140000 47.456742 47.377854
1141000 47.351509 47.377830
1142000 47.403993 47.377853
1143000 47.376368 47.377852
1144000 47.388721 47.377862
1145000 47.472614 47.377944
1146000 47.585285 47.378125
1147000 47.421423 47.378163
1148000 47.525653 47.378291
1149000 47.917361 47.378761
1150000 47.538523 47.378900
1151000 47.859164 47.379317
1152000 47.362819 47.379302
1153000 47.497260 47.379405
1154000 47.454206 47.379470
1155000 47.469346 47.379547
1156000 47.093804 47.379300
1157000 47.312034 47.379242
1158000 47.371038 47.379235
1159000 47.078455 47.378975
1160000 47.130123 47.378761
1161000 47.215915 47.378621
1162000 47.093244 47.378375
1163000 47.013885 47.378062
1164000 47.186312 47.377897
1165000 47.241705 47.377780
1166000 46.751935 47.377243
1167000 47.023766 47.376940
1168000 47.181758 47.376773
1169000 46.783069 47.376265
1170000 46.927684 47.375882
1171000 46.993075 47.375555
1172000 47.431716 47.375603
1173000 47.286977 47.375528
1174000 47.118538 47.375309
1175000 47.539645 47.375448
1176000 47.489058 47.375545
1177000 47.586210 47.375724
1178000 47.718266 47.376015
1179000 47.459361 47.376086
1180000 47.161824 47.375904
1181000 47.579107 47.376076
1182000 47.544489 47.376218
1183000 47.506753 47.376329
1184000 47.767345 47.376659
1185000 47.503012 47.376766
1186000 47.463249 47.376839
1187000 47.666639 47.377083
1188000 47.590068 47.377262
1189000 47.577247 47.377430
1190000 47.778515 47.377767
1191000 47.652064 47.377998
1192000 47.546492 47.378139
1193000 47.910468 47.378585
1194000 47.769788 47.378913
1195000 47.432635 47.378958
1196000 47.299918 47.378892
1197000 47.219838 47.378759
1198000 47.239701 47.378643
1199000 47.416058 47.378674
1200000 47.275551 47.378588
1201000 47.323054 47.378542
1202000 47.418184 47.378575
1203000 47.652771 47.378803
1204000 47.159440 47.378620
1205000 47.706562 47.378893
1206000 47.476395 47.378973
1207000 47.756657 47.379286
1208000 47.399610 47.379303
1209000 47.358390 47.379286
1210000 47.712414 47.379561
1211000 47.957891 47.380039
1212000 47.599441 47.380220
1213000 47.504529 47.380322
1214000 47.622638 47.380522
1215000 47.916536 47.380963
1216000 47.684692 47.381213
1217000 47.482787 47.381296
1218000 47.403921 47.381315
1219000 47.701633 47.381578
1220000 47.946453 47.382041
1221000 47.655062 47.382264
1222000 47.392633 47.382273
1223000 47.505761 47.382374
1224000 47.399104 47.382387
1225000 47.363562 47.382372
1226000 47.459084 47.382435
1227000 47.548007 47.382570
1228000 47.586051 47.382735
1229000 47.837385 47.383105
1230000 47.705996 47.383368
1231000 47.501849 47.383464
1232000 47.599369 47.383639
1233000 47.554263 47.383778
1234000 47.588501 47.383943
1235000 47.433711 47.383984
1236000 47.409319 47.384004
1237000 47.575033 47.384159
1238000 47.481088 47.384237
1239000 47.219432 47.384104
1240000 47.102681 47.383877
1241000 47.401792 47.383891
1242000 47.293627 47.383819
1243000 46.914447 47.383441
1244000 46.966138 47.383106
1245000 47.186368 47.382948
1246000 47.004561 47.382644
1247000 47.168045 47.382472
1248000 46.898776 47.382084
1249000 46.791073 47.381611
1250000 47.311392 47.381555
1251000 47.442974 47.381604
1252000 47.295857 47.381536
1253000 47.217509 47.381405
1254000 47.233830 47.381287
1255000 47.354840 47.381266
1256000 47.372809 47.381259
1257000 47.208022 47.381121
1258000 47.414259 47.381148
1259000 47.130776 47.380949
1260000 47.164179 47.380777
1261000 47.203609 47.380636
1262000 47.218307 47.380508
1263000 47.174741 47.380345
1264000 47.290065 47.380273
1265000 47.415533 47.380301
1266000 47.464236 47.380367
1267000 47.490528 47.380454
1268000 47.187151 47.380302
1269000 47.433563 47.380344
1270000 47.230632 47.380226
1271000 47.570329 47.380376
1272000 47.364459 47.380363
1273000 47.465568 47.380430
1274000 47.818784 47.380774
1275000 47.542782 47.380901
1276000 47.540261 47.381026
1277000 47.704832 47.381280
1278000 47.849213 47.381646
1279000 47.404233 47.381663
1280000 47.826308 47.382011
1281000 47.432019 47.382050
1282000 47.574802 47.382200
1283000 47.500154 47.382292
1284000 47.641915 47.382494
1285000 47.567653 47.382638
1286000 47.617124 47.382821
1287000 47.569076 47.382966
1288000 47.806508 47.383294
1289000 47.453811 47.383349
1290000 47.994595 47.383823
1291000 47.403481 47.383838
1292000 47.402639 47.383853
1293000 47.469315 47.383919
1294000 47.395153 47.383927
1295000 47.444398 47.383974
1296000 47.019964 47.383693
1297000 46.925803 47.383340
1298000 46.807473 47.382897
1299000 47.164311 47.382728
1300000 47.369644 47.382718
1301000 47.466140 47.382782
1302000 47.376643 47.382778
1303000 47.200968 47.382638
1304000 47.553570 47.382769
1305000 47.225634 47.382649
1306000 47.632686 47.382840
1307000 47.426100 47.382873
1308000 47.933197 47.383294
1309000 47.491682 47.383377
1310000 47.570836 47.383520
1311000 47.549580 47.383647
1312000 47.398776 47.383658
1313000 47.308382 47.383601
1314000 47.609945 47.383773
1315000 47.569933 47.383915
1316000 47.330134 47.383874
1317000 47.342758 47.383843
1318000 47.788299 47.384149
1319000 47.398256 47.384160
1320000 47.466342 47.384222
1321000 47.596794 47.384383
1322000 47.568137 47.384522
1323000 47.749850 47.384798
1324000 47.823468 47.385130
1325000 47.710210 47.385375
1326000 47.602025 47.385539
1327000 47.558826 47.385669
1328000 47.432586 47.385704
1329000 47.597224 47.385864
1330000 47.803879 47.386178
1331000 47.564448 47.386312
1332000 47.609767 47.386480
1333000 47.470822 47.386543
1334000 47.309166 47.386485
1335000 47.441332 47.386526
1336000 47.548788 47.386647
1337000 47.253597 47.386548
1338000 47.374402 47.386539
1339000 46.823391 47.386118
1340000 46.731032 47.385629
1341000 46.711513 47.385127
1342000 46.844871 47.384724
1343000 46.771090 47.384267
1344000 46.541266 47.383640
1345000 46.489780 47.382975
1346000 46.977527 47.382674
1347000 46.854118 47.382282
1348000 46.754310 47.381816
1349000 46.782449 47.381372
1350000 47.186292 47.381227
1351000 46.710325 47.380730
1352000 46.937061 47.380402
1353000 47.151895 47.380233
1354000 46.987609 47.379943
1355000 47.086574 47.379727
1356000 47.064899 47.379495
1357000 47.336147 47.379463
1358000 47.059951 47.379228
1359000 47.058701 47.378992
1360000 46.782821 47.378553
1361000 47.128209 47.378369
1362000 47.274905 47.378293
1363000 47.631774 47.378479
1364000 47.076235 47.378258
1365000 47.022393 47.377997
1366000 46.759739 47.377545
1367000 47.040603 47.377298
1368000 46.994143 47.377018
1369000 46.852721 47.376635
1370000 47.260301 47.376550
1371000 47.278232 47.376478
1372000 47.199048 47.376349
1373000 47.472686 47.376419
1374000 47.526767 47.376529
1375000 47.555278 47.376659
1376000 47.529070 47.376769
1377000 47.241513 47.376671
1378000 47.465063 47.376735
1379000 47.648932 47.376933
1380000 47.273558 47.376858
1381000 47.678703 47.377076
1382000 47.587040 47.377228
1383000 47.607382 47.377395
1384000 47.611973 47.377564
1385000 47.494665 47.377649
1386000 47.471076 47.377716
1387000 47.511612 47.377813
1388000 47.484050 47.377889
1389000 47.454299 47.377944
1390000 47.364991 47.377935
1391000 47.699947 47.378166
1392000 47.514811 47.378265
1393000 47.322976 47.378225
1394000 47.593463 47.378379
1395000 47.523452 47.378483
1396000 47.508344 47.378576
1397000 47.980857 47.379007
1398000 47.500475 47.379094
1399000 47.712449 47.379333
1400000 47.694620 47.379558
1401000 47.480341 47.379630
1402000 47.523242 47.379732
1403000 47.467752 47.379795
1404000 47.546912 47.379914
1405000 47.386972 47.379919
1406000 47.176450 47.379774
1407000 47.153676 47.379614
1408000 47.227532 47.379506
1409000 47.545036 47.379623
1410000 47.545393 47.379741
1411000 47.239559 47.379641
1412000 47.431234 47.379678
1413000 47.170394 47.379530
1414000 47.037265 47.379288
1415000 46.702976 47.378810
1416000 46.820335 47.378415
1417000 47.144624 47.378250
1418000 46.866622 47.377889
1419000 47.117155 47.377706
1420000 47.025813 47.377458
1421000 47.281641 47.377390
1422000 47.116887 47.377207
1423000 47.103970 47.377015
1424000 47.028410 47.376770
1425000 47.087931 47.376568
1426000 46.939426 47.376261
1427000 46.712320 47.375796
1428000 46.836949 47.375419
1429000 47.043303 47.375186
1430000 47.098337 47.374993
1431000 47.160442 47.374843
1432000 46.871269 47.374491
1433000 47.025082 47.374247
1434000 47.091828 47.374050
1435000 46.976958 47.373773
1436000 47.045465 47.373545
1437000 47.344280 47.373524
1438000 47.152732 47.373371
1439000 47.268250 47.373298
1440000 47.168680 47.373156
1441000 46.837091 47.372784
1442000 46.544944 47.372210
1443000 46.838051 47.371840
1444000 46.832656 47.371466
1445000 47.067923 47.371256
1446000 47.286793 47.371198
1447000 47.226840 47.371098
1448000 46.957910 47.370813
1449000 47.158967 47.370666
1450000 47.199979 47.370549
1451000 47.116973 47.370374
1452000 47.339779 47.370353
1453000 47.414491 47.370383
1454000 47.301734 47.370336
1455000 47.150026 47.370185
1456000 46.877954 47.369846
1457000 46.991454 47.369587
1458000 46.901445 47.369266
1459000 46.915778 47.368955
1460000 46.989864 47.368695
1461000 46.777416 47.368290
1462000 46.902172 47.367972
1463000 47.238419 47.367883
1464000 47.283470 47.367825
1465000 47.570112 47.367964
1466000 47.264881 47.367893
1467000 47.259080 47.367819
1468000 47.284653 47.367762
1469000 47.218665 47.367661
1470000 47.312942 47.367624
1471000 47.341335 47.367606
1472000 47.658892 47.367804
1473000 47.659278 47.368002
1474000 47.667006 47.368204
1475000 47.467359 47.368272
1476000 47.599630 47.368428
1477000 47.791488 47.368715
1478000 47.559887 47.368844
1479000 47.632349 47.369022
1480000 47.500934 47.369111
1481000 47.541369 47.369228
1482000 47.379892 47.369235
1483000 47.543495 47.369352
1484000 47.788993 47.369635
1485000 47.568536 47.369769
1486000 47.552729 47.369892
1487000 47.536406 47.370004
1488000 47.768203 47.370272
1489000 47.693407 47.370489
1490000 47.405125 47.370512
1491000 47.334725 47.370488
1492000 47.425002 47.370525
1493000 47.205971 47.370414
1494000 47.222303 47.370315
1495000 47.657874 47.370508
1496000 47.597716 47.370660
1497000 47.370515 47.370659
1498000 47.725071 47.370896
1499000 47.275640 47.370833
1500000 47.561852 47.370960
1501000 47.333467 47.370935
1502000 47.382850 47.370943
1503000 47.321995 47.370910
1504000 47.034037 47.370686
1505000 47.370839 47.370686
1506000 47.087950 47.370499
1507000 47.241350 47.370413
1508000 46.934646 47.370124
1509000 47.178950 47.369997
1510000 47.396424 47.370015
1511000 47.619572 47.370180
1512000 47.610199 47.370339
1513000 48.125188 47.370838
1514000 47.594657 47.370985
1515000 48.166614 47.371511
1516000 47.973066 47.371907
1517000 47.935151 47.372279
1518000 47.364645 47.372274
1519000 48.081267 47.372740
1520000 47.818582 47.373034
1521000 47.779100 47.373301
1522000 47.779139 47.373567
1523000 47.845598 47.373877
1524000 48.055488 47.374325
1525000 47.676108 47.374522
1526000 47.564860 47.374647
1527000 47.876679 47.374976
1528000 47.303462 47.374929
1529000 47.680926 47.375129
1530000 47.651502 47.375310
1531000 47.864428 47.375629
1532000 47.407968 47.375650
1533000 47.746517 47.375892
1534000 47.528633 47.375992
1535000 47.538534 47.376098
1536000 47.406443 47.376118
1537000 47.161308 47.375978
1538000 47.236636 47.375887
1539000 47.149329 47.375740
1540000 47.433330 47.375777
1541000 47.531733 47.375879
1542000 47.281625 47.375817
1543000 47.600789 47.375963
1544000 47.334911 47.375937
1545000 47.390232 47.375946
1546000 47.390665 47.375955
1547000 47.555985 47.376072
1548000 47.660111 47.376255
1549000 47.446360 47.376301
1550000 47.411927 47.376324
1551000 47.533253 47.376425
1552000 47.900084 47.376762
1553000 47.860339 47.377074
1554000 48.271107 47.377649
1555000 47.959992 47.378023
1556000 48.080809 47.378475
1557000 47.667771 47.378661
1558000 47.795262 47.378928
1559000 47.817356 47.379209
1560000 47.741051 47.379441
1561000 48.108237 47.379908
1562000 48.103368 47.380371
1563000 47.496645 47.380446
1564000 47.615845 47.380596
1565000 47.679688 47.380787
1566000 47.966035 47.381161
1567000 47.553260 47.381271
1568000 47.512686 47.381355
1569000 47.337818 47.381327
1570000 47.381325 47.381327
1571000 47.122957 47.381163
1572000 47.361496 47.381150
1573000 47.712549 47.381361
1574000 47.495581 47.381433
1575000 47.601162 47.381573
1576000 47.502860 47.381650
1577000 47.224355 47.381550
1578000 47.455496 47.381597
1579000 47.582676 47.381724
1580000 47.843688 47.382017
1581000 47.583327 47.382144
1582000 47.141042 47.381992
1583000 47.424445 47.382018
1584000 47.258632 47.381940
1585000 47.302965 47.381891
1586000 47.610306 47.382035
1587000 47.550837 47.382141
1588000 47.454721 47.382187
1589000 47.619789 47.382336
1590000 47.744099 47.382564
1591000 47.531277 47.382657
1592000 47.726502 47.382873
1593000 47.503395 47.382949
1594000 47.630765 47.383104
1595000 47.971986 47.383474
1596000 47.851031 47.383767
1597000 48.154145 47.384249
1598000 48.092188 47.384692
1599000 47.946616 47.385043
1600000 48.047606 47.385457
1601000 47.870875 47.385761
1602000 48.117205 47.386217
1603000 47.992890 47.386596
1604000 47.787085 47.386845
1605000 47.893655 47.387161
1606000 47.714088 47.387365
1607000 47.888372 47.387677
1608000 48.276736 47.388229
1609000 47.984899 47.388600
1610000 48.138926 47.389066
1611000 47.943674 47.389411
1612000 47.986212 47.389781
1613000 47.842825 47.390062
1614000 47.782530 47.390305
1615000 47.671213 47.390479
1616000 47.751921 47.390702
1617000 47.411001 47.390715
1618000 47.509913 47.390789
1619000 47.674141 47.390964
1620000 48.110116 47.391408
1621000 48.055746 47.391817
1622000 47.913552 47.392139
1623000 47.740862 47.392354
1624000 47.577998 47.392468
1625000 47.758677 47.392694
1626000 47.642508 47.392847
1627000 47.601863 47.392976
1628000 47.647636 47.393132
1629000 47.528911 47.393215
1630000 47.294150 47.393155
1631000 47.629600 47.393300
1632000 47.678971 47.393475
1633000 47.690987 47.393657
1634000 47.665147 47.393823
1635000 47.792705 47.394067
1636000 47.641693 47.394218
1637000 47.519877 47.394295
1638000 47.473635 47.394344
1639000 47.573604 47.394453
1640000 47.649421 47.394608
1641000 47.430698 47.394630
1642000 47.776350 47.394863
1643000 47.696469 47.395046
1644000 47.693132 47.395228
1645000 47.825320 47.395489
1646000 47.902980 47.395798
1647000 48.235393 47.396307
1648000 48.039068 47.396697
1649000 47.685344 47.396872
1650000 48.310644 47.397426
1651000 47.986972 47.397783
1652000 48.269085 47.398311
1653000 48.268679 47.398837
1654000 48.130308 47.399279
1655000 48.099345 47.399702
1656000 48.278863 47.400233
1657000 47.834474 47.400495
1658000 48.161743 47.400955
1659000 47.981650 47.401305
1660000 48.049022 47.401695
1661000 47.877340 47.401981
1662000 48.257437 47.402496
1663000 48.241300 47.403000
1664000 47.632935 47.403138
1665000 47.734235 47.403337
1666000 47.589389 47.403449
1667000 47.594312 47.403563
1668000 48.058080 47.403956
1669000 47.882841 47.404243
1670000 47.956746 47.404574
1671000 47.663298 47.404728
1672000 48.041632 47.405109
1673000 47.814646 47.405354
1674000 48.022241 47.405723
1675000 47.855815 47.405991
1676000 47.945744 47.406313
1677000 47.961247 47.406644
1678000 47.510408 47.406706
1679000 47.426159 47.406718
1680000 47.566009 47.406813
1681000 47.735573 47.407008
1682000 47.611666 47.407130
1683000 47.687615 47.407296
1684000 47.539896 47.407375
1685000 47.363747 47.407349
1686000 47.300701 47.407286
1687000 47.458293 47.407316
1688000 47.313725 47.407261
1689000 47.699121 47.407434
1690000 47.490887 47.407483
1691000 47.672593 47.407640
1692000 47.575207 47.407739
1693000 47.687449 47.407904
1694000 47.800123 47.408136
1695000 47.859954 47.408402
1696000 47.565885 47.408495
1697000 47.458051 47.408524
1698000 47.844114 47.408781
1699000 47.712437 47.408959
1700000 47.760766 47.409166
1701000 47.923668 47.409469
1702000 47.430516 47.409481
1703000 47.468348 47.409516
1704000 47.521419 47.409582
1705000 47.518397 47.409645
1706000 47.501963 47.409699
1707000 47.910401 47.409993
1708000 47.701112 47.410163
1709000 47.577806 47.410261
1710000 47.659522 47.410407
1711000 47.507280 47.410464
1712000 47.681889 47.410622
1713000 47.723517 47.410805
1714000 47.686323 47.410966
1715000 47.355836 47.410933
1716000 47.563150 47.411022
1717000 47.258926 47.410934
1718000 47.219614 47.410822
1719000 47.391355 47.410811
1720000 47.340723 47.410770
1721000 47.429400 47.410781
1722000 47.282073 47.410706
1723000 47.616682 47.410826
1724000 47.406926 47.410824
1725000 47.849284 47.411078
1726000 47.545935 47.411156
1727000 47.662624 47.411301
1728000 47.443089 47.411320
1729000 47.599941 47.411429
1730000 47.346855 47.411392
1731000 47.284235 47.411318
1732000 47.318797 47.411265
1733000 47.372157 47.411242
1734000 47.539384 47.411316
1735000 47.502311 47.411369
1736000 47.671512 47.411518
1737000 48.090093 47.411909
1738000 47.715775 47.412084
1739000 47.176230 47.411948
1740000 47.560016 47.412033
1741000 47.655612 47.412173
1742000 47.661679 47.412316
1743000 47.553159 47.412397
1744000 47.553678 47.412478
1745000 47.367677 47.412453
1746000 47.489637 47.412497
1747000 47.590781 47.412599
1748000 47.796026 47.412818
1749000 47.531044 47.412886
1750000 47.743603 47.413075
1751000 47.672182 47.413223
1752000 47.863583 47.413480
1753000 47.876599 47.413744
1754000 47.747335 47.413934
1755000 47.812410 47.414161
1756000 47.741956 47.414348
1757000 47.998147 47.414680
1758000 47.730899 47.414860
1759000 47.644495 47.414991
1760000 47.712705 47.415160
1761000 47.843735 47.415403
1762000 48.169491 47.415831
1763000 48.025585 47.416177
1764000 47.815716 47.416403
1765000 47.717624 47.416574
1766000 47.911112 47.416854
1767000 48.023599 47.417198
1768000 47.732001 47.417376
1769000 48.075298 47.417748
1770000 48.088715 47.418127
1771000 48.047246 47.418482
1772000 47.811606 47.418704
1773000 47.673553 47.418847
1774000 47.953167 47.419149
1775000 47.660105 47.419284
1776000 47.873678 47.419540
1777000 47.906558 47.419814
1778000 47.681501 47.419961
1779000 47.847270 47.420202
1780000 47.768838 47.420398
1781000 47.782887 47.420601
1782000 47.402406 47.420591
1783000 47.592813 47.420687
1784000 47.649200 47.420816
1785000 47.673683 47.420957
1786000 47.360740 47.420923
1787000 47.424179 47.420925
1788000 47.409912 47.420919
1789000 47.532585 47.420982
1790000 47.318248 47.420924
1791000 47.513480 47.420976
1792000 47.443113 47.420988
1793000 47.471427 47.421016
1794000 47.088905 47.420831
1795000 47.223868 47.420721
1796000 47.321961 47.420667
1797000 47.042842 47.420456
1798000 47.155999 47.420309
1799000 47.477753 47.420341
1800000 47.382978 47.420320
1801000 47.631291 47.420437
1802000 47.726986 47.420608
1803000 47.555932 47.420683
1804000 47.588122 47.420775
1805000 47.662567 47.420909
1806000 47.874778 47.421161
1807000 47.656607 47.421291
1808000 47.737569 47.421466
1809000 47.715805 47.421629
1810000 47.859427 47.421871
1811000 47.838895 47.422101
1812000 47.789408 47.422304
1813000 47.519895 47.422357
1814000 47.578618 47.422444
1815000 47.968784 47.422745
1816000 47.896859 47.423006
1817000 48.115395 47.423387
1818000 47.922441 47.423661
1819000 47.543649 47.423727
1820000 47.515214 47.423777
1821000 47.776357 47.423971
1822000 47.731121 47.424140
1823000 47.625049 47.424250
1824000 47.754487 47.424431
1825000 47.617077 47.424536
1826000 47.763445 47.424722
1827000 47.701584 47.424874
1828000 47.482623 47.424905
1829000 47.451955 47.424920
1830000 47.491970 47.424957
1831000 47.601606 47.425053
1832000 47.757906 47.425235
1833000 47.841735 47.425462
1834000 47.642238 47.425580
1835000 47.656134 47.425706
1836000 47.675788 47.425842
1837000 47.451621 47.425856
1838000 47.688227 47.425999
1839000 47.711134 47.426154
1840000 47.292957 47.426081
1841000 47.813738 47.426292
1842000 47.545869 47.426357
1843000 47.765805 47.426541
1844000 47.670312 47.426673
1845000 47.711755 47.426828
1846000 47.641416 47.426944
1847000 47.211100 47.426827
1848000 47.366852 47.426795
1849000 47.574126 47.426874
1850000 47.243449 47.426775
1851000 46.989514 47.426539
1852000 47.213017 47.426424
1853000 46.850305 47.426113
1854000 47.054311 47.425912
1855000 46.871279 47.425613
1856000 47.180599 47.425481
1857000 47.015747 47.425261
1858000 47.454830 47.425277
1859000 47.606856 47.425374
1860000 47.533794 47.425433
1861000 47.468950 47.425456
1862000 47.455609 47.425472
1863000 47.543655 47.425536
1864000 47.478899 47.425564
1865000 47.677432 47.425699
1866000 47.450292 47.425712
1867000 47.432723 47.425716
1868000 47.469098 47.425739
1869000 47.849244 47.425966
1870000 47.771095 47.426151
1871000 47.734921 47.426316
1872000 47.282696 47.426239
1873000 47.467477 47.426261
1874000 47.664300 47.426388
1875000 47.735729 47.426553
1876000 47.732067 47.426716
1877000 47.791654 47.426910
1878000 47.725931 47.427069
1879000 48.124726 47.427441
1880000 48.186606 47.427844
1881000 47.883834 47.428087
1882000 47.905203 47.428340
1883000 48.232560 47.428768
1884000 47.724317 47.428924
1885000 47.783734 47.429113
1886000 47.743430 47.429279
1887000 47.753559 47.429451
1888000 47.434195 47.429454
1889000 47.289755 47.429380
1890000 47.709112 47.429528
1891000 47.664972 47.429652
1892000 47.581647 47.429733
1893000 47.375767 47.429704
1894000 47.233225 47.429600
1895000 47.568307 47.429673
1896000 47.386870 47.429651
1897000 47.393225 47.429632
1898000 47.662698 47.429755
1899000 47.568434 47.429828
1900000 47.256212 47.429736
1901000 47.886238 47.429976
1902000 47.689219 47.430113
1903000 47.522864 47.430161
1904000 47.542122 47.430220
1905000 47.589030 47.430304
1906000 47.599433 47.430392
1907000 47.620643 47.430492
1908000 47.458398 47.430507
1909000 47.662557 47.430628
1910000 47.157939 47.430485
1911000 47.632156 47.430591
1912000 47.309181 47.430527
1913000 47.499457 47.430563
1914000 47.322271 47.430507
1915000 47.390508 47.430486
1916000 47.439611 47.430491
1917000 47.447792 47.430500
1918000 47.446478 47.430508
1919000 47.071891 47.430321
1920000 47.193692 47.430198
1921000 46.826721 47.429884
1922000 46.821142 47.429567
1923000 46.766747 47.429222
1924000 47.134083 47.429069
1925000 46.496622 47.428585
1926000 46.509544 47.428108
1927000 46.707664 47.427734
1928000 46.497848 47.427251
1929000 46.629498 47.426838
1930000 46.806373 47.426516
1931000 47.129705 47.426363
1932000 47.044503 47.426165
1933000 47.351059 47.426126
1934000 46.935752 47.425873
1935000 46.981617 47.425643
1936000 47.204575 47.425529
1937000 46.999751 47.425309
1938000 46.840003 47.425007
1939000 47.007268 47.424791
1940000 47.334898 47.424745
1941000 46.797079 47.424422
1942000 47.039890 47.424224
1943000 46.757450 47.423881
1944000 47.036673 47.423681
1945000 47.064154 47.423497
1946000 47.096120 47.423328
1947000 47.236322 47.423232
1948000 47.072302 47.423052
1949000 47.062980 47.422867
1950000 47.119257 47.422712
1951000 47.176541 47.422586
1952000 47.209680 47.422476
1953000 47.060901 47.422291
1954000 46.944854 47.422047
1955000 47.262242 47.421965
1956000 47.518121 47.422014
1957000 47.346526 47.421976
1958000 47.092648 47.421808
1959000 46.998931 47.421592
1960000 47.094900 47.421425
1961000 47.013069 47.421217
1962000 46.851180 47.420926
1963000 47.058096 47.420741
1964000 46.797231 47.420424
1965000 46.707039 47.420061
1966000 46.719616 47.419705
1967000 46.680652 47.419329
1968000 46.659464 47.418943
1969000 46.588595 47.418521
1970000 46.590916 47.418101
1971000 46.218261 47.417492
1972000 46.256796 47.416904
1973000 46.270034 47.416322
1974000 46.382299 47.415799
1975000 46.593906 47.415382
1976000 46.947426 47.415146
1977000 46.958136 47.414914
1978000 47.171961 47.414792
1979000 47.189876 47.414678
1980000 46.857070 47.414396
1981000 46.978094 47.414176
1982000 47.345582 47.414141
1983000 46.870467 47.413867
1984000 46.869655 47.413593
1985000 46.617735 47.413192
1986000 46.772521 47.412869
1987000 47.238036 47.412782
1988000 46.992206 47.412570
1989000 46.892965 47.412309
1990000 47.265918 47.412235
1991000 47.174096 47.412116
1992000 46.938150 47.411878
1993000 46.875416 47.411608
1994000 46.959595 47.411382
1995000 47.107692 47.411230
1996000 47.038572 47.411043
1997000 46.484884 47.410579
1998000 46.732020 47.410239
1999000 47.114651 47.410092
2000000 46.539951 47.409656
