1000 16.212884 16.212884
2000 16.347129 16.280007
3000 16.168983 16.242999
4000 16.291024 16.255005
5000 15.779782 16.159961
6000 16.426381 16.204364
7000 16.520721 16.249558
8000 16.472106 16.277376
9000 16.617010 16.315113
10000 16.235682 16.307170
11000 16.420818 16.317502
12000 16.225055 16.309798
13000 16.395877 16.316419
14000 16.579657 16.335222
15000 16.825134 16.367883
16000 16.674054 16.387019
17000 16.571470 16.397869
18000 16.682014 16.413655
19000 16.709792 16.429241
20000 16.364234 16.425990
21000 16.585926 16.433606
22000 16.606614 16.441470
23000 16.828354 16.458291
24000 16.634076 16.465616
25000 16.708577 16.475334
26000 16.859917 16.490126
27000 16.896716 16.505185
28000 16.557391 16.507049
29000 17.125947 16.528391
30000 17.014050 16.544579
31000 17.182977 16.565173
32000 16.899791 16.575630
33000 17.058983 16.590277
34000 16.926558 16.600167
35000 17.043711 16.612840
36000 16.578511 16.611886
37000 16.646736 16.612828
38000 17.058740 16.624563
39000 17.170791 16.638569
40000 17.049103 16.648832
41000 17.405770 16.667294
42000 17.023134 16.675766
43000 17.112373 16.685920
44000 17.100427 16.695340
45000 17.066180 16.703581
46000 17.279425 16.716100
47000 16.909249 16.720209
48000 17.275440 16.731777
49000 17.396811 16.745349
50000 17.103802 16.752518
51000 17.216935 16.761624
52000 16.636848 16.759224
53000 16.710896 16.758313
54000 16.372245 16.751163
55000 16.661129 16.749526
56000 16.875629 16.751778
57000 17.112446 16.758106
58000 17.016888 16.762567
59000 17.318512 16.771990
60000 16.929830 16.774621
61000 17.339304 16.783878
62000 17.413629 16.794035
63000 17.531731 16.805745
64000 17.353117 16.814297
65000 17.297720 16.821735
66000 17.252206 16.828257
67000 17.382881 16.836535
68000 17.188761 16.841715
69000 17.594932 16.852631
70000 17.635210 16.863811
71000 17.335531 16.870454
72000 17.607351 16.880689
73000 17.620034 16.890817
74000 18.183996 16.908293
75000 17.907110 16.921610
76000 17.716969 16.932075
77000 17.935061 16.945101
78000 17.537188 16.952692
79000 18.089047 16.967076
80000 17.991463 16.979881
81000 17.869624 16.990866
82000 18.015302 17.003359
83000 17.992514 17.015276
84000 17.685809 17.023259
85000 17.739344 17.031683
86000 17.653879 17.038918
87000 17.455340 17.043705
88000 17.366311 17.047371
89000 17.755950 17.055332
90000 17.807194 17.063686
91000 17.933976 17.073250
92000 18.293183 17.086510
93000 18.142656 17.097866
94000 18.074080 17.108252
95000 17.920061 17.116797
96000 17.946050 17.125435
97000 17.939628 17.133829
98000 18.464730 17.147409
99000 18.468735 17.160756
100000 18.072067 17.169869
101000 17.984563 17.177935
102000 18.140206 17.187369
103000 17.754040 17.192871
104000 17.701246 17.197759
105000 17.937794 17.204807
106000 18.123129 17.213471
107000 17.528440 17.216414
108000 17.667177 17.220588
109000 17.864294 17.226494
110000 17.754965 17.231298
111000 17.646422 17.235038
112000 17.703789 17.239223
113000 17.927588 17.245315
114000 17.871315 17.250806
115000 17.966209 17.257027
116000 18.089824 17.264206
117000 17.569342 17.266814
118000 17.981403 17.272870
119000 18.135545 17.280119
120000 17.952685 17.285724
121000 18.303054 17.294132
122000 18.495760 17.303981
123000 18.215700 17.311394
124000 18.237421 17.318862
125000 18.366467 17.327242
126000 18.135915 17.333660
127000 18.462014 17.342545
128000 18.308367 17.350091
129000 18.116054 17.356028
130000 17.944139 17.360552
131000 17.907814 17.364730
132000 17.793441 17.367978
133000 17.707891 17.370533
134000 18.075459 17.375794
135000 18.319099 17.382781
136000 18.811857 17.393289
137000 18.472315 17.401165
138000 18.660752 17.410293
139000 18.614518 17.418956
140000 18.645961 17.427721
141000 18.329731 17.434118
142000 18.126921 17.438997
143000 18.403517 17.445742
144000 18.519402 17.453198
145000 18.410400 17.459799
146000 18.334588 17.465791
147000 18.547929 17.473152
148000 18.294358 17.478701
149000 18.327050 17.484395
150000 18.380101 17.490366
151000 18.445667 17.496692
152000 17.875709 17.499186
153000 17.981791 17.502340
154000 18.050203 17.505898
155000 18.342898 17.511298
156000 18.547966 17.517943
157000 17.932018 17.520581
158000 17.848671 17.522657
159000 18.282997 17.527439
160000 17.672647 17.528347
161000 17.503600 17.528193
162000 17.150887 17.525864
163000 17.920273 17.528284
164000 17.833633 17.530145
165000 18.009673 17.533052
166000 18.051106 17.536172
167000 18.264457 17.540533
168000 18.613146 17.546918
169000 18.696210 17.553719
170000 18.450404 17.558993
171000 18.051220 17.561872
172000 18.030949 17.564599
173000 17.479928 17.564109
174000 17.829053 17.565632
175000 17.899123 17.567538
176000 18.254555 17.571441
177000 18.464107 17.576485
178000 18.466917 17.581487
179000 17.948833 17.583539
180000 18.221293 17.587082
181000 17.901904 17.588822
182000 17.564546 17.588688
183000 17.672304 17.589145
184000 18.174548 17.592327
185000 17.848097 17.593709
186000 18.213747 17.597043
187000 18.315685 17.600886
188000 18.355393 17.604899
189000 17.942791 17.606687
190000 17.714794 17.607256
191000 18.158979 17.610145
192000 17.656501 17.610386
193000 17.673406 17.610713
194000 17.428204 17.609772
195000 17.919261 17.611359
196000 17.979581 17.613238
197000 17.939923 17.614896
198000 17.549254 17.614564
199000 17.783570 17.615414
200000 18.289734 17.618785
201000 18.280922 17.622079
202000 18.000311 17.623952
203000 18.340549 17.627482
204000 17.804653 17.628350
205000 18.253449 17.631400
206000 18.341937 17.634849
207000 18.384258 17.638469
208000 18.329073 17.641789
209000 18.695236 17.646830
210000 17.922505 17.648143
211000 17.931726 17.649487
212000 18.060392 17.651425
213000 18.314729 17.654539
214000 18.600363 17.658959
215000 18.262538 17.661766
216000 18.531952 17.665795
217000 18.419414 17.669268
218000 18.506626 17.673109
219000 18.406645 17.676458
220000 18.018068 17.678011
221000 18.164338 17.680211
222000 18.184270 17.682482
223000 18.342898 17.685443
224000 18.522925 17.689182
225000 18.620079 17.693320
226000 18.478224 17.696793
227000 18.445190 17.700089
228000 18.233067 17.702427
229000 18.107594 17.704196
230000 17.836811 17.704773
231000 17.746016 17.704952
232000 17.632081 17.704637
233000 17.827877 17.705166
234000 17.896867 17.705986
235000 18.205709 17.708112
236000 18.194128 17.710171
237000 18.109116 17.711855
238000 17.953173 17.712869
239000 18.181812 17.714831
240000 18.304962 17.717290
241000 18.080151 17.718795
242000 17.982876 17.719887
243000 17.828512 17.720334
244000 17.889376 17.721026
245000 17.796578 17.721335
246000 17.855557 17.721880
247000 18.052023 17.723217
248000 17.898939 17.723926
249000 18.210152 17.725878
250000 18.081845 17.727302
251000 18.077822 17.728699
252000 18.010738 17.729818
253000 18.403005 17.732479
254000 17.962835 17.733386
255000 18.744501 17.737351
256000 18.640835 17.740880
257000 18.921095 17.745472
258000 18.880133 17.749870
259000 18.609460 17.753189
260000 19.240824 17.758911
261000 19.138959 17.764198
262000 19.111698 17.769341
263000 18.778961 17.773180
264000 18.767130 17.776945
265000 18.718798 17.780499
266000 18.841162 17.784487
267000 19.038250 17.789183
268000 19.159175 17.794294
269000 18.829330 17.798142
270000 18.910269 17.802261
271000 18.710838 17.805614
272000 18.614707 17.808588
273000 18.597789 17.811479
274000 18.573392 17.814260
275000 18.971099 17.818467
276000 18.657859 17.821508
277000 18.520408 17.824031
278000 18.686944 17.827135
279000 18.558684 17.829757
280000 18.269707 17.831328
281000 18.430372 17.833460
282000 18.539321 17.835963
283000 18.422119 17.838034
284000 18.652785 17.840903
285000 18.962227 17.844838
286000 18.288074 17.846388
287000 18.653913 17.849201
288000 18.391206 17.851083
289000 18.130456 17.852050
290000 17.984521 17.852507
291000 17.808445 17.852355
292000 18.414243 17.854280
293000 18.633158 17.856938
294000 18.898100 17.860479
295000 18.686560 17.863279
296000 18.819003 17.866508
297000 18.758861 17.869513
298000 18.956700 17.873161
299000 18.655292 17.875777
300000 18.763352 17.878736
301000 18.593698 17.881111
302000 18.904254 17.884499
303000 18.718382 17.887251
304000 18.833717 17.890364
305000 19.121995 17.894402
306000 19.020033 17.898081
307000 18.721844 17.900764
308000 19.085681 17.904611
309000 19.308085 17.909153
310000 19.454947 17.914140
311000 18.970282 17.917536
312000 18.770102 17.920268
313000 18.775184 17.923000
314000 19.096121 17.926736
315000 19.082371 17.930404
316000 18.933192 17.933578
317000 18.771968 17.936222
318000 18.989424 17.939534
319000 19.230212 17.943580
320000 19.210276 17.947539
321000 18.830639 17.950290
322000 18.629413 17.952399
323000 18.661968 17.954596
324000 18.558636 17.956460
325000 17.805016 17.955994
326000 18.289132 17.957016
327000 18.258570 17.957938
328000 18.215205 17.958723
329000 18.434441 17.960169
330000 18.167590 17.960797
331000 18.234996 17.961625
332000 17.913886 17.961482
333000 18.201862 17.962204
334000 18.231485 17.963010
335000 18.060338 17.963300
336000 18.214168 17.964047
337000 18.148013 17.964593
338000 17.820270 17.964166
339000 18.121753 17.964631
340000 17.716549 17.963901
341000 17.379849 17.962188
342000 17.643632 17.961257
343000 17.652610 17.960357
344000 17.994247 17.960455
345000 18.187402 17.961113
346000 17.908664 17.960962
347000 17.915969 17.960832
348000 17.970156 17.960859
349000 17.917465 17.960735
350000 17.836801 17.960380
351000 17.941456 17.960327
352000 18.016242 17.960485
353000 18.229797 17.961248
354000 18.096448 17.961630
355000 17.810181 17.961204
356000 17.320308 17.959403
357000 18.028090 17.959596
358000 17.948961 17.959566
359000 18.082712 17.959909
360000 18.201556 17.960580
361000 18.150558 17.961107
362000 17.733978 17.960479
363000 17.525283 17.959280
364000 17.823867 17.958908
365000 17.597611 17.957918
366000 17.829733 17.957568
367000 17.576024 17.956528
368000 17.317128 17.954791
369000 17.338340 17.953120
370000 17.344317 17.951475
371000 16.868419 17.948556
372000 17.081278 17.946224
373000 17.252828 17.944365
374000 16.999094 17.941838
375000 17.775881 17.941395
376000 17.857609 17.941172
377000 17.964341 17.941234
378000 17.816782 17.940905
379000 18.095672 17.941313
380000 18.127926 17.941804
381000 17.888240 17.941664
382000 18.418398 17.942912
383000 17.900691 17.942801
384000 18.295855 17.943721
385000 18.413181 17.944940
386000 18.381492 17.946071
387000 18.408493 17.947266
388000 18.141173 17.947766
389000 18.400022 17.948928
390000 18.201099 17.949575
391000 17.433356 17.948255
392000 18.412446 17.949439
393000 18.277990 17.950275
394000 18.224172 17.950970
395000 18.286694 17.951820
396000 18.125242 17.952258
397000 17.530650 17.951196
398000 17.902723 17.951074
399000 18.372160 17.952129
400000 18.115664 17.952538
401000 18.053164 17.952789
402000 17.997505 17.952900
403000 18.296686 17.953753
404000 18.350205 17.954735
405000 18.739446 17.956672
406000 18.616145 17.958297
407000 18.263512 17.959047
408000 18.476928 17.960316
409000 18.697253 17.962118
410000 18.771960 17.964093
411000 18.465726 17.965313
412000 18.760987 17.967245
413000 18.474538 17.968473
414000 18.126463 17.968855
415000 18.641385 17.970475
416000 19.142462 17.973292
417000 19.048484 17.975871
418000 18.993209 17.978305
419000 18.550976 17.979671
420000 19.163028 17.982489
421000 18.716383 17.984232
422000 19.230949 17.987186
423000 18.765259 17.989026
424000 19.399945 17.992354
425000 19.370726 17.995597
426000 19.215145 17.998460
427000 19.315539 18.001544
428000 19.337332 18.004665
429000 19.355234 18.007813
430000 18.826534 18.009717
431000 19.157866 18.012381
432000 18.814934 18.014239
433000 18.746158 18.015929
434000 19.038080 18.018284
435000 18.469169 18.019321
436000 18.174937 18.019678
437000 18.423040 18.020601
438000 18.509083 18.021716
439000 18.632636 18.023108
440000 18.835122 18.024953
441000 19.301961 18.027849
442000 18.974041 18.029990
443000 18.850493 18.031842
444000 18.754975 18.033470
445000 18.933070 18.035492
446000 19.267791 18.038255
447000 19.014484 18.040439
448000 19.203909 18.043036
449000 18.952845 18.045062
450000 18.792599 18.046724
451000 19.012079 18.048864
452000 19.256612 18.051536
453000 19.095221 18.053840
454000 19.103053 18.056151
455000 19.332604 18.058956
456000 18.846392 18.060683
457000 19.399169 18.063612
458000 18.815685 18.065254
459000 19.050463 18.067401
460000 19.085671 18.069614
461000 18.764002 18.071120
462000 18.778829 18.072652
463000 19.265352 18.075228
464000 18.904310 18.077015
465000 18.964589 18.078924
466000 19.047252 18.081002
467000 19.240568 18.083485
468000 19.454711 18.086415
469000 19.303063 18.089009
470000 18.956892 18.090856
471000 19.048279 18.092888
472000 19.170355 18.095171
473000 19.069363 18.097231
474000 18.764852 18.098639
475000 18.765340 18.100043
476000 19.409801 18.102794
477000 19.580830 18.105893
478000 18.981198 18.107724
479000 19.569129 18.110775
480000 19.216880 18.113079
481000 19.598839 18.116168
482000 19.410421 18.118854
483000 19.083251 18.120850
484000 19.385612 18.123463
485000 19.345646 18.125983
486000 19.203059 18.128200
487000 19.331035 18.130669
488000 19.885396 18.134265
489000 19.892420 18.137861
490000 19.819963 18.141293
491000 19.999926 18.145079
492000 19.558910 18.147952
493000 20.052891 18.151816
494000 19.779222 18.155111
495000 20.204421 18.159251
496000 20.402125 18.163773
497000 20.163627 18.167797
498000 20.228405 18.171934
499000 20.250181 18.176099
500000 19.735968 18.179219
501000 19.975211 18.182804
502000 19.930204 18.186285
503000 20.337155 18.190561
504000 20.555410 18.195253
505000 20.273957 18.199369
506000 20.436903 18.203791
507000 20.718185 18.208750
508000 20.334158 18.212934
509000 20.304991 18.217044
510000 20.534469 18.221588
511000 20.261767 18.225581
512000 20.024197 18.229094
513000 19.557297 18.231683
514000 19.814859 18.234763
515000 19.933315 18.238061
516000 20.264897 18.241989
517000 20.239350 18.245853
518000 20.225017 18.249673
519000 20.245352 18.253519
520000 20.120688 18.257109
521000 20.288563 18.261008
522000 20.380878 18.265070
523000 20.020184 18.268425
524000 19.613689 18.270993
525000 19.705150 18.273724
526000 19.856672 18.276734
527000 20.059041 18.280116
528000 19.869337 18.283126
529000 19.581896 18.285581
530000 20.140726 18.289081
531000 20.206022 18.292691
532000 20.153409 18.296189
533000 19.975486 18.299339
534000 20.272965 18.303035
535000 20.193021 18.306568
536000 20.777388 18.311178
537000 20.377146 18.315025
538000 20.101110 18.318345
539000 20.276431 18.321978
540000 19.936860 18.324968
541000 20.031462 18.328123
542000 19.707713 18.330668
543000 19.959523 18.333668
544000 19.473312 18.335763
545000 19.507327 18.337912
546000 19.673577 18.340358
547000 19.631617 18.342719
548000 19.589742 18.344995
549000 20.107375 18.348205
550000 20.084241 18.351361
551000 20.043464 18.354432
552000 20.367396 18.358079
553000 20.326224 18.361638
554000 20.495895 18.365490
555000 20.650700 18.369608
556000 20.163117 18.372834
557000 20.120111 18.375971
558000 20.018596 18.378914
559000 20.355480 18.382450
560000 20.103869 18.385524
561000 20.106109 18.388591
562000 19.843225 18.391180
563000 19.710781 18.393523
564000 19.717283 18.395870
565000 19.832634 18.398413
566000 19.674646 18.400668
567000 19.645090 18.402863
568000 19.660267 18.405077
569000 19.781268 18.407495
570000 19.854800 18.410034
571000 19.656938 18.412218
572000 19.608312 18.414309
573000 19.595255 18.416370
574000 19.765196 18.418720
575000 19.705545 18.420958
576000 19.807567 18.423365
577000 19.505381 18.425241
578000 19.403620 18.426933
579000 19.868725 18.429423
580000 19.833859 18.431845
581000 19.553417 18.433775
582000 19.871983 18.436246
583000 20.002211 18.438933
584000 19.880364 18.441401
585000 19.759611 18.443654
586000 20.247805 18.446733
587000 20.081123 18.449517
588000 19.861268 18.451918
589000 19.794777 18.454198
590000 19.753228 18.456400
591000 20.296769 18.459514
592000 20.319891 18.462656
593000 20.389528 18.465906
594000 20.025116 18.468531
595000 20.126858 18.471318
596000 20.305919 18.474396
597000 20.132188 18.477173
598000 20.174108 18.480010
599000 19.821561 18.482250
600000 20.302061 18.485283
601000 20.233792 18.488192
602000 19.738132 18.490269
603000 20.067890 18.492885
604000 20.527371 18.496253
605000 19.920851 18.498608
606000 20.572808 18.502031
607000 20.407986 18.505171
608000 20.844362 18.509018
609000 20.580521 18.512420
610000 20.898317 18.516331
611000 20.920791 18.520266
612000 20.752096 18.523913
613000 20.676530 18.527425
614000 20.883937 18.531263
615000 20.875658 18.535075
616000 20.516673 18.538291
617000 20.391957 18.541296
618000 20.809885 18.544967
619000 20.320908 18.547836
620000 20.994078 18.551781
621000 20.518239 18.554948
622000 20.165949 18.557538
623000 20.638944 18.560879
624000 20.832520 18.564519
625000 20.865237 18.568200
626000 20.711448 18.571624
627000 20.672555 18.574975
628000 20.422881 18.577917
629000 20.809752 18.581466
630000 21.089836 18.585447
631000 20.997727 18.589270
632000 20.889829 18.592910
633000 21.070101 18.596824
634000 20.679841 18.600109
635000 20.915389 18.603755
636000 20.665182 18.606997
637000 20.526588 18.610010
638000 20.402630 18.612820
639000 20.487191 18.615753
640000 20.591300 18.618840
641000 20.770270 18.622196
642000 20.645436 18.625348
643000 20.794476 18.628721
644000 20.642735 18.631849
645000 20.409979 18.634605
646000 20.256934 18.637117
647000 20.611405 18.640168
648000 20.663315 18.643290
649000 20.433400 18.646049
650000 20.138637 18.648345
651000 20.281856 18.650854
652000 20.149187 18.653152
653000 19.939933 18.655123
654000 20.133558 18.657383
655000 20.212141 18.659757
656000 20.423883 18.662446
657000 20.102066 18.664637
658000 19.821368 18.666395
659000 20.133274 18.668621
660000 19.872141 18.670445
661000 20.106120 18.672617
662000 20.283708 18.675050
663000 20.164659 18.677297
664000 20.128816 18.679483
665000 19.687229 18.680999
666000 20.122083 18.683162
667000 19.998628 18.685135
668000 20.221053 18.687434
669000 20.217193 18.689720
670000 20.203228 18.691979
671000 19.883446 18.693755
672000 19.360202 18.694747
673000 20.059190 18.696774
674000 20.426010 18.699340
675000 20.233271 18.701612
676000 20.325689 18.704015
677000 20.475399 18.706631
678000 20.804789 18.709726
679000 20.318152 18.712095
680000 20.202975 18.714287
681000 20.492938 18.716899
682000 20.520900 18.719544
683000 20.799668 18.722590
684000 20.423473 18.725077
685000 20.596333 18.727808
686000 20.032616 18.729710
687000 20.378312 18.732110
688000 19.820264 18.733692
689000 20.026759 18.735568
690000 19.758099 18.737050
691000 20.235433 18.739219
692000 19.955106 18.740976
693000 20.707552 18.743814
694000 20.651270 18.746562
695000 20.295411 18.748791
696000 20.402198 18.751166
697000 20.661675 18.753907
698000 20.465712 18.756360
699000 20.542910 18.758916
700000 20.451426 18.761333
701000 20.064642 18.763193
702000 20.200171 18.765240
703000 19.932274 18.766900
704000 20.305651 18.769085
705000 19.977100 18.770799
706000 19.958353 18.772481
707000 20.104086 18.774364
708000 20.126010 18.776274
709000 20.108667 18.778153
710000 20.266168 18.780249
711000 20.342468 18.782446
712000 20.267377 18.784531
713000 20.165402 18.786468
714000 20.161623 18.788394
715000 20.296205 18.790503
716000 19.916044 18.792075
717000 20.001628 18.793762
718000 19.758947 18.795106
719000 19.993094 18.796772
720000 19.475147 18.797715
721000 19.262577 18.798359
722000 19.680611 18.799581
723000 19.617619 18.800713
724000 19.317693 18.801427
725000 19.377256 18.802221
726000 19.002769 18.802497
727000 18.839554 18.802548
728000 19.046489 18.802883
729000 19.236941 18.803479
730000 19.700535 18.804708
731000 19.374071 18.805486
732000 19.429176 18.806338
733000 19.551408 18.807355
734000 19.698974 18.808570
735000 19.360343 18.809320
736000 19.430055 18.810164
737000 19.637853 18.811287
738000 19.409634 18.812098
739000 19.662276 18.813248
740000 19.581137 18.814286
741000 19.349078 18.815007
742000 19.184125 18.815505
743000 18.854079 18.815557
744000 19.171721 18.816036
745000 19.468075 18.816911
746000 19.640768 18.818015
747000 19.180312 18.818500
748000 18.928417 18.818647
749000 19.650855 18.819758
750000 19.530087 18.820705
751000 19.442317 18.821533
752000 19.199779 18.822036
753000 19.463792 18.822888
754000 19.248983 18.823453
755000 18.862797 18.823505
756000 19.157779 18.823948
757000 19.414016 18.824727
758000 19.448861 18.825551
759000 19.173208 18.826009
760000 19.321362 18.826660
761000 19.341281 18.827337
762000 19.261404 18.827906
763000 19.682860 18.829027
764000 19.236251 18.829560
765000 19.317033 18.830197
766000 18.891741 18.830277
767000 18.928023 18.830405
768000 18.994678 18.830619
769000 18.822684 18.830608
770000 18.608594 18.830320
771000 18.566227 18.829977
772000 18.273052 18.829256
773000 18.736612 18.829136
774000 18.239789 18.828375
775000 18.147629 18.827496
776000 18.023467 18.826460
777000 17.944592 18.825325
778000 17.957941 18.824210
779000 18.043707 18.823208
780000 18.506561 18.822803
781000 18.325947 18.822166
782000 18.316692 18.821520
783000 18.175585 18.820695
784000 18.588900 18.820399
785000 18.500638 18.819992
786000 18.349735 18.819394
787000 18.080866 18.818455
788000 17.883187 18.817268
789000 17.567075 18.815684
790000 17.866130 18.814482
791000 17.984818 18.813433
792000 18.230417 18.812697
793000 18.314434 18.812069
794000 18.782432 18.812031
795000 18.469292 18.811600
796000 18.161486 18.810783
797000 18.241238 18.810069
798000 18.836223 18.810102
799000 18.853330 18.810156
800000 18.659827 18.809968
801000 18.404591 18.809462
802000 18.550697 18.809139
803000 18.718221 18.809026
804000 18.733146 18.808931
805000 18.532831 18.808588
806000 18.295837 18.807952
807000 18.382925 18.807426
808000 18.381281 18.806898
809000 18.364363 18.806351
810000 18.488397 18.805959
811000 18.290984 18.805324
812000 18.569557 18.805033
813000 18.542030 18.804710
814000 17.889741 18.803586
815000 17.864037 18.802433
816000 17.924597 18.801357
817000 18.300698 18.800744
818000 18.167857 18.799971
819000 18.325755 18.799392
820000 18.415505 18.798924
821000 18.723931 18.798832
822000 18.160293 18.798055
823000 18.289784 18.797438
824000 18.071013 18.796556
825000 18.385553 18.796058
826000 18.526371 18.795732
827000 18.216310 18.795031
828000 18.377553 18.794527
829000 18.045156 18.793623
830000 18.455491 18.793215
831000 18.192634 18.792493
832000 18.367479 18.791982
833000 18.492236 18.791622
834000 18.569509 18.791356
835000 18.581293 18.791104
836000 18.526789 18.790788
837000 18.621937 18.790586
838000 18.395476 18.790115
839000 18.943029 18.790297
840000 18.372925 18.789800
841000 18.712765 18.789708
842000 18.735327 18.789644
843000 18.650218 18.789478
844000 18.607076 18.789262
845000 18.877277 18.789367
846000 18.876282 18.789469
847000 18.506791 18.789136
848000 18.820259 18.789172
849000 18.997575 18.789418
850000 18.830266 18.789466
851000 18.944129 18.789647
852000 18.602340 18.789428
853000 18.578922 18.789181
854000 18.377405 18.788699
855000 18.558778 18.788430
856000 18.820931 18.788468
857000 18.551667 18.788191
858000 18.528277 18.787888
859000 18.084651 18.787070
860000 17.915341 18.786056
861000 18.315682 18.785510
862000 18.660247 18.785365
863000 18.633676 18.785189
864000 18.489662 18.784847
865000 18.206933 18.784179
866000 18.650769 18.784025
867000 18.554538 18.783760
868000 18.598069 18.783546
869000 18.554289 18.783282
870000 18.545131 18.783008
871000 18.873669 18.783112
872000 18.451645 18.782732
873000 19.021964 18.783006
874000 18.852072 18.783085
875000 19.124475 18.783476
876000 19.435002 18.784219
877000 19.878168 18.785467
878000 19.484343 18.786263
879000 19.295184 18.786842
880000 19.055991 18.787148
881000 19.091048 18.787492
882000 18.734934 18.787433
883000 18.634481 18.787260
884000 19.212449 18.787741
885000 19.130399 18.788128
886000 18.995066 18.788361
887000 19.340710 18.788984
888000 18.982068 18.789202
889000 18.760601 18.789169
890000 19.011324 18.789419
891000 19.036428 18.789696
892000 18.823213 18.789734
893000 19.260617 18.790261
894000 18.905077 18.790390
895000 18.971778 18.790592
896000 19.220429 18.791072
897000 19.095782 18.791412
898000 18.581007 18.791177
899000 18.596884 18.790961
900000 18.816042 18.790989
901000 18.478246 18.790642
902000 18.254533 18.790048
903000 18.296868 18.789501
904000 18.688755 18.789390
905000 18.453084 18.789018
906000 18.521786 18.788723
907000 17.973894 18.787825
908000 18.000007 18.786957
909000 18.151383 18.786258
910000 17.914125 18.785300
911000 17.769021 18.784184
912000 17.623194 18.782911
913000 17.635880 18.781655
914000 18.030438 18.780833
915000 18.154423 18.780148
916000 17.502117 18.778753
917000 17.578757 18.777445
918000 17.652747 18.776219
919000 17.804211 18.775162
920000 17.824768 18.774129
921000 17.831117 18.773105
922000 18.510081 18.772820
923000 18.088461 18.772078
924000 17.801253 18.771027
925000 17.801313 18.769979
926000 17.807143 18.768939
927000 17.836824 18.767934
928000 18.126594 18.767243
929000 18.365291 18.766810
930000 18.517377 18.766542
931000 18.041763 18.765763
932000 18.395467 18.765366
933000 18.376520 18.764949
934000 18.484975 18.764649
935000 18.570979 18.764442
936000 18.898541 18.764586
937000 19.059262 18.764900
938000 18.827415 18.764967
939000 19.127805 18.765353
940000 18.964021 18.765564
941000 18.952606 18.765763
942000 19.006447 18.766019
943000 18.952856 18.766217
944000 19.163496 18.766638
945000 19.137870 18.767031
946000 19.276619 18.767569
947000 19.925601 18.768792
948000 19.715733 18.769791
949000 19.403717 18.770459
950000 19.139764 18.770848
951000 19.902545 18.772038
952000 19.440600 18.772740
953000 19.656739 18.773668
954000 19.846115 18.774792
955000 19.649561 18.775708
956000 19.776828 18.776755
957000 19.560843 18.777574
958000 19.759214 18.778599
959000 19.720674 18.779581
960000 19.131161 18.779947
961000 19.578362 18.780778
962000 19.237903 18.781253
963000 19.337889 18.781832
964000 19.067915 18.782128
965000 19.408664 18.782778
966000 19.046858 18.783051
967000 18.912936 18.783185
968000 18.537879 18.782932
969000 18.690971 18.782837
970000 19.236137 18.783304
971000 19.298404 18.783835
972000 19.059740 18.784119
973000 19.170304 18.784515
974000 19.584220 18.785337
975000 19.537100 18.786108
976000 19.482530 18.786821
977000 19.609144 18.787663
978000 19.117208 18.788000
979000 19.544989 18.788773
980000 19.233981 18.789227
981000 19.656571 18.790111
982000 18.908245 18.790232
983000 19.010237 18.790456
984000 19.050537 18.790720
985000 19.436946 18.791376
986000 19.075040 18.791664
987000 19.025208 18.791900
988000 19.423586 18.792540
989000 19.442829 18.793197
990000 19.444683 18.793855
991000 18.884605 18.793947
992000 19.447715 18.794606
993000 19.233745 18.795048
994000 19.082838 18.795338
995000 19.092534 18.795636
996000 19.416192 18.796259
997000 19.168006 18.796632
998000 19.106332 18.796942
999000 19.032681 18.797178
1000000 18.744656 18.797126
