1000 0.949252 0.949252
2000 0.943503 0.946377
3000 0.958600 0.950452
4000 0.948776 0.950033
5000 0.937176 0.947461
6000 0.945257 0.947094
7000 0.950985 0.947650
8000 0.944208 0.947220
9000 0.945350 0.947012
10000 0.940456 0.946356
11000 0.945608 0.946288
12000 0.930050 0.944935
13000 0.953725 0.945611
14000 0.951057 0.946000
15000 0.945612 0.945974
16000 0.953302 0.946432
17000 0.953858 0.946869
18000 0.953323 0.947228
19000 0.952955 0.947529
20000 0.943548 0.947330
21000 0.942691 0.947109
22000 0.937165 0.946657
23000 0.945069 0.946588
24000 0.944232 0.946490
25000 0.944570 0.946413
26000 0.944241 0.946330
27000 0.950437 0.946482
28000 0.951475 0.946660
29000 0.954614 0.946934
30000 0.960360 0.947382
31000 0.947111 0.947373
32000 0.942418 0.947218
33000 0.950736 0.947325
34000 0.945002 0.947257
35000 0.949093 0.947309
36000 0.948745 0.947349
37000 0.947502 0.947353
38000 0.947739 0.947363
39000 0.939887 0.947171
40000 0.940238 0.946998
41000 0.940233 0.946833
42000 0.943528 0.946754
43000 0.940565 0.946611
44000 0.933084 0.946303
45000 0.952194 0.946434
46000 0.950220 0.946516
47000 0.946320 0.946512
48000 0.947897 0.946541
49000 0.951855 0.946649
50000 0.954530 0.946807
51000 0.942675 0.946726
52000 0.934279 0.946487
53000 0.937182 0.946311
54000 0.942134 0.946234
55000 0.947986 0.946266
56000 0.945318 0.946249
57000 0.933548 0.946026
58000 0.939225 0.945909
59000 0.936131 0.945743
60000 0.937376 0.945603
61000 0.933057 0.945398
62000 0.945472 0.945399
63000 0.942117 0.945347
64000 0.937041 0.945217
65000 0.937864 0.945104
66000 0.932729 0.944916
67000 0.936391 0.944789
68000 0.941262 0.944737
69000 0.939211 0.944657
70000 0.940707 0.944601
71000 0.935012 0.944466
72000 0.936571 0.944356
73000 0.941670 0.944319
74000 0.930700 0.944135
75000 0.937852 0.944052
76000 0.929951 0.943866
77000 0.925327 0.943625
78000 0.931102 0.943465
79000 0.938848 0.943406
80000 0.929450 0.943232
81000 0.936438 0.943148
82000 0.938554 0.943092
83000 0.923292 0.942853
84000 0.941128 0.942833
85000 0.934293 0.942732
86000 0.942236 0.942727
87000 0.943352 0.942734
88000 0.939707 0.942699
89000 0.946257 0.942739
90000 0.945260 0.942767
91000 0.941254 0.942751
92000 0.944754 0.942772
93000 0.924905 0.942580
94000 0.939601 0.942549
95000 0.934935 0.942469
96000 0.934500 0.942386
97000 0.940827 0.942369
98000 0.937578 0.942321
99000 0.942368 0.942321
100000 0.940431 0.942302
101000 0.943032 0.942309
102000 0.939935 0.942286
103000 0.917420 0.942045
104000 0.938712 0.942013
105000 0.921984 0.941822
106000 0.928943 0.941700
107000 0.941081 0.941695
108000 0.925883 0.941548
109000 0.935580 0.941493
110000 0.936307 0.941446
111000 0.941016 0.941442
112000 0.928251 0.941325
113000 0.934857 0.941267
114000 0.936661 0.941227
115000 0.931763 0.941145
116000 0.935234 0.941094
117000 0.941925 0.941101
118000 0.942960 0.941117
119000 0.937297 0.941084
120000 0.935898 0.941041
121000 0.921364 0.940879
122000 0.926356 0.940760
123000 0.928638 0.940661
124000 0.935025 0.940616
125000 0.941167 0.940620
126000 0.923587 0.940485
127000 0.923386 0.940350
128000 0.920373 0.940194
129000 0.915734 0.940004
130000 0.921248 0.939860
131000 0.934709 0.939821
132000 0.927329 0.939726
133000 0.939009 0.939721
134000 0.926034 0.939619
135000 0.931602 0.939559
136000 0.945838 0.939605
137000 0.947731 0.939665
138000 0.936543 0.939642
139000 0.943121 0.939667
140000 0.939070 0.939663
141000 0.942418 0.939682
142000 0.940582 0.939689
143000 0.933731 0.939647
144000 0.929670 0.939578
145000 0.926822 0.939490
146000 0.927888 0.939410
147000 0.916590 0.939255
148000 0.928255 0.939181
149000 0.923566 0.939076
150000 0.925683 0.938987
151000 0.929486 0.938924
152000 0.938898 0.938924
153000 0.933443 0.938888
154000 0.937494 0.938879
155000 0.927260 0.938804
156000 0.924987 0.938715
157000 0.931642 0.938670
158000 0.924219 0.938579
159000 0.916449 0.938440
160000 0.921345 0.938333
161000 0.922588 0.938235
162000 0.907474 0.938045
163000 0.907735 0.937859
164000 0.900193 0.937629
165000 0.898551 0.937393
166000 0.902800 0.937184
167000 0.923006 0.937099
168000 0.909563 0.936935
169000 0.906000 0.936752
170000 0.909865 0.936594
171000 0.910636 0.936442
172000 0.921017 0.936353
173000 0.893543 0.936105
174000 0.896202 0.935876
175000 0.900182 0.935672
176000 0.922824 0.935599
177000 0.910285 0.935456
178000 0.897512 0.935243
179000 0.916086 0.935136
180000 0.913316 0.935015
181000 0.913453 0.934895
182000 0.913922 0.934780
183000 0.908280 0.934635
184000 0.897473 0.934433
185000 0.896664 0.934229
186000 0.881644 0.933947
187000 0.902488 0.933778
188000 0.894719 0.933571
189000 0.896379 0.933374
190000 0.907292 0.933236
191000 0.890626 0.933013
192000 0.906749 0.932877
193000 0.906172 0.932738
194000 0.893811 0.932538
195000 0.895204 0.932346
196000 0.893557 0.932148
197000 0.904320 0.932007
198000 0.892539 0.931808
199000 0.875632 0.931525
200000 0.881184 0.931274
201000 0.873344 0.930985
202000 0.890254 0.930784
203000 0.887780 0.930572
204000 0.899041 0.930417
205000 0.898517 0.930262
206000 0.900698 0.930118
207000 0.923114 0.930084
208000 0.926211 0.930066
209000 0.900261 0.929923
210000 0.913425 0.929845
211000 0.910543 0.929753
212000 0.919659 0.929706
213000 0.920065 0.929660
214000 0.915678 0.929595
215000 0.926201 0.929579
216000 0.913986 0.929507
217000 0.905027 0.929394
218000 0.904715 0.929281
219000 0.913345 0.929208
220000 0.925097 0.929189
221000 0.912639 0.929115
222000 0.918909 0.929069
223000 0.907860 0.928974
224000 0.927278 0.928966
225000 0.918573 0.928920
226000 0.918734 0.928875
227000 0.892838 0.928716
228000 0.898560 0.928584
229000 0.886565 0.928400
230000 0.858554 0.928097
231000 0.895679 0.927956
232000 0.879540 0.927747
233000 0.907577 0.927661
234000 0.900420 0.927545
235000 0.903040 0.927440
236000 0.896881 0.927311
237000 0.902912 0.927208
238000 0.892008 0.927060
239000 0.905759 0.926971
240000 0.902230 0.926868
241000 0.905308 0.926778
242000 0.896712 0.926654
243000 0.909509 0.926583
244000 0.918648 0.926551
245000 0.903701 0.926458
246000 0.884223 0.926286
247000 0.899267 0.926177
248000 0.904196 0.926088
249000 0.911522 0.926029
250000 0.894955 0.925905
251000 0.899818 0.925801
252000 0.904001 0.925715
253000 0.899062 0.925609
254000 0.896926 0.925496
255000 0.897380 0.925386
256000 0.895909 0.925271
257000 0.893869 0.925149
258000 0.906127 0.925075
259000 0.903772 0.924993
260000 0.912888 0.924946
261000 0.927490 0.924956
262000 0.950345 0.925053
263000 0.931717 0.925078
264000 0.929385 0.925095
265000 0.940813 0.925154
266000 0.938675 0.925205
267000 0.921141 0.925190
268000 0.931413 0.925213
269000 0.921614 0.925199
270000 0.919746 0.925179
271000 0.930371 0.925198
272000 0.925162 0.925198
273000 0.927013 0.925205
274000 0.928214 0.925216
275000 0.920445 0.925198
276000 0.918570 0.925174
277000 0.918792 0.925151
278000 0.927611 0.925160
279000 0.923371 0.925154
280000 0.926689 0.925159
281000 0.922259 0.925149
282000 0.896266 0.925047
283000 0.915332 0.925012
284000 0.926884 0.925019
285000 0.939865 0.925071
286000 0.932721 0.925098
287000 0.924566 0.925096
288000 0.924266 0.925093
289000 0.904539 0.925022
290000 0.929939 0.925039
291000 0.927121 0.925046
292000 0.935485 0.925082
293000 0.940744 0.925135
294000 0.927898 0.925145
295000 0.924405 0.925142
296000 0.924823 0.925141
297000 0.919186 0.925121
298000 0.914796 0.925086
299000 0.927302 0.925094
300000 0.928301 0.925104
301000 0.920310 0.925088
302000 0.921681 0.925077
303000 0.930765 0.925096
304000 0.907920 0.925039
305000 0.906758 0.924979
306000 0.904322 0.924912
307000 0.919209 0.924893
308000 0.912672 0.924854
309000 0.918662 0.924834
310000 0.925994 0.924837
311000 0.917235 0.924813
312000 0.934893 0.924845
313000 0.906199 0.924786
314000 0.916749 0.924760
315000 0.896325 0.924670
316000 0.901610 0.924597
317000 0.910164 0.924551
318000 0.904782 0.924489
319000 0.889112 0.924378
320000 0.895700 0.924289
321000 0.900596 0.924215
322000 0.914969 0.924186
323000 0.909183 0.924140
324000 0.896636 0.924055
325000 0.907359 0.924003
326000 0.924132 0.924004
327000 0.928118 0.924016
328000 0.920793 0.924007
329000 0.937870 0.924049
330000 0.938150 0.924091
331000 0.928927 0.924106
332000 0.924579 0.924107
333000 0.917092 0.924086
334000 0.932189 0.924111
335000 0.920734 0.924101
336000 0.921508 0.924093
337000 0.913386 0.924061
338000 0.933994 0.924091
339000 0.923813 0.924090
340000 0.925879 0.924095
341000 0.940805 0.924144
342000 0.926269 0.924150
343000 0.944023 0.924208
344000 0.942179 0.924260
345000 0.937074 0.924297
346000 0.932530 0.924321
347000 0.939290 0.924364
348000 0.917510 0.924345
349000 0.933488 0.924371
350000 0.925215 0.924373
351000 0.930034 0.924389
352000 0.915284 0.924364
353000 0.910942 0.924326
354000 0.928935 0.924339
355000 0.906664 0.924289
356000 0.925307 0.924292
357000 0.926507 0.924298
358000 0.910706 0.924260
359000 0.917644 0.924241
360000 0.921154 0.924233
361000 0.899484 0.924164
362000 0.919370 0.924151
363000 0.914723 0.924125
364000 0.903304 0.924068
365000 0.918762 0.924053
366000 0.919528 0.924041
367000 0.924815 0.924043
368000 0.929816 0.924059
369000 0.946116 0.924119
370000 0.929687 0.924134
371000 0.923694 0.924132
372000 0.928507 0.924144
373000 0.923718 0.924143
374000 0.929597 0.924158
375000 0.922107 0.924152
376000 0.923592 0.924151
377000 0.920643 0.924141
378000 0.932738 0.924164
379000 0.920738 0.924155
380000 0.923375 0.924153
381000 0.924143 0.924153
382000 0.934278 0.924180
383000 0.915956 0.924158
384000 0.905669 0.924110
385000 0.921664 0.924104
386000 0.926444 0.924110
387000 0.912041 0.924078
388000 0.913580 0.924051
389000 0.924131 0.924052
390000 0.917883 0.924036
391000 0.908856 0.923997
392000 0.903115 0.923944
393000 0.891996 0.923862
394000 0.897839 0.923796
395000 0.903837 0.923746
396000 0.889718 0.923660
397000 0.894893 0.923587
398000 0.887700 0.923497
399000 0.889919 0.923413
400000 0.915992 0.923395
401000 0.908616 0.923358
402000 0.928865 0.923371
403000 0.923062 0.923371
404000 0.912034 0.923343
405000 0.904846 0.923297
406000 0.908103 0.923259
407000 0.919002 0.923249
408000 0.909229 0.923215
409000 0.920827 0.923209
410000 0.916391 0.923192
411000 0.914139 0.923170
412000 0.914525 0.923149
413000 0.918167 0.923137
414000 0.911158 0.923108
415000 0.906326 0.923068
416000 0.898546 0.923009
417000 0.869093 0.922879
418000 0.869602 0.922752
419000 0.878618 0.922647
420000 0.869748 0.922521
421000 0.870235 0.922397
422000 0.852643 0.922231
423000 0.831028 0.922016
424000 0.870223 0.921893
425000 0.869655 0.921771
426000 0.854477 0.921613
427000 0.845760 0.921435
428000 0.826849 0.921214
429000 0.864468 0.921082
430000 0.837358 0.920887
431000 0.813091 0.920637
432000 0.854309 0.920483
433000 0.853810 0.920329
434000 0.844578 0.920155
435000 0.829151 0.919946
436000 0.843609 0.919771
437000 0.854849 0.919622
438000 0.829165 0.919415
439000 0.856112 0.919271
440000 0.857033 0.919130
441000 0.854940 0.918984
442000 0.857298 0.918845
443000 0.810387 0.918600
444000 0.802844 0.918339
445000 0.819619 0.918117
446000 0.835488 0.917932
447000 0.880128 0.917847
448000 0.845836 0.917687
449000 0.846795 0.917529
450000 0.881700 0.917449
451000 0.871181 0.917347
452000 0.829415 0.917152
453000 0.871064 0.917050
454000 0.872095 0.916951
455000 0.878428 0.916867
456000 0.862405 0.916747
457000 0.880573 0.916668
458000 0.876035 0.916579
459000 0.863421 0.916464
460000 0.825096 0.916265
461000 0.844673 0.916110
462000 0.850135 0.915967
463000 0.868284 0.915864
464000 0.879178 0.915785
465000 0.874583 0.915696
466000 0.868198 0.915594
467000 0.843472 0.915440
468000 0.878255 0.915360
469000 0.862206 0.915247
470000 0.870268 0.915151
471000 0.845082 0.915003
472000 0.866050 0.914899
473000 0.895127 0.914857
474000 0.873609 0.914770
475000 0.891492 0.914721
476000 0.892564 0.914674
477000 0.898602 0.914641
478000 0.894030 0.914598
479000 0.894994 0.914557
480000 0.882136 0.914489
481000 0.890822 0.914440
482000 0.881760 0.914372
483000 0.847594 0.914234
484000 0.877292 0.914158
485000 0.890209 0.914108
486000 0.896052 0.914071
487000 0.886410 0.914014
488000 0.890943 0.913967
489000 0.857108 0.913851
490000 0.899367 0.913821
491000 0.897086 0.913787
492000 0.912683 0.913785
493000 0.906884 0.913771
494000 0.900596 0.913744
495000 0.903600 0.913724
496000 0.896448 0.913689
497000 0.886042 0.913633
498000 0.889026 0.913584
499000 0.870970 0.913498
500000 0.872746 0.913417
501000 0.884767 0.913360
502000 0.904082 0.913341
503000 0.899459 0.913314
504000 0.912698 0.913312
505000 0.888948 0.913264
506000 0.910815 0.913259
507000 0.895177 0.913224
508000 0.912452 0.913222
509000 0.906418 0.913209
510000 0.901446 0.913186
511000 0.886545 0.913134
512000 0.889881 0.913088
513000 0.877475 0.913019
514000 0.899796 0.912993
515000 0.894009 0.912956
516000 0.870127 0.912873
517000 0.867126 0.912785
518000 0.867799 0.912698
519000 0.897513 0.912669
520000 0.854609 0.912557
521000 0.881550 0.912497
522000 0.875897 0.912427
523000 0.903995 0.912411
524000 0.884102 0.912357
525000 0.863726 0.912264
526000 0.878327 0.912200
527000 0.855875 0.912093
528000 0.869133 0.912012
529000 0.875720 0.911943
530000 0.880554 0.911884
531000 0.870160 0.911805
532000 0.871589 0.911730
533000 0.876187 0.911663
534000 0.867304 0.911580
535000 0.872779 0.911507
536000 0.872059 0.911434
537000 0.851174 0.911322
538000 0.849533 0.911207
539000 0.843293 0.911081
540000 0.831323 0.910933
541000 0.845785 0.910813
542000 0.865777 0.910730
543000 0.879112 0.910671
544000 0.862248 0.910582
545000 0.853910 0.910478
546000 0.871294 0.910407
547000 0.886713 0.910363
548000 0.871361 0.910292
549000 0.887794 0.910251
550000 0.875954 0.910189
551000 0.885317 0.910144
552000 0.875338 0.910081
553000 0.872654 0.910013
554000 0.873351 0.909947
555000 0.886392 0.909904
556000 0.888853 0.909866
557000 0.895235 0.909840
558000 0.895590 0.909815
559000 0.884351 0.909769
560000 0.891281 0.909736
561000 0.883298 0.909689
562000 0.895980 0.909665
563000 0.883538 0.909618
564000 0.896837 0.909595
565000 0.885053 0.909552
566000 0.889699 0.909517
567000 0.889442 0.909482
568000 0.890687 0.909448
569000 0.903016 0.909437
570000 0.913395 0.909444
571000 0.910525 0.909446
572000 0.908119 0.909444
573000 0.914146 0.909452
574000 0.909706 0.909452
575000 0.911261 0.909455
576000 0.917140 0.909469
577000 0.901387 0.909455
578000 0.925734 0.909483
579000 0.931933 0.909522
580000 0.930639 0.909558
581000 0.908683 0.909557
582000 0.912883 0.909562
583000 0.905686 0.909556
584000 0.917410 0.909569
585000 0.914769 0.909578
586000 0.924626 0.909604
587000 0.918781 0.909619
588000 0.936547 0.909665
589000 0.916107 0.909676
590000 0.925187 0.909702
591000 0.925396 0.909729
592000 0.931270 0.909765
593000 0.925108 0.909791
594000 0.931268 0.909827
595000 0.912097 0.909831
596000 0.904391 0.909822
597000 0.899417 0.909805
598000 0.909491 0.909804
599000 0.883686 0.909760
600000 0.881690 0.909714
601000 0.905040 0.909706
602000 0.909724 0.909706
603000 0.903651 0.909696
604000 0.892989 0.909668
605000 0.900170 0.909653
606000 0.904843 0.909645
607000 0.890682 0.909613
608000 0.896167 0.909591
609000 0.902076 0.909579
610000 0.895844 0.909556
611000 0.904124 0.909547
612000 0.907477 0.909544
613000 0.888467 0.909510
614000 0.891842 0.909481
615000 0.914881 0.909490
616000 0.877839 0.909438
617000 0.908082 0.909436
618000 0.919422 0.909452
619000 0.930030 0.909486
620000 0.931536 0.909521
621000 0.929412 0.909553
622000 0.882760 0.909510
623000 0.923135 0.909532
624000 0.905349 0.909525
625000 0.909194 0.909525
626000 0.925606 0.909550
627000 0.911410 0.909553
628000 0.918643 0.909568
629000 0.921791 0.909587
630000 0.905293 0.909580
631000 0.902055 0.909569
632000 0.896978 0.909549
633000 0.905813 0.909543
634000 0.890133 0.909512
635000 0.887539 0.909477
636000 0.886329 0.909441
637000 0.894326 0.909417
638000 0.888290 0.909384
639000 0.888127 0.909351
640000 0.891730 0.909323
641000 0.893181 0.909298
642000 0.874928 0.909245
643000 0.902675 0.909234
644000 0.908822 0.909234
645000 0.914496 0.909242
646000 0.905223 0.909236
647000 0.907102 0.909232
648000 0.916402 0.909244
649000 0.917485 0.909256
650000 0.895953 0.909236
651000 0.906693 0.909232
652000 0.874600 0.909179
653000 0.875894 0.909128
654000 0.918135 0.909142
655000 0.918379 0.909156
656000 0.918806 0.909170
657000 0.918520 0.909185
658000 0.915982 0.909195
659000 0.900258 0.909181
660000 0.896666 0.909162
661000 0.909178 0.909162
662000 0.868506 0.909101
663000 0.901888 0.909090
664000 0.899076 0.909075
665000 0.907758 0.909073
666000 0.892965 0.909049
667000 0.882787 0.909010
668000 0.890598 0.908982
669000 0.876472 0.908933
670000 0.871073 0.908877
671000 0.887611 0.908845
672000 0.889906 0.908817
673000 0.858011 0.908741
674000 0.882636 0.908703
675000 0.885532 0.908668
676000 0.869250 0.908610
677000 0.886053 0.908577
678000 0.899303 0.908563
679000 0.892283 0.908539
680000 0.890802 0.908513
681000 0.885094 0.908479
682000 0.874364 0.908429
683000 0.866099 0.908367
684000 0.896623 0.908350
685000 0.907225 0.908348
686000 0.880536 0.908307
687000 0.908091 0.908307
688000 0.895216 0.908288
689000 0.856464 0.908213
690000 0.862063 0.908146
691000 0.868848 0.908089
692000 0.875706 0.908042
693000 0.887408 0.908012
694000 0.884519 0.907979
695000 0.868925 0.907922
696000 0.892711 0.907901
697000 0.888089 0.907872
698000 0.880156 0.907832
699000 0.881519 0.907795
700000 0.887378 0.907766
701000 0.911853 0.907771
702000 0.888909 0.907745
703000 0.879149 0.907704
704000 0.892631 0.907682
705000 0.914836 0.907693
706000 0.887355 0.907664
707000 0.912912 0.907671
708000 0.890821 0.907647
709000 0.894336 0.907629
710000 0.906659 0.907627
711000 0.896067 0.907611
712000 0.906871 0.907610
713000 0.887722 0.907582
714000 0.887567 0.907554
715000 0.891345 0.907531
716000 0.889467 0.907506
717000 0.894656 0.907488
718000 0.877068 0.907446
719000 0.867979 0.907391
720000 0.859166 0.907324
721000 0.893168 0.907304
722000 0.892665 0.907284
723000 0.857368 0.907215
724000 0.879005 0.907176
725000 0.882424 0.907142
726000 0.887147 0.907114
727000 0.889004 0.907089
728000 0.893054 0.907070
729000 0.894310 0.907053
730000 0.871884 0.907005
731000 0.907775 0.907006
732000 0.896824 0.906992
733000 0.897112 0.906978
734000 0.886511 0.906950
735000 0.853184 0.906877
736000 0.866088 0.906822
737000 0.852290 0.906748
738000 0.862767 0.906688
739000 0.871513 0.906641
740000 0.892224 0.906621
741000 0.883613 0.906590
742000 0.894315 0.906573
743000 0.883761 0.906543
744000 0.889718 0.906520
745000 0.873035 0.906475
746000 0.869810 0.906426
747000 0.901398 0.906419
748000 0.877403 0.906381
749000 0.887136 0.906355
750000 0.893860 0.906338
751000 0.889067 0.906315
752000 0.897759 0.906304
753000 0.882083 0.906272
754000 0.887741 0.906247
755000 0.911497 0.906254
756000 0.910239 0.906259
757000 0.905352 0.906258
758000 0.901993 0.906252
759000 0.882771 0.906222
760000 0.877897 0.906184
761000 0.904872 0.906183
762000 0.896534 0.906170
763000 0.891166 0.906150
764000 0.911385 0.906157
765000 0.890771 0.906137
766000 0.881961 0.906105
767000 0.895809 0.906092
768000 0.886157 0.906066
769000 0.916205 0.906079
770000 0.911745 0.906087
771000 0.887099 0.906062
772000 0.885860 0.906036
773000 0.901554 0.906030
774000 0.894066 0.906015
775000 0.894886 0.906000
776000 0.908929 0.906004
777000 0.897552 0.905993
778000 0.910294 0.905999
779000 0.901545 0.905993
780000 0.893407 0.905977
781000 0.908647 0.905980
782000 0.911088 0.905987
783000 0.887362 0.905963
784000 0.891733 0.905945
785000 0.898275 0.905935
786000 0.907118 0.905936
787000 0.891357 0.905918
788000 0.917411 0.905933
789000 0.901075 0.905926
790000 0.896241 0.905914
791000 0.915240 0.905926
792000 0.909592 0.905931
793000 0.913932 0.905941
794000 0.928415 0.905969
795000 0.904234 0.905967
796000 0.913982 0.905977
797000 0.916956 0.905991
798000 0.922400 0.906011
799000 0.918509 0.906027
800000 0.915536 0.906039
801000 0.941555 0.906083
802000 0.939669 0.906125
803000 0.938460 0.906165
804000 0.931326 0.906196
805000 0.931915 0.906228
806000 0.913135 0.906237
807000 0.922760 0.906257
808000 0.929929 0.906287
809000 0.913834 0.906296
810000 0.909258 0.906300
811000 0.917241 0.906313
812000 0.891956 0.906296
813000 0.910707 0.906301
814000 0.884060 0.906274
815000 0.895064 0.906260
816000 0.911459 0.906266
817000 0.914071 0.906276
818000 0.915881 0.906288
819000 0.916563 0.906300
820000 0.919427 0.906316
821000 0.921553 0.906335
822000 0.933238 0.906367
823000 0.924610 0.906390
824000 0.914594 0.906400
825000 0.926024 0.906423
826000 0.913989 0.906432
827000 0.913253 0.906441
828000 0.936594 0.906477
829000 0.927992 0.906503
830000 0.932757 0.906535
831000 0.916105 0.906546
832000 0.920542 0.906563
833000 0.900434 0.906556
834000 0.899300 0.906547
835000 0.910840 0.906552
836000 0.910365 0.906557
837000 0.902810 0.906552
838000 0.914630 0.906562
839000 0.909208 0.906565
840000 0.920199 0.906581
841000 0.925014 0.906603
842000 0.917615 0.906616
843000 0.917185 0.906629
844000 0.907140 0.906629
845000 0.901014 0.906623
846000 0.908157 0.906625
847000 0.883829 0.906598
848000 0.884094 0.906571
849000 0.889374 0.906551
850000 0.906293 0.906551
851000 0.888002 0.906529
852000 0.881980 0.906500
853000 0.882895 0.906472
854000 0.858170 0.906416
855000 0.878349 0.906383
856000 0.887499 0.906361
857000 0.882916 0.906333
858000 0.905292 0.906332
859000 0.898512 0.906323
860000 0.900231 0.906316
861000 0.891306 0.906299
862000 0.866527 0.906252
863000 0.888752 0.906232
864000 0.879620 0.906201
865000 0.885716 0.906178
866000 0.899849 0.906170
867000 0.848135 0.906103
868000 0.864605 0.906056
869000 0.867764 0.906012
870000 0.832690 0.905927
871000 0.856595 0.905871
872000 0.841837 0.905797
873000 0.868161 0.905754
874000 0.846079 0.905686
875000 0.855570 0.905629
876000 0.822486 0.905534
877000 0.847250 0.905467
878000 0.825741 0.905376
879000 0.840411 0.905303
880000 0.843908 0.905233
881000 0.861153 0.905183
882000 0.870264 0.905143
883000 0.845075 0.905075
884000 0.860658 0.905025
885000 0.861011 0.904975
886000 0.854486 0.904918
887000 0.848798 0.904855
888000 0.841175 0.904783
889000 0.860023 0.904733
890000 0.863736 0.904687
891000 0.845884 0.904621
892000 0.833587 0.904541
893000 0.836427 0.904465
894000 0.832232 0.904384
895000 0.832217 0.904303
896000 0.823848 0.904214
897000 0.828629 0.904129
898000 0.834379 0.904052
899000 0.820670 0.903959
900000 0.799448 0.903843
901000 0.816976 0.903746
902000 0.844618 0.903681
903000 0.826477 0.903595
904000 0.836509 0.903521
905000 0.818729 0.903427
906000 0.802444 0.903316
907000 0.826573 0.903231
908000 0.826857 0.903147
909000 0.837251 0.903075
910000 0.825800 0.902990
911000 0.816326 0.902895
912000 0.821067 0.902805
913000 0.791027 0.902683
914000 0.818813 0.902591
915000 0.817051 0.902497
916000 0.822245 0.902410
917000 0.832466 0.902333
918000 0.850379 0.902277
919000 0.836358 0.902205
920000 0.841489 0.902139
921000 0.813707 0.902043
922000 0.832675 0.901968
923000 0.845991 0.901907
924000 0.857226 0.901859
925000 0.830958 0.901782
926000 0.851700 0.901728
927000 0.831173 0.901652
928000 0.859573 0.901607
929000 0.840721 0.901541
930000 0.838779 0.901474
931000 0.838874 0.901406
932000 0.812922 0.901311
933000 0.850496 0.901257
934000 0.858075 0.901211
935000 0.815389 0.901119
936000 0.821146 0.901034
937000 0.810067 0.900936
938000 0.845542 0.900877
939000 0.820657 0.900792
940000 0.810976 0.900696
941000 0.818033 0.900609
942000 0.821686 0.900525
943000 0.852525 0.900474
944000 0.844435 0.900415
945000 0.852720 0.900364
946000 0.818125 0.900277
947000 0.818265 0.900191
948000 0.820123 0.900106
949000 0.804932 0.900006
950000 0.842552 0.899945
951000 0.835995 0.899878
952000 0.833747 0.899809
953000 0.820805 0.899726
954000 0.855338 0.899679
955000 0.835175 0.899612
956000 0.849744 0.899559
957000 0.856178 0.899514
958000 0.819657 0.899431
959000 0.824810 0.899353
960000 0.832694 0.899284
961000 0.823039 0.899204
962000 0.848146 0.899151
963000 0.821008 0.899070
964000 0.789236 0.898956
965000 0.792556 0.898846
966000 0.825150 0.898769
967000 0.802591 0.898670
968000 0.806278 0.898575
969000 0.809648 0.898483
970000 0.777811 0.898358
971000 0.778173 0.898235
972000 0.788641 0.898122
973000 0.825285 0.898047
974000 0.814848 0.897962
975000 0.797366 0.897858
976000 0.797389 0.897755
977000 0.798920 0.897654
978000 0.800186 0.897555
979000 0.781256 0.897436
980000 0.789427 0.897326
981000 0.793534 0.897220
982000 0.795910 0.897117
983000 0.778480 0.896996
984000 0.794959 0.896892
985000 0.815267 0.896809
986000 0.774853 0.896686
987000 0.765021 0.896552
988000 0.767638 0.896422
989000 0.789514 0.896314
990000 0.772369 0.896189
991000 0.810942 0.896103
992000 0.829745 0.896036
993000 0.813001 0.895952
994000 0.776078 0.895831
995000 0.763332 0.895698
996000 0.765720 0.895568
997000 0.773949 0.895446
998000 0.811506 0.895362
999000 0.822508 0.895289
1000000 0.821187 0.895215
1001000 0.815599 0.895135
1002000 0.820109 0.895060
1003000 0.840989 0.895006
1004000 0.848563 0.894960
1005000 0.829622 0.894895
1006000 0.802558 0.894803
1007000 0.808917 0.894718
1008000 0.804564 0.894629
1009000 0.848627 0.894583
1010000 0.855642 0.894544
1011000 0.868684 0.894519
1012000 0.833963 0.894459
1013000 0.831898 0.894397
1014000 0.845226 0.894349
1015000 0.841368 0.894297
1016000 0.841388 0.894244
1017000 0.864733 0.894215
1018000 0.831768 0.894154
1019000 0.835374 0.894096
1020000 0.844877 0.894048
1021000 0.865208 0.894020
1022000 0.861504 0.893988
1023000 0.866541 0.893961
1024000 0.884779 0.893952
1025000 0.869867 0.893929
1026000 0.882093 0.893917
1027000 0.844965 0.893870
1028000 0.854761 0.893832
1029000 0.863232 0.893802
1030000 0.856329 0.893765
1031000 0.873966 0.893746
1032000 0.865143 0.893718
1033000 0.861386 0.893687
1034000 0.864637 0.893659
1035000 0.820179 0.893588
1036000 0.827239 0.893524
1037000 0.857689 0.893490
1038000 0.840996 0.893439
1039000 0.830536 0.893378
1040000 0.822615 0.893310
1041000 0.829744 0.893249
1042000 0.824000 0.893183
1043000 0.835873 0.893128
1044000 0.872812 0.893108
1045000 0.843364 0.893061
1046000 0.836931 0.893007
1047000 0.834712 0.892951
1048000 0.832182 0.892893
1049000 0.830844 0.892834
1050000 0.810143 0.892756
1051000 0.806754 0.892674
1052000 0.810346 0.892596
1053000 0.842475 0.892548
1054000 0.845512 0.892503
1055000 0.845740 0.892459
1056000 0.846604 0.892416
1057000 0.885889 0.892409
1058000 0.850975 0.892370
1059000 0.837388 0.892318
1060000 0.844936 0.892274
1061000 0.825660 0.892211
1062000 0.813490 0.892137
1063000 0.829476 0.892078
1064000 0.837754 0.892027
1065000 0.826120 0.891965
1066000 0.843334 0.891919
1067000 0.853394 0.891883
1068000 0.854526 0.891848
1069000 0.858900 0.891817
1070000 0.858068 0.891786
1071000 0.832444 0.891730
1072000 0.837660 0.891680
1073000 0.823468 0.891616
1074000 0.831848 0.891561
1075000 0.865731 0.891537
1076000 0.831983 0.891481
1077000 0.840039 0.891434
1078000 0.844567 0.891390
1079000 0.875050 0.891375
1080000 0.864666 0.891350
1081000 0.834284 0.891297
1082000 0.881097 0.891288
1083000 0.834538 0.891236
1084000 0.806749 0.891158
1085000 0.849759 0.891119
1086000 0.844005 0.891076
1087000 0.848701 0.891037
1088000 0.840691 0.890991
1089000 0.851173 0.890954
1090000 0.820008 0.890889
1091000 0.841737 0.890844
1092000 0.850985 0.890808
1093000 0.861862 0.890781
1094000 0.844209 0.890739
1095000 0.885079 0.890733
1096000 0.883740 0.890727
1097000 0.881330 0.890718
1098000 0.869142 0.890699
1099000 0.873277 0.890683
1100000 0.878448 0.890672
1101000 0.879902 0.890662
1102000 0.890459 0.890662
1103000 0.885532 0.890657
1104000 0.889620 0.890656
1105000 0.839787 0.890610
1106000 0.854149 0.890577
1107000 0.870081 0.890559
1108000 0.866541 0.890537
1109000 0.867171 0.890516
1110000 0.860418 0.890489
1111000 0.871560 0.890472
1112000 0.886866 0.890469
1113000 0.885927 0.890465
1114000 0.887785 0.890462
1115000 0.905366 0.890475
1116000 0.883857 0.890470
1117000 0.892728 0.890472
1118000 0.891385 0.890472
1119000 0.862323 0.890447
1120000 0.872445 0.890431
1121000 0.843178 0.890389
1122000 0.830520 0.890336
1123000 0.852652 0.890302
1124000 0.840070 0.890257
1125000 0.850201 0.890222
1126000 0.876297 0.890209
1127000 0.834386 0.890160
1128000 0.865980 0.890138
1129000 0.825959 0.890082
1130000 0.844159 0.890041
1131000 0.843011 0.889999
1132000 0.805703 0.889925
1133000 0.794432 0.889841
1134000 0.805982 0.889767
1135000 0.840775 0.889724
1136000 0.835591 0.889676
1137000 0.812978 0.889608
1138000 0.817464 0.889545
1139000 0.820385 0.889484
1140000 0.808050 0.889413
1141000 0.821875 0.889354
1142000 0.786033 0.889263
1143000 0.777225 0.889165
1144000 0.799308 0.889087
1145000 0.802911 0.889011
1146000 0.780610 0.888917
1147000 0.769845 0.888813
1148000 0.790118 0.888727
1149000 0.805002 0.888654
1150000 0.823865 0.888598
1151000 0.779610 0.888503
1152000 0.783365 0.888412
1153000 0.823525 0.888356
1154000 0.821580 0.888298
1155000 0.836705 0.888253
1156000 0.834834 0.888207
1157000 0.788546 0.888121
1158000 0.804806 0.888049
1159000 0.801931 0.887974
1160000 0.816438 0.887913
1161000 0.798025 0.887835
1162000 0.826782 0.887783
1163000 0.806394 0.887713
1164000 0.813574 0.887649
1165000 0.829436 0.887599
1166000 0.806272 0.887529
1167000 0.791729 0.887447
1168000 0.825677 0.887394
1169000 0.802808 0.887322
1170000 0.838269 0.887280
1171000 0.830621 0.887232
1172000 0.850315 0.887200
1173000 0.841598 0.887161
1174000 0.819707 0.887104
1175000 0.809433 0.887038
1176000 0.815121 0.886977
1177000 0.798188 0.886901
1178000 0.792696 0.886821
1179000 0.821192 0.886766
1180000 0.835994 0.886723
1181000 0.834500 0.886678
1182000 0.854947 0.886651
1183000 0.858291 0.886628
1184000 0.870721 0.886614
1185000 0.803732 0.886544
1186000 0.817456 0.886486
1187000 0.865166 0.886468
1188000 0.835548 0.886425
1189000 0.828721 0.886377
1190000 0.809731 0.886312
1191000 0.828090 0.886263
1192000 0.832280 0.886218
1193000 0.812818 0.886156
1194000 0.828515 0.886108
1195000 0.819247 0.886052
1196000 0.831514 0.886007
1197000 0.807876 0.885941
1198000 0.838628 0.885902
1199000 0.843527 0.885866
1200000 0.770004 0.885770
1201000 0.831231 0.885725
1202000 0.815016 0.885666
1203000 0.834949 0.885624
1204000 0.835558 0.885582
1205000 0.849173 0.885552
1206000 0.824123 0.885501
1207000 0.803181 0.885433
1208000 0.833963 0.885390
1209000 0.868746 0.885376
1210000 0.831057 0.885331
1211000 0.837062 0.885291
1212000 0.842588 0.885256
1213000 0.845651 0.885224
1214000 0.828384 0.885177
1215000 0.813685 0.885118
1216000 0.808407 0.885055
1217000 0.836736 0.885015
1218000 0.822479 0.884964
1219000 0.796432 0.884891
1220000 0.803544 0.884825
1221000 0.844392 0.884791
1222000 0.835418 0.884751
1223000 0.817744 0.884696
1224000 0.833106 0.884654
1225000 0.817311 0.884599
1226000 0.776451 0.884511
1227000 0.821401 0.884459
1228000 0.748091 0.884348
1229000 0.802196 0.884282
1230000 0.785157 0.884201
1231000 0.809252 0.884140
1232000 0.795122 0.884068
1233000 0.770990 0.883976
1234000 0.805879 0.883913
1235000 0.777986 0.883827
1236000 0.825612 0.883780
1237000 0.830499 0.883737
1238000 0.847806 0.883708
1239000 0.757380 0.883606
1240000 0.782659 0.883524
1241000 0.810750 0.883466
1242000 0.804700 0.883402
1243000 0.795350 0.883332
1244000 0.818886 0.883280
1245000 0.842184 0.883247
1246000 0.826585 0.883201
1247000 0.781116 0.883119
1248000 0.792553 0.883047
1249000 0.783466 0.882967
1250000 0.811920 0.882910
1251000 0.823994 0.882863
1252000 0.839181 0.882828
1253000 0.820040 0.882778
1254000 0.818992 0.882727
1255000 0.813225 0.882672
1256000 0.818381 0.882621
1257000 0.838055 0.882585
1258000 0.812794 0.882530
1259000 0.804462 0.882468
1260000 0.799326 0.882402
1261000 0.801448 0.882338
1262000 0.796343 0.882269
1263000 0.823184 0.882223
1264000 0.840265 0.882190
1265000 0.824120 0.882144
1266000 0.845727 0.882115
1267000 0.840552 0.882082
1268000 0.822495 0.882035
1269000 0.824420 0.881990
1270000 0.816962 0.881938
1271000 0.808721 0.881881
1272000 0.838374 0.881847
1273000 0.859661 0.881829
1274000 0.848798 0.881803
1275000 0.844604 0.881774
1276000 0.834920 0.881737
1277000 0.829075 0.881696
1278000 0.854483 0.881675
1279000 0.843910 0.881645
1280000 0.876796 0.881642
1281000 0.850859 0.881618
1282000 0.838569 0.881584
1283000 0.830670 0.881544
1284000 0.858527 0.881526
1285000 0.827118 0.881484
1286000 0.839141 0.881451
1287000 0.820644 0.881404
1288000 0.809125 0.881348
1289000 0.770529 0.881262
1290000 0.766132 0.881172
1291000 0.788102 0.881100
1292000 0.792083 0.881031
1293000 0.782152 0.880955
1294000 0.786545 0.880882
1295000 0.772047 0.880798
1296000 0.731878 0.880683
1297000 0.770031 0.880598
1298000 0.783983 0.880523
1299000 0.731651 0.880409
1300000 0.755788 0.880313
1301000 0.755331 0.880217
1302000 0.760840 0.880125
1303000 0.777197 0.880046
1304000 0.787448 0.879975
1305000 0.781395 0.879900
1306000 0.775251 0.879819
1307000 0.783482 0.879746
1308000 0.748518 0.879645
1309000 0.755620 0.879551
1310000 0.749914 0.879452
1311000 0.753392 0.879356
1312000 0.758983 0.879264
1313000 0.776199 0.879185
1314000 0.773463 0.879105
1315000 0.799737 0.879044
1316000 0.795409 0.878981
1317000 0.797577 0.878919
1318000 0.786429 0.878849
1319000 0.806830 0.878794
1320000 0.829727 0.878757
1321000 0.795480 0.878694
1322000 0.795213 0.878631
1323000 0.801640 0.878573
1324000 0.796900 0.878511
1325000 0.777002 0.878435
1326000 0.784303 0.878364
1327000 0.743528 0.878262
1328000 0.740622 0.878158
1329000 0.759551 0.878069
1330000 0.757317 0.877978
1331000 0.741721 0.877876
1332000 0.747913 0.877778
1333000 0.721191 0.877661
1334000 0.757377 0.877571
1335000 0.717306 0.877451
1336000 0.693096 0.877313
1337000 0.730165 0.877203
1338000 0.717376 0.877083
1339000 0.724990 0.876970
1340000 0.754318 0.876878
1341000 0.754297 0.876787
1342000 0.727586 0.876675
1343000 0.721109 0.876560
1344000 0.757698 0.876471
1345000 0.755999 0.876382
1346000 0.703132 0.876253
1347000 0.749727 0.876159
1348000 0.736991 0.876056
1349000 0.756873 0.875967
1350000 0.752541 0.875876
1351000 0.744696 0.875779
1352000 0.785071 0.875712
1353000 0.773319 0.875636
1354000 0.802060 0.875582
1355000 0.768640 0.875503
1356000 0.799332 0.875447
1357000 0.797267 0.875389
1358000 0.808595 0.875340
1359000 0.824488 0.875302
1360000 0.837093 0.875274
1361000 0.785484 0.875208
1362000 0.831773 0.875176
1363000 0.817812 0.875134
1364000 0.785822 0.875069
1365000 0.748099 0.874976
1366000 0.785126 0.874910
1367000 0.778640 0.874840
1368000 0.805570 0.874789
1369000 0.800141 0.874734
1370000 0.815262 0.874691
1371000 0.756688 0.874605
1372000 0.764084 0.874524
1373000 0.727580 0.874417
1374000 0.743628 0.874322
1375000 0.756147 0.874236
1376000 0.779117 0.874167
1377000 0.771351 0.874092
1378000 0.722465 0.873982
1379000 0.761869 0.873901
1380000 0.763840 0.873821
1381000 0.742730 0.873726
1382000 0.750798 0.873638
1383000 0.731769 0.873535
1384000 0.721574 0.873425
1385000 0.729106 0.873321
1386000 0.712671 0.873205
1387000 0.757552 0.873122
1388000 0.769569 0.873047
1389000 0.753102 0.872961
1390000 0.715856 0.872848
1391000 0.743009 0.872754
1392000 0.708607 0.872636
1393000 0.713402 0.872522
1394000 0.769045 0.872448
1395000 0.733029 0.872348
1396000 0.761711 0.872269
1397000 0.756412 0.872186
1398000 0.754145 0.872101
1399000 0.793320 0.872045
1400000 0.810490 0.872001
1401000 0.759769 0.871921
1402000 0.769477 0.871848
1403000 0.756639 0.871766
1404000 0.777226 0.871698
1405000 0.785411 0.871637
1406000 0.773797 0.871567
1407000 0.749850 0.871481
1408000 0.748986 0.871394
1409000 0.752221 0.871309
1410000 0.760040 0.871230
1411000 0.762470 0.871153
1412000 0.786492 0.871093
1413000 0.767589 0.871020
1414000 0.765140 0.870945
1415000 0.772373 0.870876
1416000 0.741572 0.870784
1417000 0.754877 0.870702
1418000 0.747821 0.870616
1419000 0.772372 0.870547
1420000 0.769268 0.870475
1421000 0.771263 0.870405
1422000 0.771482 0.870336
1423000 0.755280 0.870255
1424000 0.791825 0.870200
1425000 0.753241 0.870118
1426000 0.751924 0.870035
1427000 0.774907 0.869968
1428000 0.758928 0.869891
1429000 0.761622 0.869815
1430000 0.772541 0.869747
1431000 0.783076 0.869686
1432000 0.782045 0.869625
1433000 0.829369 0.869597
1434000 0.821715 0.869563
1435000 0.809578 0.869522
1436000 0.790738 0.869467
1437000 0.808142 0.869424
1438000 0.800222 0.869376
1439000 0.765511 0.869304
1440000 0.782031 0.869243
1441000 0.807113 0.869200
1442000 0.761775 0.869126
1443000 0.785611 0.869068
1444000 0.784409 0.869009
1445000 0.763679 0.868936
1446000 0.788105 0.868880
1447000 0.758475 0.868804
1448000 0.764159 0.868732
1449000 0.785139 0.868674
1450000 0.803008 0.868629
1451000 0.792273 0.868576
1452000 0.814959 0.868539
1453000 0.818423 0.868505
1454000 0.789678 0.868451
1455000 0.780472 0.868390
1456000 0.783905 0.868332
1457000 0.762438 0.868259
1458000 0.792900 0.868208
1459000 0.769507 0.868140
1460000 0.770612 0.868073
1461000 0.752004 0.867994
1462000 0.748693 0.867912
1463000 0.783815 0.867855
1464000 0.739855 0.867767
1465000 0.787084 0.867712
1466000 0.735227 0.867622
1467000 0.783374 0.867564
1468000 0.769691 0.867498
1469000 0.744179 0.867414
1470000 0.758093 0.867339
1471000 0.780093 0.867280
1472000 0.764306 0.867210
1473000 0.761632 0.867138
1474000 0.781319 0.867080
1475000 0.746361 0.866998
1476000 0.772684 0.866934
1477000 0.741398 0.866849
1478000 0.720513 0.866750
1479000 0.728473 0.866657
1480000 0.749872 0.866578
1481000 0.792866 0.866528
1482000 0.779403 0.866469
1483000 0.725671 0.866375
1484000 0.764713 0.866306
1485000 0.744053 0.866224
1486000 0.762230 0.866154
1487000 0.764343 0.866085
1488000 0.742353 0.866002
1489000 0.725759 0.865908
1490000 0.739816 0.865823
1491000 0.760103 0.865752
1492000 0.752154 0.865676
1493000 0.729005 0.865585
1494000 0.740371 0.865501
1495000 0.757660 0.865429
1496000 0.780381 0.865372
1497000 0.775392 0.865312
1498000 0.786500 0.865259
1499000 0.775239 0.865199
1500000 0.769259 0.865135
1501000 0.763889 0.865068
1502000 0.750870 0.864992
1503000 0.745278 0.864912
1504000 0.754117 0.864838
1505000 0.778598 0.864781
1506000 0.738013 0.864697
1507000 0.759474 0.864627
1508000 0.764697 0.864561
1509000 0.759759 0.864491
1510000 0.743469 0.864411
1511000 0.757203 0.864340
1512000 0.735564 0.864255
1513000 0.767553 0.864191
1514000 0.738179 0.864108
1515000 0.737211 0.864024
1516000 0.733618 0.863938
1517000 0.732042 0.863851
1518000 0.708839 0.863749
1519000 0.734776 0.863664
1520000 0.707002 0.863561
1521000 0.723300 0.863469
1522000 0.778126 0.863413
1523000 0.730672 0.863326
1524000 0.710664 0.863226
1525000 0.759430 0.863157
1526000 0.754322 0.863086
1527000 0.737375 0.863004
1528000 0.748178 0.862929
1529000 0.736469 0.862846
1530000 0.726755 0.862757
1531000 0.721815 0.862665
1532000 0.713255 0.862567
1533000 0.705536 0.862465
1534000 0.718784 0.862371
1535000 0.730564 0.862285
1536000 0.713711 0.862189
1537000 0.720640 0.862097
1538000 0.716833 0.862002
1539000 0.725295 0.861913
1540000 0.721205 0.861822
1541000 0.707080 0.861722
1542000 0.698530 0.861616
1543000 0.701527 0.861512
1544000 0.672524 0.861390
1545000 0.708820 0.861291
1546000 0.722669 0.861201
1547000 0.723316 0.861112
1548000 0.713656 0.861017
1549000 0.745612 0.860942
1550000 0.745951 0.860868
1551000 0.712098 0.860772
1552000 0.726117 0.860685
1553000 0.715232 0.860592
1554000 0.702244 0.860490
1555000 0.720367 0.860400
1556000 0.696170 0.860294
1557000 0.730343 0.860211
1558000 0.715008 0.860118
1559000 0.726845 0.860032
1560000 0.725528 0.859946
1561000 0.729916 0.859863
1562000 0.742171 0.859787
1563000 0.718720 0.859697
1564000 0.721713 0.859609
1565000 0.740613 0.859533
1566000 0.734564 0.859453
1567000 0.757198 0.859388
1568000 0.763406 0.859326
1569000 0.772305 0.859271
1570000 0.803452 0.859235
1571000 0.774661 0.859182
1572000 0.752804 0.859114
1573000 0.771600 0.859058
1574000 0.770006 0.859002
1575000 0.791118 0.858959
1576000 0.785456 0.858912
1577000 0.776969 0.858860
1578000 0.815597 0.858833
1579000 0.773469 0.858779
1580000 0.787283 0.858733
1581000 0.785162 0.858687
1582000 0.773962 0.858633
1583000 0.781378 0.858584
1584000 0.757561 0.858521
1585000 0.789267 0.858477
1586000 0.803583 0.858442
1587000 0.808938 0.858411
1588000 0.821485 0.858388
1589000 0.846790 0.858381
1590000 0.816452 0.858354
1591000 0.806044 0.858321
1592000 0.800268 0.858285
1593000 0.783198 0.858238
1594000 0.812684 0.858209
1595000 0.828937 0.858191
1596000 0.819450 0.858166
1597000 0.799395 0.858130
1598000 0.781887 0.858082
1599000 0.781842 0.858034
1600000 0.791842 0.857993
1601000 0.795753 0.857954
1602000 0.814444 0.857927
1603000 0.801253 0.857892
1604000 0.827524 0.857873
1605000 0.829958 0.857855
1606000 0.794958 0.857816
1607000 0.816814 0.857791
1608000 0.781156 0.857743
1609000 0.810985 0.857714
1610000 0.792669 0.857673
1611000 0.804288 0.857640
1612000 0.786663 0.857596
1613000 0.790425 0.857555
1614000 0.778599 0.857506
1615000 0.794808 0.857467
1616000 0.790854 0.857426
1617000 0.824075 0.857405
1618000 0.789550 0.857363
1619000 0.784373 0.857318
1620000 0.793165 0.857278
1621000 0.775188 0.857228
1622000 0.810568 0.857199
1623000 0.799409 0.857163
1624000 0.823497 0.857143
1625000 0.844442 0.857135
1626000 0.821954 0.857113
1627000 0.800012 0.857078
1628000 0.810322 0.857049
1629000 0.814190 0.857023
1630000 0.843828 0.857015
1631000 0.846757 0.857009
1632000 0.826504 0.856990
1633000 0.824862 0.856970
1634000 0.841612 0.856961
1635000 0.841766 0.856952
1636000 0.838834 0.856941
1637000 0.802138 0.856907
1638000 0.829596 0.856890
1639000 0.847401 0.856885
1640000 0.817967 0.856861
1641000 0.817932 0.856837
1642000 0.813773 0.856811
1643000 0.795411 0.856774
1644000 0.810815 0.856746
1645000 0.823914 0.856726
1646000 0.818501 0.856702
1647000 0.810002 0.856674
1648000 0.809588 0.856645
1649000 0.826268 0.856627
1650000 0.807592 0.856597
1651000 0.804102 0.856566
1652000 0.803772 0.856534
1653000 0.813485 0.856508
1654000 0.800739 0.856474
1655000 0.808090 0.856445
1656000 0.802376 0.856412
1657000 0.822608 0.856392
1658000 0.840711 0.856382
1659000 0.789841 0.856342
1660000 0.818925 0.856319
1661000 0.808503 0.856291
1662000 0.785593 0.856248
1663000 0.795050 0.856211
1664000 0.732216 0.856137
1665000 0.748312 0.856072
1666000 0.748365 0.856007
1667000 0.728921 0.855931
1668000 0.802534 0.855899
1669000 0.781787 0.855855
1670000 0.811120 0.855828
1671000 0.806529 0.855798
1672000 0.812293 0.855772
1673000 0.805078 0.855742
1674000 0.798291 0.855708
1675000 0.796744 0.855673
1676000 0.811283 0.855646
1677000 0.809486 0.855619
1678000 0.805014 0.855588
1679000 0.821539 0.855568
1680000 0.822088 0.855548
1681000 0.822910 0.855529
1682000 0.821713 0.855509
1683000 0.819739 0.855487
1684000 0.816436 0.855464
1685000 0.822630 0.855445
1686000 0.778572 0.855399
1687000 0.796814 0.855364
1688000 0.810744 0.855338
1689000 0.794320 0.855302
1690000 0.782329 0.855259
1691000 0.781676 0.855215
1692000 0.808146 0.855187
1693000 0.806728 0.855159
1694000 0.776571 0.855112
1695000 0.807140 0.855084
1696000 0.800429 0.855052
1697000 0.794042 0.855016
1698000 0.802910 0.854985
1699000 0.791249 0.854948
1700000 0.790102 0.854910
1701000 0.760252 0.854854
1702000 0.778252 0.854809
1703000 0.779737 0.854765
1704000 0.795644 0.854730
1705000 0.766893 0.854679
1706000 0.737422 0.854610
1707000 0.764535 0.854557
1708000 0.749929 0.854496
1709000 0.754258 0.854437
1710000 0.762204 0.854383
1711000 0.749231 0.854322
1712000 0.762719 0.854268
1713000 0.754909 0.854210
1714000 0.769620 0.854161
1715000 0.773755 0.854114
1716000 0.789602 0.854076
1717000 0.770349 0.854028
1718000 0.766479 0.853977
1719000 0.776737 0.853932
1720000 0.721420 0.853855
1721000 0.769557 0.853806
1722000 0.810465 0.853781
1723000 0.782800 0.853739
1724000 0.786328 0.853700
1725000 0.775602 0.853655
1726000 0.786608 0.853616
1727000 0.745628 0.853554
1728000 0.737391 0.853486
1729000 0.724642 0.853412
1730000 0.742864 0.853348
1731000 0.743850 0.853285
1732000 0.732595 0.853215
1733000 0.759390 0.853161
1734000 0.775900 0.853116
1735000 0.800913 0.853086
1736000 0.814991 0.853064
1737000 0.801050 0.853034
1738000 0.813008 0.853011
1739000 0.813011 0.852988
1740000 0.810600 0.852964
1741000 0.779899 0.852922
1742000 0.769625 0.852874
1743000 0.783402 0.852834
1744000 0.779515 0.852792
1745000 0.823651 0.852776
1746000 0.818069 0.852756
1747000 0.783633 0.852716
1748000 0.769096 0.852668
1749000 0.796821 0.852636
1750000 0.770178 0.852589
1751000 0.778436 0.852547
1752000 0.802109 0.852518
1753000 0.766836 0.852469
1754000 0.776875 0.852426
1755000 0.789636 0.852390
1756000 0.822543 0.852373
1757000 0.776380 0.852330
1758000 0.827685 0.852316
1759000 0.779799 0.852275
1760000 0.804675 0.852248
1761000 0.813056 0.852226
1762000 0.798966 0.852195
1763000 0.787872 0.852159
1764000 0.800256 0.852129
1765000 0.796932 0.852098
1766000 0.774602 0.852054
1767000 0.794384 0.852022
1768000 0.823787 0.852006
1769000 0.791752 0.851972
1770000 0.808555 0.851947
1771000 0.781232 0.851907
1772000 0.759220 0.851855
1773000 0.750959 0.851798
1774000 0.789956 0.851763
1775000 0.782822 0.851724
1776000 0.802225 0.851696
1777000 0.780977 0.851657
1778000 0.790067 0.851622
1779000 0.804783 0.851596
1780000 0.794426 0.851564
1781000 0.793076 0.851531
1782000 0.770548 0.851485
1783000 0.774660 0.851442
1784000 0.758478 0.851390
1785000 0.763925 0.851341
1786000 0.778179 0.851300
1787000 0.711915 0.851222
1788000 0.769085 0.851176
1789000 0.796506 0.851146
1790000 0.778713 0.851105
1791000 0.768803 0.851059
1792000 0.783660 0.851022
1793000 0.773471 0.850978
1794000 0.799042 0.850949
1795000 0.764035 0.850901
1796000 0.775997 0.850859
1797000 0.754532 0.850806
1798000 0.740303 0.850744
1799000 0.725527 0.850675
1800000 0.754905 0.850621
1801000 0.771841 0.850578
1802000 0.742478 0.850518
1803000 0.758061 0.850466
1804000 0.728069 0.850398
1805000 0.736046 0.850335
1806000 0.741464 0.850275
1807000 0.742070 0.850215
1808000 0.761467 0.850166
1809000 0.753689 0.850113
1810000 0.767623 0.850067
1811000 0.736818 0.850004
1812000 0.760677 0.849955
1813000 0.757620 0.849904
1814000 0.771526 0.849861
1815000 0.756154 0.849809
1816000 0.772995 0.849767
1817000 0.769675 0.849723
1818000 0.777832 0.849683
1819000 0.758976 0.849634
1820000 0.791267 0.849602
1821000 0.753349 0.849549
1822000 0.782614 0.849512
1823000 0.798339 0.849484
1824000 0.808607 0.849461
1825000 0.790064 0.849429
1826000 0.756832 0.849378
1827000 0.787080 0.849344
1828000 0.805988 0.849320
1829000 0.782250 0.849284
1830000 0.764770 0.849238
1831000 0.765883 0.849192
1832000 0.780300 0.849154
1833000 0.703486 0.849075
1834000 0.740962 0.849016
1835000 0.740512 0.848957
1836000 0.717525 0.848885
1837000 0.736577 0.848824
1838000 0.727689 0.848758
1839000 0.736898 0.848697
1840000 0.763649 0.848651
1841000 0.764733 0.848606
1842000 0.782248 0.848570
1843000 0.752786 0.848518
1844000 0.789233 0.848485
1845000 0.776799 0.848447
1846000 0.758057 0.848398
1847000 0.765298 0.848353
1848000 0.788747 0.848320
1849000 0.772780 0.848280
1850000 0.785382 0.848246
1851000 0.758189 0.848197
1852000 0.719810 0.848128
1853000 0.716624 0.848057
1854000 0.712315 0.847983
1855000 0.711686 0.847910
1856000 0.700044 0.847830
1857000 0.742379 0.847773
1858000 0.700857 0.847694
1859000 0.725251 0.847628
1860000 0.719215 0.847559
1861000 0.744218 0.847504
1862000 0.718739 0.847435
1863000 0.763589 0.847390
1864000 0.713845 0.847318
1865000 0.770112 0.847277
1866000 0.740801 0.847220
1867000 0.730202 0.847157
1868000 0.728254 0.847093
1869000 0.763445 0.847049
1870000 0.771742 0.847008
1871000 0.758536 0.846961
1872000 0.762250 0.846916
1873000 0.794128 0.846888
1874000 0.805021 0.846865
1875000 0.784653 0.846832
1876000 0.801284 0.846808
1877000 0.793690 0.846779
1878000 0.801111 0.846755
1879000 0.808183 0.846735
1880000 0.789809 0.846704
1881000 0.776536 0.846667
1882000 0.790681 0.846637
1883000 0.813120 0.846619
1884000 0.776240 0.846582
1885000 0.794374 0.846554
1886000 0.811709 0.846536
1887000 0.801449 0.846512
1888000 0.808422 0.846492
1889000 0.822518 0.846479
1890000 0.812744 0.846461
1891000 0.823549 0.846449
1892000 0.823194 0.846437
1893000 0.803233 0.846414
1894000 0.823514 0.846402
1895000 0.814745 0.846385
1896000 0.792352 0.846357
1897000 0.802192 0.846334
1898000 0.763368 0.846290
1899000 0.801587 0.846266
1900000 0.786886 0.846235
1901000 0.801827 0.846212
1902000 0.788852 0.846182
1903000 0.783900 0.846149
1904000 0.789334 0.846119
1905000 0.801145 0.846095
1906000 0.800948 0.846072
1907000 0.816544 0.846056
1908000 0.854048 0.846060
1909000 0.819209 0.846046
1910000 0.733730 0.845988
1911000 0.738091 0.845931
1912000 0.765997 0.845889
1913000 0.784525 0.845857
1914000 0.829203 0.845848
1915000 0.818295 0.845834
1916000 0.803852 0.845812
1917000 0.796804 0.845787
1918000 0.789376 0.845757
1919000 0.802957 0.845735
1920000 0.836878 0.845730
1921000 0.803857 0.845708
1922000 0.844909 0.845708
1923000 0.832178 0.845701
1924000 0.787313 0.845671
1925000 0.761290 0.845627
1926000 0.775801 0.845591
1927000 0.787322 0.845560
1928000 0.786504 0.845530
1929000 0.755728 0.845483
1930000 0.800675 0.845460
1931000 0.792343 0.845432
1932000 0.807363 0.845413
1933000 0.821115 0.845400
1934000 0.811099 0.845382
1935000 0.818231 0.845368
1936000 0.788581 0.845339
1937000 0.814472 0.845323
1938000 0.825451 0.845313
1939000 0.789696 0.845284
1940000 0.781695 0.845251
1941000 0.832748 0.845245
1942000 0.809853 0.845227
1943000 0.804884 0.845206
1944000 0.805006 0.845185
1945000 0.829995 0.845177
1946000 0.817238 0.845163
1947000 0.841042 0.845161
1948000 0.839415 0.845158
1949000 0.822780 0.845147
1950000 0.857162 0.845153
1951000 0.826114 0.845143
1952000 0.833406 0.845137
1953000 0.806558 0.845117
1954000 0.771611 0.845080
1955000 0.806290 0.845060
1956000 0.792207 0.845033
1957000 0.800370 0.845010
1958000 0.824859 0.845000
1959000 0.798854 0.844976
1960000 0.826450 0.844967
1961000 0.853664 0.844971
1962000 0.829057 0.844963
1963000 0.840622 0.844961
1964000 0.843793 0.844960
1965000 0.855971 0.844966
1966000 0.830602 0.844958
1967000 0.845655 0.844959
1968000 0.843167 0.844958
1969000 0.847639 0.844959
1970000 0.860628 0.844967
1971000 0.879998 0.844985
1972000 0.829454 0.844977
1973000 0.834492 0.844972
1974000 0.865168 0.844982
1975000 0.809099 0.844964
1976000 0.820877 0.844952
1977000 0.823432 0.844941
1978000 0.809568 0.844923
1979000 0.850147 0.844926
1980000 0.821998 0.844914
1981000 0.800307 0.844891
1982000 0.801992 0.844870
1983000 0.811819 0.844853
1984000 0.838444 0.844850
1985000 0.810988 0.844833
1986000 0.814678 0.844818
1987000 0.776390 0.844783
1988000 0.769695 0.844745
1989000 0.773621 0.844710
1990000 0.786804 0.844681
1991000 0.771722 0.844644
1992000 0.795354 0.844619
1993000 0.840070 0.844617
1994000 0.776020 0.844582
1995000 0.771588 0.844546
1996000 0.792148 0.844520
1997000 0.762595 0.844479
1998000 0.764655 0.844439
1999000 0.749384 0.844391
2000000 0.724962 0.844331
