1000 30.930253 30.930253
2000 30.883100 30.906676
3000 30.881171 30.898174
4000 30.740674 30.858799
5000 30.704019 30.827843
6000 30.806957 30.824362
7000 30.927846 30.839146
8000 30.909021 30.847880
9000 30.803979 30.843002
10000 30.918639 30.850566
11000 31.152982 30.878058
12000 31.084355 30.895250
13000 30.896021 30.895309
14000 30.814836 30.889561
15000 31.002013 30.897058
16000 31.066955 30.907676
17000 30.912018 30.907932
18000 30.890626 30.906970
19000 30.965265 30.910038
20000 30.730010 30.901037
21000 30.657067 30.889419
22000 30.921044 30.890857
23000 31.150497 30.902145
24000 31.006818 30.906507
25000 31.056812 30.912519
26000 30.881069 30.911309
27000 30.738242 30.904900
28000 30.716894 30.898185
29000 30.651532 30.889680
30000 30.927230 30.890931
31000 31.074599 30.896856
32000 30.935852 30.898075
33000 31.049557 30.902665
34000 31.050219 30.907005
35000 31.052339 30.911157
36000 31.056107 30.915184
37000 30.972612 30.916736
38000 30.877230 30.915696
39000 30.664910 30.909266
40000 30.613718 30.901877
41000 30.731833 30.897730
42000 30.810831 30.895661
43000 30.579833 30.888316
44000 30.758592 30.885368
45000 30.897419 30.885635
46000 30.745794 30.882595
47000 30.690083 30.878499
48000 30.738755 30.875588
49000 30.981871 30.877757
50000 30.801585 30.876234
51000 30.900514 30.876710
52000 30.885405 30.876877
53000 30.801917 30.875463
54000 30.960746 30.877042
55000 30.753969 30.874804
56000 30.774191 30.873008
57000 30.931342 30.874031
58000 30.702612 30.871076
59000 30.639063 30.867143
60000 30.573853 30.862255
61000 30.520457 30.856652
62000 30.696856 30.854074
63000 30.715397 30.851873
64000 30.662865 30.848920
65000 30.648903 30.845843
66000 30.420699 30.839401
67000 30.658115 30.836695
68000 30.654276 30.834013
69000 30.791233 30.833393
70000 30.505128 30.828703
71000 30.508145 30.824188
72000 30.665952 30.821991
73000 30.633878 30.819414
74000 30.401144 30.813761
75000 30.386412 30.808063
76000 30.530854 30.804416
77000 30.420294 30.799427
78000 30.721984 30.798434
79000 30.746344 30.797775
80000 30.659626 30.796048
81000 30.808323 30.796200
82000 30.822630 30.796522
83000 30.823003 30.796841
84000 30.546647 30.793863
85000 30.714853 30.792933
86000 30.603509 30.790730
87000 30.604519 30.788590
88000 30.646518 30.786976
89000 30.695567 30.785949
90000 30.865688 30.786835
91000 30.496860 30.783648
92000 30.598678 30.781638
93000 30.568443 30.779345
94000 30.693734 30.778434
95000 30.650456 30.777087
96000 30.728541 30.776582
97000 30.804707 30.776871
98000 30.450835 30.773545
99000 30.802614 30.773838
100000 30.892351 30.775023
101000 30.753013 30.774805
102000 30.733331 30.774399
103000 30.816240 30.774805
104000 30.806793 30.775113
105000 30.839835 30.775729
106000 30.788736 30.775852
107000 30.945791 30.777440
108000 30.713365 30.776847
109000 30.762227 30.776713
110000 30.964043 30.778416
111000 30.540131 30.776269
112000 30.699963 30.775588
113000 30.715855 30.775059
114000 30.722128 30.774595
115000 30.566459 30.772785
116000 30.653586 30.771757
117000 30.703292 30.771172
118000 31.086268 30.773842
119000 30.835079 30.774357
120000 30.953904 30.775853
121000 30.820387 30.776221
122000 31.068022 30.778613
123000 30.989480 30.780327
124000 30.872269 30.781069
125000 30.879815 30.781859
126000 30.703869 30.781240
127000 30.640145 30.780129
128000 30.906950 30.781120
129000 30.835677 30.781543
130000 30.839483 30.781988
131000 30.831390 30.782365
132000 30.659577 30.781435
133000 30.825563 30.781767
134000 30.974941 30.783209
135000 30.625140 30.782038
136000 30.642962 30.781015
137000 31.026362 30.782806
138000 30.690047 30.782134
139000 30.725402 30.781726
140000 30.615060 30.780535
141000 30.756535 30.780365
142000 30.777406 30.780344
143000 30.664944 30.779537
144000 30.612466 30.778377
145000 30.590036 30.777078
146000 30.650367 30.776210
147000 30.649872 30.775351
148000 30.654014 30.774531
149000 30.371394 30.771825
150000 30.511867 30.770092
151000 30.489255 30.768232
152000 30.456027 30.766178
153000 30.381026 30.763661
154000 30.206962 30.760046
155000 30.213109 30.756517
156000 30.417723 30.754346
157000 30.525267 30.752887
158000 30.270430 30.749833
159000 30.445469 30.747919
160000 30.317668 30.745230
161000 30.358610 30.742828
162000 30.045489 30.738524
163000 30.076318 30.734461
164000 30.150170 30.730898
165000 30.386786 30.728813
166000 30.594934 30.728006
167000 30.607516 30.727285
168000 30.648607 30.726817
169000 30.567593 30.725874
170000 30.538403 30.724772
171000 30.525363 30.723605
172000 30.420342 30.721842
173000 30.455082 30.720300
174000 30.576230 30.719472
175000 30.489940 30.718161
176000 30.778946 30.718506
177000 30.763838 30.718762
178000 30.851709 30.719509
179000 30.543465 30.718526
180000 30.614560 30.717948
181000 30.517005 30.716838
182000 30.359774 30.714876
183000 30.441484 30.713382
184000 30.334521 30.711323
185000 30.419361 30.709745
186000 30.451646 30.708357
187000 30.806722 30.708883
188000 30.948907 30.710160
189000 31.050915 30.711963
190000 30.882984 30.712863
191000 30.723370 30.712918
192000 30.527791 30.711954
193000 30.627448 30.711516
194000 30.532510 30.710593
195000 30.667902 30.710374
196000 30.665638 30.710146
197000 30.604342 30.709609
198000 30.714766 30.709635
199000 30.421420 30.708187
200000 30.643112 30.707861
201000 30.409315 30.706376
202000 30.571121 30.705706
203000 30.586357 30.705119
204000 30.462690 30.703930
205000 30.490960 30.702891
206000 30.389460 30.701370
207000 30.140517 30.698660
208000 30.305714 30.696771
209000 30.404678 30.695374
210000 30.520107 30.694539
211000 30.862554 30.695335
212000 30.669819 30.695215
213000 30.591198 30.694727
214000 30.920667 30.695782
215000 30.596881 30.695322
216000 30.625735 30.695000
217000 30.656430 30.694822
218000 30.821333 30.695403
219000 30.646858 30.695181
220000 30.691083 30.695162
221000 30.737792 30.695355
222000 30.627974 30.695052
223000 30.520568 30.694269
224000 30.414811 30.693022
225000 30.420248 30.691810
226000 30.356376 30.690325
227000 30.585017 30.689861
228000 30.485498 30.688965
229000 30.466123 30.687992
230000 30.337594 30.686468
231000 30.482255 30.685584
232000 30.497315 30.684773
233000 30.336825 30.683280
234000 30.065361 30.680639
235000 30.255774 30.678831
236000 30.327434 30.677342
237000 30.163857 30.675175
238000 30.284290 30.673533
239000 30.334263 30.672113
240000 30.601655 30.671820
241000 30.429008 30.670812
242000 30.630872 30.670647
243000 30.838214 30.671337
244000 30.418437 30.670300
245000 30.519556 30.669685
246000 30.598149 30.669394
247000 30.428612 30.668420
248000 30.439910 30.667498
249000 30.839926 30.668191
250000 30.692880 30.668289
251000 30.875056 30.669113
252000 30.420558 30.668127
253000 30.778019 30.668561
254000 30.587805 30.668243
255000 30.592462 30.667946
256000 30.523266 30.667381
257000 30.566149 30.666987
258000 30.317026 30.665631
259000 30.122787 30.663535
260000 30.262261 30.661991
261000 30.201713 30.660228
262000 30.390091 30.659197
263000 30.545518 30.658764
264000 30.433300 30.657910
265000 30.258755 30.656404
266000 30.000344 30.653938
267000 30.187774 30.652192
268000 30.053273 30.649957
269000 30.403373 30.649040
270000 30.369880 30.648006
271000 30.294235 30.646701
272000 30.457691 30.646006
273000 30.424274 30.645194
274000 30.326011 30.644029
275000 30.220108 30.642488
276000 30.258338 30.641096
277000 30.064886 30.639016
278000 30.128334 30.637179
279000 30.206871 30.635636
280000 30.351496 30.634621
281000 30.245017 30.633235
282000 30.257288 30.631902
283000 30.317160 30.630790
284000 30.239981 30.629414
285000 30.235727 30.628032
286000 30.152840 30.626371
287000 30.264906 30.625111
288000 30.315945 30.624038
289000 30.012451 30.621921
290000 30.237308 30.620595
291000 30.323711 30.619575
292000 30.247249 30.618300
293000 29.749972 30.615336
294000 30.050782 30.613416
295000 30.199825 30.612014
296000 29.833376 30.609384
297000 29.800317 30.606659
298000 29.986752 30.604579
299000 30.044171 30.602705
300000 29.905323 30.600380
301000 29.893496 30.598032
302000 29.992236 30.596026
303000 30.094385 30.594370
304000 30.291235 30.593373
305000 30.435207 30.592855
306000 30.334866 30.592012
307000 30.182973 30.590679
308000 30.135062 30.589200
309000 29.922626 30.587043
310000 30.011033 30.585185
311000 29.867443 30.582877
312000 29.921799 30.580758
313000 30.016752 30.578956
314000 29.853356 30.576645
315000 29.888210 30.574460
316000 29.793727 30.571989
317000 30.018373 30.570243
318000 30.098704 30.568760
319000 30.237008 30.567720
320000 29.960143 30.565821
321000 29.858904 30.563619
322000 30.129702 30.562271
323000 30.152103 30.561001
324000 30.058970 30.559452
325000 30.240519 30.558471
326000 30.281427 30.557621
327000 30.254810 30.556695
328000 30.276441 30.555840
329000 30.222736 30.554828
330000 30.318047 30.554110
331000 30.502338 30.553954
332000 30.608928 30.554119
333000 30.450145 30.553807
334000 30.418797 30.553403
335000 30.428704 30.553031
336000 30.433348 30.552675
337000 30.369363 30.552131
338000 30.560343 30.552155
339000 30.602749 30.552304
340000 30.586735 30.552405
341000 30.372509 30.551878
342000 30.374621 30.551360
343000 30.444047 30.551047
344000 30.450704 30.550755
345000 30.216528 30.549786
346000 30.393998 30.549336
347000 30.219142 30.548384
348000 30.244393 30.547511
349000 30.110794 30.546260
350000 30.205172 30.545285
351000 30.160730 30.544189
352000 30.136227 30.543030
353000 29.968432 30.541403
354000 30.089144 30.540125
355000 30.063459 30.538782
356000 30.179665 30.537774
357000 30.454706 30.537541
358000 30.445459 30.537284
359000 30.492591 30.537159
360000 30.536746 30.537158
361000 30.574672 30.537262
362000 30.441976 30.536999
363000 30.481760 30.536847
364000 30.643044 30.537138
365000 30.388348 30.536731
366000 30.554774 30.536780
367000 30.372418 30.536332
368000 30.328477 30.535767
369000 30.417852 30.535448
370000 30.394371 30.535066
371000 30.474794 30.534904
372000 30.697169 30.535340
373000 30.576990 30.535452
374000 30.698837 30.535889
375000 30.924576 30.536925
376000 30.663080 30.537261
377000 30.512995 30.537196
378000 30.731521 30.537710
379000 30.833720 30.538492
380000 30.603976 30.538664
381000 30.659597 30.538981
382000 30.538382 30.538980
383000 30.711813 30.539431
384000 30.363006 30.538972
385000 30.790557 30.539625
386000 30.713743 30.540076
387000 30.615063 30.540270
388000 30.738164 30.540780
389000 30.712644 30.541222
390000 30.674158 30.541563
391000 30.651788 30.541844
392000 30.542152 30.541845
393000 30.477651 30.541682
394000 30.546930 30.541695
395000 30.508203 30.541610
396000 30.492714 30.541487
397000 30.509027 30.541405
398000 30.362625 30.540956
399000 30.406374 30.540619
400000 30.730167 30.541093
401000 30.511230 30.541018
402000 30.458911 30.540814
403000 30.359554 30.540364
404000 30.294263 30.539755
405000 30.157568 30.538811
406000 29.797985 30.536987
407000 30.115891 30.535952
408000 30.147505 30.535000
409000 30.183423 30.534140
410000 30.159642 30.533227
411000 30.339264 30.532755
412000 30.355312 30.532324
413000 30.378002 30.531951
414000 30.377283 30.531577
415000 30.587449 30.531712
416000 30.711843 30.532145
417000 30.563787 30.532220
418000 30.846804 30.532973
419000 30.471743 30.532827
420000 30.479592 30.532700
421000 30.362608 30.532296
422000 30.507671 30.532238
423000 30.683727 30.532596
424000 30.751833 30.533113
425000 30.736972 30.533593
426000 30.479402 30.533465
427000 30.731719 30.533930
428000 30.738611 30.534408
429000 30.814466 30.535061
430000 30.655216 30.535340
431000 31.025481 30.536477
432000 30.892652 30.537302
433000 30.899703 30.538139
434000 30.928084 30.539037
435000 31.096247 30.540318
436000 30.835757 30.540996
437000 30.832548 30.541663
438000 30.824705 30.542309
439000 30.546082 30.542318
440000 30.952141 30.543249
441000 30.737854 30.543691
442000 30.805853 30.544284
443000 30.870953 30.545021
444000 30.893447 30.545806
445000 30.699793 30.546152
446000 30.479076 30.546002
447000 30.534691 30.545976
448000 30.738199 30.546405
449000 30.930109 30.547260
450000 30.868034 30.547973
451000 30.672618 30.548249
452000 30.582253 30.548324
453000 30.719633 30.548702
454000 30.734423 30.549112
455000 30.839935 30.549751
456000 30.832121 30.550370
457000 30.784443 30.550882
458000 30.664012 30.551129
459000 30.542504 30.551110
460000 30.813435 30.551681
461000 30.842540 30.552312
462000 30.741429 30.552721
463000 30.751276 30.553150
464000 30.721342 30.553512
465000 30.519602 30.553439
466000 30.632044 30.553608
467000 30.749110 30.554027
468000 30.723455 30.554389
469000 30.738993 30.554782
470000 30.781146 30.555264
471000 30.565369 30.555285
472000 30.642820 30.555471
473000 30.631509 30.555632
474000 30.896841 30.556351
475000 30.868286 30.557008
476000 30.896911 30.557722
477000 30.800289 30.558231
478000 31.031247 30.559220
479000 30.907812 30.559948
480000 30.903216 30.560663
481000 30.808621 30.561179
482000 30.785153 30.561643
483000 30.919320 30.562384
484000 31.018946 30.563327
485000 31.084981 30.564403
486000 31.060740 30.565424
487000 30.943255 30.566200
488000 30.631476 30.566334
489000 30.624606 30.566453
490000 30.594950 30.566511
491000 30.451457 30.566277
492000 30.591614 30.566328
493000 30.820501 30.566844
494000 30.710462 30.567134
495000 30.611285 30.567224
496000 30.813392 30.567720
497000 30.610499 30.567806
498000 30.470055 30.567610
499000 30.739906 30.567955
500000 30.399794 30.567619
501000 30.557244 30.567598
502000 30.778445 30.568018
503000 30.491057 30.567865
504000 30.239939 30.567214
505000 30.083387 30.566256
506000 30.302542 30.565735
507000 30.638487 30.565879
508000 30.851591 30.566441
509000 30.576897 30.566462
510000 30.615648 30.566558
511000 30.538766 30.566504
512000 30.513230 30.566400
513000 30.529164 30.566327
514000 30.619840 30.566431
515000 30.525685 30.566352
516000 30.622376 30.566461
517000 30.602464 30.566530
518000 30.754583 30.566893
519000 30.564511 30.566889
520000 30.434097 30.566633
521000 30.602167 30.566701
522000 30.705870 30.566968
523000 30.644694 30.567117
524000 30.666669 30.567307
525000 30.710702 30.567580
526000 30.588833 30.567620
527000 30.577449 30.567639
528000 30.594624 30.567690
529000 30.566772 30.567688
530000 30.557526 30.567669
531000 30.635657 30.567797
532000 30.621110 30.567897
533000 30.573335 30.567907
534000 30.515717 30.567810
535000 30.483355 30.567652
536000 30.429519 30.567394
537000 30.559079 30.567379
538000 30.383854 30.567038
539000 30.703297 30.567290
540000 30.389012 30.566960
541000 30.323672 30.566511
542000 30.514236 30.566414
543000 30.592325 30.566462
544000 30.662124 30.566638
545000 30.561021 30.566627
546000 30.603646 30.566695
547000 30.543269 30.566652
548000 30.560970 30.566642
549000 30.852700 30.567163
550000 30.666038 30.567343
551000 30.927777 30.567997
552000 30.884574 30.568570
553000 30.840861 30.569063
554000 30.817745 30.569512
555000 30.980138 30.570252
556000 30.918217 30.570877
557000 30.722258 30.571149
558000 30.849429 30.571648
559000 30.593394 30.571687
560000 30.572217 30.571688
561000 30.546448 30.571643
562000 30.417417 30.571368
563000 30.328538 30.570937
564000 30.524353 30.570854
565000 30.491237 30.570714
566000 30.506575 30.570600
567000 30.585721 30.570627
568000 30.740642 30.570926
569000 30.664446 30.571091
570000 30.778740 30.571455
571000 30.828703 30.571905
572000 30.719873 30.572164
573000 31.038452 30.572978
574000 30.745734 30.573279
575000 30.662912 30.573435
576000 30.645670 30.573560
577000 30.491523 30.573418
578000 30.800671 30.573811
579000 30.824137 30.574243
580000 30.628337 30.574337
581000 30.705973 30.574563
582000 30.484215 30.574408
583000 30.706727 30.574635
584000 30.644918 30.574755
585000 30.442098 30.574529
586000 30.495834 30.574394
587000 30.359285 30.574028
588000 30.396348 30.573726
589000 30.755299 30.574034
590000 30.733551 30.574304
591000 30.694878 30.574508
592000 30.782991 30.574860
593000 30.861448 30.575344
594000 30.846714 30.575801
595000 30.742099 30.576080
596000 30.432794 30.575840
597000 30.424161 30.575586
598000 30.477104 30.575421
599000 30.534309 30.575352
600000 30.601030 30.575395
601000 30.426905 30.575148
602000 30.145588 30.574434
603000 30.243865 30.573886
604000 30.493636 30.573753
605000 30.353817 30.573390
606000 30.585454 30.573410
607000 30.469313 30.573238
608000 30.457503 30.573048
609000 30.354462 30.572689
610000 30.262325 30.572180
611000 30.242131 30.571640
612000 30.450643 30.571442
613000 30.205299 30.570845
614000 30.325383 30.570445
615000 30.398043 30.570165
616000 30.471385 30.570005
617000 30.472847 30.569847
618000 30.319720 30.569442
619000 30.525749 30.569372
620000 30.421289 30.569133
621000 30.519882 30.569054
622000 30.698728 30.569262
623000 30.525336 30.569192
624000 30.596676 30.569236
625000 30.606931 30.569296
626000 30.374607 30.568985
627000 30.344986 30.568628
628000 30.421158 30.568393
629000 30.623413 30.568480
630000 30.541956 30.568438
631000 30.396918 30.568166
632000 30.442577 30.567968
633000 30.293492 30.567534
634000 30.330242 30.567160
635000 30.437102 30.566955
636000 30.273618 30.566494
637000 30.517737 30.566417
638000 30.476596 30.566276
639000 30.600857 30.566331
640000 30.433720 30.566123
641000 30.464094 30.565964
642000 30.392729 30.565694
643000 30.192969 30.565115
644000 30.198366 30.564545
645000 30.407340 30.564301
646000 30.389729 30.564031
647000 30.302553 30.563627
648000 30.574728 30.563644
649000 30.439706 30.563453
650000 30.398485 30.563199
651000 30.557896 30.563191
652000 30.422178 30.562975
653000 30.270162 30.562527
654000 30.390523 30.562264
655000 30.287547 30.561844
656000 30.364024 30.561543
657000 30.330585 30.561191
658000 30.470831 30.561054
659000 30.372269 30.560767
660000 30.586574 30.560806
661000 30.463296 30.560659
662000 30.569971 30.560673
663000 30.416605 30.560456
664000 30.464416 30.560311
665000 30.292404 30.559908
666000 30.502396 30.559822
667000 30.494192 30.559723
668000 30.613014 30.559803
669000 30.442186 30.559627
670000 30.637320 30.559743
671000 30.466951 30.559605
672000 30.491510 30.559504
673000 30.297527 30.559114
674000 30.478970 30.558996
675000 30.364732 30.558708
676000 30.413130 30.558492
677000 30.415623 30.558281
678000 30.486996 30.558176
679000 30.508037 30.558102
680000 30.566009 30.558114
681000 30.580007 30.558146
682000 30.643181 30.558271
683000 30.722900 30.558512
684000 30.925370 30.559048
685000 30.447711 30.558886
686000 30.536826 30.558853
687000 30.593775 30.558904
688000 30.349835 30.558600
689000 30.430892 30.558415
690000 30.400496 30.558186
691000 30.215701 30.557691
692000 30.341557 30.557378
693000 30.731803 30.557630
694000 30.656351 30.557772
695000 30.504957 30.557696
696000 30.426853 30.557508
697000 30.176883 30.556962
698000 30.556434 30.556961
699000 30.482053 30.556854
700000 30.222733 30.556377
701000 30.609058 30.556452
702000 30.484861 30.556350
703000 30.269264 30.555942
704000 30.438232 30.555774
705000 30.367218 30.555507
706000 30.268054 30.555100
707000 30.275466 30.554704
708000 30.208986 30.554216
709000 30.387915 30.553981
710000 30.388696 30.553749
711000 30.410195 30.553547
712000 30.390461 30.553318
713000 30.276214 30.552929
714000 30.218621 30.552461
715000 30.506344 30.552396
716000 30.576033 30.552429
717000 30.611018 30.552511
718000 30.519074 30.552465
719000 30.654408 30.552606
720000 30.369373 30.552352
721000 30.410807 30.552155
722000 30.406202 30.551953
723000 30.365277 30.551695
724000 30.514992 30.551644
725000 30.356247 30.551375
726000 30.341383 30.551086
727000 30.401893 30.550880
728000 30.401256 30.550675
729000 30.638942 30.550796
730000 30.683217 30.550977
731000 30.506443 30.550917
732000 30.495109 30.550840
733000 30.548678 30.550837
734000 30.856092 30.551253
735000 30.503624 30.551188
736000 30.808289 30.551538
737000 30.614377 30.551623
738000 30.467370 30.551509
739000 30.484761 30.551418
740000 30.579624 30.551457
741000 30.537996 30.551438
742000 30.569067 30.551462
743000 30.644641 30.551588
744000 30.737723 30.551838
745000 30.553683 30.551840
746000 30.680073 30.552012
747000 30.703113 30.552214
748000 30.666523 30.552367
749000 30.726156 30.552599
750000 30.902316 30.553066
751000 30.677131 30.553231
752000 30.894500 30.553685
753000 30.550663 30.553681
754000 30.729442 30.553914
755000 30.581317 30.553950
756000 30.510673 30.553893
757000 30.450223 30.553756
758000 30.530565 30.553725
759000 30.512445 30.553671
760000 30.546884 30.553662
761000 30.578913 30.553695
762000 30.596108 30.553751
763000 30.598022 30.553809
764000 30.317773 30.553500
765000 30.236278 30.553085
766000 30.283839 30.552734
767000 30.182867 30.552251
768000 30.200194 30.551793
769000 30.256930 30.551410
770000 30.026796 30.550728
771000 30.062164 30.550095
772000 30.015966 30.549403
773000 29.931773 30.548604
774000 30.138416 30.548074
775000 30.260180 30.547702
776000 29.857759 30.546813
777000 29.980837 30.546085
778000 30.250689 30.545705
779000 30.330305 30.545429
780000 30.500693 30.545371
781000 30.347799 30.545118
782000 30.198700 30.544675
783000 30.397678 30.544487
784000 30.542029 30.544484
785000 30.379783 30.544275
786000 30.421734 30.544119
787000 30.397904 30.543933
788000 30.291029 30.543612
789000 30.153530 30.543118
790000 30.443245 30.542991
791000 30.441998 30.542863
792000 30.496898 30.542805
793000 30.888828 30.543242
794000 30.751785 30.543504
795000 30.703018 30.543705
796000 30.510265 30.543663
797000 30.602732 30.543737
798000 30.520948 30.543709
799000 30.565972 30.543736
800000 30.469676 30.543644
801000 30.428045 30.543500
802000 30.259007 30.543145
803000 30.395270 30.542961
804000 30.442616 30.542836
805000 30.329907 30.542571
806000 30.374267 30.542363
807000 30.468828 30.542271
808000 30.445178 30.542151
809000 30.680817 30.542323
810000 30.693289 30.542509
811000 30.848108 30.542886
812000 30.864272 30.543282
813000 30.743239 30.543528
814000 30.843475 30.543896
815000 30.688055 30.544073
816000 30.606783 30.544150
817000 30.715531 30.544360
818000 30.720258 30.544575
819000 30.657900 30.544713
820000 30.797099 30.545021
821000 30.554472 30.545032
822000 30.588714 30.545085
823000 30.574580 30.545121
824000 30.513347 30.545083
825000 30.590171 30.545137
826000 30.631008 30.545241
827000 30.680548 30.545405
828000 30.738645 30.545638
829000 30.583742 30.545684
830000 30.588272 30.545736
831000 30.731453 30.545959
832000 30.520129 30.545928
833000 30.594409 30.545986
834000 30.437938 30.545857
835000 30.542775 30.545853
836000 30.293692 30.545551
837000 30.564949 30.545575
838000 30.573427 30.545608
839000 30.695049 30.545786
840000 30.660083 30.545922
841000 30.678164 30.546079
842000 30.340511 30.545835
843000 30.581126 30.545877
844000 30.619392 30.545964
845000 30.591734 30.546018
846000 30.857999 30.546387
847000 30.866096 30.546764
848000 30.488719 30.546696
849000 30.891732 30.547102
850000 30.978577 30.547610
851000 30.673165 30.547758
852000 30.846574 30.548108
853000 30.951084 30.548581
854000 30.801907 30.548877
855000 30.571508 30.548904
856000 30.424110 30.548758
857000 30.700151 30.548935
858000 30.506060 30.548885
859000 30.803188 30.549181
860000 30.695718 30.549351
861000 30.541595 30.549342
862000 30.637366 30.549444
863000 30.658662 30.549571
864000 30.563623 30.549587
865000 30.626139 30.549676
866000 30.557365 30.549684
867000 30.728543 30.549891
868000 30.629668 30.549983
869000 30.549932 30.549983
870000 30.721622 30.550180
871000 30.799422 30.550466
872000 30.809751 30.550763
873000 30.670994 30.550901
874000 30.595446 30.550952
875000 30.485643 30.550877
876000 30.776464 30.551135
877000 30.751639 30.551364
878000 30.707513 30.551541
879000 30.422229 30.551394
880000 30.569973 30.551415
881000 30.432116 30.551280
882000 30.372524 30.551077
883000 30.569323 30.551098
884000 30.484048 30.551022
885000 30.310253 30.550750
886000 30.567627 30.550769
887000 30.344291 30.550536
888000 30.410711 30.550379
889000 30.085253 30.549856
890000 30.448742 30.549742
891000 30.495228 30.549681
892000 30.498444 30.549623
893000 30.545643 30.549619
894000 30.707936 30.549796
895000 30.807625 30.550084
896000 30.894422 30.550468
897000 30.681868 30.550615
898000 30.724640 30.550809
899000 30.609680 30.550874
900000 30.779416 30.551128
901000 30.762283 30.551362
902000 30.551434 30.551363
903000 30.748752 30.551581
904000 30.798450 30.551854
905000 30.981214 30.552329
906000 30.774752 30.552574
907000 30.638688 30.552669
908000 30.934025 30.553089
909000 30.605277 30.553147
910000 30.579829 30.553176
911000 30.773419 30.553418
912000 30.602185 30.553471
913000 30.727127 30.553661
914000 30.733490 30.553858
915000 30.589126 30.553897
916000 30.605838 30.553953
917000 30.536592 30.553934
918000 30.549768 30.553930
919000 30.965890 30.554378
920000 31.056106 30.554923
921000 30.949122 30.555351
922000 31.082063 30.555923
923000 31.233007 30.556656
924000 31.224603 30.557379
925000 30.903469 30.557753
926000 31.034725 30.558268
927000 30.825992 30.558557
928000 30.687616 30.558696
929000 30.923886 30.559089
930000 31.106752 30.559678
931000 30.864785 30.560006
932000 30.983989 30.560461
933000 30.983913 30.560915
934000 30.986944 30.561371
935000 30.792525 30.561618
936000 30.836965 30.561912
937000 30.798945 30.562165
938000 30.955316 30.562584
939000 30.747480 30.562781
940000 30.831464 30.563067
941000 30.850237 30.563372
942000 30.714733 30.563533
943000 30.853219 30.563840
944000 30.468546 30.563739
945000 30.853164 30.564046
946000 30.969139 30.564474
947000 30.882408 30.564809
948000 30.693191 30.564945
949000 30.844405 30.565239
950000 30.548752 30.565222
951000 30.544851 30.565201
952000 30.674979 30.565316
953000 30.759231 30.565519
954000 30.766065 30.565730
955000 30.780375 30.565954
956000 30.522601 30.565909
957000 30.806085 30.566160
958000 30.922945 30.566532
959000 31.065798 30.567053
960000 30.949599 30.567452
961000 31.096108 30.568002
962000 30.745659 30.568186
963000 30.968907 30.568602
964000 30.958384 30.569007
965000 30.861220 30.569310
966000 30.723686 30.569469
967000 30.780085 30.569687
968000 30.938040 30.570068
969000 30.864304 30.570371
970000 30.754126 30.570561
971000 30.961576 30.570963
972000 30.869128 30.571270
973000 30.863188 30.571570
974000 30.910985 30.571919
975000 30.922558 30.572278
976000 30.764522 30.572475
977000 30.522454 30.572424
978000 30.643854 30.572497
979000 30.589154 30.572514
980000 30.692232 30.572636
981000 30.740645 30.572808
982000 30.417019 30.572649
983000 30.388899 30.572462
984000 30.558895 30.572448
985000 30.697913 30.572576
986000 30.856043 30.572863
987000 30.883880 30.573178
988000 30.709399 30.573316
989000 30.786284 30.573531
990000 30.964511 30.573926
991000 30.886441 30.574242
992000 30.832296 30.574502
993000 30.839117 30.574768
994000 30.960155 30.575156
995000 31.012869 30.575596
996000 30.840275 30.575862
997000 30.904866 30.576192
998000 30.985414 30.576602
999000 30.730394 30.576756
1000000 30.722648 30.576902
1001000 31.024630 30.577349
1002000 30.972177 30.577743
1003000 30.941905 30.578106
1004000 31.014037 30.578540
1005000 30.893874 30.578854
1006000 31.017306 30.579290
1007000 31.089025 30.579796
1008000 31.187909 30.580399
1009000 31.189276 30.581003
1010000 31.116440 30.581533
1011000 31.041776 30.581988
1012000 31.208626 30.582607
1013000 31.215320 30.583232
1014000 31.168048 30.583809
1015000 31.139210 30.584356
1016000 31.110892 30.584874
1017000 30.980712 30.585263
1018000 31.135747 30.585804
1019000 31.320704 30.586525
1020000 31.144955 30.587073
1021000 31.184326 30.587658
1022000 31.452912 30.588504
1023000 31.209740 30.589112
1024000 31.381386 30.589885
1025000 31.402791 30.590678
1026000 31.241655 30.591313
1027000 31.263075 30.591967
1028000 31.353434 30.592708
1029000 31.383706 30.593476
1030000 30.907788 30.593782
1031000 31.069908 30.594243
1032000 31.149310 30.594781
1033000 31.381743 30.595543
1034000 31.383158 30.596305
1035000 31.283866 30.596969
1036000 31.296517 30.597644
1037000 31.208014 30.598233
1038000 31.468768 30.599072
1039000 31.623452 30.600057
1040000 30.986348 30.600429
1041000 31.111656 30.600920
1042000 31.390900 30.601678
1043000 31.366813 30.602412
1044000 31.266827 30.603048
1045000 31.198006 30.603617
1046000 31.242449 30.604228
1047000 31.118556 30.604719
1048000 30.991102 30.605088
1049000 30.755554 30.605232
1050000 30.992048 30.605600
1051000 30.921048 30.605900
1052000 30.996457 30.606271
1053000 31.135547 30.606774
1054000 30.948388 30.607098
1055000 31.042871 30.607511
1056000 31.074953 30.607954
1057000 31.028823 30.608352
1058000 31.104869 30.608821
1059000 30.972686 30.609165
1060000 31.182017 30.609705
1061000 31.215274 30.610276
1062000 31.077227 30.610716
1063000 31.273107 30.611339
1064000 31.028523 30.611731
1065000 30.978300 30.612075
1066000 31.063544 30.612499
1067000 30.626581 30.612512
1068000 30.835807 30.612721
1069000 30.918932 30.613007
1070000 31.049275 30.613415
1071000 30.961021 30.613740
1072000 31.263050 30.614345
1073000 31.136438 30.614832
1074000 31.158500 30.615338
1075000 30.993886 30.615690
1076000 30.839790 30.615899
1077000 31.060405 30.616311
1078000 31.071543 30.616734
1079000 31.193998 30.617269
1080000 30.938579 30.617566
1081000 31.096812 30.618009
1082000 31.197848 30.618545
1083000 31.252965 30.619131
1084000 31.470966 30.619917
1085000 30.983146 30.620252
1086000 31.043481 30.620641
1087000 31.202820 30.621177
1088000 31.277356 30.621780
1089000 31.121361 30.622239
1090000 31.130078 30.622705
1091000 31.205182 30.623239
1092000 31.064193 30.623642
1093000 31.143669 30.624118
1094000 31.121421 30.624573
1095000 31.439695 30.625317
1096000 31.204367 30.625846
1097000 31.134527 30.626309
1098000 31.216658 30.626847
1099000 31.022512 30.627207
1100000 30.805982 30.627369
1101000 30.848424 30.627570
1102000 30.819183 30.627744
1103000 31.020610 30.628100
1104000 31.150254 30.628573
1105000 30.943757 30.628859
1106000 30.719157 30.628940
1107000 30.570607 30.628887
1108000 30.724560 30.628974
1109000 30.625114 30.628970
1110000 30.969672 30.629277
1111000 30.682576 30.629325
1112000 30.804584 30.629483
1113000 30.801291 30.629637
1114000 30.986640 30.629958
1115000 31.066554 30.630349
1116000 30.893290 30.630585
1117000 31.194688 30.631090
1118000 31.447669 30.631820
1119000 30.966414 30.632119
1120000 30.959326 30.632411
1121000 30.995210 30.632735
1122000 30.790816 30.632876
1123000 30.749510 30.632980
1124000 30.689903 30.633030
1125000 30.859578 30.633232
1126000 30.884934 30.633455
1127000 31.052199 30.633827
1128000 31.092077 30.634233
1129000 30.897205 30.634466
1130000 30.910967 30.634711
1131000 30.784260 30.634843
1132000 30.758139 30.634952
1133000 30.858621 30.635149
1134000 30.668966 30.635179
1135000 30.676457 30.635216
1136000 30.807965 30.635368
1137000 30.697948 30.635423
1138000 30.564288 30.635360
1139000 30.575212 30.635307
1140000 30.609151 30.635284
1141000 30.712580 30.635352
1142000 30.871251 30.635559
1143000 30.935551 30.635821
1144000 30.864892 30.636021
1145000 30.837405 30.636197
1146000 30.686338 30.636241
1147000 30.927176 30.636495
1148000 30.735926 30.636581
1149000 30.717969 30.636652
1150000 30.564615 30.636589
1151000 30.635727 30.636589
1152000 30.695809 30.636640
1153000 30.545545 30.636561
1154000 30.605496 30.636534
1155000 30.612809 30.636514
1156000 30.820811 30.636673
1157000 30.689721 30.636719
1158000 30.656707 30.636736
1159000 30.812237 30.636888
1160000 30.532111 30.636797
1161000 30.594519 30.636761
1162000 30.484140 30.636630
1163000 30.396862 30.636423
1164000 30.461785 30.636273
1165000 30.582312 30.636227
1166000 30.504593 30.636114
1167000 30.555083 30.636045
1168000 30.922291 30.636290
1169000 30.777281 30.636410
1170000 31.035949 30.636752
1171000 30.857190 30.636940
1172000 30.773821 30.637057
1173000 30.724536 30.637132
1174000 30.863147 30.637324
1175000 30.856423 30.637510
1176000 30.870583 30.637709
1177000 31.075937 30.638081
1178000 30.902142 30.638305
1179000 30.625416 30.638294
1180000 30.777645 30.638412
1181000 30.876750 30.638614
1182000 30.819197 30.638767
1183000 31.150534 30.639200
1184000 30.969961 30.639479
1185000 30.830654 30.639640
1186000 30.589606 30.639598
1187000 30.551619 30.639524
1188000 30.785294 30.639647
1189000 30.550177 30.639571
1190000 30.443588 30.639407
1191000 30.428124 30.639229
1192000 30.523160 30.639132
1193000 30.435692 30.638961
1194000 30.544818 30.638883
1195000 30.271030 30.638575
1196000 30.755056 30.638672
1197000 30.805791 30.638812
1198000 30.749796 30.638904
1199000 30.781351 30.639023
1200000 30.812347 30.639168
1201000 30.784422 30.639289
1202000 30.874103 30.639484
1203000 30.935135 30.639730
1204000 30.754987 30.639825
1205000 30.829150 30.639982
1206000 30.972776 30.640258
1207000 31.035053 30.640586
1208000 30.894881 30.640796
1209000 30.699814 30.640845
1210000 30.890612 30.641051
1211000 31.149298 30.641471
1212000 30.916029 30.641697
1213000 31.038600 30.642025
1214000 30.819171 30.642171
1215000 30.820332 30.642317
1216000 30.943723 30.642565
1217000 30.868134 30.642750
1218000 30.918172 30.642977
1219000 31.083886 30.643338
1220000 31.151025 30.643754
1221000 31.043178 30.644082
1222000 30.868098 30.644265
1223000 30.961556 30.644524
1224000 31.008561 30.644822
1225000 30.833199 30.644975
1226000 30.929042 30.645207
1227000 30.808560 30.645340
1228000 30.631133 30.645329
1229000 30.782904 30.645441
1230000 30.854818 30.645611
1231000 30.980906 30.645883
1232000 30.664672 30.645899
1233000 30.329442 30.645642
1234000 30.779000 30.645750
1235000 30.541526 30.645666
1236000 30.655749 30.645674
1237000 30.788789 30.645789
1238000 30.652267 30.645795
1239000 30.565527 30.645730
1240000 30.570957 30.645670
1241000 30.518665 30.645567
1242000 30.525850 30.645471
1243000 30.548633 30.645393
1244000 30.604571 30.645360
1245000 30.419781 30.645179
1246000 30.298542 30.644901
1247000 30.398494 30.644703
1248000 30.520717 30.644604
1249000 30.722963 30.644667
1250000 30.848440 30.644830
1251000 30.560545 30.644762
1252000 30.803808 30.644889
1253000 30.606506 30.644859
1254000 30.717462 30.644916
1255000 30.735833 30.644989
1256000 30.924893 30.645212
1257000 30.656463 30.645221
1258000 30.747252 30.645302
1259000 30.963840 30.645555
1260000 30.696110 30.645595
1261000 30.594483 30.645554
1262000 30.665764 30.645570
1263000 30.757215 30.645659
1264000 30.736935 30.645731
1265000 30.697492 30.645772
1266000 30.737816 30.645845
1267000 30.768288 30.645941
1268000 30.973902 30.646200
1269000 30.927599 30.646422
1270000 30.837642 30.646572
1271000 30.814953 30.646705
1272000 30.928888 30.646927
1273000 30.794292 30.647042
1274000 30.881858 30.647227
1275000 30.656093 30.647234
1276000 30.819559 30.647369
1277000 31.039013 30.647675
1278000 30.879833 30.647857
1279000 30.715563 30.647910
1280000 30.691053 30.647944
1281000 30.650723 30.647946
1282000 30.699494 30.647986
1283000 30.819364 30.648120
1284000 30.556271 30.648048
1285000 30.575450 30.647992
1286000 30.835967 30.648138
1287000 30.846553 30.648292
1288000 30.942837 30.648521
1289000 30.933198 30.648741
1290000 30.851275 30.648898
1291000 30.852915 30.649056
1292000 30.742156 30.649129
1293000 30.831624 30.649270
1294000 30.820460 30.649402
1295000 30.937172 30.649624
1296000 30.904144 30.649821
1297000 30.689015 30.649851
1298000 30.698890 30.649889
1299000 30.729537 30.649950
1300000 31.035123 30.650246
1301000 31.052626 30.650555
1302000 30.986780 30.650814
1303000 31.049985 30.651120
1304000 30.918207 30.651325
1305000 30.956403 30.651559
1306000 31.057637 30.651870
1307000 31.118464 30.652227
1308000 30.912829 30.652426
1309000 31.005013 30.652695
1310000 31.078871 30.653021
1311000 30.955990 30.653252
1312000 30.974486 30.653496
1313000 30.950667 30.653723
1314000 31.220932 30.654154
1315000 31.002858 30.654420
1316000 31.018700 30.654696
1317000 31.027906 30.654980
1318000 31.029669 30.655264
1319000 30.952840 30.655490
1320000 31.040053 30.655781
1321000 30.909557 30.655973
1322000 31.201507 30.656386
1323000 31.121431 30.656737
1324000 31.055686 30.657039
1325000 31.085969 30.657362
1326000 31.148346 30.657733
1327000 31.053541 30.658031
1328000 30.939708 30.658243
1329000 30.909569 30.658432
1330000 30.911019 30.658622
1331000 30.881821 30.658790
1332000 30.850653 30.658934
1333000 30.668181 30.658941
1334000 30.734285 30.658997
1335000 30.952089 30.659217
1336000 31.020366 30.659487
1337000 30.873782 30.659647
1338000 31.036987 30.659929
1339000 31.175712 30.660315
1340000 30.909250 30.660500
1341000 30.832443 30.660629
1342000 30.824661 30.660751
1343000 30.886426 30.660919
1344000 30.880930 30.661083
1345000 30.743325 30.661144
1346000 30.604460 30.661102
1347000 30.356309 30.660875
1348000 30.669065 30.660881
1349000 30.491644 30.660756
1350000 30.471210 30.660615
1351000 30.676359 30.660627
1352000 30.342355 30.660392
1353000 30.281577 30.660112
1354000 30.250052 30.659809
1355000 30.395593 30.659614
1356000 30.568123 30.659546
1357000 30.471967 30.659408
1358000 30.603880 30.659367
1359000 30.388157 30.659168
1360000 30.336519 30.658931
1361000 30.275315 30.658649
1362000 30.425510 30.658477
1363000 30.579960 30.658420
1364000 30.703793 30.658453
1365000 30.498503 30.658336
1366000 30.682800 30.658354
1367000 30.499717 30.658238
1368000 30.411791 30.658058
1369000 30.632766 30.658039
1370000 30.816913 30.658155
1371000 30.856977 30.658300
1372000 30.798360 30.658402
1373000 31.088895 30.658716
1374000 30.862611 30.658864
1375000 30.770134 30.658945
1376000 30.731520 30.658998
1377000 30.516786 30.658895
1378000 30.507479 30.658785
1379000 30.450618 30.658634
1380000 30.679444 30.658649
1381000 30.634494 30.658631
1382000 30.524288 30.658534
1383000 30.624118 30.658509
1384000 30.899802 30.658684
1385000 31.124538 30.659020
1386000 30.766307 30.659097
1387000 31.076745 30.659398
1388000 30.696770 30.659425
1389000 30.728205 30.659475
1390000 30.541713 30.659390
1391000 30.443458 30.659235
1392000 30.566431 30.659168
1393000 30.820409 30.659284
1394000 30.885398 30.659446
1395000 30.849029 30.659582
1396000 30.636937 30.659566
1397000 30.815327 30.659677
1398000 30.543619 30.659594
1399000 30.638369 30.659579
1400000 30.642923 30.659567
1401000 30.547443 30.659487
1402000 30.772127 30.659568
1403000 30.624178 30.659542
1404000 30.734612 30.659596
1405000 30.784958 30.659685
1406000 30.820913 30.659800
1407000 30.968709 30.660019
1408000 30.761893 30.660092
1409000 31.007751 30.660338
1410000 31.033323 30.660603
1411000 31.059804 30.660886
1412000 31.123005 30.661213
1413000 30.901554 30.661383
1414000 30.886898 30.661543
1415000 31.112221 30.661861
1416000 30.766695 30.661935
1417000 31.137942 30.662271
1418000 31.299554 30.662721
1419000 30.950904 30.662924
1420000 31.074488 30.663214
1421000 30.987714 30.663442
1422000 30.932052 30.663631
1423000 31.050216 30.663902
1424000 30.946147 30.664101
1425000 31.007872 30.664342
1426000 31.069600 30.664626
1427000 30.910801 30.664799
1428000 30.661489 30.664796
1429000 30.753684 30.664859
1430000 30.699683 30.664883
1431000 30.673731 30.664889
1432000 30.516921 30.664786
1433000 30.592410 30.664735
1434000 30.668593 30.664738
1435000 30.490913 30.664617
1436000 30.295775 30.664360
1437000 30.389648 30.664169
1438000 30.675559 30.664177
1439000 30.783338 30.664259
1440000 30.620229 30.664229
1441000 30.462984 30.664089
1442000 30.302491 30.663838
1443000 30.272161 30.663567
1444000 30.526797 30.663472
1445000 30.660343 30.663470
1446000 30.414014 30.663298
1447000 30.643313 30.663284
1448000 30.433975 30.663125
1449000 30.561042 30.663055
1450000 30.621886 30.663027
1451000 30.637227 30.663009
1452000 30.379974 30.662814
1453000 30.395324 30.662630
1454000 30.524604 30.662535
1455000 30.772714 30.662611
1456000 31.015987 30.662853
1457000 30.770948 30.662928
1458000 30.790142 30.663015
1459000 31.067245 30.663292
1460000 30.746029 30.663349
1461000 31.088423 30.663639
1462000 30.627249 30.663615
1463000 30.557507 30.663542
1464000 30.722854 30.663583
1465000 30.773823 30.663658
1466000 30.868372 30.663797
1467000 30.771245 30.663871
1468000 30.605358 30.663831
1469000 30.620314 30.663801
1470000 30.309919 30.663560
1471000 30.304238 30.663316
1472000 30.716657 30.663352
1473000 30.622487 30.663325
1474000 30.655813 30.663320
1475000 31.017211 30.663560
1476000 31.039969 30.663815
1477000 30.912554 30.663983
1478000 30.660993 30.663981
1479000 30.281173 30.663722
1480000 30.380782 30.663531
1481000 30.510788 30.663428
1482000 30.538291 30.663343
1483000 30.481172 30.663221
1484000 30.654419 30.663215
1485000 30.464400 30.663081
1486000 30.329585 30.662856
1487000 30.762466 30.662923
1488000 30.743885 30.662978
1489000 30.813043 30.663078
1490000 30.545801 30.663000
1491000 30.801404 30.663093
1492000 30.739271 30.663144
1493000 30.715484 30.663179
1494000 31.054729 30.663441
1495000 31.030189 30.663686
1496000 30.822183 30.663792
1497000 30.534014 30.663705
1498000 30.609419 30.663669
1499000 30.691241 30.663687
1500000 30.524841 30.663595
1501000 30.347653 30.663384
1502000 30.377717 30.663194
1503000 30.532697 30.663107
1504000 30.459550 30.662972
1505000 30.180629 30.662652
1506000 30.245108 30.662374
1507000 30.151233 30.662035
1508000 30.399312 30.661861
1509000 30.243193 30.661583
1510000 30.412770 30.661419
1511000 30.374455 30.661229
1512000 30.210114 30.660930
1513000 30.313188 30.660701
1514000 30.430024 30.660548
1515000 30.408049 30.660382
1516000 30.199293 30.660077
1517000 30.210490 30.659781
1518000 30.179313 30.659465
1519000 30.193977 30.659158
1520000 30.208992 30.658862
1521000 30.149595 30.658527
1522000 30.261750 30.658266
1523000 30.363557 30.658073
1524000 30.488991 30.657962
1525000 30.612659 30.657932
1526000 30.342038 30.657725
1527000 30.348400 30.657523
1528000 30.320324 30.657302
1529000 30.045660 30.656902
1530000 29.965611 30.656450
1531000 30.183137 30.656141
1532000 30.219490 30.655856
1533000 30.294066 30.655620
1534000 30.265048 30.655365
1535000 30.185978 30.655060
1536000 30.117208 30.654709
1537000 30.006381 30.654288
1538000 29.953032 30.653832
1539000 29.842446 30.653304
1540000 29.892835 30.652811
1541000 29.613791 30.652136
1542000 29.801684 30.651585
1543000 29.875325 30.651082
1544000 30.005333 30.650664
1545000 30.190951 30.650366
1546000 30.161780 30.650050
1547000 30.026786 30.649647
1548000 30.338943 30.649446
1549000 30.193522 30.649152
1550000 30.086857 30.648789
1551000 29.990826 30.648365
1552000 29.908198 30.647888
1553000 29.851193 30.647375
1554000 30.102905 30.647025
1555000 30.160072 30.646712
1556000 29.867691 30.646211
1557000 30.177345 30.645910
1558000 30.071821 30.645541
1559000 30.107519 30.645196
1560000 29.975794 30.644767
1561000 30.029963 30.644373
1562000 30.103690 30.644027
1563000 30.349447 30.643839
1564000 30.463266 30.643723
1565000 30.235756 30.643462
1566000 30.532490 30.643392
1567000 30.425472 30.643253
1568000 30.445568 30.643126
1569000 30.568568 30.643079
1570000 30.386557 30.642916
1571000 30.045658 30.642535
1572000 30.195423 30.642251
1573000 30.368985 30.642077
1574000 30.340122 30.641885
1575000 30.521399 30.641809
1576000 30.679630 30.641833
1577000 30.475677 30.641728
1578000 30.607653 30.641706
1579000 30.353125 30.641523
1580000 30.411505 30.641378
1581000 30.419578 30.641237
1582000 30.455698 30.641120
1583000 30.512806 30.641039
1584000 30.157842 30.640734
1585000 30.146428 30.640422
1586000 30.081554 30.640070
1587000 30.285718 30.639846
1588000 30.128586 30.639524
1589000 30.219923 30.639260
1590000 30.520859 30.639186
1591000 30.678401 30.639211
1592000 30.840590 30.639337
1593000 31.063530 30.639603
1594000 30.869210 30.639747
1595000 30.890034 30.639904
1596000 30.887215 30.640059
1597000 31.001788 30.640286
1598000 30.933259 30.640469
1599000 31.140719 30.640782
1600000 31.215504 30.641141
1601000 31.008676 30.641371
1602000 31.167379 30.641699
1603000 31.073614 30.641969
1604000 31.059818 30.642229
1605000 30.955162 30.642424
1606000 31.059661 30.642684
1607000 30.974902 30.642891
1608000 31.243652 30.643264
1609000 31.222246 30.643624
1610000 31.185664 30.643961
1611000 31.177911 30.644292
1612000 31.146271 30.644603
1613000 31.088386 30.644879
1614000 31.215948 30.645232
1615000 31.168659 30.645557
1616000 30.916145 30.645724
1617000 30.887166 30.645873
1618000 30.744513 30.645934
1619000 30.757694 30.646003
1620000 30.819756 30.646111
1621000 30.706181 30.646148
1622000 30.785801 30.646234
1623000 31.052936 30.646484
1624000 30.910383 30.646647
1625000 30.735659 30.646702
1626000 30.638423 30.646696
1627000 30.896592 30.646850
1628000 30.814032 30.646953
1629000 30.608793 30.646929
1630000 30.666717 30.646941
1631000 30.678959 30.646961
1632000 30.759699 30.647030
1633000 30.789332 30.647117
1634000 30.930089 30.647291
1635000 30.732451 30.647343
1636000 30.743528 30.647401
1637000 30.841392 30.647520
1638000 30.797746 30.647612
1639000 30.969892 30.647808
1640000 30.756919 30.647875
1641000 30.839293 30.647991
1642000 30.754516 30.648056
1643000 30.991868 30.648266
1644000 31.012072 30.648487
1645000 30.950933 30.648671
1646000 30.696979 30.648700
1647000 30.650738 30.648701
1648000 30.642409 30.648697
1649000 30.698289 30.648728
1650000 30.719293 30.648770
1651000 30.836057 30.648884
1652000 30.730060 30.648933
1653000 30.560082 30.648879
1654000 30.418513 30.648740
1655000 30.360921 30.648566
1656000 30.673674 30.648581
1657000 30.437994 30.648454
1658000 30.234522 30.648204
1659000 30.294561 30.647991
1660000 30.352818 30.647813
1661000 30.404649 30.647667
1662000 30.518222 30.647589
1663000 30.379088 30.647428
1664000 30.286014 30.647210
1665000 30.316539 30.647012
1666000 30.352522 30.646835
1667000 30.281881 30.646616
1668000 30.213574 30.646357
1669000 30.063645 30.646007
1670000 30.261641 30.645777
1671000 30.073809 30.645435
1672000 30.350386 30.645258
1673000 30.086443 30.644924
1674000 30.149793 30.644629
1675000 29.858204 30.644159
1676000 30.163046 30.643872
1677000 29.927093 30.643445
1678000 29.834557 30.642963
1679000 29.891403 30.642515
1680000 29.698086 30.641953
1681000 29.999061 30.641570
1682000 30.247134 30.641336
1683000 30.391257 30.641187
1684000 30.379515 30.641032
1685000 30.093949 30.640707
1686000 30.058295 30.640362
1687000 30.125905 30.640057
1688000 30.297333 30.639854
1689000 30.011620 30.639482
1690000 30.327188 30.639297
1691000 30.230564 30.639055
1692000 30.066825 30.638717
1693000 30.272573 30.638501
1694000 30.411146 30.638367
1695000 30.363749 30.638205
1696000 30.335468 30.638026
1697000 30.400273 30.637886
1698000 30.410141 30.637752
1699000 30.187929 30.637487
1700000 30.229430 30.637247
1701000 30.505001 30.637169
1702000 30.448315 30.637058
1703000 30.077961 30.636730
1704000 30.003678 30.636359
1705000 30.114018 30.636052
1706000 30.344453 30.635881
1707000 30.140177 30.635591
1708000 30.139921 30.635301
1709000 30.193504 30.635042
1710000 30.022580 30.634684
1711000 30.068761 30.634353
1712000 30.203671 30.634102
1713000 30.174901 30.633834
1714000 30.385220 30.633689
1715000 30.055100 30.633351
1716000 30.007784 30.632987
1717000 29.913061 30.632567
1718000 30.085257 30.632249
1719000 30.117675 30.631950
1720000 30.152680 30.631671
1721000 30.063649 30.631341
1722000 30.065956 30.631012
1723000 29.862880 30.630567
1724000 30.046853 30.630228
1725000 30.186000 30.629971
1726000 30.333253 30.629799
1727000 30.138007 30.629514
1728000 30.110878 30.629214
1729000 30.093608 30.628904
1730000 30.147458 30.628626
1731000 30.405758 30.628497
1732000 30.300759 30.628308
1733000 30.082970 30.627993
1734000 30.312493 30.627811
1735000 30.222729 30.627578
1736000 30.095305 30.627271
1737000 29.973417 30.626895
1738000 30.382171 30.626754
1739000 30.178299 30.626496
1740000 30.286672 30.626301
1741000 30.353837 30.626144
1742000 30.402485 30.626016
1743000 30.402999 30.625888
1744000 30.310101 30.625707
1745000 30.187412 30.625455
1746000 30.347624 30.625296
1747000 30.127625 30.625011
1748000 30.331152 30.624843
1749000 30.454744 30.624746
1750000 30.599785 30.624732
1751000 30.460437 30.624638
1752000 30.577659 30.624611
1753000 30.496593 30.624538
1754000 30.516298 30.624476
1755000 30.390593 30.624343
1756000 30.214043 30.624110
1757000 30.163678 30.623848
1758000 30.363322 30.623699
1759000 30.551363 30.623658
1760000 30.349107 30.623502
1761000 30.102581 30.623206
1762000 30.070746 30.622893
1763000 30.146030 30.622622
1764000 30.157053 30.622358
1765000 30.317351 30.622186
1766000 30.023762 30.621847
1767000 29.609629 30.621274
1768000 30.247422 30.621062
1769000 29.904651 30.620657
1770000 29.749282 30.620165
1771000 29.850110 30.619730
1772000 29.929724 30.619341
1773000 29.997481 30.618990
1774000 29.904761 30.618588
1775000 30.130378 30.618313
1776000 30.091127 30.618016
1777000 29.975486 30.617654
1778000 30.179837 30.617408
1779000 30.083596 30.617108
1780000 30.241285 30.616897
1781000 29.974532 30.616536
1782000 30.006444 30.616194
1783000 29.743138 30.615704
1784000 29.968176 30.615341
1785000 29.704496 30.614831
1786000 30.050779 30.614515
1787000 30.012486 30.614178
1788000 29.886084 30.613771
1789000 29.894274 30.613369
1790000 30.171980 30.613122
1791000 30.253176 30.612921
1792000 29.818027 30.612478
1793000 30.171162 30.612231
1794000 30.241512 30.612025
1795000 30.332603 30.611869
1796000 30.122890 30.611597
1797000 30.247666 30.611394
1798000 30.371577 30.611261
1799000 30.489529 30.611193
1800000 30.631918 30.611205
1801000 30.490128 30.611138
1802000 30.614487 30.611139
1803000 30.554705 30.611108
1804000 30.487915 30.611040
1805000 30.481609 30.610968
1806000 30.422278 30.610864
1807000 30.350926 30.610720
1808000 30.430989 30.610620
1809000 30.362379 30.610483
1810000 30.530846 30.610439
1811000 30.498867 30.610378
1812000 30.481959 30.610307
1813000 30.021028 30.609982
1814000 30.362086 30.609845
1815000 30.008746 30.609514
1816000 30.228832 30.609304
1817000 30.155595 30.609054
1818000 29.987267 30.608712
1819000 29.918600 30.608333
1820000 30.114304 30.608062
1821000 30.414071 30.607955
1822000 30.496729 30.607894
1823000 30.647830 30.607916
1824000 30.448908 30.607829
1825000 30.313244 30.607667
1826000 30.449602 30.607581
1827000 30.564385 30.607557
1828000 30.532501 30.607516
1829000 30.469433 30.607441
1830000 30.627649 30.607452
1831000 30.552354 30.607422
1832000 30.594400 30.607414
1833000 30.774728 30.607506
1834000 30.438280 30.607413
1835000 30.443305 30.607324
1836000 30.660960 30.607353
1837000 30.342729 30.607209
1838000 30.807206 30.607318
1839000 30.367625 30.607188
1840000 30.459471 30.607107
1841000 30.498110 30.607048
1842000 30.327612 30.606896
1843000 30.555792 30.606869
1844000 30.520904 30.606822
1845000 30.583637 30.606810
1846000 30.619864 30.606817
1847000 30.905210 30.606978
1848000 30.678888 30.607017
1849000 30.887836 30.607169
1850000 30.778725 30.607262
1851000 30.846903 30.607391
1852000 30.610270 30.607393
1853000 30.431856 30.607298
1854000 30.684863 30.607340
1855000 30.627872 30.607351
1856000 30.692531 30.607397
1857000 30.632297 30.607410
1858000 30.937524 30.607588
1859000 30.857777 30.607722
1860000 30.969951 30.607917
1861000 30.998858 30.608127
1862000 30.811056 30.608236
1863000 30.619013 30.608242
1864000 30.749021 30.608318
1865000 30.730413 30.608383
1866000 30.684503 30.608424
1867000 30.809129 30.608531
1868000 30.619286 30.608537
1869000 30.949691 30.608720
1870000 30.792879 30.608818
1871000 31.026273 30.609041
1872000 30.844219 30.609167
1873000 30.775295 30.609256
1874000 30.872875 30.609396
1875000 30.850132 30.609525
1876000 30.736859 30.609592
1877000 30.715200 30.609649
1878000 30.792049 30.609746
1879000 30.848068 30.609873
1880000 30.807038 30.609978
1881000 30.741355 30.610047
1882000 30.910068 30.610207
1883000 30.627853 30.610216
1884000 30.726271 30.610278
1885000 30.771564 30.610363
1886000 30.722795 30.610423
1887000 30.695921 30.610468
1888000 30.577165 30.610451
1889000 30.679363 30.610487
1890000 30.762977 30.610568
1891000 30.631487 30.610579
1892000 30.645664 30.610597
1893000 30.814744 30.610705
1894000 30.647125 30.610724
1895000 30.761672 30.610804
1896000 30.577986 30.610787
1897000 30.626262 30.610795
1898000 30.232265 30.610596
1899000 30.388746 30.610479
1900000 30.654793 30.610502
1901000 30.663259 30.610530
1902000 30.755190 30.610606
1903000 30.649943 30.610627
1904000 30.745482 30.610697
1905000 30.602729 30.610693
1906000 30.681617 30.610730
1907000 30.714102 30.610785
1908000 30.829619 30.610899
1909000 30.539444 30.610862
1910000 30.644272 30.610879
1911000 30.849106 30.611004
1912000 30.931140 30.611171
1913000 30.693025 30.611214
1914000 30.563877 30.611190
1915000 30.591101 30.611179
1916000 30.442852 30.611091
1917000 30.674724 30.611124
1918000 30.646290 30.611143
1919000 30.556190 30.611114
1920000 30.607505 30.611112
1921000 30.654097 30.611135
1922000 30.643314 30.611151
1923000 30.520003 30.611104
1924000 30.761388 30.611182
1925000 30.749593 30.611254
1926000 30.971283 30.611441
1927000 30.756095 30.611516
1928000 31.005957 30.611720
1929000 30.821474 30.611829
1930000 30.862683 30.611959
1931000 30.776280 30.612044
1932000 30.955900 30.612222
1933000 30.793902 30.612316
1934000 30.897525 30.612464
1935000 31.015416 30.612672
1936000 30.805385 30.612772
1937000 30.719610 30.612827
1938000 30.791900 30.612919
1939000 30.605910 30.612915
1940000 30.834009 30.613029
1941000 30.667289 30.613057
1942000 30.698245 30.613101
1943000 30.950881 30.613275
1944000 30.714306 30.613327
1945000 30.539277 30.613289
1946000 30.730838 30.613349
1947000 30.878186 30.613485
1948000 30.700607 30.613530
1949000 30.911720 30.613683
1950000 31.052391 30.613908
1951000 30.913132 30.614061
1952000 30.867472 30.614191
1953000 30.710505 30.614241
1954000 30.986378 30.614431
1955000 30.595195 30.614421
1956000 30.741182 30.614486
1957000 30.732915 30.614547
1958000 30.738749 30.614610
1959000 30.663672 30.614635
1960000 30.809338 30.614734
1961000 30.591732 30.614723
1962000 30.647633 30.614739
1963000 30.542422 30.614703
1964000 30.878786 30.614837
1965000 30.846573 30.614955
1966000 30.949263 30.615125
1967000 30.972146 30.615307
1968000 31.045996 30.615525
1969000 31.013543 30.615728
1970000 30.936817 30.615891
1971000 30.789576 30.615979
1972000 30.970189 30.616158
1973000 30.740474 30.616221
1974000 30.571910 30.616199
1975000 30.729043 30.616256
1976000 30.657007 30.616277
1977000 30.717873 30.616328
1978000 30.695495 30.616368
1979000 30.653649 30.616387
1980000 30.560586 30.616359
1981000 30.813108 30.616458
1982000 30.599807 30.616450
1983000 31.001935 30.616644
1984000 30.842893 30.616758
1985000 30.686714 30.616793
1986000 30.509166 30.616739
1987000 30.646046 30.616754
1988000 30.574410 30.616732
1989000 30.225575 30.616536
1990000 30.364446 30.616409
1991000 30.192080 30.616196
1992000 30.229531 30.616002
1993000 30.007582 30.615697
1994000 29.818279 30.615297
1995000 30.006297 30.614991
1996000 29.832551 30.614599
1997000 29.862445 30.614223
1998000 29.839090 30.613835
1999000 29.706282 30.613381
2000000 29.797755 30.612973
