1031881
 996864
1007906
 991914
1045614
1065701
1049991
1022492
 996170
1041646
1008777
1063511
1017679
1076280
1005840
1076528
1053396
1057649
1069538
1046505
 997388
1043221
1052246
1019083
1018789
 949726
 995192
1043833
1031914
1044561
1008246
1040526
1036878
1024491
1000299
1018948
 967797
 988903
 983992
 963118
1046148
1028858
1045341
1141170
1135815
1134762
1107135
1141993
1112371
1082216
1073500
 964425
 880666
 813292
 881449
 853016
 890735
 922166
 808022
 720092
 724516
 785883
 861892
 910367
 981614
 946693
 941176
1207655
1372331
1351752
1262453
1352745
1501810
2030994
2147873
2358043
2325806
2292228
2285415
2032631
2126022
2177414
2206047
2033202
1869439
1837572
1980896
2143716
1978098
1842522
1701455
1787941
1863299
1874412
1871079
1909282
1981300
1916234
1979733
1933471
1880010
1801848
1850626
1837901
1733474
1810635
1804991
1770453
1792216
1747723
1746575
1814971
1770912
1792574
1757924
1759661
1853246
1801721
1771019
1806088
1761988
1797038
1834971
1779345
1768653
1761913
1727770
1782583
1754311
1758580
1740115
1824380
1770692
1804743
1745514
1772325
1759918
1792883
1752217
1849684
1730596
