# 3.677989298078146e-07 2191873 0
  18.96438457290269
  19.64167921339018
  19.68533184107441
  19.68949712796947
  19.67355650268157
  19.68264391275557
  19.66975986292819
  19.66384318819714
  19.65889342224276
   19.6670513367085
  19.66085474786793
   19.6408506567799
   19.6769045969697
  19.67826392400344
   19.6769325086124
  19.66950823075121
  19.66726056746964
  19.67768632487412
  19.64729028743262
  19.64823532511614
  19.64718388065091
  19.62333627123666
   19.6183007019441
  19.61963116998469
  19.61090604477846
  19.61263912555859
  19.60861895592867
  19.59652652553298
  19.59370832431639
  19.60818854334592
  19.60097858030724
  19.58378339882631
  19.56646961475245
  19.54507785988211
  19.54164770868254
  19.48669942518493
  19.46441814106148
  19.45761885873977
  19.39792049961095
  19.32539894726419
  19.24179870936212
  19.11836725475981
  18.89607651948824
  18.69010349889852
  18.37177563589175
  17.98001359727277
  17.53442574192225
  17.03004975694346
    16.512571797786
  16.08341627244701
  15.66944021612748
  15.35854629336278
  15.05317171539486
  14.75827235126578
  14.28054802858876
  13.86395215007349
  13.18947594501061
  12.42003876576392
  11.46865588215878
  10.36994184868403
  9.194092035119041
  8.035718291598478
  6.958844837801168
  5.858793955047368
  4.706923483986883
  3.458498923855213
  2.266711453509464
  1.281421651964865
 0.4493002529310611
0.08266740738630662
                  0
 0.1456821125945025
 0.4940543304042583
  1.243906812834304
    2.1914000874855
  3.225243392207914
  4.472284697844536
  5.654560640408338
  6.715378161272664
  7.909072527577567
  9.099158394679282
  10.27802941143782
  11.34365667480582
  12.32135648346635
  13.11302393884863
  13.77271937836734
  14.29531668066751
  14.72807176054451
  15.12753340145727
   15.4455117115165
   15.8203194868162
  16.21532807694767
  16.71082619944162
  17.22853867008267
  17.71075631735831
  18.16216110989254
  18.49119604389172
   18.7883970832861
  19.05718237339154
  19.19497398980283
  19.36356932115326
  19.43413217602077
  19.50643525202379
  19.55238125200885
  19.55330205975733
  19.57667056414378
  19.58359530265791
   19.6282384194661
  19.64411409808533
  19.66365315293937
  19.67274912463548
  19.68593349557016
  19.64192568307876
  19.68295695299464
  19.68384792184337
  19.67547289938272
   19.7123664818444
  19.70801198583377
  19.76300913791577
  19.74565968322009
  19.78241885780809
  19.76932504291677
  19.77383839836222
  19.76638526664955
  19.77422368753562
  19.77873037003839
  19.76089560759902
  19.78028757590294
  19.75534931939338
  19.75292392710003
  19.75709805594389
  19.74140294941592
  19.73239610502403
  19.73585578913424
  19.74052633534409
  19.74137925343094
  19.77587968144164
  19.77986024606146
  19.74606500480019
  19.74765624161457
  19.07585346678609
