1000 137.000000 137.000000
2000 137.000000 137.000000
3000 139.000000 137.666667
4000 142.000000 138.750000
5000 139.000000 138.800000
6000 132.000000 137.666667
7000 129.000000 136.428571
8000 135.000000 136.250000
9000 136.000000 136.222222
10000 137.000000 136.300000
11000 140.000000 136.636364
12000 139.000000 136.833333
13000 139.000000 137.000000
14000 130.000000 136.500000
15000 140.000000 136.733333
16000 132.000000 136.437500
17000 139.000000 136.588235
18000 134.000000 136.444444
19000 139.000000 136.578947
20000 137.000000 136.600000
21000 136.000000 136.571429
22000 133.000000 136.409091
23000 138.000000 136.478261
24000 134.000000 136.375000
25000 140.000000 136.520000
26000 129.000000 136.230769
27000 135.000000 136.185185
28000 134.000000 136.107143
29000 136.000000 136.103448
30000 134.000000 136.033333
31000 140.000000 136.161290
32000 130.000000 135.968750
33000 130.000000 135.787879
34000 131.000000 135.647059
35000 133.000000 135.571429
36000 137.000000 135.611111
37000 137.000000 135.648649
38000 136.000000 135.657895
39000 131.000000 135.538462
40000 139.000000 135.625000
41000 132.000000 135.536585
42000 139.000000 135.619048
43000 141.000000 135.744186
44000 137.000000 135.772727
45000 133.000000 135.711111
46000 133.000000 135.652174
47000 126.000000 135.446809
48000 139.000000 135.520833
49000 130.000000 135.408163
50000 135.000000 135.400000
51000 141.000000 135.509804
52000 133.000000 135.461538
53000 131.000000 135.377358
54000 130.000000 135.277778
55000 129.000000 135.163636
56000 134.000000 135.142857
57000 129.000000 135.035088
58000 132.000000 134.982759
59000 132.000000 134.932203
60000 133.000000 134.900000
61000 136.000000 134.918033
62000 133.000000 134.887097
63000 131.000000 134.825397
64000 127.000000 134.703125
65000 128.000000 134.600000
66000 133.000000 134.575758
67000 131.000000 134.522388
68000 129.000000 134.441176
69000 137.000000 134.478261
70000 134.000000 134.471429
71000 129.000000 134.394366
72000 130.000000 134.333333
73000 132.000000 134.301370
74000 134.000000 134.297297
75000 129.000000 134.226667
76000 132.000000 134.197368
77000 139.000000 134.259740
78000 131.000000 134.217949
79000 137.000000 134.253165
80000 132.000000 134.225000
81000 133.000000 134.209877
82000 140.000000 134.280488
83000 137.000000 134.313253
84000 137.000000 134.345238
85000 134.000000 134.341176
86000 130.000000 134.290698
87000 127.000000 134.206897
88000 136.000000 134.227273
89000 131.000000 134.191011
90000 132.000000 134.166667
91000 133.000000 134.153846
92000 131.000000 134.119565
93000 139.000000 134.172043
94000 134.000000 134.170213
95000 133.000000 134.157895
96000 133.000000 134.145833
97000 132.000000 134.123711
98000 128.000000 134.061224
99000 133.000000 134.050505
100000 134.000000 134.050000
101000 130.000000 134.009901
102000 129.000000 133.960784
103000 129.000000 133.912621
104000 127.000000 133.846154
105000 133.000000 133.838095
106000 134.000000 133.839623
107000 144.000000 133.934579
108000 136.000000 133.953704
109000 131.000000 133.926606
110000 139.000000 133.972727
111000 132.000000 133.954955
112000 130.000000 133.919643
113000 130.000000 133.884956
114000 127.000000 133.824561
115000 131.000000 133.800000
116000 131.000000 133.775862
117000 137.000000 133.803419
118000 132.000000 133.788136
119000 130.000000 133.756303
120000 137.000000 133.783333
121000 130.000000 133.752066
122000 132.000000 133.737705
123000 132.000000 133.723577
124000 134.000000 133.725806
125000 135.000000 133.736000
126000 126.000000 133.674603
127000 128.000000 133.629921
128000 138.000000 133.664062
129000 135.000000 133.674419
130000 138.000000 133.707692
131000 134.000000 133.709924
132000 132.000000 133.696970
133000 136.000000 133.714286
134000 128.000000 133.671642
135000 132.000000 133.659259
136000 133.000000 133.654412
137000 140.000000 133.700730
138000 138.000000 133.731884
139000 129.000000 133.697842
140000 128.000000 133.657143
141000 130.000000 133.631206
142000 129.000000 133.598592
143000 125.000000 133.538462
144000 130.000000 133.513889
145000 136.000000 133.531034
146000 132.000000 133.520548
147000 124.000000 133.455782
148000 132.000000 133.445946
149000 136.000000 133.463087
150000 136.000000 133.480000
151000 133.000000 133.476821
152000 129.000000 133.447368
153000 135.000000 133.457516
154000 134.000000 133.461039
155000 133.000000 133.458065
156000 121.000000 133.378205
157000 131.000000 133.363057
158000 133.000000 133.360759
159000 131.000000 133.345912
160000 131.000000 133.331250
161000 128.000000 133.298137
162000 135.000000 133.308642
163000 136.000000 133.325153
164000 132.000000 133.317073
165000 141.000000 133.363636
166000 136.000000 133.379518
167000 135.000000 133.389222
168000 137.000000 133.410714
169000 140.000000 133.449704
170000 136.000000 133.464706
171000 127.000000 133.426901
172000 131.000000 133.412791
173000 132.000000 133.404624
174000 133.000000 133.402299
175000 129.000000 133.377143
176000 139.000000 133.409091
177000 130.000000 133.389831
178000 129.000000 133.365169
179000 130.000000 133.346369
180000 132.000000 133.338889
181000 128.000000 133.309392
182000 131.000000 133.296703
183000 130.000000 133.278689
184000 130.000000 133.260870
185000 137.000000 133.281081
186000 124.000000 133.231183
187000 127.000000 133.197861
188000 132.000000 133.191489
189000 131.000000 133.179894
190000 137.000000 133.200000
191000 135.000000 133.209424
192000 130.000000 133.192708
193000 135.000000 133.202073
194000 132.000000 133.195876
195000 136.000000 133.210256
196000 134.000000 133.214286
197000 132.000000 133.208122
198000 131.000000 133.196970
199000 132.000000 133.190955
200000 133.000000 133.190000
201000 132.000000 133.184080
202000 131.000000 133.173267
203000 132.000000 133.167488
204000 132.000000 133.161765
205000 132.000000 133.156098
206000 138.000000 133.179612
207000 129.000000 133.159420
208000 134.000000 133.163462
209000 138.000000 133.186603
210000 128.000000 133.161905
211000 132.000000 133.156398
212000 125.000000 133.117925
213000 128.000000 133.093897
214000 135.000000 133.102804
215000 135.000000 133.111628
216000 142.000000 133.152778
217000 138.000000 133.175115
218000 130.000000 133.160550
219000 133.000000 133.159817
220000 134.000000 133.163636
221000 132.000000 133.158371
222000 133.000000 133.157658
223000 138.000000 133.179372
224000 130.000000 133.165179
225000 131.000000 133.155556
226000 132.000000 133.150442
227000 132.000000 133.145374
228000 131.000000 133.135965
229000 130.000000 133.122271
230000 129.000000 133.104348
231000 132.000000 133.099567
232000 131.000000 133.090517
233000 134.000000 133.094421
234000 130.000000 133.081197
235000 139.000000 133.106383
236000 132.000000 133.101695
237000 135.000000 133.109705
238000 134.000000 133.113445
239000 135.000000 133.121339
240000 140.000000 133.150000
241000 133.000000 133.149378
242000 135.000000 133.157025
243000 139.000000 133.181070
244000 135.000000 133.188525
245000 139.000000 133.212245
246000 130.000000 133.199187
247000 136.000000 133.210526
248000 133.000000 133.209677
249000 138.000000 133.228916
250000 134.000000 133.232000
251000 142.000000 133.266932
252000 137.000000 133.281746
253000 137.000000 133.296443
254000 133.000000 133.295276
255000 134.000000 133.298039
256000 135.000000 133.304688
257000 134.000000 133.307393
258000 137.000000 133.321705
259000 132.000000 133.316602
260000 135.000000 133.323077
261000 126.000000 133.295019
262000 140.000000 133.320611
263000 138.000000 133.338403
264000 142.000000 133.371212
265000 135.000000 133.377358
266000 136.000000 133.387218
267000 139.000000 133.408240
268000 143.000000 133.444030
269000 134.000000 133.446097
270000 136.000000 133.455556
271000 137.000000 133.468635
272000 135.000000 133.474265
273000 136.000000 133.483516
274000 140.000000 133.507299
275000 138.000000 133.523636
276000 128.000000 133.503623
277000 130.000000 133.490975
278000 130.000000 133.478417
279000 130.000000 133.465950
280000 131.000000 133.457143
281000 135.000000 133.462633
282000 137.000000 133.475177
283000 140.000000 133.498233
284000 135.000000 133.503521
285000 140.000000 133.526316
286000 131.000000 133.517483
287000 137.000000 133.529617
288000 138.000000 133.545139
289000 134.000000 133.546713
290000 134.000000 133.548276
291000 135.000000 133.553265
292000 132.000000 133.547945
293000 134.000000 133.549488
294000 142.000000 133.578231
295000 142.000000 133.606780
296000 132.000000 133.601351
297000 134.000000 133.602694
298000 135.000000 133.607383
299000 137.000000 133.618729
300000 138.000000 133.633333
301000 142.000000 133.661130
302000 132.000000 133.655629
303000 137.000000 133.666667
304000 141.000000 133.690789
305000 129.000000 133.675410
306000 130.000000 133.663399
307000 136.000000 133.671010
308000 140.000000 133.691558
309000 133.000000 133.689320
310000 132.000000 133.683871
311000 134.000000 133.684887
312000 131.000000 133.676282
313000 133.000000 133.674121
314000 135.000000 133.678344
315000 138.000000 133.692063
316000 130.000000 133.680380
317000 137.000000 133.690852
318000 139.000000 133.707547
319000 141.000000 133.730408
320000 132.000000 133.725000
321000 133.000000 133.722741
322000 128.000000 133.704969
323000 130.000000 133.693498
324000 131.000000 133.685185
325000 135.000000 133.689231
326000 141.000000 133.711656
327000 130.000000 133.700306
328000 137.000000 133.710366
329000 132.000000 133.705167
330000 139.000000 133.721212
331000 132.000000 133.716012
332000 132.000000 133.710843
333000 130.000000 133.699700
334000 135.000000 133.703593
335000 132.000000 133.698507
336000 134.000000 133.699405
337000 134.000000 133.700297
338000 131.000000 133.692308
339000 127.000000 133.672566
340000 127.000000 133.652941
341000 133.000000 133.651026
342000 135.000000 133.654971
343000 131.000000 133.647230
344000 129.000000 133.633721
345000 141.000000 133.655072
346000 132.000000 133.650289
347000 137.000000 133.659942
348000 133.000000 133.658046
349000 136.000000 133.664756
350000 148.000000 133.705714
351000 137.000000 133.715100
352000 135.000000 133.718750
353000 138.000000 133.730878
354000 129.000000 133.717514
355000 132.000000 133.712676
356000 132.000000 133.707865
357000 137.000000 133.717087
358000 138.000000 133.729050
359000 129.000000 133.715877
360000 130.000000 133.705556
361000 130.000000 133.695291
362000 128.000000 133.679558
363000 136.000000 133.685950
364000 135.000000 133.689560
365000 133.000000 133.687671
366000 136.000000 133.693989
367000 136.000000 133.700272
368000 131.000000 133.692935
369000 134.000000 133.693767
370000 133.000000 133.691892
371000 130.000000 133.681941
372000 131.000000 133.674731
373000 131.000000 133.667560
374000 137.000000 133.676471
375000 137.000000 133.685333
376000 130.000000 133.675532
377000 134.000000 133.676393
378000 133.000000 133.674603
379000 137.000000 133.683377
380000 136.000000 133.689474
381000 131.000000 133.682415
382000 131.000000 133.675393
383000 137.000000 133.684073
384000 136.000000 133.690104
385000 130.000000 133.680519
386000 140.000000 133.696891
387000 140.000000 133.713178
388000 137.000000 133.721649
389000 138.000000 133.732648
390000 139.000000 133.746154
391000 130.000000 133.736573
392000 131.000000 133.729592
393000 135.000000 133.732824
394000 135.000000 133.736041
395000 129.000000 133.724051
396000 129.000000 133.712121
397000 138.000000 133.722922
398000 139.000000 133.736181
399000 139.000000 133.749373
400000 142.000000 133.770000
401000 142.000000 133.790524
402000 133.000000 133.788557
403000 137.000000 133.796526
404000 134.000000 133.797030
405000 147.000000 133.829630
406000 135.000000 133.832512
407000 134.000000 133.832924
408000 137.000000 133.840686
409000 138.000000 133.850856
410000 139.000000 133.863415
411000 138.000000 133.873479
412000 131.000000 133.866505
413000 133.000000 133.864407
414000 132.000000 133.859903
415000 125.000000 133.838554
416000 124.000000 133.814904
417000 132.000000 133.810552
418000 136.000000 133.815789
419000 137.000000 133.823389
420000 135.000000 133.826190
421000 132.000000 133.821853
422000 131.000000 133.815166
423000 130.000000 133.806147
424000 133.000000 133.804245
425000 134.000000 133.804706
426000 134.000000 133.805164
427000 132.000000 133.800937
428000 131.000000 133.794393
429000 128.000000 133.780886
430000 128.000000 133.767442
431000 130.000000 133.758701
432000 124.000000 133.736111
433000 134.000000 133.736721
434000 132.000000 133.732719
435000 125.000000 133.712644
436000 136.000000 133.717890
437000 132.000000 133.713959
438000 131.000000 133.707763
439000 133.000000 133.706150
440000 131.000000 133.700000
441000 130.000000 133.691610
442000 131.000000 133.685520
443000 129.000000 133.674944
444000 133.000000 133.673423
445000 130.000000 133.665169
446000 139.000000 133.677130
447000 131.000000 133.671141
448000 128.000000 133.658482
449000 129.000000 133.648107
450000 138.000000 133.657778
451000 132.000000 133.654102
452000 132.000000 133.650442
453000 133.000000 133.649007
454000 134.000000 133.649780
455000 135.000000 133.652747
456000 136.000000 133.657895
457000 126.000000 133.641138
458000 135.000000 133.644105
459000 135.000000 133.647059
460000 129.000000 133.636957
461000 134.000000 133.637744
462000 136.000000 133.642857
463000 128.000000 133.630670
464000 137.000000 133.637931
465000 134.000000 133.638710
466000 137.000000 133.645923
467000 136.000000 133.650964
468000 131.000000 133.645299
469000 137.000000 133.652452
470000 140.000000 133.665957
471000 138.000000 133.675159
472000 141.000000 133.690678
473000 135.000000 133.693446
474000 131.000000 133.687764
475000 135.000000 133.690526
476000 135.000000 133.693277
477000 128.000000 133.681342
478000 140.000000 133.694561
479000 137.000000 133.701461
480000 134.000000 133.702083
481000 137.000000 133.708940
482000 133.000000 133.707469
483000 134.000000 133.708075
484000 143.000000 133.727273
485000 139.000000 133.738144
486000 131.000000 133.732510
487000 138.000000 133.741273
488000 135.000000 133.743852
489000 133.000000 133.742331
490000 127.000000 133.728571
491000 129.000000 133.718941
492000 130.000000 133.711382
493000 131.000000 133.705882
494000 131.000000 133.700405
495000 127.000000 133.686869
496000 128.000000 133.675403
497000 136.000000 133.680080
498000 135.000000 133.682731
499000 134.000000 133.683367
500000 142.000000 133.700000
501000 137.000000 133.706587
502000 132.000000 133.703187
503000 133.000000 133.701789
504000 140.000000 133.714286
505000 136.000000 133.718812
506000 137.000000 133.725296
507000 131.000000 133.719921
508000 132.000000 133.716535
509000 131.000000 133.711198
510000 131.000000 133.705882
511000 134.000000 133.706458
512000 133.000000 133.705078
513000 138.000000 133.713450
514000 134.000000 133.714008
515000 138.000000 133.722330
516000 138.000000 133.730620
517000 132.000000 133.727273
518000 132.000000 133.723938
519000 133.000000 133.722543
520000 133.000000 133.721154
521000 131.000000 133.715931
522000 141.000000 133.729885
523000 136.000000 133.734226
524000 134.000000 133.734733
525000 129.000000 133.725714
526000 137.000000 133.731939
527000 129.000000 133.722960
528000 136.000000 133.727273
529000 131.000000 133.722117
530000 128.000000 133.711321
531000 133.000000 133.709981
532000 137.000000 133.716165
533000 136.000000 133.720450
534000 134.000000 133.720974
535000 136.000000 133.725234
536000 133.000000 133.723881
537000 136.000000 133.728119
538000 140.000000 133.739777
539000 135.000000 133.742115
540000 137.000000 133.748148
541000 128.000000 133.737523
542000 140.000000 133.749077
543000 136.000000 133.753223
544000 140.000000 133.764706
545000 134.000000 133.765138
546000 137.000000 133.771062
547000 132.000000 133.767824
548000 131.000000 133.762774
549000 138.000000 133.770492
550000 133.000000 133.769091
551000 127.000000 133.756806
552000 134.000000 133.757246
553000 130.000000 133.750452
554000 134.000000 133.750903
555000 127.000000 133.738739
556000 134.000000 133.739209
557000 132.000000 133.736086
558000 129.000000 133.727599
559000 139.000000 133.737030
560000 129.000000 133.728571
561000 137.000000 133.734403
562000 134.000000 133.734875
563000 129.000000 133.726465
564000 129.000000 133.718085
565000 132.000000 133.715044
566000 131.000000 133.710247
567000 128.000000 133.700176
568000 129.000000 133.691901
569000 126.000000 133.678383
570000 133.000000 133.677193
571000 134.000000 133.677758
572000 132.000000 133.674825
573000 135.000000 133.677138
574000 137.000000 133.682927
575000 137.000000 133.688696
576000 136.000000 133.692708
577000 133.000000 133.691508
578000 135.000000 133.693772
579000 143.000000 133.709845
580000 142.000000 133.724138
581000 134.000000 133.724613
582000 128.000000 133.714777
583000 140.000000 133.725557
584000 133.000000 133.724315
585000 132.000000 133.721368
586000 134.000000 133.721843
587000 127.000000 133.710392
588000 128.000000 133.700680
589000 127.000000 133.689304
590000 130.000000 133.683051
591000 134.000000 133.683587
592000 130.000000 133.677365
593000 129.000000 133.669477
594000 131.000000 133.664983
595000 132.000000 133.662185
596000 131.000000 133.657718
597000 127.000000 133.646566
598000 129.000000 133.638796
599000 135.000000 133.641068
600000 132.000000 133.638333
601000 127.000000 133.627288
602000 124.000000 133.611296
603000 123.000000 133.593698
604000 140.000000 133.604305
605000 134.000000 133.604959
606000 125.000000 133.590759
607000 136.000000 133.594728
608000 133.000000 133.593750
609000 134.000000 133.594417
610000 134.000000 133.595082
611000 126.000000 133.582651
612000 134.000000 133.583333
613000 138.000000 133.590538
614000 129.000000 133.583062
615000 131.000000 133.578862
616000 126.000000 133.566558
617000 131.000000 133.562399
618000 130.000000 133.556634
619000 135.000000 133.558966
620000 131.000000 133.554839
621000 127.000000 133.544283
622000 124.000000 133.528939
623000 135.000000 133.531300
624000 130.000000 133.525641
625000 134.000000 133.526400
626000 131.000000 133.522364
627000 136.000000 133.526316
628000 139.000000 133.535032
629000 138.000000 133.542130
630000 136.000000 133.546032
631000 133.000000 133.545166
632000 137.000000 133.550633
633000 137.000000 133.556082
634000 136.000000 133.559937
635000 134.000000 133.560630
636000 132.000000 133.558176
637000 139.000000 133.566719
638000 128.000000 133.557994
639000 123.000000 133.541471
640000 131.000000 133.537500
641000 135.000000 133.539782
642000 136.000000 133.543614
643000 132.000000 133.541213
644000 128.000000 133.532609
645000 136.000000 133.536434
646000 133.000000 133.535604
647000 122.000000 133.517774
648000 129.000000 133.510802
649000 135.000000 133.513097
650000 142.000000 133.526154
651000 138.000000 133.533026
652000 129.000000 133.526074
653000 140.000000 133.535988
654000 135.000000 133.538226
655000 144.000000 133.554198
656000 127.000000 133.544207
657000 136.000000 133.547945
658000 132.000000 133.545593
659000 143.000000 133.559939
660000 136.000000 133.563636
661000 130.000000 133.558245
662000 135.000000 133.560423
663000 132.000000 133.558069
664000 132.000000 133.555723
665000 137.000000 133.560902
666000 133.000000 133.560060
667000 144.000000 133.575712
668000 136.000000 133.579341
669000 139.000000 133.587444
670000 134.000000 133.588060
671000 131.000000 133.584203
672000 139.000000 133.592262
673000 144.000000 133.607727
674000 135.000000 133.609792
675000 139.000000 133.617778
676000 136.000000 133.621302
677000 130.000000 133.615953
678000 132.000000 133.613569
679000 134.000000 133.614138
680000 136.000000 133.617647
681000 127.000000 133.607930
682000 132.000000 133.605572
683000 133.000000 133.604685
684000 135.000000 133.606725
685000 132.000000 133.604380
686000 133.000000 133.603499
687000 132.000000 133.601164
688000 129.000000 133.594477
689000 131.000000 133.590711
690000 140.000000 133.600000
691000 131.000000 133.596237
692000 140.000000 133.605491
693000 139.000000 133.613276
694000 140.000000 133.622478
695000 139.000000 133.630216
696000 132.000000 133.627874
697000 141.000000 133.638451
698000 136.000000 133.641834
699000 133.000000 133.640916
700000 134.000000 133.641429
701000 128.000000 133.633381
702000 135.000000 133.635328
703000 131.000000 133.631579
704000 129.000000 133.625000
705000 130.000000 133.619858
706000 130.000000 133.614731
707000 124.000000 133.601132
708000 135.000000 133.603107
709000 130.000000 133.598025
710000 130.000000 133.592958
711000 134.000000 133.593530
712000 128.000000 133.585674
713000 134.000000 133.586255
714000 139.000000 133.593838
715000 131.000000 133.590210
716000 131.000000 133.586592
717000 136.000000 133.589958
718000 138.000000 133.596100
719000 132.000000 133.593880
720000 135.000000 133.595833
721000 138.000000 133.601942
722000 140.000000 133.610803
723000 133.000000 133.609959
724000 134.000000 133.610497
725000 128.000000 133.602759
726000 133.000000 133.601928
727000 128.000000 133.594223
728000 135.000000 133.596154
729000 135.000000 133.598080
730000 132.000000 133.595890
731000 135.000000 133.597811
732000 137.000000 133.602459
733000 131.000000 133.598909
734000 132.000000 133.596730
735000 131.000000 133.593197
736000 139.000000 133.600543
737000 134.000000 133.601085
738000 136.000000 133.604336
739000 138.000000 133.610284
740000 135.000000 133.612162
741000 134.000000 133.612686
742000 131.000000 133.609164
743000 129.000000 133.602961
744000 139.000000 133.610215
745000 143.000000 133.622819
746000 135.000000 133.624665
747000 136.000000 133.627845
748000 139.000000 133.635027
749000 137.000000 133.639519
750000 131.000000 133.636000
751000 136.000000 133.639148
752000 135.000000 133.640957
753000 130.000000 133.636122
754000 133.000000 133.635279
755000 134.000000 133.635762
756000 129.000000 133.629630
757000 137.000000 133.634082
758000 135.000000 133.635884
759000 137.000000 133.640316
760000 131.000000 133.636842
761000 137.000000 133.641261
762000 136.000000 133.644357
763000 138.000000 133.650066
764000 130.000000 133.645288
765000 133.000000 133.644444
766000 128.000000 133.637076
767000 136.000000 133.640156
768000 133.000000 133.639323
769000 134.000000 133.639792
770000 136.000000 133.642857
771000 134.000000 133.643320
772000 132.000000 133.641192
773000 131.000000 133.637775
774000 128.000000 133.630491
775000 140.000000 133.638710
776000 128.000000 133.631443
777000 130.000000 133.626770
778000 128.000000 133.619537
779000 133.000000 133.618742
780000 133.000000 133.617949
781000 127.000000 133.609475
782000 129.000000 133.603581
783000 131.000000 133.600255
784000 132.000000 133.598214
785000 132.000000 133.596178
786000 135.000000 133.597964
787000 134.000000 133.598475
788000 137.000000 133.602792
789000 133.000000 133.602028
790000 131.000000 133.598734
791000 134.000000 133.599241
792000 126.000000 133.589646
793000 134.000000 133.590164
794000 133.000000 133.589421
795000 126.000000 133.579874
796000 130.000000 133.575377
797000 131.000000 133.572146
798000 135.000000 133.573935
799000 132.000000 133.571965
800000 134.000000 133.572500
801000 132.000000 133.570537
802000 136.000000 133.573566
803000 137.000000 133.577833
804000 131.000000 133.574627
805000 126.000000 133.565217
806000 134.000000 133.565757
807000 131.000000 133.562577
808000 137.000000 133.566832
809000 133.000000 133.566131
810000 131.000000 133.562963
811000 126.000000 133.553637
812000 127.000000 133.545567
813000 134.000000 133.546125
814000 134.000000 133.546683
815000 132.000000 133.544785
816000 133.000000 133.544118
817000 128.000000 133.537332
818000 135.000000 133.539120
819000 137.000000 133.543346
820000 131.000000 133.540244
821000 134.000000 133.540804
822000 130.000000 133.536496
823000 139.000000 133.543135
824000 134.000000 133.543689
825000 137.000000 133.547879
826000 140.000000 133.555690
827000 141.000000 133.564692
828000 140.000000 133.572464
829000 131.000000 133.569361
830000 137.000000 133.573494
831000 129.000000 133.567990
832000 136.000000 133.570913
833000 135.000000 133.572629
834000 135.000000 133.574341
835000 128.000000 133.567665
836000 134.000000 133.568182
837000 135.000000 133.569892
838000 132.000000 133.568019
839000 132.000000 133.566150
840000 134.000000 133.566667
841000 134.000000 133.567182
842000 137.000000 133.571259
843000 138.000000 133.576512
844000 136.000000 133.579384
845000 126.000000 133.570414
846000 132.000000 133.568558
847000 131.000000 133.565525
848000 139.000000 133.571934
849000 135.000000 133.573616
850000 137.000000 133.577647
851000 134.000000 133.578143
852000 140.000000 133.585681
853000 136.000000 133.588511
854000 134.000000 133.588993
855000 130.000000 133.584795
856000 131.000000 133.581776
857000 129.000000 133.576429
858000 131.000000 133.573427
859000 129.000000 133.568102
860000 138.000000 133.573256
861000 134.000000 133.573751
862000 121.000000 133.559165
863000 132.000000 133.557358
864000 126.000000 133.548611
865000 135.000000 133.550289
866000 137.000000 133.554273
867000 129.000000 133.549020
868000 134.000000 133.549539
869000 128.000000 133.543153
870000 145.000000 133.556322
871000 136.000000 133.559127
872000 134.000000 133.559633
873000 134.000000 133.560137
874000 127.000000 133.552632
875000 130.000000 133.548571
876000 125.000000 133.538813
877000 130.000000 133.534778
878000 127.000000 133.527335
879000 132.000000 133.525597
880000 135.000000 133.527273
881000 132.000000 133.525539
882000 131.000000 133.522676
883000 125.000000 133.513024
884000 120.000000 133.497738
885000 134.000000 133.498305
886000 128.000000 133.492099
887000 130.000000 133.488162
888000 134.000000 133.488739
889000 131.000000 133.485939
890000 131.000000 133.483146
891000 128.000000 133.476992
892000 138.000000 133.482063
893000 132.000000 133.480403
894000 135.000000 133.482103
895000 137.000000 133.486034
896000 135.000000 133.487723
897000 136.000000 133.490524
898000 133.000000 133.489978
899000 136.000000 133.492770
900000 126.000000 133.484444
901000 132.000000 133.482797
902000 135.000000 133.484479
903000 129.000000 133.479513
904000 132.000000 133.477876
905000 135.000000 133.479558
906000 133.000000 133.479029
907000 132.000000 133.477398
908000 126.000000 133.469163
909000 133.000000 133.468647
910000 128.000000 133.462637
911000 125.000000 133.453348
912000 128.000000 133.447368
913000 129.000000 133.442497
914000 128.000000 133.436543
915000 131.000000 133.433880
916000 134.000000 133.434498
917000 136.000000 133.437296
918000 135.000000 133.438998
919000 134.000000 133.439608
920000 131.000000 133.436957
921000 135.000000 133.438654
922000 135.000000 133.440347
923000 129.000000 133.435536
924000 127.000000 133.428571
925000 133.000000 133.428108
926000 127.000000 133.421166
927000 134.000000 133.421791
928000 133.000000 133.421336
929000 135.000000 133.423036
930000 138.000000 133.427957
931000 135.000000 133.429646
932000 133.000000 133.429185
933000 131.000000 133.426581
934000 136.000000 133.429336
935000 135.000000 133.431016
936000 135.000000 133.432692
937000 134.000000 133.433298
938000 130.000000 133.429638
939000 130.000000 133.425985
940000 137.000000 133.429787
941000 132.000000 133.428268
942000 133.000000 133.427813
943000 130.000000 133.424178
944000 132.000000 133.422669
945000 128.000000 133.416931
946000 134.000000 133.417548
947000 133.000000 133.417107
948000 133.000000 133.416667
949000 138.000000 133.421496
950000 130.000000 133.417895
951000 127.000000 133.411146
952000 138.000000 133.415966
953000 133.000000 133.415530
954000 140.000000 133.422432
955000 135.000000 133.424084
956000 130.000000 133.420502
957000 130.000000 133.416928
958000 139.000000 133.422756
959000 132.000000 133.421272
960000 139.000000 133.427083
961000 132.000000 133.425598
962000 130.000000 133.422037
963000 130.000000 133.418484
964000 126.000000 133.410788
965000 124.000000 133.401036
966000 137.000000 133.404762
967000 136.000000 133.407446
968000 143.000000 133.417355
969000 128.000000 133.411765
970000 132.000000 133.410309
971000 134.000000 133.410917
972000 136.000000 133.413580
973000 138.000000 133.418294
974000 133.000000 133.417864
975000 128.000000 133.412308
976000 128.000000 133.406762
977000 130.000000 133.403275
978000 132.000000 133.401840
979000 131.000000 133.399387
980000 130.000000 133.395918
981000 130.000000 133.392457
982000 133.000000 133.392057
983000 124.000000 133.382503
984000 133.000000 133.382114
985000 133.000000 133.381726
986000 133.000000 133.381339
987000 135.000000 133.382979
988000 138.000000 133.387652
989000 129.000000 133.383215
990000 130.000000 133.379798
991000 135.000000 133.381433
992000 135.000000 133.383065
993000 130.000000 133.379658
994000 125.000000 133.371227
995000 125.000000 133.362814
996000 130.000000 133.359438
997000 129.000000 133.355065
998000 133.000000 133.354709
999000 132.000000 133.353353
1000000 134.000000 133.354000
1001000 137.000000 133.357642
1002000 136.000000 133.360279
1003000 129.000000 133.355932
1004000 128.000000 133.350598
1005000 131.000000 133.348259
1006000 133.000000 133.347913
1007000 135.000000 133.349553
1008000 133.000000 133.349206
1009000 133.000000 133.348860
1010000 138.000000 133.353465
1011000 131.000000 133.351137
1012000 135.000000 133.352767
1013000 135.000000 133.354393
1014000 138.000000 133.358974
1015000 137.000000 133.362562
1016000 127.000000 133.356299
1017000 131.000000 133.353982
1018000 131.000000 133.351670
1019000 123.000000 133.341511
1020000 126.000000 133.334314
1021000 127.000000 133.328110
1022000 126.000000 133.320939
1023000 132.000000 133.319648
1024000 133.000000 133.319336
1025000 126.000000 133.312195
1026000 128.000000 133.307018
1027000 127.000000 133.300876
1028000 124.000000 133.291829
1029000 124.000000 133.282799
1030000 134.000000 133.283495
1031000 129.000000 133.279340
1032000 127.000000 133.273256
1033000 131.000000 133.271055
1034000 128.000000 133.265957
1035000 132.000000 133.264734
1036000 133.000000 133.264479
1037000 131.000000 133.262295
1038000 128.000000 133.257225
1039000 126.000000 133.250241
1040000 132.000000 133.249038
1041000 139.000000 133.254563
1042000 131.000000 133.252399
1043000 128.000000 133.247363
1044000 132.000000 133.246169
1045000 133.000000 133.245933
1046000 136.000000 133.248566
1047000 136.000000 133.251194
1048000 129.000000 133.247137
1049000 128.000000 133.242135
1050000 131.000000 133.240000
1051000 133.000000 133.239772
1052000 131.000000 133.237643
1053000 130.000000 133.234568
1054000 133.000000 133.234345
1055000 133.000000 133.234123
1056000 133.000000 133.233902
1057000 135.000000 133.235572
1058000 129.000000 133.231569
1059000 129.000000 133.227573
1060000 131.000000 133.225472
1061000 131.000000 133.223374
1062000 127.000000 133.217514
1063000 130.000000 133.214487
1064000 135.000000 133.216165
1065000 135.000000 133.217840
1066000 136.000000 133.220450
1067000 131.000000 133.218369
1068000 130.000000 133.215356
1069000 130.000000 133.212348
1070000 122.000000 133.201869
1071000 126.000000 133.195145
1072000 130.000000 133.192164
1073000 135.000000 133.193849
1074000 134.000000 133.194600
1075000 134.000000 133.195349
1076000 132.000000 133.194238
1077000 132.000000 133.193129
1078000 132.000000 133.192022
1079000 123.000000 133.182576
1080000 134.000000 133.183333
1081000 134.000000 133.184089
1082000 129.000000 133.180222
1083000 132.000000 133.179132
1084000 136.000000 133.181734
1085000 135.000000 133.183410
1086000 131.000000 133.181400
1087000 135.000000 133.183073
1088000 124.000000 133.174632
1089000 129.000000 133.170799
1090000 132.000000 133.169725
1091000 134.000000 133.170486
1092000 132.000000 133.169414
1093000 130.000000 133.166514
1094000 136.000000 133.169104
1095000 133.000000 133.168950
1096000 131.000000 133.166971
1097000 130.000000 133.164084
1098000 131.000000 133.162113
1099000 134.000000 133.162875
1100000 141.000000 133.170000
1101000 135.000000 133.171662
1102000 134.000000 133.172414
1103000 130.000000 133.169538
1104000 126.000000 133.163043
1105000 131.000000 133.161086
1106000 135.000000 133.162749
1107000 128.000000 133.158085
1108000 127.000000 133.152527
1109000 128.000000 133.147881
1110000 130.000000 133.145045
1111000 139.000000 133.150315
1112000 133.000000 133.150180
1113000 127.000000 133.144654
1114000 135.000000 133.146320
1115000 133.000000 133.146188
1116000 131.000000 133.144265
1117000 131.000000 133.142346
1118000 136.000000 133.144902
1119000 135.000000 133.146559
1120000 135.000000 133.148214
1121000 136.000000 133.150758
1122000 130.000000 133.147950
1123000 128.000000 133.143366
1124000 125.000000 133.136121
1125000 127.000000 133.130667
1126000 132.000000 133.129663
1127000 136.000000 133.132209
1128000 128.000000 133.127660
1129000 135.000000 133.129318
1130000 133.000000 133.129204
1131000 130.000000 133.126437
1132000 132.000000 133.125442
1133000 126.000000 133.119153
1134000 129.000000 133.115520
1135000 130.000000 133.112775
1136000 131.000000 133.110915
1137000 136.000000 133.113456
1138000 133.000000 133.113357
1139000 129.000000 133.109745
1140000 130.000000 133.107018
1141000 121.000000 133.096407
1142000 125.000000 133.089317
1143000 124.000000 133.081365
1144000 134.000000 133.082168
1145000 129.000000 133.078603
1146000 136.000000 133.081152
1147000 126.000000 133.074978
1148000 127.000000 133.069686
1149000 133.000000 133.069626
1150000 130.000000 133.066957
1151000 126.000000 133.060817
1152000 129.000000 133.057292
1153000 133.000000 133.057242
1154000 131.000000 133.055459
1155000 134.000000 133.056277
1156000 133.000000 133.056228
1157000 131.000000 133.054451
1158000 130.000000 133.051813
1159000 132.000000 133.050906
1160000 131.000000 133.049138
1161000 139.000000 133.054264
1162000 132.000000 133.053356
1163000 133.000000 133.053310
1164000 127.000000 133.048110
1165000 122.000000 133.038627
1166000 137.000000 133.042024
1167000 128.000000 133.037704
1168000 130.000000 133.035103
1169000 130.000000 133.032506
1170000 133.000000 133.032479
1171000 131.000000 133.030743
1172000 127.000000 133.025597
1173000 132.000000 133.024723
1174000 136.000000 133.027257
1175000 125.000000 133.020426
1176000 134.000000 133.021259
1177000 139.000000 133.026338
1178000 140.000000 133.032258
1179000 126.000000 133.026293
1180000 127.000000 133.021186
1181000 132.000000 133.020322
1182000 137.000000 133.023689
1183000 125.000000 133.016906
1184000 129.000000 133.013514
1185000 129.000000 133.010127
1186000 128.000000 133.005902
1187000 128.000000 133.001685
1188000 129.000000 132.998316
1189000 128.000000 132.994113
1190000 132.000000 132.993277
1191000 135.000000 132.994962
1192000 138.000000 132.999161
1193000 137.000000 133.002515
1194000 137.000000 133.005863
1195000 135.000000 133.007531
1196000 130.000000 133.005017
1197000 130.000000 133.002506
1198000 131.000000 133.000835
1199000 136.000000 133.003336
1200000 133.000000 133.003333
1201000 132.000000 133.002498
1202000 134.000000 133.003328
1203000 133.000000 133.003325
1204000 130.000000 133.000831
1205000 125.000000 132.994191
1206000 123.000000 132.985904
1207000 128.000000 132.981773
1208000 125.000000 132.975166
1209000 126.000000 132.969396
1210000 126.000000 132.963636
1211000 130.000000 132.961189
1212000 116.000000 132.947195
1213000 129.000000 132.943941
1214000 133.000000 132.943987
1215000 129.000000 132.940741
1216000 132.000000 132.939967
1217000 130.000000 132.937551
1218000 127.000000 132.932677
1219000 125.000000 132.926169
1220000 126.000000 132.920492
1221000 125.000000 132.914005
1222000 126.000000 132.908347
1223000 129.000000 132.905151
1224000 123.000000 132.897059
1225000 122.000000 132.888163
1226000 133.000000 132.888254
1227000 131.000000 132.886716
1228000 129.000000 132.883550
1229000 132.000000 132.882832
1230000 130.000000 132.880488
1231000 128.000000 132.876523
1232000 129.000000 132.873377
1233000 130.000000 132.871046
1234000 131.000000 132.869530
1235000 132.000000 132.868826
1236000 123.000000 132.860841
1237000 126.000000 132.855295
1238000 127.000000 132.850565
1239000 126.000000 132.845036
1240000 129.000000 132.841935
1241000 128.000000 132.838034
1242000 125.000000 132.831723
1243000 125.000000 132.825422
1244000 126.000000 132.819936
1245000 131.000000 132.818474
1246000 126.000000 132.813002
1247000 132.000000 132.812350
1248000 132.000000 132.811699
1249000 128.000000 132.807846
1250000 130.000000 132.805600
1251000 129.000000 132.802558
1252000 127.000000 132.797923
1253000 126.000000 132.792498
1254000 122.000000 132.783892
1255000 130.000000 132.781673
1256000 130.000000 132.779459
1257000 122.000000 132.770883
1258000 130.000000 132.768680
1259000 128.000000 132.764893
1260000 126.000000 132.759524
1261000 132.000000 132.758921
1262000 129.000000 132.755943
1263000 127.000000 132.751386
1264000 131.000000 132.750000
1265000 127.000000 132.745455
1266000 135.000000 132.747235
1267000 125.000000 132.741121
1268000 126.000000 132.735804
1269000 124.000000 132.728920
1270000 125.000000 132.722835
1271000 126.000000 132.717545
1272000 120.000000 132.707547
1273000 127.000000 132.703064
1274000 128.000000 132.699372
1275000 128.000000 132.695686
1276000 126.000000 132.690439
1277000 131.000000 132.689115
1278000 129.000000 132.686228
1279000 133.000000 132.686474
1280000 131.000000 132.685156
1281000 131.000000 132.683841
1282000 134.000000 132.684867
1283000 135.000000 132.686672
1284000 135.000000 132.688474
1285000 136.000000 132.691051
1286000 132.000000 132.690513
1287000 135.000000 132.692308
1288000 136.000000 132.694876
1289000 132.000000 132.694337
1290000 129.000000 132.691473
1291000 130.000000 132.689388
1292000 128.000000 132.685759
1293000 129.000000 132.682908
1294000 132.000000 132.682380
1295000 133.000000 132.682625
1296000 135.000000 132.684414
1297000 136.000000 132.686970
1298000 133.000000 132.687211
1299000 135.000000 132.688992
1300000 129.000000 132.686154
1301000 135.000000 132.687932
1302000 135.000000 132.689708
1303000 127.000000 132.685342
1304000 133.000000 132.685583
1305000 132.000000 132.685057
1306000 135.000000 132.686830
1307000 131.000000 132.685539
1308000 133.000000 132.685780
1309000 132.000000 132.685256
1310000 133.000000 132.685496
1311000 132.000000 132.684973
1312000 133.000000 132.685213
1313000 132.000000 132.684692
1314000 128.000000 132.681126
1315000 128.000000 132.677567
1316000 139.000000 132.682371
1317000 132.000000 132.681853
1318000 129.000000 132.679059
1319000 133.000000 132.679303
1320000 130.000000 132.677273
1321000 133.000000 132.677517
1322000 130.000000 132.675492
1323000 129.000000 132.672714
1324000 131.000000 132.671450
1325000 127.000000 132.667170
1326000 126.000000 132.662142
1327000 128.000000 132.658628
1328000 129.000000 132.655873
1329000 128.000000 132.652370
1330000 125.000000 132.646617
1331000 121.000000 132.637866
1332000 131.000000 132.636637
1333000 126.000000 132.631658
1334000 127.000000 132.627436
1335000 128.000000 132.623970
1336000 125.000000 132.618263
1337000 130.000000 132.616305
1338000 128.000000 132.612855
1339000 126.000000 132.607916
1340000 131.000000 132.606716
1341000 122.000000 132.598807
1342000 130.000000 132.596870
1343000 135.000000 132.598660
1344000 130.000000 132.596726
1345000 130.000000 132.594796
1346000 127.000000 132.590639
1347000 133.000000 132.590943
1348000 133.000000 132.591246
1349000 132.000000 132.590808
1350000 131.000000 132.589630
1351000 127.000000 132.585492
1352000 128.000000 132.582101
1353000 133.000000 132.582409
1354000 131.000000 132.581241
1355000 127.000000 132.577122
1356000 133.000000 132.577434
1357000 126.000000 132.572587
1358000 124.000000 132.566274
1359000 123.000000 132.559235
1360000 126.000000 132.554412
1361000 125.000000 132.548861
1362000 129.000000 132.546256
1363000 128.000000 132.542920
1364000 134.000000 132.543988
1365000 128.000000 132.540659
1366000 134.000000 132.541728
1367000 134.000000 132.542794
1368000 127.000000 132.538743
1369000 133.000000 132.539080
1370000 131.000000 132.537956
1371000 128.000000 132.534646
1372000 130.000000 132.532799
1373000 127.000000 132.528769
1374000 135.000000 132.530568
1375000 133.000000 132.530909
1376000 137.000000 132.534157
1377000 129.000000 132.531590
1378000 124.000000 132.525399
1379000 129.000000 132.522843
1380000 131.000000 132.521739
1381000 128.000000 132.518465
1382000 128.000000 132.515195
1383000 129.000000 132.512654
1384000 132.000000 132.512283
1385000 135.000000 132.514079
1386000 121.000000 132.505772
1387000 133.000000 132.506128
1388000 126.000000 132.501441
1389000 125.000000 132.496040
1390000 128.000000 132.492806
1391000 130.000000 132.491014
1392000 134.000000 132.492098
1393000 123.000000 132.485284
1394000 128.000000 132.482066
1395000 128.000000 132.478853
1396000 131.000000 132.477794
1397000 140.000000 132.483178
1398000 135.000000 132.484979
1399000 127.000000 132.481058
1400000 131.000000 132.480000
1401000 133.000000 132.480371
1402000 136.000000 132.482882
1403000 133.000000 132.483250
1404000 129.000000 132.480769
1405000 129.000000 132.478292
1406000 131.000000 132.477240
1407000 135.000000 132.479033
1408000 135.000000 132.480824
1409000 134.000000 132.481902
1410000 128.000000 132.478723
1411000 131.000000 132.477675
1412000 132.000000 132.477337
1413000 127.000000 132.473461
1414000 127.000000 132.469590
1415000 128.000000 132.466431
1416000 130.000000 132.464689
1417000 131.000000 132.463656
1418000 131.000000 132.462623
1419000 130.000000 132.460888
1420000 138.000000 132.464789
1421000 136.000000 132.467277
1422000 137.000000 132.470464
1423000 132.000000 132.470134
1424000 128.000000 132.466994
1425000 128.000000 132.463860
1426000 132.000000 132.463534
1427000 134.000000 132.464611
1428000 136.000000 132.467087
1429000 131.000000 132.466060
1430000 137.000000 132.469231
1431000 133.000000 132.469602
1432000 136.000000 132.472067
1433000 133.000000 132.472435
1434000 136.000000 132.474895
1435000 134.000000 132.475958
1436000 134.000000 132.477019
1437000 131.000000 132.475992
1438000 134.000000 132.477051
1439000 134.000000 132.478110
1440000 127.000000 132.474306
1441000 130.000000 132.472588
1442000 127.000000 132.468793
1443000 136.000000 132.471240
1444000 131.000000 132.470222
1445000 127.000000 132.466436
1446000 128.000000 132.463347
1447000 128.000000 132.460263
1448000 127.000000 132.456492
1449000 127.000000 132.452726
1450000 135.000000 132.454483
1451000 125.000000 132.449345
1452000 131.000000 132.448347
1453000 139.000000 132.452856
1454000 132.000000 132.452545
1455000 130.000000 132.450859
1456000 134.000000 132.451923
1457000 133.000000 132.452299
1458000 130.000000 132.450617
1459000 132.000000 132.450308
1460000 132.000000 132.450000
1461000 129.000000 132.447639
1462000 120.000000 132.439124
1463000 128.000000 132.436090
1464000 132.000000 132.435792
1465000 131.000000 132.434812
1466000 129.000000 132.432469
1467000 125.000000 132.427403
1468000 130.000000 132.425749
1469000 135.000000 132.427502
1470000 128.000000 132.424490
1471000 133.000000 132.424881
1472000 125.000000 132.419837
1473000 128.000000 132.416836
1474000 123.000000 132.410448
1475000 135.000000 132.412203
1476000 134.000000 132.413279
1477000 131.000000 132.412322
1478000 126.000000 132.407984
1479000 130.000000 132.406356
1480000 128.000000 132.403378
1481000 127.000000 132.399730
1482000 118.000000 132.390013
1483000 126.000000 132.385705
1484000 129.000000 132.383423
1485000 133.000000 132.383838
1486000 130.000000 132.382234
1487000 124.000000 132.376597
1488000 124.000000 132.370968
1489000 128.000000 132.368032
1490000 133.000000 132.368456
1491000 126.000000 132.364185
1492000 124.000000 132.358579
1493000 126.000000 132.354320
1494000 129.000000 132.352075
1495000 137.000000 132.355184
1496000 131.000000 132.354278
1497000 129.000000 132.352037
1498000 130.000000 132.350467
1499000 131.000000 132.349566
1500000 127.000000 132.346000
1501000 132.000000 132.345769
1502000 126.000000 132.341545
1503000 129.000000 132.339321
1504000 129.000000 132.337101
1505000 126.000000 132.332890
1506000 130.000000 132.331341
1507000 137.000000 132.334439
1508000 124.000000 132.328912
1509000 128.000000 132.326044
1510000 134.000000 132.327152
1511000 129.000000 132.324950
1512000 131.000000 132.324074
1513000 127.000000 132.320555
1514000 129.000000 132.318362
1515000 132.000000 132.318152
1516000 129.000000 132.315963
1517000 132.000000 132.315755
1518000 127.000000 132.312253
1519000 128.000000 132.309414
1520000 126.000000 132.305263
1521000 124.000000 132.299803
1522000 125.000000 132.295007
1523000 125.000000 132.290217
1524000 132.000000 132.290026
1525000 128.000000 132.287213
1526000 125.000000 132.282438
1527000 129.000000 132.280288
1528000 131.000000 132.279450
1529000 126.000000 132.275343
1530000 136.000000 132.277778
1531000 133.000000 132.278250
1532000 130.000000 132.276762
1533000 131.000000 132.275930
1534000 131.000000 132.275098
1535000 125.000000 132.270358
1536000 128.000000 132.267578
1537000 131.000000 132.266753
1538000 128.000000 132.263979
1539000 124.000000 132.258609
1540000 136.000000 132.261039
1541000 130.000000 132.259572
1542000 131.000000 132.258755
1543000 133.000000 132.259235
1544000 137.000000 132.262306
1545000 123.000000 132.256311
1546000 129.000000 132.254204
1547000 129.000000 132.252101
1548000 127.000000 132.248708
1549000 128.000000 132.245965
1550000 130.000000 132.244516
1551000 128.000000 132.241779
1552000 127.000000 132.238402
1553000 126.000000 132.234385
1554000 136.000000 132.236808
1555000 128.000000 132.234084
1556000 131.000000 132.233290
1557000 129.000000 132.231214
1558000 130.000000 132.229782
1559000 131.000000 132.228993
1560000 130.000000 132.227564
1561000 133.000000 132.228059
1562000 124.000000 132.222791
1563000 128.000000 132.220090
1564000 130.000000 132.218670
1565000 131.000000 132.217891
1566000 128.000000 132.215198
1567000 129.000000 132.213146
1568000 128.000000 132.210459
1569000 131.000000 132.209688
1570000 133.000000 132.210191
1571000 132.000000 132.210057
1572000 129.000000 132.208015
1573000 132.000000 132.207883
1574000 134.000000 132.209022
1575000 125.000000 132.204444
1576000 127.000000 132.201142
1577000 129.000000 132.199112
1578000 129.000000 132.197085
1579000 131.000000 132.196327
1580000 129.000000 132.194304
1581000 125.000000 132.189753
1582000 133.000000 132.190265
1583000 137.000000 132.193304
1584000 133.000000 132.193813
1585000 131.000000 132.193060
1586000 128.000000 132.190416
1587000 131.000000 132.189666
1588000 128.000000 132.187028
1589000 134.000000 132.188169
1590000 116.000000 132.177987
1591000 131.000000 132.177247
1592000 128.000000 132.174623
1593000 129.000000 132.172630
1594000 129.000000 132.170640
1595000 127.000000 132.167398
1596000 133.000000 132.167920
1597000 131.000000 132.167188
1598000 130.000000 132.165832
1599000 130.000000 132.164478
1600000 127.000000 132.161250
1601000 128.000000 132.158651
1602000 130.000000 132.157303
1603000 126.000000 132.153462
1604000 130.000000 132.152120
1605000 129.000000 132.150156
1606000 129.000000 132.148194
1607000 134.000000 132.149347
1608000 127.000000 132.146144
1609000 131.000000 132.145432
1610000 136.000000 132.147826
1611000 131.000000 132.147114
1612000 130.000000 132.145782
1613000 128.000000 132.143211
1614000 127.000000 132.140025
1615000 130.000000 132.138700
1616000 128.000000 132.136139
1617000 129.000000 132.134199
1618000 133.000000 132.134734
1619000 129.000000 132.132798
1620000 124.000000 132.127778
1621000 130.000000 132.126465
1622000 132.000000 132.126387
1623000 132.000000 132.126309
1624000 132.000000 132.126232
1625000 126.000000 132.122462
1626000 131.000000 132.121771
1627000 128.000000 132.119238
1628000 134.000000 132.120393
1629000 134.000000 132.121547
1630000 133.000000 132.122086
1631000 128.000000 132.119559
1632000 125.000000 132.115196
1633000 131.000000 132.114513
1634000 134.000000 132.115667
1635000 131.000000 132.114985
1636000 133.000000 132.115526
1637000 129.000000 132.113622
1638000 127.000000 132.110501
1639000 128.000000 132.107993
1640000 128.000000 132.105488
1641000 137.000000 132.108470
1642000 131.000000 132.107795
1643000 130.000000 132.106512
1644000 130.000000 132.105231
1645000 129.000000 132.103343
1646000 127.000000 132.100243
1647000 130.000000 132.098968
1648000 123.000000 132.093447
1649000 126.000000 132.089751
1650000 131.000000 132.089091
1651000 134.000000 132.090248
1652000 128.000000 132.087772
1653000 125.000000 132.083485
1654000 131.000000 132.082830
1655000 124.000000 132.077946
1656000 133.000000 132.078502
1657000 128.000000 132.076041
1658000 126.000000 132.072376
1659000 123.000000 132.066908
1660000 130.000000 132.065663
1661000 128.000000 132.063215
1662000 126.000000 132.059567
1663000 130.000000 132.058328
1664000 124.000000 132.053486
1665000 131.000000 132.052853
1666000 126.000000 132.049220
1667000 128.000000 132.046791
1668000 130.000000 132.045564
1669000 133.000000 132.046135
1670000 132.000000 132.046108
1671000 131.000000 132.045482
1672000 132.000000 132.045455
1673000 133.000000 132.046025
1674000 125.000000 132.041816
1675000 126.000000 132.038209
1676000 125.000000 132.034010
1677000 124.000000 132.029219
1678000 130.000000 132.028010
1679000 131.000000 132.027397
1680000 123.000000 132.022024
1681000 129.000000 132.020226
1682000 126.000000 132.016647
1683000 129.000000 132.014854
1684000 129.000000 132.013064
1685000 129.000000 132.011276
1686000 126.000000 132.007711
1687000 124.000000 132.002964
1688000 129.000000 132.001185
1689000 127.000000 131.998224
1690000 126.000000 131.994675
1691000 132.000000 131.994678
1692000 128.000000 131.992317
1693000 129.000000 131.990549
1694000 128.000000 131.988194
1695000 131.000000 131.987611
1696000 127.000000 131.984670
1697000 129.000000 131.982911
1698000 132.000000 131.982921
1699000 126.000000 131.979400
1700000 129.000000 131.977647
1701000 128.000000 131.975309
1702000 134.000000 131.976498
1703000 138.000000 131.980035
1704000 128.000000 131.977700
1705000 130.000000 131.976540
1706000 126.000000 131.973036
1707000 131.000000 131.972466
1708000 128.000000 131.970141
1709000 126.000000 131.966647
1710000 133.000000 131.967251
1711000 129.000000 131.965517
1712000 131.000000 131.964953
1713000 128.000000 131.962639
1714000 129.000000 131.960910
1715000 132.000000 131.960933
1716000 132.000000 131.960956
1717000 136.000000 131.963308
1718000 124.000000 131.958673
1719000 132.000000 131.958697
1720000 132.000000 131.958721
1721000 130.000000 131.957583
1722000 130.000000 131.956446
1723000 129.000000 131.954730
1724000 133.000000 131.955336
1725000 132.000000 131.955362
1726000 128.000000 131.953071
1727000 124.000000 131.948466
1728000 132.000000 131.948495
1729000 130.000000 131.947368
1730000 135.000000 131.949133
1731000 134.000000 131.950318
1732000 132.000000 131.950346
1733000 121.000000 131.944028
1734000 132.000000 131.944060
1735000 130.000000 131.942939
1736000 125.000000 131.938940
1737000 123.000000 131.933794
1738000 127.000000 131.930955
1739000 131.000000 131.930420
1740000 125.000000 131.926437
1741000 131.000000 131.925905
1742000 131.000000 131.925373
1743000 129.000000 131.923695
1744000 126.000000 131.920298
1745000 126.000000 131.916905
1746000 136.000000 131.919244
1747000 134.000000 131.920435
1748000 133.000000 131.921053
1749000 127.000000 131.918239
1750000 135.000000 131.920000
1751000 128.000000 131.917761
1752000 124.000000 131.913242
1753000 132.000000 131.913292
1754000 133.000000 131.913911
1755000 131.000000 131.913390
1756000 130.000000 131.912301
1757000 130.000000 131.911212
1758000 133.000000 131.911832
1759000 130.000000 131.910745
1760000 128.000000 131.908523
1761000 133.000000 131.909143
1762000 136.000000 131.911464
1763000 131.000000 131.910947
1764000 133.000000 131.911565
1765000 130.000000 131.910482
1766000 131.000000 131.909966
1767000 135.000000 131.911715
1768000 132.000000 131.911765
1769000 128.000000 131.909553
1770000 128.000000 131.907345
1771000 120.000000 131.900621
1772000 123.000000 131.895598
1773000 132.000000 131.895657
1774000 135.000000 131.897407
1775000 128.000000 131.895211
1776000 133.000000 131.895833
1777000 140.000000 131.900394
1778000 129.000000 131.898763
1779000 133.000000 131.899382
1780000 127.000000 131.896629
1781000 131.000000 131.896126
1782000 129.000000 131.894501
1783000 129.000000 131.892877
1784000 123.000000 131.887892
1785000 131.000000 131.887395
1786000 133.000000 131.888018
1787000 127.000000 131.885283
1788000 134.000000 131.886465
1789000 133.000000 131.887088
1790000 129.000000 131.885475
1791000 124.000000 131.881072
1792000 130.000000 131.880022
1793000 127.000000 131.877301
1794000 130.000000 131.876254
1795000 133.000000 131.876880
1796000 126.000000 131.873608
1797000 127.000000 131.870896
1798000 129.000000 131.869299
1799000 129.000000 131.867704
1800000 132.000000 131.867778
1801000 129.000000 131.866185
1802000 124.000000 131.861820
1803000 131.000000 131.861342
1804000 120.000000 131.854767
1805000 128.000000 131.852632
1806000 127.000000 131.849945
1807000 130.000000 131.848921
1808000 131.000000 131.848451
1809000 130.000000 131.847430
1810000 129.000000 131.845856
1811000 135.000000 131.847598
1812000 132.000000 131.847682
1813000 125.000000 131.843905
1814000 121.000000 131.837927
1815000 124.000000 131.833609
1816000 126.000000 131.830396
1817000 126.000000 131.827188
1818000 130.000000 131.826183
1819000 130.000000 131.825179
1820000 129.000000 131.823626
1821000 131.000000 131.823174
1822000 129.000000 131.821625
1823000 128.000000 131.819528
1824000 130.000000 131.818531
1825000 131.000000 131.818082
1826000 132.000000 131.818182
1827000 127.000000 131.815545
1828000 127.000000 131.812910
1829000 127.000000 131.810279
1830000 133.000000 131.810929
1831000 132.000000 131.811032
1832000 132.000000 131.811135
1833000 130.000000 131.810147
1834000 130.000000 131.809160
1835000 126.000000 131.805995
1836000 131.000000 131.805556
1837000 133.000000 131.806206
1838000 139.000000 131.810120
1839000 133.000000 131.810767
1840000 129.000000 131.809239
1841000 126.000000 131.806084
1842000 133.000000 131.806732
1843000 131.000000 131.806294
1844000 137.000000 131.809111
1845000 129.000000 131.807588
1846000 133.000000 131.808234
1847000 133.000000 131.808879
1848000 132.000000 131.808983
1849000 130.000000 131.808004
1850000 129.000000 131.806486
1851000 126.000000 131.803350
1852000 132.000000 131.803456
1853000 128.000000 131.801403
1854000 129.000000 131.799892
1855000 124.000000 131.795687
1856000 124.000000 131.791487
1857000 120.000000 131.785137
1858000 121.000000 131.779333
1859000 127.000000 131.776762
1860000 131.000000 131.776344
1861000 129.000000 131.774852
1862000 126.000000 131.771751
1863000 128.000000 131.769726
1864000 119.000000 131.762876
1865000 123.000000 131.758177
1866000 129.000000 131.756699
1867000 129.000000 131.755222
1868000 128.000000 131.753212
1869000 126.000000 131.750134
1870000 125.000000 131.746524
1871000 132.000000 131.746660
1872000 129.000000 131.745192
1873000 126.000000 131.742125
1874000 122.000000 131.736926
1875000 130.000000 131.736000
1876000 132.000000 131.736141
1877000 120.000000 131.729888
1878000 125.000000 131.726305
1879000 127.000000 131.723789
1880000 129.000000 131.722340
1881000 129.000000 131.720893
1882000 135.000000 131.722635
1883000 131.000000 131.722252
1884000 131.000000 131.721868
1885000 125.000000 131.718302
1886000 128.000000 131.716331
1887000 126.000000 131.713302
1888000 124.000000 131.709216
1889000 129.000000 131.707782
1890000 133.000000 131.708466
1891000 124.000000 131.704389
1892000 131.000000 131.704017
1893000 126.000000 131.701004
1894000 125.000000 131.697466
1895000 133.000000 131.698153
1896000 127.000000 131.695675
1897000 120.000000 131.689510
1898000 129.000000 131.688093
1899000 129.000000 131.686677
1900000 129.000000 131.685263
1901000 128.000000 131.683325
1902000 127.000000 131.680862
1903000 126.000000 131.677877
1904000 129.000000 131.676471
1905000 124.000000 131.672441
1906000 131.000000 131.672088
1907000 130.000000 131.671211
1908000 128.000000 131.669287
1909000 128.000000 131.667365
1910000 125.000000 131.663874
1911000 124.000000 131.659864
1912000 127.000000 131.657427
1913000 121.000000 131.651856
1914000 123.000000 131.647335
1915000 126.000000 131.644386
1916000 129.000000 131.643006
1917000 122.000000 131.637976
1918000 118.000000 131.630865
1919000 121.000000 131.625326
1920000 132.000000 131.625521
1921000 126.000000 131.622592
1922000 125.000000 131.619147
1923000 128.000000 131.617265
1924000 125.000000 131.613825
1925000 128.000000 131.611948
1926000 122.000000 131.606957
1927000 123.000000 131.602491
1928000 125.000000 131.599066
1929000 125.000000 131.595645
1930000 127.000000 131.593264
1931000 124.000000 131.589332
1932000 124.000000 131.585404
1933000 130.000000 131.584584
1934000 125.000000 131.581179
1935000 127.000000 131.578811
1936000 130.000000 131.577996
1937000 126.000000 131.575116
1938000 128.000000 131.573271
1939000 131.000000 131.572976
1940000 129.000000 131.571649
1941000 116.000000 131.563627
1942000 124.000000 131.559732
1943000 130.000000 131.558929
1944000 132.000000 131.559156
1945000 130.000000 131.558355
1946000 124.000000 131.554471
1947000 121.000000 131.549050
1948000 126.000000 131.546201
1949000 123.000000 131.541816
1950000 123.000000 131.537436
1951000 123.000000 131.533060
1952000 122.000000 131.528176
1953000 127.000000 131.525858
1954000 131.000000 131.525589
1955000 126.000000 131.522762
1956000 125.000000 131.519427
1957000 132.000000 131.519673
1958000 128.000000 131.517875
1959000 130.000000 131.517101
1960000 127.000000 131.514796
1961000 125.000000 131.511474
1962000 127.000000 131.509174
1963000 126.000000 131.506368
1964000 127.000000 131.504073
1965000 126.000000 131.501272
1966000 129.000000 131.500000
1967000 129.000000 131.498729
1968000 126.000000 131.495935
1969000 130.000000 131.495175
1970000 136.000000 131.497462
1971000 131.000000 131.497210
1972000 141.000000 131.502028
1973000 129.000000 131.500760
1974000 133.000000 131.501520
1975000 131.000000 131.501266
1976000 129.000000 131.500000
1977000 131.000000 131.499747
1978000 129.000000 131.498483
1979000 126.000000 131.495705
1980000 133.000000 131.496465
1981000 128.000000 131.494700
1982000 130.000000 131.493946
1983000 124.000000 131.490166
1984000 132.000000 131.490423
1985000 130.000000 131.489673
1986000 124.000000 131.485901
1987000 130.000000 131.485153
1988000 127.000000 131.482897
1989000 123.000000 131.478632
1990000 129.000000 131.477387
1991000 125.000000 131.474134
1992000 126.000000 131.471386
1993000 133.000000 131.472153
1994000 128.000000 131.470411
1995000 129.000000 131.469173
1996000 131.000000 131.468938
1997000 127.000000 131.466700
1998000 127.000000 131.464464
1999000 132.000000 131.464732
2000000 124.000000 131.461000
