1000 2.000000 2.000000
2000 2.000000 2.000000
3000 1.000000 1.666667
4000 1.000000 1.500000
5000 2.000000 1.600000
6000 2.000000 1.666667
7000 0.000000 1.428571
8000 0.000000 1.250000
9000 0.000000 1.111111
10000 1.000000 1.100000
11000 5.000000 1.454545
12000 2.000000 1.500000
13000 4.000000 1.692308
14000 2.000000 1.714286
15000 1.000000 1.666667
16000 0.000000 1.562500
17000 0.000000 1.470588
18000 1.000000 1.444444
19000 1.000000 1.421053
20000 1.000000 1.400000
21000 1.000000 1.380952
22000 0.000000 1.318182
23000 2.000000 1.347826
24000 0.000000 1.291667
25000 2.000000 1.320000
26000 2.000000 1.346154
27000 2.000000 1.370370
28000 0.000000 1.321429
29000 5.000000 1.448276
30000 2.000000 1.466667
31000 2.000000 1.483871
32000 2.000000 1.500000
33000 1.000000 1.484848
34000 1.000000 1.470588
35000 2.000000 1.485714
36000 1.000000 1.472222
37000 1.000000 1.459459
38000 2.000000 1.473684
39000 0.000000 1.435897
40000 1.000000 1.425000
41000 1.000000 1.414634
42000 1.000000 1.404762
43000 1.000000 1.395349
44000 2.000000 1.409091
45000 0.000000 1.377778
46000 0.000000 1.347826
47000 0.000000 1.319149
48000 3.000000 1.354167
49000 1.000000 1.346939
50000 2.000000 1.360000
51000 1.000000 1.352941
52000 0.000000 1.326923
53000 1.000000 1.320755
54000 1.000000 1.314815
55000 3.000000 1.345455
56000 2.000000 1.357143
57000 0.000000 1.333333
58000 0.000000 1.310345
59000 0.000000 1.288136
60000 0.000000 1.266667
61000 1.000000 1.262295
62000 0.000000 1.241935
63000 0.000000 1.222222
64000 1.000000 1.218750
65000 1.000000 1.215385
66000 1.000000 1.212121
67000 3.000000 1.238806
68000 2.000000 1.250000
69000 3.000000 1.275362
70000 1.000000 1.271429
71000 1.000000 1.267606
72000 0.000000 1.250000
73000 1.000000 1.246575
74000 0.000000 1.229730
75000 3.000000 1.253333
76000 0.000000 1.236842
77000 1.000000 1.233766
78000 2.000000 1.243590
79000 2.000000 1.253165
80000 2.000000 1.262500
81000 0.000000 1.246914
82000 1.000000 1.243902
83000 1.000000 1.240964
84000 2.000000 1.250000
85000 0.000000 1.235294
86000 0.000000 1.220930
87000 0.000000 1.206897
88000 2.000000 1.215909
89000 1.000000 1.213483
90000 0.000000 1.200000
91000 1.000000 1.197802
92000 0.000000 1.184783
93000 3.000000 1.204301
94000 2.000000 1.212766
95000 0.000000 1.200000
96000 1.000000 1.197917
97000 1.000000 1.195876
98000 0.000000 1.183673
99000 1.000000 1.181818
100000 0.000000 1.170000
101000 0.000000 1.158416
102000 2.000000 1.166667
103000 0.000000 1.155340
104000 0.000000 1.144231
105000 2.000000 1.152381
106000 2.000000 1.160377
107000 2.000000 1.168224
108000 3.000000 1.185185
109000 1.000000 1.183486
110000 0.000000 1.172727
111000 2.000000 1.180180
112000 0.000000 1.169643
113000 1.000000 1.168142
114000 0.000000 1.157895
115000 3.000000 1.173913
116000 1.000000 1.172414
117000 2.000000 1.179487
118000 2.000000 1.186441
119000 0.000000 1.176471
120000 1.000000 1.175000
121000 1.000000 1.173554
122000 1.000000 1.172131
123000 1.000000 1.170732
124000 3.000000 1.185484
125000 2.000000 1.192000
126000 2.000000 1.198413
127000 0.000000 1.188976
128000 0.000000 1.179688
129000 7.000000 1.224806
130000 2.000000 1.230769
131000 3.000000 1.244275
132000 1.000000 1.242424
133000 3.000000 1.255639
134000 1.000000 1.253731
135000 1.000000 1.251852
136000 2.000000 1.257353
137000 0.000000 1.248175
138000 2.000000 1.253623
139000 1.000000 1.251799
140000 3.000000 1.264286
141000 0.000000 1.255319
142000 0.000000 1.246479
143000 0.000000 1.237762
144000 1.000000 1.236111
145000 2.000000 1.241379
146000 0.000000 1.232877
147000 0.000000 1.224490
148000 1.000000 1.222973
149000 1.000000 1.221477
150000 2.000000 1.226667
151000 1.000000 1.225166
152000 1.000000 1.223684
153000 0.000000 1.215686
154000 1.000000 1.214286
155000 1.000000 1.212903
156000 2.000000 1.217949
157000 0.000000 1.210191
158000 0.000000 1.202532
159000 0.000000 1.194969
160000 0.000000 1.187500
161000 1.000000 1.186335
162000 1.000000 1.185185
163000 2.000000 1.190184
164000 2.000000 1.195122
165000 4.000000 1.212121
166000 2.000000 1.216867
167000 3.000000 1.227545
168000 1.000000 1.226190
169000 4.000000 1.242604
170000 4.000000 1.258824
171000 0.000000 1.251462
172000 1.000000 1.250000
173000 0.000000 1.242775
174000 1.000000 1.241379
175000 1.000000 1.240000
176000 3.000000 1.250000
177000 0.000000 1.242938
178000 0.000000 1.235955
179000 0.000000 1.229050
180000 1.000000 1.227778
181000 1.000000 1.226519
182000 1.000000 1.225275
183000 0.000000 1.218579
184000 2.000000 1.222826
185000 2.000000 1.227027
186000 0.000000 1.220430
187000 2.000000 1.224599
188000 1.000000 1.223404
189000 2.000000 1.227513
190000 3.000000 1.236842
191000 2.000000 1.240838
192000 3.000000 1.250000
193000 3.000000 1.259067
194000 0.000000 1.252577
195000 3.000000 1.261538
196000 1.000000 1.260204
197000 1.000000 1.258883
198000 1.000000 1.257576
199000 1.000000 1.256281
200000 1.000000 1.255000
201000 2.000000 1.258706
202000 4.000000 1.272277
203000 1.000000 1.270936
204000 0.000000 1.264706
205000 0.000000 1.258537
206000 2.000000 1.262136
207000 1.000000 1.260870
208000 0.000000 1.254808
209000 2.000000 1.258373
210000 0.000000 1.252381
211000 0.000000 1.246445
212000 0.000000 1.240566
213000 1.000000 1.239437
214000 1.000000 1.238318
215000 1.000000 1.237209
216000 4.000000 1.250000
217000 2.000000 1.253456
218000 0.000000 1.247706
219000 1.000000 1.246575
220000 1.000000 1.245455
221000 0.000000 1.239819
222000 1.000000 1.238739
223000 0.000000 1.233184
224000 1.000000 1.232143
225000 1.000000 1.231111
226000 1.000000 1.230088
227000 0.000000 1.224670
228000 3.000000 1.232456
229000 0.000000 1.227074
230000 0.000000 1.221739
231000 0.000000 1.216450
232000 0.000000 1.211207
233000 0.000000 1.206009
234000 3.000000 1.213675
235000 1.000000 1.212766
236000 0.000000 1.207627
237000 2.000000 1.210970
238000 3.000000 1.218487
239000 3.000000 1.225941
240000 4.000000 1.237500
241000 0.000000 1.232365
242000 1.000000 1.231405
243000 2.000000 1.234568
244000 1.000000 1.233607
245000 3.000000 1.240816
246000 1.000000 1.239837
247000 2.000000 1.242915
248000 0.000000 1.237903
249000 1.000000 1.236948
250000 2.000000 1.240000
251000 1.000000 1.239044
252000 1.000000 1.238095
253000 1.000000 1.237154
254000 1.000000 1.236220
255000 0.000000 1.231373
256000 2.000000 1.234375
257000 0.000000 1.229572
258000 2.000000 1.232558
259000 0.000000 1.227799
260000 3.000000 1.234615
261000 1.000000 1.233716
262000 0.000000 1.229008
263000 0.000000 1.224335
264000 0.000000 1.219697
265000 0.000000 1.215094
266000 1.000000 1.214286
267000 2.000000 1.217228
268000 3.000000 1.223881
269000 1.000000 1.223048
270000 1.000000 1.222222
271000 1.000000 1.221402
272000 0.000000 1.216912
273000 2.000000 1.219780
274000 4.000000 1.229927
275000 1.000000 1.229091
276000 3.000000 1.235507
277000 1.000000 1.234657
278000 1.000000 1.233813
279000 0.000000 1.229391
280000 0.000000 1.225000
281000 1.000000 1.224199
282000 2.000000 1.226950
283000 2.000000 1.229682
284000 1.000000 1.228873
285000 4.000000 1.238596
286000 0.000000 1.234266
287000 3.000000 1.240418
288000 1.000000 1.239583
289000 2.000000 1.242215
290000 0.000000 1.237931
291000 1.000000 1.237113
292000 0.000000 1.232877
293000 1.000000 1.232082
294000 3.000000 1.238095
295000 3.000000 1.244068
296000 2.000000 1.246622
297000 2.000000 1.249158
298000 0.000000 1.244966
299000 0.000000 1.240803
300000 2.000000 1.243333
301000 1.000000 1.242525
302000 0.000000 1.238411
303000 1.000000 1.237624
304000 2.000000 1.240132
305000 1.000000 1.239344
306000 0.000000 1.235294
307000 1.000000 1.234528
308000 3.000000 1.240260
309000 2.000000 1.242718
310000 1.000000 1.241935
311000 0.000000 1.237942
312000 0.000000 1.233974
313000 1.000000 1.233227
314000 1.000000 1.232484
315000 2.000000 1.234921
316000 0.000000 1.231013
317000 1.000000 1.230284
318000 1.000000 1.229560
319000 2.000000 1.231975
320000 2.000000 1.234375
321000 1.000000 1.233645
322000 2.000000 1.236025
323000 2.000000 1.238390
324000 4.000000 1.246914
325000 1.000000 1.246154
326000 3.000000 1.251534
327000 1.000000 1.250765
328000 4.000000 1.259146
329000 2.000000 1.261398
330000 1.000000 1.260606
331000 2.000000 1.262840
332000 1.000000 1.262048
333000 1.000000 1.261261
334000 3.000000 1.266467
335000 0.000000 1.262687
336000 1.000000 1.261905
337000 3.000000 1.267062
338000 1.000000 1.266272
339000 2.000000 1.268437
340000 1.000000 1.267647
341000 0.000000 1.263930
342000 0.000000 1.260234
343000 1.000000 1.259475
344000 1.000000 1.258721
345000 3.000000 1.263768
346000 2.000000 1.265896
347000 2.000000 1.268012
348000 3.000000 1.272989
349000 3.000000 1.277937
350000 2.000000 1.280000
351000 0.000000 1.276353
352000 1.000000 1.275568
353000 2.000000 1.277620
354000 4.000000 1.285311
355000 2.000000 1.287324
356000 1.000000 1.286517
357000 0.000000 1.282913
358000 2.000000 1.284916
359000 1.000000 1.284123
360000 1.000000 1.283333
361000 1.000000 1.282548
362000 2.000000 1.284530
363000 2.000000 1.286501
364000 1.000000 1.285714
365000 2.000000 1.287671
366000 3.000000 1.292350
367000 1.000000 1.291553
368000 1.000000 1.290761
369000 0.000000 1.287263
370000 2.000000 1.289189
371000 2.000000 1.291105
372000 1.000000 1.290323
373000 0.000000 1.286863
374000 1.000000 1.286096
375000 1.000000 1.285333
376000 1.000000 1.284574
377000 0.000000 1.281167
378000 2.000000 1.283069
379000 1.000000 1.282322
380000 3.000000 1.286842
381000 0.000000 1.283465
382000 0.000000 1.280105
383000 1.000000 1.279373
384000 2.000000 1.281250
385000 0.000000 1.277922
386000 3.000000 1.282383
387000 3.000000 1.286822
388000 1.000000 1.286082
389000 1.000000 1.285347
390000 1.000000 1.284615
391000 2.000000 1.286445
392000 1.000000 1.285714
393000 2.000000 1.287532
394000 1.000000 1.286802
395000 0.000000 1.283544
396000 2.000000 1.285354
397000 3.000000 1.289673
398000 0.000000 1.286432
399000 1.000000 1.285714
400000 2.000000 1.287500
401000 3.000000 1.291771
402000 1.000000 1.291045
403000 0.000000 1.287841
404000 2.000000 1.289604
405000 1.000000 1.288889
406000 3.000000 1.293103
407000 1.000000 1.292383
408000 1.000000 1.291667
409000 1.000000 1.290954
410000 2.000000 1.292683
411000 1.000000 1.291971
412000 0.000000 1.288835
413000 3.000000 1.292978
414000 1.000000 1.292271
415000 1.000000 1.291566
416000 0.000000 1.288462
417000 0.000000 1.285372
418000 0.000000 1.282297
419000 3.000000 1.286396
420000 3.000000 1.290476
421000 1.000000 1.289786
422000 0.000000 1.286730
423000 1.000000 1.286052
424000 0.000000 1.283019
425000 1.000000 1.282353
426000 1.000000 1.281690
427000 1.000000 1.281030
428000 3.000000 1.285047
429000 0.000000 1.282051
430000 0.000000 1.279070
431000 0.000000 1.276102
432000 0.000000 1.273148
433000 0.000000 1.270208
434000 2.000000 1.271889
435000 1.000000 1.271264
436000 1.000000 1.270642
437000 1.000000 1.270023
438000 0.000000 1.267123
439000 0.000000 1.264237
440000 3.000000 1.268182
441000 2.000000 1.269841
442000 1.000000 1.269231
443000 0.000000 1.266366
444000 0.000000 1.263514
445000 1.000000 1.262921
446000 3.000000 1.266816
447000 1.000000 1.266219
448000 3.000000 1.270089
449000 1.000000 1.269488
450000 1.000000 1.268889
451000 0.000000 1.266075
452000 0.000000 1.263274
453000 1.000000 1.262693
454000 1.000000 1.262115
455000 0.000000 1.259341
456000 0.000000 1.256579
457000 2.000000 1.258206
458000 0.000000 1.255459
459000 3.000000 1.259259
460000 2.000000 1.260870
461000 2.000000 1.262473
462000 1.000000 1.261905
463000 3.000000 1.265659
464000 2.000000 1.267241
465000 2.000000 1.268817
466000 3.000000 1.272532
467000 3.000000 1.276231
468000 0.000000 1.273504
469000 3.000000 1.277186
470000 2.000000 1.278723
471000 2.000000 1.280255
472000 2.000000 1.281780
473000 2.000000 1.283298
474000 1.000000 1.282700
475000 1.000000 1.282105
476000 3.000000 1.285714
477000 0.000000 1.283019
478000 2.000000 1.284519
479000 2.000000 1.286013
480000 1.000000 1.285417
481000 1.000000 1.284823
482000 0.000000 1.282158
483000 0.000000 1.279503
484000 1.000000 1.278926
485000 3.000000 1.282474
486000 0.000000 1.279835
487000 3.000000 1.283368
488000 0.000000 1.280738
489000 1.000000 1.280164
490000 0.000000 1.277551
491000 0.000000 1.274949
492000 0.000000 1.272358
493000 4.000000 1.277890
494000 0.000000 1.275304
495000 0.000000 1.272727
496000 1.000000 1.272177
497000 1.000000 1.271630
498000 0.000000 1.269076
499000 4.000000 1.274549
500000 1.000000 1.274000
501000 1.000000 1.273453
502000 1.000000 1.272908
503000 0.000000 1.270378
504000 2.000000 1.271825
505000 2.000000 1.273267
506000 2.000000 1.274704
507000 0.000000 1.272189
508000 2.000000 1.273622
509000 3.000000 1.277014
510000 2.000000 1.278431
511000 0.000000 1.275930
512000 5.000000 1.283203
513000 2.000000 1.284600
514000 1.000000 1.284047
515000 1.000000 1.283495
516000 0.000000 1.281008
517000 0.000000 1.278530
518000 1.000000 1.277992
519000 0.000000 1.275530
520000 1.000000 1.275000
521000 1.000000 1.274472
522000 2.000000 1.275862
523000 1.000000 1.275335
524000 1.000000 1.274809
525000 1.000000 1.274286
526000 0.000000 1.271863
527000 1.000000 1.271347
528000 1.000000 1.270833
529000 0.000000 1.268431
530000 2.000000 1.269811
531000 1.000000 1.269303
532000 2.000000 1.270677
533000 1.000000 1.270169
534000 2.000000 1.271536
535000 4.000000 1.276636
536000 2.000000 1.277985
537000 0.000000 1.275605
538000 3.000000 1.278810
539000 1.000000 1.278293
540000 4.000000 1.283333
541000 0.000000 1.280961
542000 3.000000 1.284133
543000 3.000000 1.287293
544000 4.000000 1.292279
545000 1.000000 1.291743
546000 2.000000 1.293040
547000 0.000000 1.290676
548000 1.000000 1.290146
549000 3.000000 1.293260
550000 0.000000 1.290909
551000 1.000000 1.290381
552000 1.000000 1.289855
553000 2.000000 1.291139
554000 0.000000 1.288809
555000 1.000000 1.288288
556000 3.000000 1.291367
557000 0.000000 1.289048
558000 2.000000 1.290323
559000 2.000000 1.291592
560000 0.000000 1.289286
561000 2.000000 1.290553
562000 2.000000 1.291815
563000 1.000000 1.291297
564000 0.000000 1.289007
565000 3.000000 1.292035
566000 0.000000 1.289753
567000 2.000000 1.291005
568000 0.000000 1.288732
569000 0.000000 1.286467
570000 1.000000 1.285965
571000 0.000000 1.283713
572000 2.000000 1.284965
573000 3.000000 1.287958
574000 1.000000 1.287456
575000 0.000000 1.285217
576000 0.000000 1.282986
577000 1.000000 1.282496
578000 2.000000 1.283737
579000 1.000000 1.283247
580000 2.000000 1.284483
581000 3.000000 1.287435
582000 0.000000 1.285223
583000 1.000000 1.284734
584000 2.000000 1.285959
585000 1.000000 1.285470
586000 2.000000 1.286689
587000 1.000000 1.286201
588000 0.000000 1.284014
589000 1.000000 1.283531
590000 4.000000 1.288136
591000 1.000000 1.287648
592000 0.000000 1.285473
593000 0.000000 1.283305
594000 0.000000 1.281145
595000 0.000000 1.278992
596000 0.000000 1.276846
597000 0.000000 1.274707
598000 2.000000 1.275920
599000 1.000000 1.275459
600000 4.000000 1.280000
601000 0.000000 1.277870
602000 1.000000 1.277409
603000 0.000000 1.275290
604000 3.000000 1.278146
605000 1.000000 1.277686
606000 1.000000 1.277228
607000 2.000000 1.278418
608000 0.000000 1.276316
609000 1.000000 1.275862
610000 2.000000 1.277049
611000 0.000000 1.274959
612000 1.000000 1.274510
613000 1.000000 1.274062
614000 1.000000 1.273616
615000 2.000000 1.274797
616000 1.000000 1.274351
617000 1.000000 1.273906
618000 0.000000 1.271845
619000 5.000000 1.277868
620000 1.000000 1.277419
621000 2.000000 1.278583
622000 0.000000 1.276527
623000 0.000000 1.274478
624000 1.000000 1.274038
625000 1.000000 1.273600
626000 1.000000 1.273163
627000 2.000000 1.274322
628000 1.000000 1.273885
629000 1.000000 1.273450
630000 2.000000 1.274603
631000 1.000000 1.274168
632000 1.000000 1.273734
633000 3.000000 1.276461
634000 2.000000 1.277603
635000 1.000000 1.277165
636000 1.000000 1.276730
637000 2.000000 1.277865
638000 1.000000 1.277429
639000 3.000000 1.280125
640000 0.000000 1.278125
641000 0.000000 1.276131
642000 1.000000 1.275701
643000 1.000000 1.275272
644000 2.000000 1.276398
645000 0.000000 1.274419
646000 2.000000 1.275542
647000 1.000000 1.275116
648000 1.000000 1.274691
649000 1.000000 1.274268
650000 2.000000 1.275385
651000 2.000000 1.276498
652000 1.000000 1.276074
653000 0.000000 1.274119
654000 1.000000 1.273700
655000 4.000000 1.277863
656000 2.000000 1.278963
657000 0.000000 1.277017
658000 1.000000 1.276596
659000 1.000000 1.276176
660000 1.000000 1.275758
661000 1.000000 1.275340
662000 2.000000 1.276435
663000 1.000000 1.276018
664000 2.000000 1.277108
665000 2.000000 1.278195
666000 0.000000 1.276276
667000 2.000000 1.277361
668000 2.000000 1.278443
669000 2.000000 1.279522
670000 1.000000 1.279104
671000 1.000000 1.278689
672000 0.000000 1.276786
673000 4.000000 1.280832
674000 4.000000 1.284866
675000 1.000000 1.284444
676000 0.000000 1.282544
677000 3.000000 1.285081
678000 0.000000 1.283186
679000 1.000000 1.282769
680000 1.000000 1.282353
681000 1.000000 1.281938
682000 2.000000 1.282991
683000 1.000000 1.282577
684000 0.000000 1.280702
685000 0.000000 1.278832
686000 2.000000 1.279883
687000 0.000000 1.278020
688000 3.000000 1.280523
689000 1.000000 1.280116
690000 3.000000 1.282609
691000 2.000000 1.283647
692000 1.000000 1.283237
693000 2.000000 1.284271
694000 1.000000 1.283862
695000 0.000000 1.282014
696000 1.000000 1.281609
697000 0.000000 1.279770
698000 3.000000 1.282235
699000 1.000000 1.281831
700000 2.000000 1.282857
701000 0.000000 1.281027
702000 0.000000 1.279202
703000 1.000000 1.278805
704000 2.000000 1.279830
705000 1.000000 1.279433
706000 0.000000 1.277620
707000 0.000000 1.275813
708000 1.000000 1.275424
709000 1.000000 1.275035
710000 0.000000 1.273239
711000 2.000000 1.274262
712000 1.000000 1.273876
713000 0.000000 1.272090
714000 1.000000 1.271709
715000 1.000000 1.271329
716000 2.000000 1.272346
717000 3.000000 1.274756
718000 2.000000 1.275766
719000 1.000000 1.275382
720000 1.000000 1.275000
721000 1.000000 1.274619
722000 0.000000 1.272853
723000 0.000000 1.271093
724000 1.000000 1.270718
725000 0.000000 1.268966
726000 1.000000 1.268595
727000 0.000000 1.266850
728000 0.000000 1.265110
729000 1.000000 1.264746
730000 0.000000 1.263014
731000 1.000000 1.262654
732000 1.000000 1.262295
733000 1.000000 1.261937
734000 0.000000 1.260218
735000 1.000000 1.259864
736000 0.000000 1.258152
737000 1.000000 1.257802
738000 2.000000 1.258808
739000 3.000000 1.261164
740000 0.000000 1.259459
741000 2.000000 1.260459
742000 2.000000 1.261456
743000 3.000000 1.263795
744000 2.000000 1.264785
745000 0.000000 1.263087
746000 2.000000 1.264075
747000 0.000000 1.262383
748000 3.000000 1.264706
749000 0.000000 1.263017
750000 0.000000 1.261333
751000 1.000000 1.260985
752000 2.000000 1.261968
753000 1.000000 1.261620
754000 1.000000 1.261273
755000 1.000000 1.260927
756000 2.000000 1.261905
757000 1.000000 1.261559
758000 1.000000 1.261214
759000 5.000000 1.266140
760000 0.000000 1.264474
761000 0.000000 1.262812
762000 4.000000 1.266404
763000 1.000000 1.266055
764000 0.000000 1.264398
765000 1.000000 1.264052
766000 1.000000 1.263708
767000 0.000000 1.262060
768000 0.000000 1.260417
769000 0.000000 1.258778
770000 2.000000 1.259740
771000 1.000000 1.259403
772000 2.000000 1.260363
773000 0.000000 1.258732
774000 2.000000 1.259690
775000 0.000000 1.258065
776000 2.000000 1.259021
777000 2.000000 1.259974
778000 2.000000 1.260925
779000 3.000000 1.263158
780000 1.000000 1.262821
781000 1.000000 1.262484
782000 4.000000 1.265985
783000 2.000000 1.266922
784000 3.000000 1.269133
785000 2.000000 1.270064
786000 1.000000 1.269720
787000 2.000000 1.270648
788000 5.000000 1.275381
789000 0.000000 1.273764
790000 1.000000 1.273418
791000 0.000000 1.271808
792000 0.000000 1.270202
793000 1.000000 1.269861
794000 2.000000 1.270781
795000 0.000000 1.269182
796000 0.000000 1.267588
797000 1.000000 1.267252
798000 1.000000 1.266917
799000 1.000000 1.266583
800000 2.000000 1.267500
801000 0.000000 1.265918
802000 3.000000 1.268080
803000 0.000000 1.266501
804000 4.000000 1.269900
805000 0.000000 1.268323
806000 1.000000 1.267990
807000 3.000000 1.270136
808000 2.000000 1.271040
809000 1.000000 1.270705
810000 2.000000 1.271605
811000 0.000000 1.270037
812000 2.000000 1.270936
813000 2.000000 1.271833
814000 1.000000 1.271499
815000 2.000000 1.272393
816000 2.000000 1.273284
817000 0.000000 1.271726
818000 2.000000 1.272616
819000 0.000000 1.271062
820000 3.000000 1.273171
821000 2.000000 1.274056
822000 0.000000 1.272506
823000 1.000000 1.272175
824000 0.000000 1.270631
825000 1.000000 1.270303
826000 1.000000 1.269976
827000 2.000000 1.270859
828000 2.000000 1.271739
829000 1.000000 1.271411
830000 3.000000 1.273494
831000 1.000000 1.273165
832000 1.000000 1.272837
833000 1.000000 1.272509
834000 0.000000 1.270983
835000 2.000000 1.271856
836000 1.000000 1.271531
837000 2.000000 1.272401
838000 0.000000 1.270883
839000 3.000000 1.272944
840000 2.000000 1.273810
841000 0.000000 1.272295
842000 1.000000 1.271971
843000 2.000000 1.272835
844000 1.000000 1.272512
845000 1.000000 1.272189
846000 1.000000 1.271868
847000 1.000000 1.271547
848000 0.000000 1.270047
849000 0.000000 1.268551
850000 1.000000 1.268235
851000 4.000000 1.271445
852000 2.000000 1.272300
853000 0.000000 1.270809
854000 1.000000 1.270492
855000 2.000000 1.271345
856000 0.000000 1.269860
857000 0.000000 1.268378
858000 1.000000 1.268065
859000 1.000000 1.267753
860000 1.000000 1.267442
861000 4.000000 1.270616
862000 1.000000 1.270302
863000 0.000000 1.268830
864000 3.000000 1.270833
865000 1.000000 1.270520
866000 1.000000 1.270208
867000 0.000000 1.268743
868000 1.000000 1.268433
869000 0.000000 1.266974
870000 3.000000 1.268966
871000 0.000000 1.267509
872000 0.000000 1.266055
873000 1.000000 1.265750
874000 0.000000 1.264302
875000 4.000000 1.267429
876000 1.000000 1.267123
877000 2.000000 1.267959
878000 2.000000 1.268793
879000 1.000000 1.268487
880000 3.000000 1.270455
881000 2.000000 1.271283
882000 3.000000 1.273243
883000 0.000000 1.271801
884000 0.000000 1.270362
885000 3.000000 1.272316
886000 1.000000 1.272009
887000 2.000000 1.272830
888000 1.000000 1.272523
889000 1.000000 1.272216
890000 2.000000 1.273034
891000 1.000000 1.272727
892000 2.000000 1.273543
893000 1.000000 1.273236
894000 1.000000 1.272931
895000 4.000000 1.275978
896000 1.000000 1.275670
897000 1.000000 1.275362
898000 2.000000 1.276169
899000 2.000000 1.276974
900000 1.000000 1.276667
901000 2.000000 1.277469
902000 1.000000 1.277162
903000 0.000000 1.275748
904000 0.000000 1.274336
905000 2.000000 1.275138
906000 0.000000 1.273731
907000 3.000000 1.275634
908000 1.000000 1.275330
909000 2.000000 1.276128
910000 1.000000 1.275824
911000 0.000000 1.274424
912000 1.000000 1.274123
913000 2.000000 1.274918
914000 2.000000 1.275711
915000 2.000000 1.276503
916000 0.000000 1.275109
917000 2.000000 1.275900
918000 3.000000 1.277778
919000 1.000000 1.277476
920000 2.000000 1.278261
921000 1.000000 1.277959
922000 3.000000 1.279826
923000 1.000000 1.279523
924000 0.000000 1.278139
925000 1.000000 1.277838
926000 1.000000 1.277538
927000 3.000000 1.279396
928000 2.000000 1.280172
929000 0.000000 1.278794
930000 1.000000 1.278495
931000 0.000000 1.277121
932000 2.000000 1.277897
933000 0.000000 1.276527
934000 3.000000 1.278373
935000 1.000000 1.278075
936000 3.000000 1.279915
937000 1.000000 1.279616
938000 1.000000 1.279318
939000 0.000000 1.277955
940000 2.000000 1.278723
941000 4.000000 1.281615
942000 1.000000 1.281316
943000 0.000000 1.279958
944000 1.000000 1.279661
945000 2.000000 1.280423
946000 0.000000 1.279070
947000 0.000000 1.277719
948000 1.000000 1.277426
949000 2.000000 1.278188
950000 0.000000 1.276842
951000 2.000000 1.277603
952000 0.000000 1.276261
953000 2.000000 1.277020
954000 3.000000 1.278826
955000 0.000000 1.277487
956000 0.000000 1.276151
957000 1.000000 1.275862
958000 5.000000 1.279749
959000 1.000000 1.279458
960000 3.000000 1.281250
961000 0.000000 1.279917
962000 1.000000 1.279626
963000 2.000000 1.280374
964000 1.000000 1.280083
965000 1.000000 1.279793
966000 2.000000 1.280538
967000 3.000000 1.282316
968000 3.000000 1.284091
969000 1.000000 1.283798
970000 0.000000 1.282474
971000 3.000000 1.284243
972000 1.000000 1.283951
973000 3.000000 1.285714
974000 0.000000 1.284394
975000 0.000000 1.283077
976000 1.000000 1.282787
977000 2.000000 1.283521
978000 0.000000 1.282209
979000 2.000000 1.282942
980000 2.000000 1.283673
981000 4.000000 1.286442
982000 0.000000 1.285132
983000 0.000000 1.283825
984000 2.000000 1.284553
985000 1.000000 1.284264
986000 1.000000 1.283976
987000 1.000000 1.283688
988000 1.000000 1.283401
989000 1.000000 1.283114
990000 0.000000 1.281818
991000 1.000000 1.281534
992000 0.000000 1.280242
993000 3.000000 1.281974
994000 1.000000 1.281690
995000 2.000000 1.282412
996000 3.000000 1.284137
997000 1.000000 1.283852
998000 4.000000 1.286573
999000 3.000000 1.288288
1000000 1.000000 1.288000
1001000 1.000000 1.287712
1002000 5.000000 1.291417
1003000 1.000000 1.291127
1004000 0.000000 1.289841
1005000 1.000000 1.289552
1006000 1.000000 1.289264
1007000 3.000000 1.290963
1008000 1.000000 1.290675
1009000 2.000000 1.291378
1010000 4.000000 1.294059
1011000 3.000000 1.295747
1012000 2.000000 1.296443
1013000 3.000000 1.298124
1014000 4.000000 1.300789
1015000 1.000000 1.300493
1016000 2.000000 1.301181
1017000 2.000000 1.301868
1018000 0.000000 1.300589
1019000 0.000000 1.299313
1020000 1.000000 1.299020
1021000 4.000000 1.301665
1022000 3.000000 1.303327
1023000 0.000000 1.302053
1024000 2.000000 1.302734
1025000 1.000000 1.302439
1026000 3.000000 1.304094
1027000 2.000000 1.304771
1028000 0.000000 1.303502
1029000 0.000000 1.302235
1030000 5.000000 1.305825
1031000 0.000000 1.304559
1032000 0.000000 1.303295
1033000 0.000000 1.302033
1034000 0.000000 1.300774
1035000 1.000000 1.300483
1036000 2.000000 1.301158
1037000 3.000000 1.302797
1038000 1.000000 1.302505
1039000 1.000000 1.302214
1040000 2.000000 1.302885
1041000 2.000000 1.303554
1042000 3.000000 1.305182
1043000 1.000000 1.304890
1044000 0.000000 1.303640
1045000 1.000000 1.303349
1046000 2.000000 1.304015
1047000 4.000000 1.306590
1048000 3.000000 1.308206
1049000 1.000000 1.307912
1050000 0.000000 1.306667
1051000 0.000000 1.305423
1052000 1.000000 1.305133
1053000 0.000000 1.303894
1054000 2.000000 1.304554
1055000 2.000000 1.305213
1056000 1.000000 1.304924
1057000 0.000000 1.303690
1058000 0.000000 1.302457
1059000 2.000000 1.303116
1060000 1.000000 1.302830
1061000 1.000000 1.302545
1062000 0.000000 1.301318
1063000 1.000000 1.301035
1064000 2.000000 1.301692
1065000 1.000000 1.301408
1066000 2.000000 1.302064
1067000 2.000000 1.302718
1068000 1.000000 1.302434
1069000 0.000000 1.301216
1070000 0.000000 1.300000
1071000 1.000000 1.299720
1072000 2.000000 1.300373
1073000 3.000000 1.301957
1074000 1.000000 1.301676
1075000 1.000000 1.301395
1076000 0.000000 1.300186
1077000 1.000000 1.299907
1078000 1.000000 1.299629
1079000 1.000000 1.299351
1080000 1.000000 1.299074
1081000 1.000000 1.298797
1082000 0.000000 1.297597
1083000 0.000000 1.296399
1084000 0.000000 1.295203
1085000 2.000000 1.295853
1086000 3.000000 1.297422
1087000 1.000000 1.297148
1088000 0.000000 1.295956
1089000 1.000000 1.295684
1090000 3.000000 1.297248
1091000 0.000000 1.296059
1092000 1.000000 1.295788
1093000 2.000000 1.296432
1094000 4.000000 1.298903
1095000 1.000000 1.298630
1096000 0.000000 1.297445
1097000 1.000000 1.297174
1098000 0.000000 1.295993
1099000 1.000000 1.295723
1100000 4.000000 1.298182
1101000 2.000000 1.298819
1102000 1.000000 1.298548
1103000 1.000000 1.298277
1104000 2.000000 1.298913
1105000 0.000000 1.297738
1106000 2.000000 1.298373
1107000 0.000000 1.297200
1108000 2.000000 1.297834
1109000 1.000000 1.297565
1110000 0.000000 1.296396
1111000 1.000000 1.296130
1112000 0.000000 1.294964
1113000 2.000000 1.295597
1114000 2.000000 1.296230
1115000 0.000000 1.295067
1116000 0.000000 1.293907
1117000 0.000000 1.292748
1118000 2.000000 1.293381
1119000 3.000000 1.294906
1120000 2.000000 1.295536
1121000 1.000000 1.295272
1122000 1.000000 1.295009
1123000 1.000000 1.294746
1124000 4.000000 1.297153
1125000 1.000000 1.296889
1126000 3.000000 1.298401
1127000 3.000000 1.299911
1128000 2.000000 1.300532
1129000 2.000000 1.301151
1130000 1.000000 1.300885
1131000 1.000000 1.300619
1132000 0.000000 1.299470
1133000 1.000000 1.299206
1134000 3.000000 1.300705
1135000 3.000000 1.302203
1136000 0.000000 1.301056
1137000 0.000000 1.299912
1138000 0.000000 1.298770
1139000 0.000000 1.297629
1140000 1.000000 1.297368
1141000 1.000000 1.297108
1142000 0.000000 1.295972
1143000 0.000000 1.294838
1144000 2.000000 1.295455
1145000 2.000000 1.296070
1146000 2.000000 1.296684
1147000 0.000000 1.295554
1148000 0.000000 1.294425
1149000 0.000000 1.293299
1150000 1.000000 1.293043
1151000 0.000000 1.291920
1152000 2.000000 1.292535
1153000 0.000000 1.291414
1154000 3.000000 1.292894
1155000 0.000000 1.291775
1156000 0.000000 1.290657
1157000 1.000000 1.290406
1158000 1.000000 1.290155
1159000 0.000000 1.289042
1160000 0.000000 1.287931
1161000 3.000000 1.289406
1162000 1.000000 1.289157
1163000 0.000000 1.288048
1164000 0.000000 1.286942
1165000 2.000000 1.287554
1166000 1.000000 1.287307
1167000 1.000000 1.287061
1168000 1.000000 1.286815
1169000 1.000000 1.286570
1170000 1.000000 1.286325
1171000 0.000000 1.285226
1172000 0.000000 1.284130
1173000 2.000000 1.284740
1174000 3.000000 1.286201
1175000 0.000000 1.285106
1176000 2.000000 1.285714
1177000 2.000000 1.286321
1178000 3.000000 1.287776
1179000 2.000000 1.288380
1180000 0.000000 1.287288
1181000 1.000000 1.287045
1182000 4.000000 1.289340
1183000 1.000000 1.289096
1184000 1.000000 1.288851
1185000 1.000000 1.288608
1186000 1.000000 1.288364
1187000 1.000000 1.288121
1188000 2.000000 1.288721
1189000 0.000000 1.287637
1190000 2.000000 1.288235
1191000 1.000000 1.287993
1192000 1.000000 1.287752
1193000 1.000000 1.287510
1194000 4.000000 1.289782
1195000 3.000000 1.291213
1196000 1.000000 1.290970
1197000 2.000000 1.291562
1198000 1.000000 1.291319
1199000 2.000000 1.291910
1200000 4.000000 1.294167
1201000 0.000000 1.293089
1202000 2.000000 1.293677
1203000 3.000000 1.295096
1204000 2.000000 1.295681
1205000 0.000000 1.294606
1206000 1.000000 1.294362
1207000 0.000000 1.293289
1208000 2.000000 1.293874
1209000 1.000000 1.293631
1210000 0.000000 1.292562
1211000 0.000000 1.291495
1212000 1.000000 1.291254
1213000 1.000000 1.291014
1214000 1.000000 1.290774
1215000 1.000000 1.290535
1216000 1.000000 1.290296
1217000 0.000000 1.289236
1218000 1.000000 1.288998
1219000 0.000000 1.287941
1220000 1.000000 1.287705
1221000 4.000000 1.289926
1222000 0.000000 1.288871
1223000 2.000000 1.289452
1224000 1.000000 1.289216
1225000 0.000000 1.288163
1226000 3.000000 1.289560
1227000 2.000000 1.290139
1228000 2.000000 1.290717
1229000 2.000000 1.291294
1230000 2.000000 1.291870
1231000 0.000000 1.290820
1232000 0.000000 1.289773
1233000 1.000000 1.289538
1234000 1.000000 1.289303
1235000 1.000000 1.289069
1236000 0.000000 1.288026
1237000 0.000000 1.286985
1238000 4.000000 1.289176
1239000 0.000000 1.288136
1240000 3.000000 1.289516
1241000 0.000000 1.288477
1242000 2.000000 1.289050
1243000 1.000000 1.288817
1244000 3.000000 1.290193
1245000 0.000000 1.289157
1246000 1.000000 1.288925
1247000 2.000000 1.289495
1248000 1.000000 1.289263
1249000 0.000000 1.288231
1250000 2.000000 1.288800
1251000 2.000000 1.289369
1252000 1.000000 1.289137
1253000 1.000000 1.288907
1254000 2.000000 1.289474
1255000 1.000000 1.289243
1256000 2.000000 1.289809
1257000 0.000000 1.288783
1258000 1.000000 1.288553
1259000 2.000000 1.289118
1260000 1.000000 1.288889
1261000 3.000000 1.290246
1262000 2.000000 1.290808
1263000 1.000000 1.290578
1264000 3.000000 1.291930
1265000 1.000000 1.291700
1266000 2.000000 1.292259
1267000 1.000000 1.292028
1268000 0.000000 1.291009
1269000 1.000000 1.290780
1270000 3.000000 1.292126
1271000 1.000000 1.291896
1272000 1.000000 1.291667
1273000 2.000000 1.292223
1274000 3.000000 1.293564
1275000 3.000000 1.294902
1276000 1.000000 1.294671
1277000 1.000000 1.294440
1278000 1.000000 1.294210
1279000 2.000000 1.294762
1280000 2.000000 1.295313
1281000 1.000000 1.295082
1282000 2.000000 1.295632
1283000 3.000000 1.296960
1284000 1.000000 1.296729
1285000 1.000000 1.296498
1286000 1.000000 1.296267
1287000 3.000000 1.297591
1288000 2.000000 1.298137
1289000 1.000000 1.297905
1290000 1.000000 1.297674
1291000 2.000000 1.298218
1292000 1.000000 1.297988
1293000 2.000000 1.298531
1294000 1.000000 1.298300
1295000 0.000000 1.297297
1296000 1.000000 1.297068
1297000 1.000000 1.296839
1298000 3.000000 1.298151
1299000 1.000000 1.297921
1300000 1.000000 1.297692
1301000 2.000000 1.298232
1302000 0.000000 1.297235
1303000 0.000000 1.296239
1304000 1.000000 1.296012
1305000 2.000000 1.296552
1306000 0.000000 1.295559
1307000 1.000000 1.295333
1308000 1.000000 1.295107
1309000 1.000000 1.294882
1310000 2.000000 1.295420
1311000 0.000000 1.294432
1312000 1.000000 1.294207
1313000 1.000000 1.293983
1314000 1.000000 1.293760
1315000 1.000000 1.293536
1316000 1.000000 1.293313
1317000 0.000000 1.292331
1318000 0.000000 1.291351
1319000 2.000000 1.291888
1320000 1.000000 1.291667
1321000 1.000000 1.291446
1322000 1.000000 1.291225
1323000 1.000000 1.291005
1324000 1.000000 1.290785
1325000 0.000000 1.289811
1326000 1.000000 1.289593
1327000 1.000000 1.289375
1328000 1.000000 1.289157
1329000 1.000000 1.288939
1330000 3.000000 1.290226
1331000 0.000000 1.289256
1332000 2.000000 1.289790
1333000 0.000000 1.288822
1334000 0.000000 1.287856
1335000 2.000000 1.288390
1336000 1.000000 1.288174
1337000 0.000000 1.287210
1338000 1.000000 1.286996
1339000 4.000000 1.289022
1340000 2.000000 1.289552
1341000 1.000000 1.289336
1342000 1.000000 1.289121
1343000 1.000000 1.288905
1344000 1.000000 1.288690
1345000 1.000000 1.288476
1346000 0.000000 1.287519
1347000 0.000000 1.286563
1348000 0.000000 1.285608
1349000 2.000000 1.286138
1350000 1.000000 1.285926
1351000 1.000000 1.285714
1352000 2.000000 1.286243
1353000 1.000000 1.286031
1354000 2.000000 1.286558
1355000 1.000000 1.286347
1356000 0.000000 1.285398
1357000 1.000000 1.285188
1358000 2.000000 1.285714
1359000 0.000000 1.284768
1360000 2.000000 1.285294
1361000 3.000000 1.286554
1362000 1.000000 1.286344
1363000 1.000000 1.286134
1364000 3.000000 1.287390
1365000 3.000000 1.288645
1366000 1.000000 1.288433
1367000 0.000000 1.287491
1368000 1.000000 1.287281
1369000 1.000000 1.287071
1370000 1.000000 1.286861
1371000 1.000000 1.286652
1372000 2.000000 1.287172
1373000 3.000000 1.288420
1374000 3.000000 1.289665
1375000 3.000000 1.290909
1376000 2.000000 1.291424
1377000 0.000000 1.290487
1378000 0.000000 1.289550
1379000 1.000000 1.289340
1380000 0.000000 1.288406
1381000 0.000000 1.287473
1382000 1.000000 1.287265
1383000 1.000000 1.287057
1384000 0.000000 1.286127
1385000 2.000000 1.286643
1386000 1.000000 1.286436
1387000 1.000000 1.286229
1388000 0.000000 1.285303
1389000 0.000000 1.284377
1390000 0.000000 1.283453
1391000 1.000000 1.283249
1392000 1.000000 1.283046
1393000 2.000000 1.283561
1394000 2.000000 1.284075
1395000 0.000000 1.283154
1396000 2.000000 1.283668
1397000 1.000000 1.283465
1398000 3.000000 1.284692
1399000 0.000000 1.283774
1400000 1.000000 1.283571
1401000 2.000000 1.284083
1402000 0.000000 1.283167
1403000 2.000000 1.283678
1404000 0.000000 1.282764
1405000 1.000000 1.282562
1406000 3.000000 1.283784
1407000 0.000000 1.282871
1408000 2.000000 1.283381
1409000 2.000000 1.283889
1410000 0.000000 1.282979
1411000 3.000000 1.284196
1412000 2.000000 1.284703
1413000 0.000000 1.283793
1414000 1.000000 1.283593
1415000 2.000000 1.284099
1416000 2.000000 1.284605
1417000 1.000000 1.284404
1418000 4.000000 1.286319
1419000 3.000000 1.287526
1420000 2.000000 1.288028
1421000 2.000000 1.288529
1422000 2.000000 1.289030
1423000 0.000000 1.288124
1424000 1.000000 1.287921
1425000 0.000000 1.287018
1426000 1.000000 1.286816
1427000 2.000000 1.287316
1428000 1.000000 1.287115
1429000 2.000000 1.287614
1430000 0.000000 1.286713
1431000 3.000000 1.287911
1432000 3.000000 1.289106
1433000 1.000000 1.288904
1434000 2.000000 1.289400
1435000 5.000000 1.291986
1436000 2.000000 1.292479
1437000 1.000000 1.292276
1438000 3.000000 1.293463
1439000 0.000000 1.292564
1440000 0.000000 1.291667
1441000 2.000000 1.292158
1442000 1.000000 1.291956
1443000 2.000000 1.292446
1444000 1.000000 1.292244
1445000 0.000000 1.291349
1446000 1.000000 1.291148
1447000 0.000000 1.290256
1448000 2.000000 1.290746
1449000 0.000000 1.289855
1450000 0.000000 1.288966
1451000 0.000000 1.288077
1452000 2.000000 1.288567
1453000 2.000000 1.289057
1454000 1.000000 1.288858
1455000 1.000000 1.288660
1456000 0.000000 1.287775
1457000 1.000000 1.287577
1458000 1.000000 1.287380
1459000 0.000000 1.286498
1460000 0.000000 1.285616
1461000 1.000000 1.285421
1462000 0.000000 1.284542
1463000 3.000000 1.285714
1464000 2.000000 1.286202
1465000 0.000000 1.285324
1466000 2.000000 1.285812
1467000 0.000000 1.284935
1468000 2.000000 1.285422
1469000 4.000000 1.287270
1470000 0.000000 1.286395
1471000 2.000000 1.286880
1472000 1.000000 1.286685
1473000 1.000000 1.286490
1474000 0.000000 1.285617
1475000 1.000000 1.285424
1476000 1.000000 1.285230
1477000 1.000000 1.285037
1478000 1.000000 1.284844
1479000 0.000000 1.283976
1480000 0.000000 1.283108
1481000 1.000000 1.282917
1482000 1.000000 1.282726
1483000 1.000000 1.282535
1484000 3.000000 1.283693
1485000 2.000000 1.284175
1486000 3.000000 1.285330
1487000 1.000000 1.285138
1488000 1.000000 1.284946
1489000 0.000000 1.284083
1490000 1.000000 1.283893
1491000 1.000000 1.283702
1492000 2.000000 1.284182
1493000 1.000000 1.283992
1494000 0.000000 1.283133
1495000 4.000000 1.284950
1496000 0.000000 1.284091
1497000 2.000000 1.284569
1498000 1.000000 1.284379
1499000 0.000000 1.283522
1500000 2.000000 1.284000
1501000 3.000000 1.285143
1502000 2.000000 1.285619
1503000 1.000000 1.285429
1504000 1.000000 1.285239
1505000 0.000000 1.284385
1506000 1.000000 1.284197
1507000 1.000000 1.284008
1508000 0.000000 1.283156
1509000 0.000000 1.282306
1510000 4.000000 1.284106
1511000 2.000000 1.284580
1512000 2.000000 1.285053
1513000 0.000000 1.284204
1514000 0.000000 1.283355
1515000 0.000000 1.282508
1516000 1.000000 1.282322
1517000 2.000000 1.282795
1518000 0.000000 1.281950
1519000 1.000000 1.281764
1520000 1.000000 1.281579
1521000 0.000000 1.280736
1522000 1.000000 1.280552
1523000 1.000000 1.280368
1524000 3.000000 1.281496
1525000 2.000000 1.281967
1526000 1.000000 1.281782
1527000 0.000000 1.280943
1528000 0.000000 1.280105
1529000 0.000000 1.279267
1530000 2.000000 1.279739
1531000 1.000000 1.279556
1532000 1.000000 1.279373
1533000 0.000000 1.278539
1534000 0.000000 1.277705
1535000 0.000000 1.276873
1536000 0.000000 1.276042
1537000 0.000000 1.275211
1538000 4.000000 1.276983
1539000 0.000000 1.276153
1540000 2.000000 1.276623
1541000 0.000000 1.275795
1542000 3.000000 1.276913
1543000 1.000000 1.276734
1544000 2.000000 1.277202
1545000 1.000000 1.277023
1546000 0.000000 1.276197
1547000 3.000000 1.277311
1548000 0.000000 1.276486
1549000 2.000000 1.276953
1550000 0.000000 1.276129
1551000 0.000000 1.275306
1552000 0.000000 1.274485
1553000 0.000000 1.273664
1554000 0.000000 1.272844
1555000 0.000000 1.272026
1556000 2.000000 1.272494
1557000 1.000000 1.272319
1558000 1.000000 1.272144
1559000 1.000000 1.271969
1560000 0.000000 1.271154
1561000 2.000000 1.271621
1562000 0.000000 1.270807
1563000 0.000000 1.269994
1564000 1.000000 1.269821
1565000 2.000000 1.270288
1566000 1.000000 1.270115
1567000 0.000000 1.269304
1568000 1.000000 1.269133
1569000 1.000000 1.268961
1570000 1.000000 1.268790
1571000 0.000000 1.267982
1572000 1.000000 1.267812
1573000 2.000000 1.268277
1574000 2.000000 1.268742
1575000 0.000000 1.267937
1576000 1.000000 1.267766
1577000 0.000000 1.266963
1578000 1.000000 1.266793
1579000 0.000000 1.265991
1580000 1.000000 1.265823
1581000 2.000000 1.266287
1582000 0.000000 1.265487
1583000 1.000000 1.265319
1584000 1.000000 1.265152
1585000 2.000000 1.265615
1586000 0.000000 1.264817
1587000 0.000000 1.264020
1588000 2.000000 1.264484
1589000 1.000000 1.264317
1590000 0.000000 1.263522
1591000 1.000000 1.263356
1592000 1.000000 1.263191
1593000 0.000000 1.262398
1594000 2.000000 1.262861
1595000 2.000000 1.263323
1596000 1.000000 1.263158
1597000 1.000000 1.262993
1598000 1.000000 1.262829
1599000 1.000000 1.262664
1600000 0.000000 1.261875
1601000 0.000000 1.261087
1602000 4.000000 1.262797
1603000 1.000000 1.262633
1604000 3.000000 1.263716
1605000 2.000000 1.264174
1606000 0.000000 1.263387
1607000 0.000000 1.262601
1608000 2.000000 1.263060
1609000 0.000000 1.262275
1610000 3.000000 1.263354
1611000 0.000000 1.262570
1612000 0.000000 1.261787
1613000 1.000000 1.261624
1614000 0.000000 1.260843
1615000 2.000000 1.261300
1616000 0.000000 1.260520
1617000 2.000000 1.260977
1618000 1.000000 1.260816
1619000 1.000000 1.260655
1620000 0.000000 1.259877
1621000 3.000000 1.260950
1622000 1.000000 1.260789
1623000 1.000000 1.260628
1624000 5.000000 1.262931
1625000 3.000000 1.264000
1626000 3.000000 1.265068
1627000 0.000000 1.264290
1628000 4.000000 1.265971
1629000 2.000000 1.266421
1630000 1.000000 1.266258
1631000 0.000000 1.265481
1632000 2.000000 1.265931
1633000 0.000000 1.265156
1634000 1.000000 1.264994
1635000 0.000000 1.264220
1636000 2.000000 1.264670
1637000 4.000000 1.266341
1638000 2.000000 1.266789
1639000 0.000000 1.266016
1640000 0.000000 1.265244
1641000 1.000000 1.265082
1642000 0.000000 1.264312
1643000 0.000000 1.263542
1644000 0.000000 1.262774
1645000 2.000000 1.263222
1646000 0.000000 1.262454
1647000 2.000000 1.262902
1648000 2.000000 1.263350
1649000 3.000000 1.264403
1650000 0.000000 1.263636
1651000 1.000000 1.263477
1652000 1.000000 1.263317
1653000 0.000000 1.262553
1654000 3.000000 1.263603
1655000 0.000000 1.262840
1656000 1.000000 1.262681
1657000 0.000000 1.261919
1658000 1.000000 1.261761
1659000 1.000000 1.261603
1660000 2.000000 1.262048
1661000 1.000000 1.261890
1662000 1.000000 1.261733
1663000 1.000000 1.261575
1664000 0.000000 1.260817
1665000 0.000000 1.260060
1666000 0.000000 1.259304
1667000 1.000000 1.259148
1668000 2.000000 1.259592
1669000 0.000000 1.258838
1670000 3.000000 1.259880
1671000 1.000000 1.259725
1672000 3.000000 1.260766
1673000 1.000000 1.260610
1674000 0.000000 1.259857
1675000 1.000000 1.259701
1676000 3.000000 1.260740
1677000 0.000000 1.259988
1678000 4.000000 1.261621
1679000 1.000000 1.261465
1680000 0.000000 1.260714
1681000 1.000000 1.260559
1682000 0.000000 1.259810
1683000 2.000000 1.260250
1684000 1.000000 1.260095
1685000 1.000000 1.259941
1686000 0.000000 1.259193
1687000 0.000000 1.258447
1688000 1.000000 1.258294
1689000 0.000000 1.257549
1690000 1.000000 1.257396
1691000 1.000000 1.257244
1692000 1.000000 1.257092
1693000 2.000000 1.257531
1694000 0.000000 1.256789
1695000 3.000000 1.257817
1696000 0.000000 1.257075
1697000 3.000000 1.258103
1698000 1.000000 1.257951
1699000 1.000000 1.257799
1700000 1.000000 1.257647
1701000 2.000000 1.258083
1702000 2.000000 1.258519
1703000 1.000000 1.258368
1704000 2.000000 1.258803
1705000 1.000000 1.258651
1706000 3.000000 1.259672
1707000 2.000000 1.260105
1708000 2.000000 1.260539
1709000 0.000000 1.259801
1710000 4.000000 1.261404
1711000 1.000000 1.261251
1712000 1.000000 1.261098
1713000 1.000000 1.260946
1714000 1.000000 1.260793
1715000 1.000000 1.260641
1716000 2.000000 1.261072
1717000 1.000000 1.260920
1718000 1.000000 1.260768
1719000 1.000000 1.260617
1720000 4.000000 1.262209
1721000 1.000000 1.262057
1722000 2.000000 1.262485
1723000 1.000000 1.262333
1724000 2.000000 1.262761
1725000 0.000000 1.262029
1726000 0.000000 1.261298
1727000 0.000000 1.260567
1728000 2.000000 1.260995
1729000 1.000000 1.260844
1730000 3.000000 1.261850
1731000 3.000000 1.262854
1732000 3.000000 1.263857
1733000 2.000000 1.264282
1734000 2.000000 1.264706
1735000 2.000000 1.265130
1736000 0.000000 1.264401
1737000 0.000000 1.263673
1738000 0.000000 1.262946
1739000 0.000000 1.262220
1740000 1.000000 1.262069
1741000 1.000000 1.261918
1742000 1.000000 1.261768
1743000 1.000000 1.261618
1744000 4.000000 1.263188
1745000 2.000000 1.263610
1746000 4.000000 1.265178
1747000 1.000000 1.265026
1748000 1.000000 1.264874
1749000 0.000000 1.264151
1750000 4.000000 1.265714
1751000 2.000000 1.266134
1752000 3.000000 1.267123
1753000 1.000000 1.266971
1754000 1.000000 1.266819
1755000 3.000000 1.267806
1756000 2.000000 1.268223
1757000 1.000000 1.268071
1758000 3.000000 1.269056
1759000 1.000000 1.268903
1760000 2.000000 1.269318
1761000 0.000000 1.268597
1762000 0.000000 1.267877
1763000 1.000000 1.267725
1764000 2.000000 1.268141
1765000 0.000000 1.267422
1766000 1.000000 1.267271
1767000 1.000000 1.267119
1768000 0.000000 1.266403
1769000 0.000000 1.265687
1770000 0.000000 1.264972
1771000 1.000000 1.264822
1772000 1.000000 1.264673
1773000 2.000000 1.265087
1774000 1.000000 1.264938
1775000 0.000000 1.264225
1776000 1.000000 1.264077
1777000 3.000000 1.265053
1778000 3.000000 1.266029
1779000 1.000000 1.265880
1780000 1.000000 1.265730
1781000 2.000000 1.266143
1782000 0.000000 1.265432
1783000 1.000000 1.265283
1784000 0.000000 1.264574
1785000 2.000000 1.264986
1786000 2.000000 1.265398
1787000 2.000000 1.265809
1788000 0.000000 1.265101
1789000 2.000000 1.265511
1790000 1.000000 1.265363
1791000 2.000000 1.265773
1792000 1.000000 1.265625
1793000 0.000000 1.264919
1794000 0.000000 1.264214
1795000 0.000000 1.263510
1796000 0.000000 1.262806
1797000 2.000000 1.263216
1798000 1.000000 1.263070
1799000 1.000000 1.262924
1800000 2.000000 1.263333
1801000 2.000000 1.263742
1802000 1.000000 1.263596
1803000 2.000000 1.264004
1804000 2.000000 1.264412
1805000 0.000000 1.263712
1806000 1.000000 1.263566
1807000 2.000000 1.263973
1808000 0.000000 1.263274
1809000 1.000000 1.263129
1810000 2.000000 1.263536
1811000 2.000000 1.263943
1812000 0.000000 1.263245
1813000 1.000000 1.263100
1814000 1.000000 1.262955
1815000 1.000000 1.262810
1816000 1.000000 1.262665
1817000 0.000000 1.261970
1818000 1.000000 1.261826
1819000 1.000000 1.261682
1820000 4.000000 1.263187
1821000 3.000000 1.264141
1822000 1.000000 1.263996
1823000 1.000000 1.263851
1824000 3.000000 1.264803
1825000 1.000000 1.264658
1826000 1.000000 1.264513
1827000 1.000000 1.264368
1828000 1.000000 1.264223
1829000 0.000000 1.263532
1830000 2.000000 1.263934
1831000 2.000000 1.264336
1832000 3.000000 1.265284
1833000 3.000000 1.266230
1834000 1.000000 1.266085
1835000 0.000000 1.265395
1836000 1.000000 1.265251
1837000 0.000000 1.264562
1838000 2.000000 1.264962
1839000 1.000000 1.264818
1840000 3.000000 1.265761
1841000 0.000000 1.265073
1842000 1.000000 1.264929
1843000 0.000000 1.264243
1844000 3.000000 1.265184
1845000 1.000000 1.265041
1846000 2.000000 1.265439
1847000 2.000000 1.265836
1848000 2.000000 1.266234
1849000 3.000000 1.267171
1850000 2.000000 1.267568
1851000 0.000000 1.266883
1852000 1.000000 1.266739
1853000 0.000000 1.266055
1854000 3.000000 1.266990
1855000 3.000000 1.267925
1856000 1.000000 1.267780
1857000 1.000000 1.267636
1858000 0.000000 1.266954
1859000 2.000000 1.267348
1860000 0.000000 1.266667
1861000 0.000000 1.265986
1862000 2.000000 1.266380
1863000 1.000000 1.266237
1864000 1.000000 1.266094
1865000 2.000000 1.266488
1866000 1.000000 1.266345
1867000 1.000000 1.266202
1868000 1.000000 1.266060
1869000 3.000000 1.266988
1870000 0.000000 1.266310
1871000 1.000000 1.266168
1872000 1.000000 1.266026
1873000 0.000000 1.265350
1874000 1.000000 1.265208
1875000 2.000000 1.265600
1876000 0.000000 1.264925
1877000 0.000000 1.264251
1878000 0.000000 1.263578
1879000 0.000000 1.262906
1880000 1.000000 1.262766
1881000 2.000000 1.263158
1882000 2.000000 1.263549
1883000 1.000000 1.263409
1884000 2.000000 1.263800
1885000 1.000000 1.263660
1886000 4.000000 1.265111
1887000 3.000000 1.266031
1888000 2.000000 1.266419
1889000 1.000000 1.266278
1890000 0.000000 1.265608
1891000 1.000000 1.265468
1892000 1.000000 1.265328
1893000 0.000000 1.264659
1894000 0.000000 1.263992
1895000 2.000000 1.264380
1896000 1.000000 1.264241
1897000 0.000000 1.263574
1898000 3.000000 1.264489
1899000 3.000000 1.265403
1900000 2.000000 1.265789
1901000 0.000000 1.265124
1902000 1.000000 1.264984
1903000 1.000000 1.264845
1904000 0.000000 1.264181
1905000 2.000000 1.264567
1906000 4.000000 1.266002
1907000 1.000000 1.265863
1908000 1.000000 1.265723
1909000 2.000000 1.266108
1910000 1.000000 1.265969
1911000 0.000000 1.265306
1912000 1.000000 1.265167
1913000 1.000000 1.265029
1914000 0.000000 1.264368
1915000 0.000000 1.263708
1916000 1.000000 1.263570
1917000 0.000000 1.262911
1918000 2.000000 1.263295
1919000 1.000000 1.263158
1920000 2.000000 1.263542
1921000 0.000000 1.262884
1922000 2.000000 1.263267
1923000 1.000000 1.263131
1924000 1.000000 1.262994
1925000 3.000000 1.263896
1926000 1.000000 1.263759
1927000 1.000000 1.263622
1928000 2.000000 1.264004
1929000 1.000000 1.263867
1930000 0.000000 1.263212
1931000 3.000000 1.264112
1932000 0.000000 1.263458
1933000 2.000000 1.263839
1934000 1.000000 1.263702
1935000 2.000000 1.264083
1936000 0.000000 1.263430
1937000 0.000000 1.262777
1938000 0.000000 1.262126
1939000 2.000000 1.262506
1940000 2.000000 1.262887
1941000 2.000000 1.263266
1942000 1.000000 1.263131
1943000 1.000000 1.262995
1944000 2.000000 1.263374
1945000 1.000000 1.263239
1946000 1.000000 1.263104
1947000 2.000000 1.263482
1948000 1.000000 1.263347
1949000 0.000000 1.262699
1950000 1.000000 1.262564
1951000 0.000000 1.261917
1952000 1.000000 1.261783
1953000 2.000000 1.262161
1954000 0.000000 1.261515
1955000 1.000000 1.261381
1956000 1.000000 1.261247
1957000 2.000000 1.261625
1958000 3.000000 1.262513
1959000 0.000000 1.261868
1960000 3.000000 1.262755
1961000 3.000000 1.263641
1962000 0.000000 1.262997
1963000 1.000000 1.262863
1964000 1.000000 1.262729
1965000 1.000000 1.262595
1966000 0.000000 1.261953
1967000 2.000000 1.262328
1968000 0.000000 1.261687
1969000 2.000000 1.262062
1970000 4.000000 1.263452
1971000 1.000000 1.263318
1972000 2.000000 1.263692
1973000 0.000000 1.263051
1974000 2.000000 1.263425
1975000 3.000000 1.264304
1976000 3.000000 1.265182
1977000 1.000000 1.265048
1978000 2.000000 1.265420
1979000 1.000000 1.265285
1980000 1.000000 1.265152
1981000 2.000000 1.265522
1982000 0.000000 1.264884
1983000 2.000000 1.265255
1984000 0.000000 1.264617
1985000 0.000000 1.263980
1986000 0.000000 1.263343
1987000 2.000000 1.263714
1988000 2.000000 1.264085
1989000 0.000000 1.263449
1990000 2.000000 1.263819
1991000 0.000000 1.263184
1992000 2.000000 1.263554
1993000 1.000000 1.263422
1994000 1.000000 1.263290
1995000 0.000000 1.262657
1996000 2.000000 1.263026
1997000 0.000000 1.262394
1998000 2.000000 1.262763
1999000 2.000000 1.263132
2000000 0.000000 1.262500
