1000 20.378861 20.378861
2000 20.973041 20.675951
3000 20.290357 20.547420
4000 20.855641 20.624475
5000 21.210562 20.741692
6000 21.037336 20.790966
7000 20.035164 20.682995
8000 20.388027 20.646124
9000 20.068093 20.581898
10000 19.790362 20.502744
11000 20.106898 20.466758
12000 20.993052 20.510616
13000 20.634609 20.520154
14000 21.488276 20.589306
15000 19.983557 20.548922
16000 21.640247 20.617130
17000 21.499798 20.669052
18000 20.684827 20.669928
19000 20.409906 20.656243
20000 20.555024 20.651182
21000 20.325557 20.635676
22000 20.408620 20.625355
23000 20.445590 20.617539
24000 19.820617 20.584334
25000 20.054837 20.563154
26000 19.564930 20.524761
27000 20.916961 20.539287
28000 19.874641 20.515550
29000 20.664493 20.520686
30000 19.620324 20.490674
31000 20.882066 20.503299
32000 20.075478 20.489930
33000 20.415566 20.487676
34000 20.281234 20.481604
35000 20.891356 20.493312
36000 20.312811 20.488298
37000 19.407254 20.459080
38000 19.957043 20.445869
39000 20.487903 20.446947
40000 19.946870 20.434445
41000 20.718393 20.441370
42000 19.896104 20.428388
43000 19.222338 20.400340
44000 19.805160 20.386813
45000 20.081269 20.380023
46000 20.429853 20.381107
47000 20.642521 20.386669
48000 19.905882 20.376652
49000 19.449514 20.357731
50000 20.131726 20.353211
51000 19.670653 20.339827
52000 20.080728 20.334845
53000 20.900602 20.345519
54000 20.512038 20.348603
55000 19.470303 20.332634
56000 19.862354 20.324236
57000 18.892786 20.299123
58000 20.591960 20.304172
59000 20.761099 20.311916
60000 19.534476 20.298959
61000 19.919079 20.292732
62000 19.848195 20.285562
63000 19.779330 20.277526
64000 20.662734 20.283545
65000 20.107376 20.280835
66000 20.409184 20.282779
67000 20.988237 20.293309
68000 20.294070 20.293320
69000 20.334279 20.293914
70000 20.730489 20.300150
71000 19.450877 20.288189
72000 19.520487 20.277526
73000 18.974737 20.259680
74000 19.300342 20.246716
75000 19.304088 20.234147
76000 18.999111 20.217897
77000 20.063793 20.215896
78000 20.094320 20.214337
79000 19.719818 20.208077
80000 19.103825 20.194274
81000 19.156147 20.181458
82000 19.996915 20.179207
83000 19.027835 20.165335
84000 20.120758 20.164804
85000 20.225458 20.165518
86000 19.152640 20.153740
87000 19.675694 20.148246
88000 20.793872 20.155582
89000 19.092668 20.143639
90000 20.434398 20.146870
91000 20.952775 20.155726
92000 19.578545 20.149452
93000 22.274769 20.172305
94000 20.032988 20.170823
95000 20.778041 20.177215
96000 20.358141 20.179100
97000 22.203266 20.199967
98000 20.252000 20.200498
99000 20.913169 20.207697
100000 19.832119 20.203941
101000 20.297356 20.204866
102000 21.738040 20.219897
103000 21.821395 20.235446
104000 21.792522 20.250418
105000 20.986202 20.257425
106000 21.489921 20.269052
107000 20.594446 20.272093
108000 20.641394 20.275513
109000 20.980950 20.281985
110000 21.573923 20.293730
111000 21.525213 20.304824
112000 20.803816 20.309279
113000 20.819902 20.313798
114000 20.901548 20.318954
115000 20.583808 20.321257
116000 20.526275 20.323024
117000 20.611545 20.325490
118000 21.537641 20.335763
119000 20.671092 20.338581
120000 19.970236 20.335511
121000 19.872594 20.331685
122000 20.079868 20.329621
123000 19.492968 20.322819
124000 19.935361 20.319695
125000 20.350095 20.319938
126000 20.810781 20.323833
127000 19.843818 20.320054
128000 19.348990 20.312467
129000 20.271472 20.312150
130000 20.055587 20.310176
131000 19.527010 20.304198
132000 19.772577 20.300170
133000 20.074174 20.298471
134000 20.180178 20.297588
135000 19.460243 20.291386
136000 19.766293 20.287525
137000 19.453253 20.281435
138000 20.076672 20.279951
139000 20.125912 20.278843
140000 20.171893 20.278079
141000 20.195189 20.277491
142000 19.060645 20.268922
143000 18.431082 20.256070
144000 20.122732 20.255144
145000 19.347751 20.248886
146000 18.877906 20.239496
147000 19.479989 20.234329
148000 19.080906 20.226536
149000 18.946326 20.217944
150000 19.387201 20.212405
151000 20.052604 20.211347
152000 19.035846 20.203614
153000 20.305609 20.204280
154000 21.084764 20.209998
155000 20.388824 20.211151
156000 19.585476 20.207141
157000 20.054625 20.206169
158000 20.198600 20.206121
159000 19.690196 20.202876
160000 21.833799 20.213070
161000 20.874578 20.217178
162000 19.952530 20.215545
163000 20.194432 20.215415
164000 20.118744 20.214826
165000 20.206599 20.214776
166000 20.263299 20.215068
167000 21.221467 20.221095
168000 20.553485 20.223073
169000 19.839192 20.220802
170000 20.628789 20.223202
171000 20.640904 20.225644
172000 20.123856 20.225052
173000 20.462837 20.226427
174000 19.935288 20.224754
175000 20.565218 20.226699
176000 19.684723 20.223620
177000 21.762878 20.232316
178000 20.519231 20.233928
179000 20.717679 20.236631
180000 20.907623 20.240358
181000 21.263651 20.246012
182000 21.208316 20.251299
183000 20.408419 20.252158
184000 21.022943 20.256347
185000 20.432402 20.257299
186000 20.516048 20.258690
187000 21.047294 20.262907
188000 20.991083 20.266780
189000 21.959123 20.275734
190000 21.715063 20.283310
191000 21.427394 20.289300
192000 21.880807 20.297589
193000 20.125841 20.296699
194000 20.082694 20.295596
195000 21.097707 20.299709
196000 20.067796 20.298526
197000 20.724144 20.300686
198000 20.442088 20.301401
199000 21.132789 20.305578
200000 20.948829 20.308795
201000 19.822589 20.306376
202000 21.043181 20.310023
203000 19.534720 20.306204
204000 20.223897 20.305801
205000 20.769578 20.308063
206000 19.804973 20.305621
207000 20.469919 20.306414
208000 20.729063 20.308446
209000 20.822936 20.310908
210000 21.920051 20.318571
211000 21.675753 20.325003
212000 22.387603 20.334732
213000 21.563498 20.340501
214000 21.182744 20.344437
215000 21.035300 20.347650
216000 21.627626 20.353576
217000 21.184850 20.357407
218000 21.858723 20.364293
219000 21.154143 20.367900
220000 22.146682 20.375985
221000 20.842017 20.378094
222000 22.037920 20.385571
223000 21.420104 20.390210
224000 21.169202 20.393688
225000 20.478921 20.394066
226000 21.199316 20.397629
227000 21.820603 20.403898
228000 21.593523 20.409116
229000 20.391093 20.409037
230000 21.762780 20.414923
231000 22.647931 20.424590
232000 22.453199 20.433334
233000 22.942152 20.444101
234000 21.407861 20.448220
235000 22.079310 20.455160
236000 21.517514 20.459662
237000 21.334542 20.463353
238000 21.005872 20.465633
239000 22.134044 20.472614
240000 22.519090 20.481141
241000 22.540951 20.489688
242000 22.136901 20.496494
243000 22.320610 20.504001
244000 21.728540 20.509020
245000 21.938422 20.514854
246000 22.184372 20.521640
247000 21.916725 20.527289
248000 22.258030 20.534267
249000 21.485872 20.538089
250000 21.348927 20.541332
251000 21.189574 20.543915
252000 21.604408 20.548123
253000 20.134040 20.546487
254000 20.765494 20.547349
255000 20.410063 20.546811
256000 21.322571 20.549841
257000 21.373000 20.553044
258000 21.446330 20.556506
259000 21.521387 20.560232
260000 20.487810 20.559953
261000 20.935078 20.561390
262000 20.780599 20.562227
263000 20.785586 20.563076
264000 20.947129 20.564531
265000 23.039219 20.573869
266000 21.367539 20.576853
267000 21.082503 20.578747
268000 20.514184 20.578506
269000 19.872625 20.575882
270000 21.271305 20.578458
271000 20.682211 20.578840
272000 20.113921 20.577131
273000 20.936357 20.578447
274000 20.458091 20.578008
275000 20.136263 20.576401
276000 20.936060 20.577705
277000 20.550512 20.577606
278000 20.054892 20.575726
279000 20.875766 20.576802
280000 20.253533 20.575647
281000 21.438519 20.578718
282000 20.585475 20.578742
283000 20.973155 20.580135
284000 21.400659 20.583025
285000 19.734548 20.580047
286000 20.989093 20.581478
287000 20.503298 20.581205
288000 21.486122 20.584347
289000 20.485137 20.584004
290000 21.037715 20.585569
291000 21.978534 20.590355
292000 21.852683 20.594678
293000 23.395676 20.604238
294000 22.126694 20.609417
295000 21.490582 20.612404
296000 21.197796 20.614381
297000 20.203728 20.612999
298000 21.410048 20.615673
299000 22.432767 20.621750
300000 21.710084 20.625378
301000 20.544497 20.625110
302000 21.787220 20.628958
303000 22.293383 20.634451
304000 22.284875 20.639880
305000 20.752188 20.640248
306000 21.826594 20.644125
307000 21.938836 20.648342
308000 21.045686 20.649632
309000 21.074400 20.651007
310000 21.461452 20.653621
311000 21.969772 20.657853
312000 21.407008 20.660254
313000 21.328154 20.662388
314000 21.640804 20.665504
315000 21.144725 20.667026
316000 21.077724 20.668325
317000 20.726690 20.668509
318000 21.999998 20.672696
319000 21.275877 20.674587
320000 20.914020 20.675336
321000 21.104002 20.676671
322000 20.455390 20.675984
323000 22.718369 20.682307
324000 21.787187 20.685717
325000 21.878594 20.689387
326000 21.884527 20.693054
327000 21.709461 20.696162
328000 22.022424 20.700205
329000 20.779838 20.700447
330000 22.161075 20.704873
331000 20.971616 20.705679
332000 22.189848 20.710150
333000 22.469436 20.715433
334000 22.077965 20.719512
335000 22.490623 20.724799
336000 21.786084 20.727958
337000 22.505210 20.733232
338000 22.113235 20.737314
339000 21.778856 20.740387
340000 21.707497 20.743231
341000 21.867842 20.746529
342000 21.552116 20.748885
343000 22.560698 20.754167
344000 22.145213 20.758211
345000 22.279220 20.762619
346000 21.561288 20.764928
347000 21.816571 20.767958
348000 21.146915 20.769047
349000 21.304186 20.770581
350000 22.245515 20.774795
351000 21.543396 20.776985
352000 20.965352 20.777520
353000 21.046778 20.778282
354000 20.798913 20.778341
355000 20.875954 20.778616
356000 20.061445 20.776601
357000 21.873476 20.779674
358000 22.091252 20.783337
359000 21.989041 20.786696
360000 21.826025 20.789583
361000 21.456709 20.791431
362000 21.333121 20.792927
363000 20.989298 20.793468
364000 22.323615 20.797672
365000 22.043475 20.801085
366000 21.282245 20.802400
367000 21.026561 20.803010
368000 21.906330 20.806009
369000 22.192612 20.809766
370000 21.904608 20.812725
371000 21.741227 20.815228
372000 21.237216 20.816362
373000 20.100368 20.814443
374000 21.078703 20.815149
375000 21.195315 20.816163
376000 22.262426 20.820010
377000 21.369695 20.821468
378000 21.800826 20.824059
379000 21.916480 20.826941
380000 22.841189 20.832242
381000 21.416445 20.833775
382000 22.304682 20.837626
383000 21.308843 20.838856
384000 21.865435 20.841529
385000 22.958964 20.847029
386000 21.419479 20.848512
387000 21.731630 20.850794
388000 21.171649 20.851621
389000 22.311306 20.855373
390000 21.920480 20.858104
391000 20.976368 20.858407
392000 22.452132 20.862473
393000 22.522559 20.866697
394000 21.342144 20.867903
395000 21.710585 20.870037
396000 22.983503 20.875374
397000 21.781446 20.877656
398000 22.473812 20.881667
399000 22.430427 20.885548
400000 23.082955 20.891042
401000 21.969424 20.893731
402000 22.820554 20.898524
403000 21.952763 20.901140
404000 21.975137 20.903798
405000 20.881064 20.903742
406000 21.992724 20.906424
407000 21.818423 20.908665
408000 22.378972 20.912269
409000 22.310797 20.915688
410000 21.812594 20.917876
411000 21.877115 20.920210
412000 21.804929 20.922357
413000 21.074014 20.922724
414000 20.932956 20.922749
415000 21.758607 20.924763
416000 21.697907 20.926622
417000 22.215740 20.929713
418000 21.320032 20.930647
419000 21.245817 20.931399
420000 21.361903 20.932424
421000 22.409979 20.935934
422000 22.041043 20.938553
423000 22.283660 20.941732
424000 22.354847 20.945065
425000 21.619407 20.946652
426000 22.609833 20.950556
427000 21.990701 20.952992
428000 22.178995 20.955857
429000 22.249057 20.958871
430000 20.940299 20.958828
431000 22.275622 20.961883
432000 22.136275 20.964602
433000 21.428937 20.965674
434000 21.661065 20.967276
435000 22.475949 20.970744
436000 22.488716 20.974226
437000 22.367005 20.977413
438000 22.816334 20.981612
439000 22.064599 20.984079
440000 21.700917 20.985708
441000 22.013333 20.988038
442000 21.874811 20.990044
443000 22.905399 20.994368
444000 22.702973 20.998216
445000 22.405027 21.001377
446000 23.288813 21.006506
447000 21.657495 21.007963
448000 22.366850 21.010996
449000 22.337434 21.013950
450000 23.053834 21.018483
451000 22.419046 21.021588
452000 22.396823 21.024631
453000 21.776661 21.026291
454000 21.628844 21.027618
455000 21.458670 21.028566
456000 21.654534 21.029938
457000 22.584031 21.033339
458000 21.137641 21.033567
459000 23.046748 21.037953
460000 21.676401 21.039341
461000 21.254546 21.039808
462000 21.773482 21.041396
463000 22.386948 21.044302
464000 21.833622 21.046003
465000 21.656922 21.047317
466000 22.143091 21.049668
467000 22.153593 21.052032
468000 22.393916 21.054899
469000 22.174541 21.057287
470000 22.049499 21.059398
471000 21.590049 21.060524
472000 22.463825 21.063497
473000 22.264621 21.066037
474000 22.234980 21.068503
475000 23.374284 21.073357
476000 22.399233 21.076143
477000 23.611808 21.081459
478000 23.187402 21.085864
479000 21.949182 21.087667
480000 22.948196 21.091543
481000 23.170417 21.095865
482000 22.631827 21.099051
483000 23.057512 21.103106
484000 22.028412 21.105018
485000 22.262502 21.107404
486000 22.606946 21.110490
487000 22.639558 21.113630
488000 22.394313 21.116254
489000 22.890389 21.119882
490000 22.340422 21.122373
491000 23.032049 21.126262
492000 22.756192 21.129575
493000 23.496236 21.134376
494000 23.263708 21.138686
495000 23.916937 21.144299
496000 22.833768 21.147705
497000 22.976855 21.151385
498000 22.771749 21.154639
499000 22.707155 21.157750
500000 23.454831 21.162345
501000 23.244391 21.166500
502000 22.361891 21.168882
503000 23.440465 21.173398
504000 22.267378 21.175568
505000 22.800407 21.178786
506000 23.565267 21.183502
507000 22.453295 21.186007
508000 23.192224 21.189956
509000 22.550081 21.192628
510000 22.023625 21.194257
511000 23.148749 21.198082
512000 23.382194 21.202348
513000 22.915582 21.205688
514000 22.156036 21.207537
515000 23.075819 21.211164
516000 24.084923 21.216734
517000 23.302010 21.220767
518000 23.071046 21.224339
519000 23.868578 21.229434
520000 22.433933 21.231750
521000 23.800697 21.236681
522000 23.506854 21.241030
523000 22.867066 21.244139
524000 22.905423 21.247310
525000 22.278202 21.249273
526000 22.754079 21.252134
527000 22.506826 21.254515
528000 22.316628 21.256526
529000 21.605420 21.257186
530000 21.489219 21.257624
531000 23.932343 21.262661
532000 22.037399 21.264117
533000 22.039334 21.265572
534000 21.998524 21.266944
535000 23.474250 21.271070
536000 23.022524 21.274338
537000 23.239160 21.277996
538000 22.386742 21.280057
539000 22.784091 21.282848
540000 23.337857 21.286653
541000 22.738549 21.289337
542000 21.654454 21.290011
543000 23.165318 21.293464
544000 22.607814 21.295880
545000 22.689127 21.298437
546000 22.463603 21.300571
547000 22.169823 21.302160
548000 22.304936 21.303990
549000 22.862345 21.306828
550000 22.343668 21.308714
551000 22.988646 21.311762
552000 21.898305 21.312825
553000 22.582110 21.315120
554000 22.801069 21.317802
555000 22.230835 21.319448
556000 23.011861 21.322491
557000 22.880760 21.325289
558000 22.640540 21.327646
559000 22.315364 21.329413
560000 23.249747 21.332842
561000 23.087659 21.335970
562000 22.424915 21.337908
563000 21.953907 21.339002
564000 22.409438 21.340900
565000 22.560852 21.343059
566000 21.829550 21.343919
567000 22.386276 21.345757
568000 22.815176 21.348344
569000 22.551545 21.350459
570000 22.279874 21.352089
571000 21.647314 21.352606
572000 22.233596 21.354146
573000 22.413478 21.355995
574000 22.069863 21.357239
575000 23.366675 21.360734
576000 21.800362 21.361497
577000 23.068577 21.364455
578000 22.270468 21.366023
579000 24.068480 21.370690
580000 22.528642 21.372687
581000 21.171497 21.372340
582000 21.933295 21.373304
583000 22.922115 21.375961
584000 21.505402 21.376183
585000 21.826443 21.376952
586000 23.016561 21.379750
587000 22.645768 21.381907
588000 22.787050 21.384297
589000 23.623999 21.388099
590000 23.518147 21.391709
591000 23.617523 21.395476
592000 22.883287 21.397989
593000 22.949182 21.400605
594000 22.358422 21.402217
595000 23.256491 21.405334
596000 22.631783 21.407391
597000 22.354502 21.408978
598000 22.444217 21.410709
599000 22.541160 21.412596
600000 22.391421 21.414228
601000 23.351140 21.417450
602000 22.380538 21.419050
603000 23.461586 21.422438
604000 23.862733 21.426478
605000 22.865351 21.428856
606000 22.880310 21.431251
607000 23.176269 21.434126
608000 24.139950 21.438576
609000 22.892358 21.440964
610000 23.007622 21.443532
611000 23.037388 21.446140
612000 23.328292 21.449216
613000 22.895101 21.451575
614000 23.539152 21.454975
615000 22.841614 21.457229
616000 22.995528 21.459726
617000 22.816863 21.461926
618000 23.318349 21.464930
619000 23.110370 21.467588
620000 22.069392 21.468559
621000 23.529789 21.471878
622000 23.102583 21.474500
623000 23.258904 21.477364
624000 23.946392 21.481321
625000 24.764990 21.486575
626000 24.185936 21.490887
627000 23.673152 21.494367
628000 23.662127 21.497819
629000 24.059866 21.501892
630000 22.604998 21.503643
631000 23.759046 21.507218
632000 23.988972 21.511144
633000 24.196203 21.515386
634000 22.952804 21.517653
635000 23.419386 21.520648
636000 23.508458 21.523774
637000 24.506891 21.528457
638000 24.121921 21.532522
639000 22.906416 21.534672
640000 24.017156 21.538551
641000 24.652592 21.543409
642000 23.710305 21.546784
643000 24.328348 21.551110
644000 23.589737 21.554276
645000 23.944249 21.557981
646000 23.590942 21.561128
647000 22.850482 21.563121
648000 23.519226 21.566139
649000 23.253498 21.568739
650000 23.576312 21.571828
651000 25.072858 21.577206
652000 23.461595 21.580096
653000 23.292875 21.582719
654000 24.485098 21.587157
655000 23.483599 21.590052
656000 23.755390 21.593353
657000 23.985206 21.596994
658000 23.920346 21.600525
659000 23.976089 21.604129
660000 23.291079 21.606685
661000 23.752331 21.609931
662000 22.812359 21.611748
663000 23.659388 21.614836
664000 23.435355 21.617578
665000 21.783815 21.617828
666000 22.788237 21.619585
667000 22.935204 21.621558
668000 23.120912 21.623802
669000 22.680106 21.625381
670000 22.000098 21.625940
671000 22.087135 21.626628
672000 22.812793 21.628393
673000 23.826917 21.631660
674000 22.794103 21.633384
675000 23.521370 21.636181
676000 23.809318 21.639396
677000 23.723083 21.642474
678000 24.044990 21.646017
679000 23.582573 21.648870
680000 23.647657 21.651809
681000 23.287657 21.654211
682000 22.468831 21.655405
683000 23.539155 21.658164
684000 23.141256 21.660332
685000 22.343616 21.661329
686000 22.613082 21.662717
687000 22.866633 21.664469
688000 23.191826 21.666689
689000 23.553095 21.669427
690000 23.261192 21.671734
691000 22.647093 21.673145
692000 22.019279 21.673646
693000 22.886025 21.675395
694000 22.419209 21.676467
695000 21.753141 21.676577
696000 22.823026 21.678224
697000 22.746467 21.679757
698000 22.226508 21.680540
699000 23.677582 21.683397
700000 22.956839 21.685217
701000 22.340139 21.686151
702000 21.863533 21.686403
703000 22.698773 21.687844
704000 23.314436 21.690154
705000 22.425418 21.691197
706000 23.743571 21.694104
707000 21.880989 21.694368
708000 23.136544 21.696405
709000 22.269143 21.697213
710000 22.555588 21.698422
711000 22.677177 21.699799
712000 22.963313 21.701573
713000 23.776855 21.704484
714000 22.432048 21.705503
715000 21.946465 21.705840
716000 22.521546 21.706979
717000 22.911330 21.708659
718000 23.870266 21.711669
719000 23.287122 21.713861
720000 22.699310 21.715229
721000 24.127906 21.718576
722000 24.252207 21.722085
723000 23.411879 21.724422
724000 24.643707 21.728454
725000 22.869572 21.730028
726000 23.754148 21.732816
727000 23.437953 21.735162
728000 23.496413 21.737581
729000 22.639164 21.738818
730000 23.128539 21.740721
731000 23.058153 21.742524
732000 23.306997 21.744661
733000 23.209320 21.746659
734000 23.543517 21.749107
735000 23.803594 21.751902
736000 23.897606 21.754818
737000 23.501706 21.757188
738000 23.249192 21.759210
739000 22.785491 21.760598
740000 22.360984 21.761410
741000 23.181555 21.763326
742000 23.349811 21.765464
743000 24.148255 21.768671
744000 23.271242 21.770691
745000 22.772804 21.772036
746000 22.925858 21.773583
747000 23.426405 21.775795
748000 24.460262 21.779384
749000 24.294372 21.782742
750000 23.299993 21.784765
751000 23.090229 21.786503
752000 22.680510 21.787692
753000 22.922268 21.789199
754000 22.528479 21.790179
755000 22.971914 21.791745
756000 22.883273 21.793188
757000 23.428569 21.795349
758000 22.763701 21.796626
759000 23.690009 21.799121
760000 24.779086 21.803042
761000 23.319742 21.805035
762000 23.452325 21.807197
763000 24.244128 21.810391
764000 23.584077 21.812712
765000 24.309796 21.815976
766000 23.898480 21.818695
767000 22.929278 21.820143
768000 23.931695 21.822892
769000 23.523446 21.825104
770000 24.144861 21.828116
771000 24.575450 21.831680
772000 24.605307 21.835272
773000 24.076573 21.838172
774000 24.611096 21.841755
775000 24.576771 21.845284
776000 24.787947 21.849076
777000 24.132100 21.852014
778000 23.097299 21.853615
779000 22.806039 21.854837
780000 23.416770 21.856840
781000 24.248930 21.859903
782000 23.811073 21.862398
783000 22.688281 21.863452
784000 22.667328 21.864478
785000 23.414658 21.866453
786000 22.477812 21.867230
787000 23.129853 21.868835
788000 23.257883 21.870597
789000 23.178778 21.872255
790000 22.393216 21.872915
791000 24.453996 21.876178
792000 24.014405 21.878878
793000 24.581124 21.882285
794000 23.955551 21.884897
795000 23.657712 21.887126
796000 24.502207 21.890412
797000 23.662027 21.892635
798000 24.457621 21.895849
799000 24.026915 21.898516
800000 23.920207 21.901043
801000 23.837916 21.903461
802000 24.731397 21.906987
803000 24.676933 21.910437
804000 24.438469 21.913581
805000 22.968780 21.914892
806000 23.681779 21.917084
807000 24.593388 21.920400
808000 24.174441 21.923190
809000 24.475833 21.926345
810000 23.358917 21.928114
811000 23.825108 21.930453
812000 23.703491 21.932637
813000 23.393294 21.934433
814000 22.717825 21.935396
815000 23.593064 21.937430
816000 23.805954 21.939720
817000 23.701716 21.941876
818000 23.803516 21.944152
819000 23.237654 21.945731
820000 22.720234 21.946676
821000 22.402562 21.947231
822000 23.153110 21.948698
823000 23.152812 21.950161
824000 22.305550 21.950593
825000 23.383068 21.952329
826000 22.516857 21.953012
827000 22.248618 21.953370
828000 22.161876 21.953622
829000 22.850324 21.954703
830000 22.015342 21.954776
831000 22.324626 21.955221
832000 22.965000 21.956435
833000 23.057692 21.957757
834000 22.601609 21.958529
835000 22.060676 21.958651
836000 21.882849 21.958561
837000 22.989116 21.959792
838000 22.078918 21.959934
839000 21.056546 21.958857
840000 22.735528 21.959782
841000 21.599974 21.959354
842000 23.101514 21.960711
843000 22.640550 21.961517
844000 22.428197 21.962070
845000 22.315025 21.962488
846000 22.324143 21.962915
847000 23.247719 21.964432
848000 22.471151 21.965030
849000 22.380434 21.965519
850000 23.069206 21.966817
851000 22.148295 21.967031
852000 22.747311 21.967947
853000 22.775903 21.968894
854000 21.139019 21.967922
855000 21.061464 21.966862
856000 20.449883 21.965090
857000 21.261433 21.964269
858000 22.797106 21.965239
859000 20.685595 21.963750
860000 20.935179 21.962554
861000 22.358327 21.963013
862000 21.189295 21.962116
863000 21.517306 21.961600
864000 21.447066 21.961005
865000 22.643095 21.961793
866000 22.786621 21.962746
867000 21.609499 21.962338
868000 22.102924 21.962500
869000 23.361531 21.964110
870000 22.234610 21.964421
871000 21.947252 21.964401
872000 22.578732 21.965106
873000 22.948781 21.966233
874000 20.607883 21.964678
875000 22.268659 21.965026
876000 21.192820 21.964144
877000 22.379528 21.964618
878000 22.050329 21.964716
879000 21.000088 21.963618
880000 20.903390 21.962413
881000 22.394808 21.962904
882000 22.113762 21.963075
883000 21.988897 21.963104
884000 21.776099 21.962893
885000 21.834922 21.962748
886000 21.423638 21.962140
887000 21.293623 21.961386
888000 21.451296 21.960812
889000 21.228497 21.959988
890000 22.474329 21.960566
891000 21.655627 21.960224
892000 22.898353 21.961275
893000 22.145506 21.961482
894000 21.188991 21.960618
895000 22.312479 21.961011
896000 21.512179 21.960510
897000 21.490319 21.959986
898000 21.206477 21.959147
899000 21.178544 21.958278
900000 22.105303 21.958442
901000 22.952176 21.959544
902000 21.357640 21.958877
903000 21.576302 21.958454
904000 22.290661 21.958821
905000 22.453368 21.959367
906000 21.824346 21.959218
907000 22.048090 21.959316
908000 21.830955 21.959175
909000 21.962045 21.959178
910000 22.288322 21.959540
911000 20.859787 21.958333
912000 21.415180 21.957737
913000 21.471018 21.957204
914000 20.682199 21.955809
915000 20.779784 21.954524
916000 21.924479 21.954491
917000 21.924873 21.954459
918000 21.197148 21.953634
919000 21.486664 21.953126
920000 21.564115 21.952703
921000 21.106089 21.951784
922000 21.370630 21.951153
923000 21.276345 21.950422
924000 22.575765 21.951099
925000 21.825034 21.950963
926000 23.056764 21.952157
927000 22.578880 21.952833
928000 22.551715 21.953478
929000 22.897388 21.954494
930000 21.582378 21.954094
931000 22.266370 21.954430
932000 23.121600 21.955682
933000 21.627778 21.955330
934000 23.615326 21.957108
935000 23.007269 21.958231
936000 23.732878 21.960127
937000 23.130328 21.961376
938000 22.730526 21.962196
939000 22.183801 21.962432
940000 21.990161 21.962461
941000 23.157447 21.963731
942000 21.591736 21.963336
943000 22.382423 21.963781
944000 21.895071 21.963708
945000 22.965235 21.964768
946000 22.366997 21.965193
947000 23.260034 21.966560
948000 23.065585 21.967720
949000 22.659329 21.968448
950000 23.113373 21.969653
951000 24.019491 21.971809
952000 23.107744 21.973002
953000 23.704505 21.974819
954000 23.755034 21.976685
955000 22.773691 21.977520
956000 22.747169 21.978325
957000 23.649176 21.980071
958000 22.846311 21.980975
959000 23.476273 21.982534
960000 22.085007 21.982641
961000 22.676605 21.983363
962000 23.471490 21.984910
963000 22.639738 21.985590
964000 23.480592 21.987141
965000 22.419356 21.987589
966000 22.406420 21.988022
967000 21.722729 21.987748
968000 21.900113 21.987657
969000 22.615078 21.988305
970000 24.311243 21.990700
971000 23.323915 21.992073
972000 22.853839 21.992959
973000 23.566598 21.994576
974000 22.861531 21.995467
975000 23.190679 21.996692
976000 23.457715 21.998189
977000 22.816032 21.999026
978000 23.027132 22.000078
979000 23.643520 22.001756
980000 21.620037 22.001367
981000 23.089767 22.002476
982000 22.876002 22.003366
983000 22.952860 22.004332
984000 23.524052 22.005876
985000 23.693034 22.007589
986000 23.085687 22.008683
987000 24.088611 22.010790
988000 24.367476 22.013175
989000 23.094873 22.014269
990000 23.990162 22.016265
991000 24.002526 22.018269
992000 23.765880 22.020031
993000 23.052603 22.021071
994000 23.499535 22.022558
995000 22.706968 22.023246
996000 22.860292 22.024086
997000 22.224738 22.024287
998000 23.915177 22.026182
999000 23.880006 22.028038
1000000 24.070027 22.030080
1001000 23.714890 22.031763
1002000 22.872993 22.032603
1003000 23.434917 22.034001
1004000 23.702790 22.035663
1005000 22.600173 22.036224
1006000 23.728300 22.037906
1007000 23.023691 22.038885
1008000 22.973640 22.039813
1009000 23.065881 22.040830
1010000 22.901499 22.041682
1011000 22.313496 22.041951
1012000 22.953500 22.042851
1013000 23.286594 22.044079
1014000 22.380935 22.044411
1015000 22.771995 22.045128
1016000 24.225216 22.047274
1017000 23.185717 22.048393
1018000 23.141944 22.049468
1019000 23.229549 22.050626
1020000 22.171078 22.050744
1021000 22.473362 22.051158
1022000 21.908070 22.051018
1023000 22.790438 22.051740
1024000 22.697885 22.052371
1025000 22.930231 22.053228
1026000 22.191312 22.053363
1027000 22.678985 22.053972
1028000 21.778105 22.053703
1029000 22.249525 22.053894
1030000 21.632467 22.053484
1031000 21.591561 22.053036
1032000 21.937483 22.052924
1033000 21.241246 22.052139
1034000 21.988387 22.052077
1035000 22.382381 22.052396
1036000 21.706738 22.052063
1037000 22.389383 22.052388
1038000 23.420973 22.053706
1039000 22.665923 22.054296
1040000 23.962045 22.056130
1041000 23.313931 22.057338
1042000 23.863360 22.059071
1043000 23.121386 22.060090
1044000 23.252144 22.061232
1045000 22.867989 22.062004
1046000 21.947270 22.061894
1047000 22.103879 22.061934
1048000 22.320515 22.062181
1049000 23.582074 22.063630
1050000 22.629424 22.064169
1051000 21.175847 22.063323
1052000 21.824754 22.063097
1053000 22.903911 22.063895
1054000 23.897829 22.065635
1055000 23.265592 22.066773
1056000 23.518757 22.068148
1057000 22.998331 22.069028
1058000 22.597396 22.069527
1059000 21.993116 22.069455
1060000 21.604093 22.069016
1061000 21.918683 22.068874
1062000 21.678868 22.068507
1063000 22.553548 22.068963
1064000 21.480279 22.068410
1065000 21.900197 22.068252
1066000 21.943374 22.068135
1067000 21.623138 22.067718
1068000 21.882239 22.067544
1069000 22.179138 22.067648
1070000 22.547938 22.068097
1071000 21.954278 22.067991
1072000 20.631468 22.066651
1073000 21.578597 22.066196
1074000 22.508421 22.066608
1075000 22.256337 22.066784
1076000 21.479117 22.066238
1077000 22.364113 22.066515
1078000 22.250178 22.066685
1079000 22.368627 22.066965
1080000 21.540319 22.066477
1081000 20.737962 22.065248
1082000 23.265058 22.066357
1083000 21.761643 22.066076
1084000 22.292447 22.066285
1085000 22.355551 22.066551
1086000 21.491898 22.066022
1087000 21.259014 22.065280
1088000 22.444611 22.065628
1089000 22.283880 22.065829
1090000 22.163345 22.065918
1091000 22.559569 22.066371
1092000 21.721303 22.066055
1093000 21.291368 22.065346
1094000 21.266529 22.064616
1095000 20.318324 22.063021
1096000 21.499776 22.062507
1097000 20.389257 22.060982
1098000 20.896076 22.059921
1099000 21.020617 22.058975
1100000 21.311759 22.058296
1101000 21.244871 22.057557
1102000 22.381753 22.057851
1103000 21.085419 22.056970
1104000 21.927677 22.056853
1105000 21.697093 22.056527
1106000 21.692227 22.056198
1107000 21.165649 22.055393
1108000 20.913988 22.054363
1109000 21.396256 22.053770
1110000 21.996273 22.053718
1111000 21.264684 22.053008
1112000 21.900606 22.052871
1113000 22.349163 22.053137
1114000 21.567443 22.052701
1115000 22.844954 22.053411
1116000 23.117553 22.054365
1117000 21.974150 22.054293
1118000 21.401693 22.053709
1119000 21.666208 22.053363
1120000 21.007249 22.052429
1121000 21.248842 22.051712
1122000 20.726785 22.050531
1123000 21.561025 22.050095
1124000 21.957079 22.050013
1125000 20.572954 22.048700
1126000 21.568724 22.048273
1127000 22.314856 22.048510
1128000 21.752007 22.048247
1129000 21.881760 22.048100
1130000 20.971657 22.047147
1131000 21.927075 22.047041
1132000 21.429054 22.046495
1133000 22.202056 22.046632
1134000 22.315511 22.046869
1135000 22.999318 22.047709
1136000 23.653739 22.049122
1137000 22.582204 22.049591
1138000 22.054454 22.049595
1139000 22.552044 22.050037
1140000 23.028344 22.050895
1141000 23.566920 22.052223
1142000 23.187352 22.053217
1143000 22.558313 22.053659
1144000 22.907255 22.054405
1145000 22.521187 22.054813
1146000 22.618749 22.055305
1147000 23.070734 22.056190
1148000 22.944479 22.056964
1149000 23.314317 22.058059
1150000 23.567052 22.059371
1151000 23.273785 22.060426
1152000 21.946957 22.060327
1153000 22.530515 22.060735
1154000 24.052586 22.062461
1155000 23.645190 22.063831
1156000 23.254166 22.064861
1157000 23.242753 22.065879
1158000 22.698293 22.066425
1159000 23.301427 22.067491
1160000 23.281243 22.068537
1161000 22.675862 22.069060
1162000 22.391599 22.069338
1163000 22.545765 22.069748
1164000 21.164452 22.068970
1165000 22.168481 22.069055
1166000 21.772382 22.068801
1167000 22.207363 22.068920
1168000 22.064452 22.068916
1169000 22.339862 22.069148
1170000 22.250930 22.069303
1171000 23.352957 22.070399
1172000 22.881195 22.071091
1173000 23.443202 22.072261
1174000 22.018817 22.072215
1175000 22.534311 22.072608
1176000 21.971771 22.072523
1177000 21.920167 22.072393
1178000 23.205968 22.073356
1179000 23.720977 22.074753
1180000 23.368800 22.075850
1181000 21.528619 22.075386
1182000 20.817851 22.074322
1183000 21.729649 22.074031
1184000 22.821662 22.074662
1185000 22.752748 22.075235
1186000 22.171378 22.075316
1187000 22.057860 22.075301
1188000 22.320348 22.075507
1189000 22.382204 22.075765
1190000 22.938166 22.076490
1191000 22.535406 22.076875
1192000 23.513762 22.078081
1193000 23.598700 22.079355
1194000 22.793227 22.079953
1195000 22.868076 22.080613
1196000 22.752513 22.081175
1197000 23.548434 22.082400
1198000 23.455451 22.083546
1199000 22.856265 22.084191
1200000 22.807986 22.084794
1201000 22.167537 22.084863
1202000 22.804636 22.085462
1203000 22.176368 22.085537
1204000 23.637751 22.086827
1205000 22.816412 22.087432
1206000 22.867549 22.088079
1207000 23.597242 22.089329
1208000 22.809210 22.089925
1209000 22.003449 22.089854
1210000 23.954928 22.091395
1211000 23.456492 22.092522
1212000 23.969372 22.094071
1213000 23.825275 22.095498
1214000 23.782508 22.096888
1215000 23.908553 22.098379
1216000 22.595241 22.098787
1217000 21.984978 22.098694
1218000 22.980232 22.099418
1219000 23.143874 22.100274
1220000 22.640745 22.100717
1221000 21.927769 22.100576
1222000 22.609970 22.100993
1223000 23.193571 22.101886
1224000 24.117667 22.103533
1225000 23.398686 22.104590
1226000 23.621105 22.105827
1227000 25.133442 22.108295
1228000 24.141968 22.109951
1229000 23.870777 22.111383
1230000 23.407405 22.112437
1231000 23.136093 22.113269
1232000 23.631165 22.114501
1233000 23.827037 22.115890
1234000 23.616908 22.117106
1235000 23.954675 22.118594
1236000 24.056894 22.120162
1237000 23.869945 22.121577
1238000 23.222088 22.122466
1239000 24.564521 22.124437
1240000 23.760799 22.125756
1241000 24.160884 22.127396
1242000 23.126813 22.128201
1243000 23.075696 22.128963
1244000 22.917943 22.129597
1245000 23.931118 22.131044
1246000 23.152051 22.131864
1247000 23.663005 22.133092
1248000 23.959110 22.134555
1249000 24.011850 22.136058
1250000 24.649804 22.138069
1251000 24.222984 22.139735
1252000 23.897137 22.141139
1253000 23.817146 22.142477
1254000 24.607079 22.144442
1255000 24.637077 22.146428
1256000 24.206922 22.148069
1257000 24.068922 22.149597
1258000 24.920738 22.151800
1259000 24.415136 22.153597
1260000 24.373478 22.155359
1261000 24.043390 22.156856
1262000 24.022598 22.158335
1263000 24.473598 22.160168
1264000 23.068768 22.160887
1265000 24.361953 22.162627
1266000 24.905004 22.164793
1267000 23.547237 22.165884
1268000 23.496643 22.166934
1269000 24.487126 22.168762
1270000 23.996339 22.170201
1271000 24.414635 22.171967
1272000 24.327341 22.173661
1273000 24.926220 22.175824
1274000 23.783552 22.177086
1275000 24.002263 22.178517
1276000 23.984468 22.179932
1277000 24.498001 22.181748
1278000 24.432717 22.183509
1279000 24.740990 22.185509
1280000 24.610549 22.187403
1281000 23.944104 22.188774
1282000 25.036637 22.190996
1283000 24.400426 22.192718
1284000 24.616872 22.194606
1285000 24.581659 22.196464
1286000 24.701247 22.198411
1287000 25.278801 22.200805
1288000 24.852851 22.202864
1289000 23.459692 22.203839
1290000 23.404605 22.204770
1291000 23.166682 22.205515
1292000 22.672776 22.205876
1293000 24.115545 22.207353
1294000 23.811203 22.208593
1295000 23.548516 22.209628
1296000 23.356319 22.210512
1297000 23.887802 22.211806
1298000 23.014703 22.212424
1299000 23.194702 22.213180
1300000 23.646804 22.214283
1301000 22.539090 22.214533
1302000 22.382895 22.214662
1303000 22.317626 22.214741
1304000 23.321629 22.215590
1305000 23.894020 22.216876
1306000 24.280394 22.218456
1307000 23.141109 22.219162
1308000 22.936585 22.219710
1309000 23.514117 22.220699
1310000 23.337489 22.221552
1311000 22.566454 22.221815
1312000 23.260898 22.222607
1313000 23.042812 22.223232
1314000 23.124611 22.223918
1315000 23.264688 22.224709
1316000 24.375337 22.226343
1317000 23.627889 22.227407
1318000 23.564337 22.228422
1319000 22.696167 22.228776
1320000 22.652021 22.229097
1321000 23.728181 22.230232
1322000 23.801145 22.231420
1323000 22.352888 22.231512
1324000 22.294676 22.231560
1325000 23.103417 22.232218
1326000 22.821906 22.232662
1327000 23.354563 22.233508
1328000 22.701817 22.233860
1329000 22.638260 22.234165
1330000 22.960698 22.234711
1331000 22.217061 22.234698
1332000 21.835397 22.234398
1333000 22.661323 22.234718
1334000 21.955917 22.234509
1335000 22.971996 22.235062
1336000 22.554839 22.235301
1337000 23.385134 22.236161
1338000 22.688190 22.236499
1339000 22.189447 22.236464
1340000 22.344408 22.236544
1341000 23.077676 22.237172
1342000 22.771055 22.237569
1343000 22.368188 22.237667
1344000 21.491259 22.237111
1345000 23.369369 22.237953
1346000 24.218781 22.239425
1347000 24.403529 22.241031
1348000 22.617919 22.241311
1349000 22.979430 22.241858
1350000 22.981174 22.242406
1351000 22.860721 22.242863
1352000 23.468363 22.243770
1353000 24.424241 22.245381
1354000 24.293916 22.246894
1355000 23.753197 22.248006
1356000 24.100107 22.249372
1357000 23.392163 22.250214
1358000 24.585159 22.251933
1359000 23.594590 22.252921
1360000 23.864693 22.254107
1361000 23.956204 22.255357
1362000 24.280953 22.256844
1363000 23.407504 22.257689
1364000 23.015697 22.258244
1365000 23.641931 22.259258
1366000 22.779438 22.259639
1367000 23.646044 22.260653
1368000 24.070810 22.261976
1369000 23.861852 22.263145
1370000 24.033295 22.264437
1371000 23.849876 22.265593
1372000 22.844533 22.266015
1373000 22.541739 22.266216
1374000 23.733542 22.267284
1375000 23.672165 22.268306
1376000 23.993665 22.269560
1377000 23.676458 22.270581
1378000 23.224991 22.271274
1379000 25.443705 22.273575
1380000 23.949653 22.274789
1381000 24.555238 22.276440
1382000 24.044813 22.277720
1383000 23.570698 22.278655
1384000 23.588129 22.279601
1385000 24.073855 22.280897
1386000 24.670883 22.282621
1387000 24.379623 22.284133
1388000 24.068351 22.285418
1389000 23.774884 22.286491
1390000 24.131849 22.287818
1391000 24.113710 22.289131
1392000 24.180070 22.290489
1393000 24.010822 22.291724
1394000 23.565240 22.292638
1395000 24.323817 22.294094
1396000 23.961991 22.295289
1397000 24.872259 22.297133
1398000 24.100194 22.298423
1399000 24.462191 22.299970
1400000 24.792547 22.301750
1401000 24.424728 22.303265
1402000 24.706504 22.304980
1403000 23.507181 22.305836
1404000 24.221632 22.307201
1405000 24.223192 22.308565
1406000 24.767500 22.310314
1407000 24.875363 22.312137
1408000 24.697908 22.313831
1409000 24.747704 22.315558
1410000 24.749026 22.317284
1411000 24.866978 22.319091
1412000 24.888536 22.320911
1413000 25.454730 22.323129
1414000 25.043845 22.325053
1415000 24.712561 22.326740
1416000 24.718836 22.328430
1417000 24.937971 22.330271
1418000 24.383374 22.331719
1419000 24.621588 22.333333
1420000 24.459348 22.334830
1421000 25.049025 22.336740
1422000 25.349950 22.338859
1423000 25.135905 22.340825
1424000 24.784937 22.342541
1425000 25.477107 22.344741
1426000 24.929232 22.346553
1427000 25.459682 22.348735
1428000 25.498110 22.350940
1429000 24.747974 22.352618
1430000 24.821143 22.354344
1431000 25.019886 22.356207
1432000 25.317528 22.358275
1433000 24.924019 22.360065
1434000 24.438705 22.361515
1435000 24.382557 22.362923
1436000 24.156273 22.364172
1437000 24.450519 22.365624
1438000 25.360114 22.367706
1439000 24.740130 22.369355
1440000 24.840479 22.371071
1441000 25.132103 22.372987
1442000 24.759931 22.374642
1443000 24.860323 22.376365
1444000 25.241843 22.378349
1445000 24.678685 22.379941
1446000 24.229578 22.381220
1447000 24.583156 22.382742
1448000 24.499954 22.384204
1449000 24.690605 22.385796
1450000 25.447965 22.387908
1451000 25.608702 22.390127
1452000 25.011046 22.391932
1453000 24.724506 22.393538
1454000 24.431115 22.394939
1455000 24.344253 22.396279
1456000 24.326146 22.397604
1457000 25.427607 22.399684
1458000 24.915966 22.401410
1459000 25.283221 22.403385
1460000 25.393259 22.405433
1461000 24.522690 22.406882
1462000 24.366127 22.408222
1463000 24.516329 22.409663
1464000 24.305062 22.410958
1465000 24.865472 22.412633
1466000 24.707516 22.414199
1467000 24.203707 22.415418
1468000 24.581322 22.416894
1469000 24.789015 22.418509
1470000 25.183089 22.420389
1471000 25.078119 22.422196
1472000 25.529038 22.424307
1473000 24.628844 22.425803
1474000 24.867187 22.427460
1475000 25.069345 22.429251
1476000 25.378469 22.431249
1477000 25.282787 22.433179
1478000 24.164313 22.434351
1479000 25.489059 22.436416
1480000 24.721343 22.437960
1481000 25.482591 22.440016
1482000 23.939080 22.441027
1483000 24.350894 22.442315
1484000 25.020972 22.444053
1485000 24.680907 22.445559
1486000 24.835107 22.447167
1487000 25.359595 22.449126
1488000 24.541225 22.450532
1489000 24.802289 22.452111
1490000 24.835982 22.453711
1491000 24.689714 22.455211
1492000 24.499244 22.456581
1493000 23.659224 22.457386
1494000 24.109068 22.458492
1495000 24.591382 22.459918
1496000 25.219797 22.461763
1497000 24.244424 22.462954
1498000 24.805088 22.464518
1499000 25.256437 22.466380
1500000 24.698226 22.467868
1501000 23.748695 22.468721
1502000 23.673758 22.469524
1503000 24.114429 22.470618
1504000 24.547098 22.471999
1505000 25.325473 22.473895
1506000 24.767039 22.475417
1507000 24.656982 22.476865
1508000 24.553771 22.478242
1509000 25.164352 22.480022
1510000 24.363963 22.481270
1511000 24.538453 22.482631
1512000 24.073370 22.483683
1513000 24.440749 22.484977
1514000 24.633653 22.486396
1515000 24.620915 22.487805
1516000 23.474220 22.488456
1517000 24.493506 22.489777
1518000 24.677867 22.491219
1519000 24.457752 22.492513
1520000 24.137260 22.493596
1521000 24.445783 22.494879
1522000 23.917182 22.495814
1523000 24.568654 22.497175
1524000 23.546386 22.497863
1525000 24.438152 22.499135
1526000 24.241507 22.500277
1527000 24.237183 22.501415
1528000 23.981920 22.502384
1529000 24.284860 22.503549
1530000 24.211680 22.504666
1531000 24.588503 22.506027
1532000 23.739236 22.506832
1533000 24.494473 22.508128
1534000 24.522606 22.509442
1535000 23.578573 22.510138
1536000 24.180105 22.511225
1537000 24.786427 22.512706
1538000 23.667830 22.513457
1539000 24.799320 22.514942
1540000 25.127494 22.516638
1541000 25.092964 22.518310
1542000 24.487303 22.519587
1543000 25.191564 22.521319
1544000 25.099961 22.522989
1545000 25.263841 22.524763
1546000 25.478811 22.526674
1547000 24.525055 22.527966
1548000 24.526697 22.529257
1549000 25.002447 22.530853
1550000 24.297886 22.531993
1551000 25.377489 22.533828
1552000 25.134296 22.535504
1553000 24.645059 22.536862
1554000 25.056429 22.538483
1555000 24.687819 22.539865
1556000 24.414032 22.541070
1557000 24.714611 22.542466
1558000 24.983785 22.544033
1559000 25.165308 22.545714
1560000 24.793155 22.547155
1561000 24.375878 22.548326
1562000 24.789910 22.549761
1563000 24.491695 22.551004
1564000 24.423559 22.552201
1565000 24.896171 22.553699
1566000 25.062045 22.555301
1567000 24.768025 22.556713
1568000 24.695135 22.558077
1569000 24.688657 22.559434
1570000 24.905356 22.560929
1571000 24.650908 22.562259
1572000 24.768196 22.563662
1573000 24.603177 22.564959
1574000 24.129722 22.565953
1575000 24.600376 22.567245
1576000 24.547231 22.568501
1577000 24.303658 22.569601
1578000 24.325598 22.570714
1579000 23.505534 22.571306
1580000 24.149335 22.572305
1581000 24.156599 22.573307
1582000 24.124170 22.574287
1583000 24.757893 22.575667
1584000 24.591979 22.576940
1585000 24.139301 22.577925
1586000 24.345301 22.579040
1587000 24.193129 22.580057
1588000 24.358445 22.581177
1589000 25.004406 22.582702
1590000 24.220278 22.583732
1591000 24.410411 22.584880
1592000 24.140234 22.585857
1593000 24.610287 22.587128
1594000 24.316929 22.588213
1595000 24.412383 22.589356
1596000 24.505304 22.590557
1597000 24.316567 22.591638
1598000 24.503985 22.592834
1599000 24.446357 22.593994
1600000 24.992366 22.595493
1601000 24.518043 22.596693
1602000 24.271736 22.597739
1603000 24.192630 22.598734
1604000 23.649016 22.599389
1605000 24.147150 22.600353
1606000 24.418756 22.601485
1607000 23.981621 22.602344
1608000 24.244393 22.603365
1609000 24.881286 22.604781
1610000 24.351112 22.605866
1611000 24.393980 22.606976
1612000 24.258499 22.608000
1613000 24.765405 22.609338
1614000 24.449431 22.610478
1615000 24.370866 22.611568
1616000 24.850910 22.612954
1617000 24.368595 22.614039
1618000 24.386201 22.615135
1619000 24.847804 22.616514
1620000 24.472549 22.617659
1621000 23.866055 22.618429
1622000 23.707728 22.619101
1623000 24.192573 22.620071
1624000 24.483745 22.621218
1625000 24.078196 22.622115
1626000 23.839093 22.622863
1627000 24.576792 22.624064
1628000 24.017333 22.624920
1629000 24.462536 22.626048
1630000 24.143421 22.626979
1631000 24.221074 22.627956
1632000 23.881482 22.628724
1633000 24.176247 22.629672
1634000 24.620299 22.630890
1635000 24.337170 22.631934
1636000 23.892736 22.632705
1637000 24.658788 22.633942
1638000 24.309603 22.634965
1639000 24.095946 22.635857
1640000 25.471470 22.637586
1641000 25.113717 22.639095
1642000 24.317622 22.640117
1643000 24.913265 22.641500
1644000 24.772291 22.642796
1645000 24.495144 22.643922
1646000 23.931677 22.644705
1647000 24.147847 22.645617
1648000 23.454295 22.646108
1649000 24.277208 22.647097
1650000 23.767734 22.647776
1651000 24.297602 22.648776
1652000 24.339411 22.649799
1653000 23.897419 22.650554
1654000 23.880721 22.651298
1655000 24.675502 22.652521
1656000 24.528146 22.653653
1657000 24.981432 22.655058
1658000 23.959030 22.655845
1659000 24.105681 22.656719
1660000 24.075577 22.657573
1661000 24.413161 22.658630
1662000 24.423028 22.659692
1663000 24.694558 22.660915
1664000 24.512540 22.662028
1665000 24.439227 22.663096
1666000 24.313872 22.664087
1667000 24.074945 22.664933
1668000 24.135156 22.665814
1669000 24.852559 22.667124
1670000 25.209646 22.668647
1671000 24.509860 22.669749
1672000 24.335628 22.670745
1673000 24.654902 22.671931
1674000 24.524011 22.673038
1675000 24.794768 22.674304
1676000 24.367151 22.675314
1677000 24.529050 22.676420
1678000 23.885555 22.677140
1679000 24.223929 22.678062
1680000 24.365300 22.679066
1681000 24.215088 22.679980
1682000 24.946712 22.681327
1683000 24.364337 22.682327
1684000 24.478066 22.683394
1685000 24.422827 22.684426
1686000 24.354966 22.685417
1687000 23.932037 22.686156
1688000 23.489119 22.686631
1689000 23.770355 22.687273
1690000 23.889276 22.687984
1691000 23.869149 22.688683
1692000 24.318281 22.689646
1693000 23.797253 22.690300
1694000 24.279476 22.691238
1695000 24.367814 22.692227
1696000 24.736000 22.693432
1697000 24.760693 22.694651
1698000 24.790577 22.695885
1699000 24.671314 22.697048
1700000 24.907639 22.698348
1701000 24.346356 22.699317
1702000 24.329224 22.700274
1703000 24.422124 22.701286
1704000 24.161235 22.702142
1705000 24.562598 22.703233
1706000 24.641840 22.704370
1707000 25.117847 22.705784
1708000 25.158234 22.707220
1709000 25.259450 22.708713
1710000 24.680839 22.709866
1711000 24.963627 22.711183
1712000 24.829287 22.712421
1713000 24.920183 22.713710
1714000 25.087585 22.715095
1715000 25.169330 22.716526
1716000 25.137752 22.717937
1717000 25.420010 22.719510
1718000 24.971351 22.720821
1719000 24.727006 22.721988
1720000 24.471383 22.723005
1721000 25.502827 22.724620
1722000 25.548305 22.726260
1723000 25.163877 22.727675
1724000 24.355568 22.728619
1725000 24.077883 22.729401
1726000 25.032418 22.730736
1727000 25.067242 22.732089
1728000 24.963167 22.733380
1729000 24.987631 22.734683
1730000 25.300117 22.736166
1731000 24.810415 22.737365
1732000 24.973871 22.738656
1733000 24.830241 22.739863
1734000 24.772072 22.741035
1735000 24.736171 22.742185
1736000 25.038881 22.743508
1737000 24.976722 22.744793
1738000 24.653632 22.745892
1739000 25.354338 22.747392
1740000 25.074965 22.748729
1741000 25.547595 22.750337
1742000 25.258553 22.751777
1743000 24.415680 22.752731
1744000 24.425154 22.753690
1745000 24.435942 22.754654
1746000 25.136734 22.756019
1747000 25.481614 22.757579
1748000 25.676333 22.759249
1749000 24.639712 22.760324
1750000 24.689023 22.761426
1751000 24.409166 22.762367
1752000 23.968967 22.763056
1753000 24.894279 22.764271
1754000 25.226051 22.765675
1755000 24.732728 22.766796
1756000 25.740343 22.768489
1757000 24.744295 22.769614
1758000 24.914374 22.770834
1759000 24.878771 22.772032
1760000 24.845898 22.773210
1761000 24.682859 22.774295
1762000 24.663218 22.775367
1763000 24.654706 22.776433
1764000 25.317945 22.777874
1765000 25.227960 22.779262
1766000 25.302004 22.780690
1767000 25.034000 22.781966
1768000 24.923526 22.783177
1769000 24.734835 22.784280
1770000 25.023459 22.785545
1771000 24.563976 22.786549
1772000 24.480119 22.787505
1773000 24.996269 22.788751
1774000 25.200109 22.790110
1775000 25.202191 22.791469
1776000 25.165632 22.792806
1777000 25.297382 22.794215
1778000 24.632589 22.795249
1779000 24.953542 22.796462
1780000 24.649337 22.797503
1781000 24.920268 22.798695
1782000 24.631659 22.799724
1783000 24.668371 22.800772
1784000 24.875392 22.801935
1785000 24.946612 22.803136
1786000 25.455787 22.804622
1787000 24.862811 22.805773
1788000 25.005192 22.807003
1789000 24.975768 22.808216
1790000 24.852060 22.809358
1791000 24.434334 22.810265
1792000 25.285856 22.811646
1793000 24.913730 22.812819
1794000 25.171542 22.814133
1795000 25.316847 22.815528
1796000 25.205995 22.816859
1797000 24.992132 22.818069
1798000 25.618268 22.819627
1799000 24.633577 22.820635
1800000 25.163781 22.821937
1801000 24.639352 22.822946
1802000 24.309413 22.823771
1803000 25.099522 22.825033
1804000 24.464094 22.825941
1805000 25.168482 22.827239
1806000 25.401675 22.828665
1807000 25.397161 22.830086
1808000 24.544705 22.831035
1809000 25.319586 22.832410
1810000 24.395879 22.833274
1811000 24.752548 22.834334
1812000 24.487780 22.835246
1813000 24.757741 22.836307
1814000 24.669193 22.837317
1815000 24.642624 22.838312
1816000 25.653945 22.839862
1817000 25.342482 22.841240
1818000 25.871846 22.842907
1819000 24.919328 22.844048
1820000 24.720005 22.845079
1821000 24.253295 22.845852
1822000 24.373132 22.846690
1823000 24.785941 22.847754
1824000 25.047987 22.848960
1825000 25.026208 22.850153
1826000 25.358188 22.851527
1827000 25.242867 22.852836
1828000 24.988086 22.854004
1829000 25.118185 22.855242
1830000 25.233444 22.856541
1831000 24.765234 22.857584
1832000 24.894164 22.858695
1833000 24.527854 22.859606
1834000 24.520858 22.860512
1835000 24.449404 22.861378
1836000 24.726058 22.862393
1837000 25.004501 22.863559
1838000 24.812455 22.864620
1839000 24.499319 22.865509
1840000 24.070077 22.866163
1841000 25.034103 22.867341
1842000 24.649745 22.868309
1843000 24.553655 22.869223
1844000 24.661906 22.870195
1845000 24.388924 22.871018
1846000 24.920032 22.872128
1847000 25.098644 22.873334
1848000 25.184157 22.874584
1849000 24.789896 22.875620
1850000 24.533245 22.876516
1851000 24.213197 22.877238
1852000 24.571252 22.878153
1853000 25.040500 22.879320
1854000 24.906701 22.880413
1855000 24.591734 22.881336
1856000 24.464138 22.882189
1857000 25.057958 22.883360
1858000 24.676764 22.884326
1859000 24.169886 22.885017
1860000 24.649202 22.885966
1861000 25.236311 22.887229
1862000 24.717489 22.888212
1863000 24.483503 22.889068
1864000 24.368844 22.889862
1865000 24.551292 22.890753
1866000 24.815692 22.891784
1867000 24.172559 22.892470
1868000 24.303483 22.893226
1869000 24.290433 22.893973
1870000 23.971406 22.894549
1871000 24.174301 22.895233
1872000 23.821878 22.895728
1873000 24.207823 22.896429
1874000 24.603842 22.897340
1875000 24.032151 22.897945
1876000 24.949058 22.899039
1877000 23.846838 22.899544
1878000 23.814990 22.900031
1879000 24.534082 22.900901
1880000 24.110005 22.901544
1881000 24.399594 22.902340
1882000 24.575051 22.903229
1883000 24.792630 22.904232
1884000 24.127647 22.904882
1885000 23.969178 22.905446
1886000 24.140792 22.906101
1887000 23.889769 22.906623
1888000 23.883109 22.907140
1889000 24.307491 22.907881
1890000 24.292870 22.908614
1891000 23.513812 22.908934
1892000 23.638375 22.909320
1893000 24.617986 22.910222
1894000 24.152509 22.910878
1895000 24.596652 22.911768
1896000 24.140995 22.912416
1897000 24.239449 22.913116
1898000 24.351291 22.913873
1899000 24.728349 22.914829
1900000 24.499432 22.915663
1901000 24.236507 22.916358
1902000 24.722905 22.917307
1903000 24.683217 22.918235
1904000 24.839956 22.919245
1905000 24.778220 22.920220
1906000 24.817284 22.921216
1907000 24.631124 22.922112
1908000 24.770776 22.923081
1909000 24.825241 22.924078
1910000 24.612650 22.924962
1911000 24.576782 22.925826
1912000 24.194824 22.926490
1913000 24.032737 22.927068
1914000 24.088231 22.927675
1915000 24.355153 22.928420
1916000 24.304905 22.929139
1917000 24.247809 22.929827
1918000 24.000653 22.930385
1919000 24.326564 22.931112
1920000 24.698376 22.932033
1921000 24.089848 22.932636
1922000 24.109331 22.933248
1923000 24.387039 22.934004
1924000 24.153050 22.934637
1925000 23.947858 22.935164
1926000 24.456066 22.935953
1927000 24.138587 22.936578
1928000 24.537313 22.937408
1929000 24.093096 22.938007
1930000 24.733930 22.938937
1931000 24.261986 22.939623
1932000 24.587629 22.940476
1933000 23.994397 22.941021
1934000 24.147711 22.941645
1935000 24.790599 22.942600
1936000 24.531776 22.943421
1937000 24.886318 22.944424
1938000 24.715086 22.945338
1939000 24.990335 22.946393
1940000 23.861116 22.946864
1941000 23.293346 22.947043
1942000 24.451567 22.947817
1943000 23.223228 22.947959
1944000 24.002450 22.948501
1945000 24.215327 22.949153
1946000 24.029697 22.949708
1947000 23.317412 22.949897
1948000 23.835692 22.950352
1949000 24.536134 22.951165
1950000 23.793505 22.951597
1951000 23.757937 22.952011
1952000 23.586084 22.952335
1953000 23.910568 22.952826
1954000 24.540475 22.953639
1955000 23.926498 22.954136
1956000 24.277132 22.954813
1957000 24.159482 22.955428
1958000 24.106859 22.956016
1959000 24.138016 22.956620
1960000 24.261264 22.957285
1961000 23.567741 22.957596
1962000 23.664109 22.957957
1963000 24.125340 22.958551
1964000 23.504469 22.958829
1965000 23.851258 22.959283
1966000 23.611023 22.959615
1967000 23.870792 22.960078
1968000 23.876147 22.960544
1969000 23.308364 22.960720
1970000 23.812717 22.961153
1971000 24.085972 22.961723
1972000 24.342285 22.962423
1973000 23.676778 22.962786
1974000 23.622371 22.963120
1975000 24.402136 22.963848
1976000 24.198624 22.964473
1977000 24.340926 22.965169
1978000 25.018980 22.966208
1979000 24.432023 22.966948
1980000 24.297266 22.967620
1981000 23.711832 22.967996
1982000 24.012961 22.968523
1983000 23.443129 22.968763
1984000 24.105477 22.969335
1985000 23.751993 22.969730
1986000 24.112929 22.970305
1987000 24.215973 22.970932
1988000 23.835113 22.971367
1989000 23.504962 22.971635
1990000 23.250379 22.971775
1991000 23.872936 22.972228
1992000 23.401208 22.972443
1993000 24.337686 22.973128
1994000 23.723494 22.973505
1995000 24.666207 22.974353
1996000 24.743773 22.975240
1997000 24.724686 22.976116
1998000 24.335765 22.976796
1999000 24.519666 22.977568
2000000 24.313458 22.978236
