1000 97.971835 97.971835
2000 97.325151 97.648493
3000 99.083914 98.126967
4000 98.250676 98.157894
5000 98.256672 98.177650
6000 99.447747 98.389333
7000 98.075345 98.344477
8000 98.297998 98.338667
9000 98.397472 98.345201
10000 99.800045 98.490686
11000 98.485643 98.490227
12000 98.085267 98.456481
13000 98.326941 98.446516
14000 97.477003 98.377265
15000 96.118919 98.226709
16000 96.389266 98.111868
17000 97.268941 98.062284
18000 98.362627 98.078970
19000 97.755681 98.061955
20000 98.433265 98.080520
21000 96.791397 98.019134
22000 97.369927 97.989624
23000 98.075346 97.993351
24000 96.044395 97.912145
25000 97.884901 97.911055
26000 97.742241 97.904562
27000 98.095577 97.911637
28000 97.188374 97.885806
29000 96.750361 97.846653
30000 95.610678 97.772120
31000 95.490341 97.698514
32000 96.387080 97.657532
33000 96.395431 97.619287
34000 96.456684 97.585092
35000 96.069035 97.541776
36000 95.603834 97.487945
37000 96.014523 97.448123
38000 96.001342 97.410049
39000 95.544866 97.362224
40000 98.072275 97.379975
41000 96.703662 97.363480
42000 97.552816 97.367988
43000 97.140941 97.362708
44000 97.047492 97.355544
45000 96.798972 97.343176
46000 97.102642 97.337947
47000 97.071489 97.332277
48000 97.504835 97.335872
49000 96.666312 97.322208
50000 95.837811 97.292520
51000 96.880170 97.284434
52000 96.845588 97.275995
53000 97.153901 97.273691
54000 97.582737 97.279415
55000 97.519232 97.283775
56000 97.122222 97.280890
57000 96.818957 97.272786
58000 97.974343 97.284882
59000 96.303787 97.268253
60000 96.569857 97.256613
61000 96.515478 97.244463
62000 97.070955 97.241665
63000 95.639867 97.216239
64000 95.291661 97.186168
65000 96.227030 97.171412
66000 95.141233 97.140652
67000 94.350605 97.099009
68000 95.042761 97.068770
69000 93.901340 97.022865
70000 95.619237 97.002814
71000 95.001268 96.974623
72000 95.515135 96.954352
73000 95.156521 96.929724
74000 95.851204 96.915150
75000 95.113009 96.891121
76000 95.622164 96.874424
77000 96.631136 96.871265
78000 95.743447 96.856806
79000 97.294618 96.862347
80000 96.981598 96.863838
81000 95.491539 96.846896
82000 96.025670 96.836881
83000 96.330369 96.830779
84000 95.905568 96.819764
85000 97.575922 96.828660
86000 98.115695 96.843626
87000 98.066451 96.857681
88000 96.944424 96.858667
89000 97.195981 96.862457
90000 96.753041 96.861241
91000 95.908475 96.850771
92000 96.640547 96.848486
93000 97.443091 96.854880
94000 95.932956 96.845072
95000 97.739515 96.854487
96000 95.678228 96.842235
97000 95.226784 96.825580
98000 95.358724 96.810613
99000 97.634242 96.818932
100000 98.257023 96.833313
101000 98.448900 96.849309
102000 97.735692 96.857999
103000 96.865307 96.858070
104000 96.203258 96.851774
105000 95.565121 96.839520
106000 96.828149 96.839412
107000 95.478380 96.826692
108000 95.325247 96.812790
109000 96.502831 96.809947
110000 95.851637 96.801235
111000 95.535541 96.789832
112000 95.669806 96.779832
113000 97.343740 96.784822
114000 96.846200 96.785361
115000 97.150565 96.788536
116000 95.608220 96.778361
117000 95.308015 96.765794
118000 96.564542 96.764088
119000 95.995831 96.757633
120000 95.723475 96.749015
121000 96.730558 96.748862
122000 95.567734 96.739181
123000 95.945010 96.732724
124000 96.541158 96.731179
125000 95.784654 96.723607
126000 96.359274 96.720715
127000 95.095706 96.707920
128000 97.342203 96.712875
129000 95.519468 96.703624
130000 94.762957 96.688696
131000 95.938384 96.682968
132000 96.131047 96.678787
133000 98.153854 96.689878
134000 97.199924 96.693684
135000 97.759310 96.701578
136000 97.503323 96.707473
137000 97.332531 96.712035
138000 96.824973 96.712854
139000 95.528151 96.704331
140000 97.516447 96.710132
141000 97.398263 96.715012
142000 96.488540 96.713417
143000 97.663052 96.720058
144000 97.151072 96.723051
145000 97.886362 96.731074
146000 97.660054 96.737437
147000 95.856442 96.731444
148000 95.381833 96.722325
149000 94.545505 96.707715
150000 95.068614 96.696788
151000 95.730299 96.690387
152000 95.847806 96.684844
153000 96.061444 96.680769
154000 96.014682 96.676444
155000 96.659851 96.676337
156000 96.858827 96.677507
157000 97.139073 96.680447
158000 96.724579 96.680726
159000 95.768563 96.674989
160000 94.129090 96.659077
161000 95.221678 96.650149
162000 94.637910 96.637728
163000 94.543222 96.624878
164000 93.929814 96.608445
165000 94.672020 96.596709
166000 95.508945 96.590156
167000 94.757915 96.579185
168000 94.271545 96.565449
169000 94.514037 96.553310
170000 95.417039 96.546626
171000 93.773180 96.530407
172000 94.384187 96.517929
173000 94.739974 96.507652
174000 94.715119 96.497350
175000 95.901507 96.493945
176000 95.605122 96.488895
177000 96.330243 96.487999
178000 97.428659 96.493284
179000 95.743562 96.489095
180000 96.452721 96.488893
181000 95.783856 96.484998
182000 97.152881 96.488668
183000 96.194906 96.487062
184000 96.133689 96.485142
185000 97.591367 96.491121
186000 97.332173 96.495643
187000 96.919765 96.497911
188000 96.416838 96.497480
189000 95.946049 96.494562
190000 96.035253 96.492145
191000 97.913358 96.499586
192000 95.040093 96.491984
193000 96.529523 96.492179
194000 97.072864 96.495172
195000 96.267980 96.494007
196000 96.327421 96.493157
197000 97.437043 96.497948
198000 96.444769 96.497680
199000 97.424846 96.502339
200000 96.045866 96.500057
201000 96.513804 96.500125
202000 97.871741 96.506915
203000 98.072509 96.514627
204000 96.830529 96.516176
205000 96.431049 96.515761
206000 98.199644 96.523935
207000 99.062402 96.536198
208000 98.466573 96.545479
209000 96.924302 96.547291
210000 96.250085 96.545876
211000 96.547432 96.545883
212000 96.205727 96.544279
213000 96.251163 96.542903
214000 96.961234 96.544857
215000 96.315479 96.543791
216000 98.625012 96.553426
217000 97.634654 96.558409
218000 96.701156 96.559063
219000 97.456324 96.563160
220000 96.572968 96.563205
221000 96.369259 96.562327
222000 96.800560 96.563401
223000 97.380225 96.567063
224000 96.910820 96.568598
225000 97.873269 96.574397
226000 96.183232 96.572666
227000 97.226403 96.575546
228000 96.184650 96.573831
229000 97.581343 96.578231
230000 96.493390 96.577862
231000 95.386116 96.572703
232000 94.586181 96.564140
233000 94.875391 96.556892
234000 96.490955 96.556611
235000 96.209766 96.555135
236000 94.843154 96.547881
237000 95.810108 96.544768
238000 95.462411 96.540220
239000 94.704393 96.532539
240000 94.475775 96.523969
241000 96.577367 96.524190
242000 95.385288 96.519484
243000 97.250112 96.522491
244000 97.245819 96.525455
245000 97.320711 96.528701
246000 97.792936 96.533840
247000 97.000389 96.535729
248000 96.901738 96.537205
249000 98.885848 96.546637
250000 96.562475 96.546701
251000 96.605586 96.546935
252000 96.961420 96.548580
253000 98.997509 96.558260
254000 98.138393 96.564481
255000 96.779874 96.565325
256000 98.464304 96.572743
257000 98.893314 96.581773
258000 97.720192 96.586185
259000 96.716600 96.586689
260000 96.289175 96.585544
261000 96.718320 96.586053
262000 96.799067 96.586866
263000 96.321071 96.585856
264000 97.057859 96.587643
265000 95.491410 96.583507
266000 97.078517 96.585368
267000 96.269704 96.584185
268000 96.695616 96.584601
269000 94.648286 96.577403
270000 95.836636 96.574659
271000 97.401507 96.577710
272000 97.060772 96.579486
273000 96.959261 96.580878
274000 97.010171 96.582444
275000 96.389449 96.581743
276000 96.104104 96.580012
277000 96.951163 96.581352
278000 96.845111 96.582301
279000 97.449765 96.585410
280000 97.472542 96.588578
281000 96.039901 96.586626
282000 97.116409 96.588504
283000 96.779485 96.589179
284000 96.041367 96.587250
285000 96.410869 96.586631
286000 98.594513 96.593652
287000 97.914463 96.598254
288000 96.722591 96.598686
289000 97.901070 96.603192
290000 96.830252 96.603975
291000 98.044784 96.608926
292000 96.635058 96.609016
293000 97.440728 96.611854
294000 96.400099 96.611134
295000 96.910724 96.612150
296000 96.324928 96.611179
297000 96.264868 96.610013
298000 96.473479 96.609555
299000 96.637615 96.609649
300000 97.118678 96.611346
301000 97.050151 96.612804
302000 97.637468 96.616197
303000 96.858923 96.616998
304000 98.687997 96.623810
305000 98.593375 96.630268
306000 96.077775 96.628462
307000 96.358250 96.627582
308000 96.996133 96.628779
309000 95.739152 96.625900
310000 97.615652 96.629092
311000 95.815101 96.626475
312000 96.184940 96.625060
313000 96.698530 96.625295
314000 95.006850 96.620140
315000 94.953950 96.614851
316000 94.766028 96.609000
317000 95.785643 96.606403
318000 95.472808 96.602838
319000 96.688300 96.603106
320000 97.051510 96.604507
321000 95.849997 96.602157
322000 96.100020 96.600597
323000 96.893412 96.601504
324000 97.045693 96.602875
325000 95.898581 96.600708
326000 95.808906 96.598279
327000 95.006413 96.593411
328000 94.908558 96.588274
329000 97.117208 96.589882
330000 95.277725 96.585905
331000 95.066571 96.581315
332000 94.234551 96.574247
333000 96.156840 96.572993
334000 95.670094 96.570290
335000 95.546995 96.567235
336000 96.995753 96.568511
337000 96.408390 96.568036
338000 95.139516 96.563809
339000 95.663294 96.561153
340000 98.119955 96.565738
341000 96.906722 96.566737
342000 98.326221 96.571882
343000 96.785002 96.572504
344000 95.022230 96.567997
345000 94.769262 96.562783
346000 95.047383 96.558403
347000 96.066166 96.556985
348000 95.517571 96.553998
349000 95.880769 96.552069
350000 95.763893 96.549817
351000 96.431410 96.549480
352000 97.251479 96.551474
353000 95.935954 96.549730
354000 96.409641 96.549335
355000 96.512021 96.549230
356000 96.010638 96.547717
357000 96.062107 96.546356
358000 95.413758 96.543193
359000 96.566644 96.543258
360000 96.948487 96.544384
361000 96.988077 96.545613
362000 98.095321 96.549894
363000 95.735960 96.547651
364000 95.456862 96.544655
365000 94.238570 96.538337
366000 93.631783 96.530395
367000 95.236502 96.526870
368000 96.719275 96.527393
369000 95.120001 96.523579
370000 93.793888 96.516201
371000 94.427654 96.510571
372000 94.996572 96.506502
373000 94.824276 96.501992
374000 95.325977 96.498847
375000 95.610977 96.496480
376000 96.449262 96.496354
377000 95.335338 96.493274
378000 96.695015 96.493808
379000 96.678203 96.494295
380000 96.134788 96.493348
381000 94.763965 96.488809
382000 95.811640 96.487037
383000 97.347283 96.489283
384000 98.080182 96.493426
385000 98.399762 96.498377
386000 98.360570 96.503202
387000 98.698124 96.508873
388000 97.032680 96.510223
389000 98.454170 96.515221
390000 99.143357 96.521959
391000 99.373500 96.529252
392000 97.095375 96.530697
393000 96.469359 96.530540
394000 96.695358 96.530959
395000 97.039626 96.532247
396000 96.741647 96.532775
397000 96.097908 96.531680
398000 95.820011 96.529892
399000 97.662080 96.532729
400000 96.170529 96.531824
401000 95.773235 96.529932
402000 96.085353 96.528826
403000 96.214609 96.528047
404000 95.626558 96.525815
405000 96.225247 96.525073
406000 95.258576 96.521954
407000 95.690610 96.519911
408000 96.871418 96.520772
409000 94.602259 96.516082
410000 96.025386 96.514885
411000 96.289747 96.514337
412000 94.460078 96.509351
413000 95.218648 96.506226
414000 94.212521 96.500685
415000 94.713012 96.496378
416000 96.804866 96.497119
417000 97.055711 96.498459
418000 96.663607 96.498854
419000 95.806990 96.497203
420000 96.883051 96.498121
421000 97.303931 96.500036
422000 96.640728 96.500369
423000 96.714075 96.500874
424000 96.467272 96.500795
425000 96.494196 96.500779
426000 97.519931 96.503172
427000 96.730010 96.503703
428000 97.539685 96.506123
429000 98.362474 96.510451
430000 98.473729 96.515016
431000 98.281519 96.519115
432000 100.855627 96.529153
433000 99.610130 96.536269
434000 96.381367 96.535912
435000 97.588137 96.538331
436000 97.173394 96.539787
437000 96.803356 96.540390
438000 95.438978 96.537876
439000 96.572444 96.537954
440000 97.012303 96.539033
441000 96.685526 96.539365
442000 95.936273 96.538000
443000 96.259307 96.537371
444000 95.394021 96.534796
445000 95.510875 96.532495
446000 98.256907 96.536361
447000 96.838890 96.537038
448000 96.274848 96.536453
449000 96.830124 96.537107
450000 96.794067 96.537678
451000 95.400739 96.535157
452000 95.267800 96.532353
453000 93.980109 96.526719
454000 94.937044 96.523218
455000 95.540594 96.521058
456000 94.642237 96.516938
457000 93.980418 96.511388
458000 92.633297 96.502920
459000 92.480403 96.494156
460000 94.064169 96.488874
461000 93.818853 96.483082
462000 92.756442 96.475016
463000 94.464133 96.470673
464000 95.968065 96.469589
465000 96.388179 96.469414
466000 95.064834 96.466400
467000 97.538882 96.468697
468000 96.459781 96.468678
469000 96.725426 96.469225
470000 96.363541 96.469000
471000 97.338863 96.470847
472000 97.272744 96.472546
473000 97.430922 96.474572
474000 98.419369 96.478675
475000 99.218691 96.484444
476000 97.663332 96.486920
477000 96.172570 96.486261
478000 95.083553 96.483327
479000 95.595063 96.481472
480000 94.811054 96.477992
481000 95.731092 96.476439
482000 96.843800 96.477202
483000 95.607222 96.475400
484000 95.413977 96.473207
485000 95.981506 96.472194
486000 97.322382 96.473943
487000 97.277519 96.475593
488000 96.945807 96.476556
489000 95.520406 96.474601
490000 95.394761 96.472397
491000 96.823928 96.473113
492000 95.882240 96.471912
493000 95.445953 96.469831
494000 95.922855 96.468724
495000 95.686682 96.467144
496000 96.839964 96.467896
497000 96.400832 96.467761
498000 97.211192 96.469254
499000 96.193902 96.468702
500000 94.809567 96.465384
501000 95.369991 96.463197
502000 94.568180 96.459422
503000 92.677400 96.451903
504000 92.942745 96.444941
505000 94.766628 96.441617
506000 94.085389 96.436961
507000 93.112996 96.430405
508000 95.611217 96.428792
509000 95.354362 96.426681
510000 96.220518 96.426277
511000 95.435125 96.424337
512000 95.996577 96.423502
513000 96.834910 96.424304
514000 96.151886 96.423774
515000 94.984603 96.420979
516000 96.434196 96.421005
517000 95.547680 96.419316
518000 94.695464 96.415988
519000 92.943995 96.409298
520000 94.013700 96.404691
521000 96.226634 96.404349
522000 96.528346 96.404587
523000 95.201717 96.402287
524000 96.327204 96.402144
525000 95.262502 96.399973
526000 95.913364 96.399048
527000 95.603424 96.397538
528000 94.986734 96.394866
529000 95.668520 96.393493
530000 95.843930 96.392456
531000 97.044534 96.393684
532000 95.124732 96.391299
533000 96.641810 96.391769
534000 96.630288 96.392216
535000 93.804557 96.387379
536000 95.036814 96.384859
537000 93.164617 96.378862
538000 94.148805 96.374717
539000 94.491321 96.371223
540000 95.335476 96.369305
541000 94.599726 96.366034
542000 94.266800 96.362161
543000 93.701374 96.357261
544000 95.286905 96.355293
545000 94.900876 96.352625
546000 95.029209 96.350201
547000 93.637433 96.345241
548000 95.357764 96.343439
549000 95.696490 96.342261
550000 95.692682 96.341080
551000 94.427628 96.337607
552000 94.476444 96.334236
553000 96.010150 96.333650
554000 94.921392 96.331100
555000 95.053858 96.328799
556000 94.255366 96.325070
557000 94.522174 96.321833
558000 95.194554 96.319813
559000 95.650048 96.318615
560000 94.799809 96.315903
561000 94.520789 96.312703
562000 94.832594 96.310069
563000 93.889261 96.305769
564000 96.158770 96.305509
565000 98.205055 96.308871
566000 95.929324 96.308200
567000 97.308052 96.309963
568000 96.776734 96.310785
569000 94.866887 96.308248
570000 95.249883 96.306391
571000 96.097466 96.306025
572000 96.201609 96.305842
573000 96.288245 96.305812
574000 96.369580 96.305923
575000 95.902186 96.305221
576000 95.739343 96.304238
577000 95.436066 96.302734
578000 95.171783 96.300777
579000 94.458459 96.297595
580000 96.117781 96.297285
581000 96.644120 96.297882
582000 96.001479 96.297373
583000 95.626917 96.296223
584000 95.164934 96.294285
585000 96.233776 96.294182
586000 95.484055 96.292800
587000 95.423196 96.291318
588000 93.517851 96.286601
589000 95.977533 96.286077
590000 95.521429 96.284781
591000 95.381949 96.283253
592000 94.273466 96.279858
593000 94.302505 96.276524
594000 95.366854 96.274992
595000 95.389033 96.273503
596000 95.171819 96.271655
597000 96.421287 96.271905
598000 96.361440 96.272055
599000 95.885894 96.271410
600000 97.290847 96.273109
601000 96.367284 96.273266
602000 96.452405 96.273564
603000 96.206329 96.273452
604000 95.748085 96.272582
605000 95.230852 96.270861
606000 97.043913 96.272136
607000 96.594093 96.272667
608000 97.608345 96.274863
609000 97.408766 96.276725
610000 96.433588 96.276982
611000 97.151095 96.278413
612000 96.786411 96.279243
613000 96.553124 96.279690
614000 96.944953 96.280773
615000 96.239621 96.280707
616000 97.822252 96.283209
617000 96.390119 96.283382
618000 96.242010 96.283315
619000 96.999048 96.284472
620000 97.825243 96.286957
621000 97.236035 96.288485
622000 97.859359 96.291011
623000 97.868054 96.293542
624000 97.036070 96.294732
625000 98.569817 96.298372
626000 99.259030 96.303102
627000 98.862574 96.307184
628000 98.959549 96.311407
629000 98.812396 96.315383
630000 100.488523 96.322007
631000 99.732771 96.327413
632000 99.365285 96.332219
633000 100.356259 96.338576
634000 100.957207 96.345861
635000 99.278914 96.350480
636000 100.455580 96.356935
637000 100.240164 96.363031
638000 99.437358 96.367850
639000 99.793305 96.373210
640000 98.790626 96.376988
641000 98.668261 96.380562
642000 98.397139 96.383703
643000 98.334063 96.386736
644000 98.960165 96.390732
645000 98.804012 96.394474
646000 99.109454 96.398677
647000 97.673398 96.400647
648000 98.024998 96.403154
649000 97.118665 96.404256
650000 98.625361 96.407673
651000 97.208674 96.408904
652000 98.089285 96.411481
653000 96.411507 96.411481
654000 94.910411 96.409186
655000 95.752938 96.408184
656000 95.767482 96.407207
657000 94.745388 96.404678
658000 94.629576 96.401980
659000 94.069853 96.398441
660000 96.049331 96.397912
661000 95.779130 96.396976
662000 96.382913 96.396955
663000 95.542550 96.395666
664000 95.354953 96.394099
665000 96.806173 96.394718
666000 96.456877 96.394812
667000 95.213563 96.393041
668000 94.894293 96.390797
669000 96.135122 96.390415
670000 94.885420 96.388169
671000 95.164007 96.386344
672000 93.612377 96.382216
673000 94.762858 96.379810
674000 95.145246 96.377979
675000 95.686792 96.376955
676000 95.046973 96.374987
677000 95.374968 96.373510
678000 94.215836 96.370328
679000 93.434127 96.366003
680000 93.165353 96.361296
681000 93.826806 96.357575
682000 94.183757 96.354387
683000 94.503907 96.351678
684000 93.586040 96.347635
685000 92.665676 96.342259
686000 93.521946 96.338148
687000 95.243495 96.336555
688000 93.470440 96.332389
689000 93.863129 96.328805
690000 94.255609 96.325801
691000 95.265278 96.324266
692000 94.158266 96.321136
693000 94.779513 96.318911
694000 96.646668 96.319383
695000 94.626985 96.316948
696000 94.579300 96.314452
697000 94.607101 96.312002
698000 93.213066 96.307562
699000 92.379712 96.301943
700000 93.067172 96.297322
701000 93.611635 96.293491
702000 93.380949 96.289342
703000 91.818959 96.282983
704000 91.748936 96.276542
705000 91.949382 96.270405
706000 93.752690 96.266838
707000 92.834648 96.261984
708000 92.905292 96.257243
709000 92.911312 96.252524
710000 93.580442 96.248760
711000 93.420200 96.244782
712000 92.418033 96.239407
713000 93.278491 96.235254
714000 92.514598 96.230043
715000 94.436743 96.227535
716000 94.683061 96.225378
717000 95.583601 96.224483
718000 94.799733 96.222499
719000 95.982813 96.222165
720000 94.542386 96.219832
721000 95.354687 96.218632
722000 93.500486 96.214868
723000 93.581157 96.211225
724000 93.399139 96.207341
725000 92.512117 96.202244
726000 92.317607 96.196893
727000 91.956567 96.191061
728000 91.886075 96.185147
729000 91.966167 96.179360
730000 91.968671 96.173592
731000 92.272442 96.168255
732000 94.326122 96.165738
733000 93.795459 96.162505
734000 92.561096 96.157598
735000 93.429173 96.153886
736000 92.878422 96.149436
737000 92.535675 96.144532
738000 93.311042 96.140693
739000 91.660795 96.134631
740000 93.496676 96.131066
741000 93.902640 96.128059
742000 95.006284 96.126547
743000 93.826840 96.123452
744000 94.417831 96.121159
745000 93.027900 96.117007
746000 92.333206 96.111935
747000 93.330568 96.108212
748000 92.313103 96.103138
749000 94.160170 96.100544
750000 94.519882 96.098436
751000 94.854726 96.096780
752000 93.534426 96.093373
753000 93.736035 96.090242
754000 93.945461 96.087398
755000 93.260603 96.083654
756000 92.608663 96.079057
757000 93.185661 96.075235
758000 93.143744 96.071368
759000 93.900596 96.068508
760000 92.573752 96.063909
761000 92.325120 96.058996
762000 93.692002 96.055890
763000 94.887950 96.054359
764000 93.789520 96.051395
765000 94.027125 96.048749
766000 94.642825 96.046913
767000 95.095694 96.045673
768000 93.244009 96.042025
769000 93.468171 96.038678
770000 93.908800 96.035912
771000 94.697700 96.034176
772000 94.499069 96.032188
773000 95.198872 96.031110
774000 94.256968 96.028818
775000 94.086076 96.026311
776000 93.335539 96.022843
777000 93.274310 96.019306
778000 94.054432 96.016780
779000 94.950330 96.015411
780000 93.883479 96.012678
781000 93.381401 96.009309
782000 92.217971 96.004461
783000 93.800177 96.001646
784000 94.315461 95.999495
785000 94.127624 95.997110
786000 91.727392 95.991678
787000 92.121542 95.986761
788000 94.114330 95.984384
789000 94.116522 95.982017
790000 95.321409 95.981181
791000 93.418200 95.977941
792000 95.049702 95.976769
793000 95.316616 95.975936
794000 96.424677 95.976501
795000 94.006993 95.974024
796000 93.615310 95.971061
797000 93.943281 95.968516
798000 93.946579 95.965983
799000 93.667460 95.963106
800000 92.507362 95.958786
801000 92.535149 95.954512
802000 93.458876 95.951400
803000 93.216700 95.947995
804000 93.428011 95.944860
805000 92.356355 95.940403
806000 91.445410 95.934826
807000 91.196074 95.928954
808000 91.689824 95.923707
809000 91.452012 95.918180
810000 92.195888 95.913584
811000 92.882000 95.909846
812000 94.884761 95.908584
813000 93.800148 95.905990
814000 93.752566 95.903345
815000 93.883870 95.900867
816000 94.402914 95.899031
817000 94.976753 95.897902
818000 94.914298 95.896700
819000 94.345097 95.894806
820000 94.229044 95.892774
821000 93.471364 95.889825
822000 92.255779 95.885404
823000 92.144420 95.880858
824000 91.861293 95.875980
825000 93.608821 95.873232
826000 93.978347 95.870938
827000 94.640367 95.869450
828000 93.342970 95.866399
829000 93.570406 95.863629
830000 93.700021 95.861022
831000 94.630273 95.859541
832000 93.882635 95.857165
833000 94.292207 95.855286
834000 94.686752 95.853885
835000 92.702815 95.850112
836000 93.664376 95.847497
837000 92.857929 95.843925
838000 95.269798 95.843240
839000 95.310187 95.842605
840000 95.822166 95.842581
841000 94.610240 95.841115
842000 94.514012 95.839539
843000 94.285811 95.837696
844000 94.222944 95.835783
845000 92.254996 95.831545
846000 90.616981 95.825381
847000 93.408327 95.822528
848000 92.777349 95.818937
849000 92.807747 95.815390
850000 93.145609 95.812249
851000 92.344962 95.808175
852000 92.806349 95.804651
853000 94.249553 95.802828
854000 93.338503 95.799943
855000 93.400520 95.797136
856000 93.803578 95.794807
857000 93.387698 95.791999
858000 94.332564 95.790298
859000 94.707754 95.789037
860000 94.469117 95.787503
861000 94.723513 95.786267
862000 94.939126 95.785284
863000 93.625786 95.782782
864000 93.707227 95.780380
865000 93.560461 95.777813
866000 94.745433 95.776621
867000 93.546226 95.774049
868000 94.734620 95.772851
869000 94.352751 95.771217
870000 94.097499 95.769293
871000 93.554928 95.766751
872000 94.025830 95.764754
873000 92.621549 95.761154
874000 91.609825 95.756404
875000 92.081829 95.752204
876000 92.467807 95.748455
877000 93.584626 95.745988
878000 92.187898 95.741935
879000 92.698091 95.738472
880000 91.111417 95.733214
881000 92.864552 95.729958
882000 92.716566 95.726542
883000 94.419211 95.725061
884000 94.800638 95.724015
885000 94.352383 95.722466
886000 92.335002 95.718642
887000 93.881482 95.716571
888000 93.535990 95.714115
889000 94.724536 95.713002
890000 93.959147 95.711032
891000 94.475702 95.709645
892000 93.904621 95.707622
893000 95.159476 95.707008
894000 94.977834 95.706192
895000 94.401173 95.704734
896000 94.939075 95.703880
897000 93.481839 95.701402
898000 93.552426 95.699009
899000 94.018011 95.697139
900000 92.298172 95.693363
901000 93.938505 95.691415
902000 94.365392 95.689945
903000 94.752930 95.688907
904000 93.208574 95.686164
905000 94.016511 95.684319
906000 93.590250 95.682007
907000 93.918987 95.680064
908000 95.264331 95.679606
909000 96.898923 95.680947
910000 96.340428 95.681672
911000 95.582793 95.681563
912000 95.177291 95.681010
913000 96.227171 95.681609
914000 94.324661 95.680124
915000 94.595446 95.678939
916000 96.591789 95.679935
917000 95.285750 95.679505
918000 94.904602 95.678661
919000 95.127431 95.678061
920000 94.757366 95.677061
921000 93.625874 95.674833
922000 92.612815 95.671512
923000 93.878100 95.669569
924000 94.002727 95.667765
925000 95.202867 95.667263
926000 93.837403 95.665287
927000 93.773721 95.663246
928000 94.050441 95.661508
929000 92.945959 95.658585
930000 93.152761 95.655891
931000 93.264190 95.653322
932000 92.193257 95.649609
933000 93.123503 95.646902
934000 93.214726 95.644298
935000 92.373927 95.640800
936000 91.425293 95.636296
937000 92.111128 95.632534
938000 91.788475 95.628436
939000 92.408815 95.625007
940000 91.686820 95.620818
941000 91.809465 95.616767
942000 93.484863 95.614504
943000 92.313966 95.611004
944000 93.635924 95.608912
945000 93.368011 95.606540
946000 92.890407 95.603669
947000 92.354029 95.600238
948000 91.477524 95.595889
949000 92.317053 95.592434
950000 92.030873 95.588685
951000 93.534140 95.586524
952000 94.261076 95.585132
953000 94.198068 95.583677
954000 93.604462 95.581602
955000 92.499368 95.578375
956000 92.247888 95.574891
957000 93.314166 95.572529
958000 93.573050 95.570441
959000 92.516254 95.567257
960000 92.690092 95.564260
961000 93.691644 95.562311
962000 92.701127 95.559337
963000 93.509272 95.557208
964000 93.962220 95.555553
965000 93.151529 95.553062
966000 94.618861 95.552095
967000 93.228218 95.549692
968000 94.287365 95.548388
969000 95.270485 95.548101
970000 94.529228 95.547051
971000 93.263602 95.544699
972000 94.895661 95.544031
973000 95.072375 95.543547
974000 94.367369 95.542339
975000 92.514276 95.539233
976000 92.614184 95.536236
977000 92.402805 95.533029
978000 92.968672 95.530407
979000 93.275993 95.528104
980000 94.194939 95.526744
981000 93.833642 95.525018
982000 93.458061 95.522913
983000 94.469041 95.521841
984000 94.510679 95.520813
985000 93.728896 95.518994
986000 93.183296 95.516625
987000 92.897412 95.513972
988000 93.727535 95.512164
989000 93.127925 95.509753
990000 93.114953 95.507334
991000 94.174718 95.505989
992000 93.607544 95.504075
993000 93.899864 95.502460
994000 95.039643 95.501994
995000 94.730541 95.501219
996000 93.761820 95.499472
997000 93.912068 95.497880
998000 94.423842 95.496804
999000 96.005080 95.497313
1000000 94.280186 95.496096
1001000 93.099017 95.493701
1002000 94.124971 95.492335
1003000 92.940464 95.489791
1004000 92.550455 95.486863
1005000 92.033029 95.483427
1006000 92.579690 95.480540
1007000 93.963779 95.479034
1008000 92.285665 95.475866
1009000 92.681476 95.473096
1010000 91.771320 95.469431
1011000 92.193025 95.466191
1012000 92.438875 95.463199
1013000 92.988564 95.460756
1014000 92.669457 95.458003
1015000 93.480252 95.456055
1016000 92.637856 95.453281
1017000 93.750881 95.451607
1018000 93.608129 95.449796
1019000 94.977504 95.449333
1020000 94.990188 95.448883
1021000 94.886457 95.448332
1022000 95.445772 95.448329
1023000 96.371259 95.449232
1024000 94.661707 95.448462
1025000 94.859682 95.447888
1026000 94.464279 95.446929
1027000 94.745061 95.446246
1028000 94.372869 95.445202
1029000 93.295862 95.443113
1030000 94.612388 95.442306
1031000 93.884945 95.440796
1032000 92.164063 95.437621
1033000 93.102304 95.435360
1034000 93.550711 95.433537
1035000 95.270700 95.433380
1036000 93.566726 95.431578
1037000 94.667771 95.430842
1038000 93.630127 95.429107
1039000 93.860422 95.427597
1040000 94.291782 95.426505
1041000 93.673193 95.424821
1042000 93.729244 95.423194
1043000 93.052434 95.420921
1044000 95.170239 95.420680
1045000 95.355275 95.420618
1046000 96.239194 95.421400
1047000 95.301072 95.421285
1048000 93.820190 95.419758
1049000 93.955408 95.418362
1050000 93.688757 95.416715
1051000 95.357080 95.416658
1052000 95.657160 95.416886
1053000 94.768868 95.416271
1054000 94.846538 95.415730
1055000 95.539281 95.415848
1056000 95.116802 95.415564
1057000 97.045469 95.417106
1058000 96.432668 95.418066
1059000 96.677597 95.419256
1060000 96.827141 95.420584
1061000 95.228080 95.420402
1062000 95.865124 95.420821
1063000 96.151046 95.421508
1064000 96.576474 95.422594
1065000 96.569789 95.423671
1066000 95.955174 95.424169
1067000 95.726027 95.424452
1068000 97.298194 95.426207
1069000 97.500895 95.428147
1070000 97.064014 95.429676
1071000 95.410399 95.429658
1072000 95.632602 95.429848
1073000 95.578001 95.429986
1074000 96.369882 95.430861
1075000 96.227151 95.431602
1076000 95.126137 95.431318
1077000 96.723733 95.432518
1078000 95.406832 95.432494
1079000 96.399497 95.433390
1080000 94.882485 95.432880
1081000 93.646541 95.431227
1082000 92.878047 95.428868
1083000 91.913503 95.425622
1084000 92.538777 95.422959
1085000 91.560599 95.419399
1086000 93.557536 95.417685
1087000 93.165051 95.415612
1088000 94.146204 95.414445
1089000 94.287707 95.413411
1090000 94.712272 95.412768
1091000 96.488150 95.413753
1092000 96.495870 95.414744
1093000 95.103941 95.414460
1094000 95.793240 95.414806
1095000 96.901679 95.416164
1096000 96.620379 95.417263
1097000 95.185464 95.417051
1098000 96.121798 95.417693
1099000 96.036407 95.418256
1100000 94.968440 95.417847
1101000 95.595869 95.418009
1102000 95.409425 95.418001
1103000 95.027903 95.417647
1104000 95.582910 95.417797
1105000 96.356847 95.418647
1106000 96.920575 95.420005
1107000 97.371098 95.421767
1108000 96.961509 95.423157
1109000 96.389083 95.424028
1110000 97.174683 95.425605
1111000 96.766824 95.426813
1112000 97.461361 95.428642
1113000 98.619237 95.431509
1114000 97.672692 95.433521
1115000 98.995337 95.436715
1116000 99.534891 95.440387
1117000 98.781087 95.443378
1118000 97.842415 95.445524
1119000 97.125131 95.447025
1120000 97.961784 95.449270
1121000 98.217402 95.451740
1122000 98.328338 95.454303
1123000 98.793318 95.457277
1124000 100.123631 95.461428
1125000 98.745666 95.464348
1126000 96.656045 95.465406
1127000 98.483191 95.468084
1128000 97.129096 95.469556
1129000 97.887466 95.471698
1130000 97.831572 95.473786
1131000 97.256784 95.475363
1132000 97.706354 95.477333
1133000 97.587719 95.479196
1134000 99.139799 95.482424
1135000 98.053125 95.484689
1136000 97.276688 95.486267
1137000 97.821748 95.488321
1138000 97.520383 95.490106
1139000 97.944828 95.492261
1140000 96.961839 95.493551
1141000 97.653297 95.495443
1142000 96.560411 95.496376
1143000 96.625531 95.497364
1144000 96.357673 95.498116
1145000 97.666158 95.500009
1146000 95.619751 95.500114
1147000 96.830980 95.501274
1148000 96.352540 95.502016
1149000 95.549856 95.502057
1150000 98.469297 95.504638
1151000 96.907061 95.505856
1152000 97.815437 95.507861
1153000 98.064115 95.510078
1154000 97.824611 95.512084
1155000 98.664802 95.514813
1156000 97.254717 95.516318
1157000 97.312959 95.517871
1158000 96.816869 95.518993
1159000 96.360586 95.519719
1160000 96.421477 95.520496
1161000 95.785174 95.520724
1162000 96.051126 95.521181
1163000 97.682651 95.523039
1164000 98.305432 95.525430
1165000 97.750259 95.527339
1166000 97.520988 95.529049
1167000 98.847801 95.531893
1168000 98.855609 95.534739
1169000 99.843486 95.538425
1170000 98.713993 95.541139
1171000 98.778993 95.543904
1172000 100.573173 95.548195
1173000 99.626076 95.551671
1174000 99.877801 95.555356
1175000 98.464992 95.557833
1176000 98.524951 95.560356
1177000 100.662591 95.564691
1178000 99.635324 95.568146
1179000 98.582124 95.570703
1180000 97.979304 95.572744
1181000 98.154876 95.574930
1182000 99.677481 95.578401
1183000 100.975768 95.582963
1184000 100.115090 95.586791
1185000 98.733508 95.589447
1186000 100.607063 95.593677
1187000 99.802771 95.597223
1188000 99.964846 95.600900
1189000 100.101507 95.604685
1190000 99.817934 95.608226
1191000 99.489921 95.611485
1192000 98.763319 95.614129
1193000 99.967939 95.617778
1194000 100.068840 95.621506
1195000 100.836930 95.625871
1196000 99.147834 95.628815
1197000 98.380028 95.631114
1198000 97.300165 95.632507
1199000 97.494579 95.634060
1200000 98.226717 95.636221
1201000 98.496845 95.638602
1202000 98.498314 95.640982
1203000 99.631089 95.644298
1204000 100.564811 95.648385
1205000 98.631181 95.650861
1206000 98.948972 95.653595
1207000 99.268853 95.656591
1208000 98.684193 95.659097
1209000 98.467296 95.661420
1210000 99.501438 95.664593
1211000 98.993590 95.667342
1212000 99.789907 95.670744
1213000 98.812188 95.673333
1214000 98.715274 95.675839
1215000 99.286629 95.678811
1216000 98.456887 95.681096
1217000 99.657099 95.684363
1218000 99.500035 95.687495
1219000 99.479376 95.690606
1220000 98.559316 95.692957
1221000 98.752900 95.695463
1222000 97.796314 95.697183
1223000 98.379160 95.699376
1224000 98.897818 95.701989
1225000 99.054162 95.704725
1226000 98.078267 95.706661
1227000 98.874385 95.709243
1228000 97.563522 95.710753
1229000 99.203567 95.713595
1230000 98.656850 95.715988
1231000 98.505874 95.718254
1232000 97.667323 95.719836
1233000 99.038516 95.722528
1234000 99.656431 95.725716
1235000 99.609109 95.728860
1236000 97.645022 95.730410
1237000 97.534277 95.731869
1238000 98.400497 95.734024
1239000 99.134517 95.736769
1240000 98.443728 95.738952
1241000 97.922577 95.740711
1242000 99.351060 95.743618
1243000 99.343778 95.746515
1244000 101.498130 95.751138
1245000 100.840741 95.755226
1246000 99.843638 95.758507
1247000 101.605752 95.763196
1248000 98.922664 95.765728
1249000 98.670201 95.768053
1250000 99.344072 95.770914
1251000 98.997012 95.773493
1252000 99.426310 95.776411
1253000 98.828356 95.778846
1254000 99.047208 95.781453
1255000 97.807643 95.783067
1256000 97.290559 95.784267
1257000 98.228386 95.786212
1258000 97.633400 95.787680
1259000 97.814497 95.789290
1260000 98.565109 95.791493
1261000 97.938278 95.793196
1262000 96.773952 95.793973
1263000 95.253300 95.793545
1264000 97.302953 95.794739
1265000 96.825422 95.795554
1266000 95.066922 95.794978
1267000 96.773786 95.795751
1268000 97.780462 95.797316
1269000 97.192561 95.798415
1270000 97.894775 95.800066
1271000 97.055240 95.801054
1272000 96.593010 95.801676
1273000 96.741497 95.802414
1274000 96.742821 95.803153
1275000 97.346402 95.804363
1276000 96.941064 95.805254
1277000 97.662120 95.806708
1278000 98.165688 95.808554
1279000 97.925384 95.810209
1280000 98.993246 95.812696
1281000 97.692174 95.814163
1282000 98.753646 95.816456
1283000 99.218342 95.819107
1284000 98.462721 95.821166
1285000 98.606148 95.823333
1286000 97.135904 95.824354
1287000 96.908399 95.825196
1288000 96.814111 95.825964
1289000 96.821965 95.826737
1290000 96.816503 95.827504
1291000 97.810016 95.829040
1292000 98.759690 95.831308
1293000 98.252389 95.833180
1294000 99.056373 95.835671
1295000 97.910308 95.837273
1296000 97.513021 95.838566
1297000 97.179470 95.839600
1298000 97.323149 95.840743
1299000 96.099417 95.840942
1300000 96.141054 95.841173
1301000 95.838114 95.841171
1302000 95.673778 95.841042
1303000 94.288105 95.839850
1304000 95.841277 95.839851
1305000 95.386101 95.839504
1306000 95.421463 95.839184
1307000 95.628543 95.839023
1308000 94.747903 95.838188
1309000 96.557283 95.838738
1310000 96.860828 95.839518
1311000 97.276344 95.840614
1312000 97.417681 95.841816
1313000 96.428732 95.842263
1314000 95.743053 95.842187
1315000 97.744853 95.843634
1316000 94.557476 95.842657
1317000 94.694498 95.841785
1318000 94.632629 95.840868
1319000 95.190820 95.840375
1320000 97.891435 95.841929
1321000 98.308828 95.843796
1322000 97.280721 95.844883
1323000 98.736749 95.847069
1324000 96.800473 95.847789
1325000 97.598410 95.849110
1326000 97.874677 95.850638
1327000 99.052488 95.853051
1328000 98.199515 95.854818
1329000 98.701802 95.856960
1330000 98.696612 95.859095
1331000 96.709968 95.859734
1332000 99.338132 95.862346
1333000 97.783142 95.863787
1334000 100.520083 95.867277
1335000 99.196068 95.869771
1336000 100.151547 95.872975
1337000 99.704446 95.875841
1338000 98.376977 95.877710
1339000 99.536368 95.880443
1340000 99.135552 95.882872
1341000 99.046758 95.885231
1342000 100.445198 95.888629
1343000 100.379948 95.891974
1344000 100.079287 95.895089
1345000 102.253855 95.899817
1346000 99.909390 95.902796
1347000 102.031102 95.907345
1348000 100.300719 95.910604
1349000 99.555524 95.913306
1350000 100.703996 95.916855
1351000 99.428100 95.919454
1352000 101.943849 95.923910
1353000 102.764768 95.928966
1354000 100.364670 95.932242
1355000 99.329626 95.934749
1356000 98.336703 95.936521
1357000 98.984949 95.938767
1358000 99.110694 95.941103
1359000 96.699908 95.941661
1360000 96.863686 95.942339
1361000 95.071807 95.941700
1362000 95.685665 95.941512
1363000 97.750611 95.942839
1364000 97.921841 95.944290
1365000 97.204179 95.945213
1366000 98.501973 95.947084
1367000 98.358594 95.948849
1368000 99.068838 95.951129
1369000 98.156445 95.952740
1370000 97.551528 95.953907
1371000 97.927157 95.955346
1372000 98.520752 95.957216
1373000 98.147815 95.958812
1374000 98.572657 95.960714
1375000 99.444569 95.963248
1376000 98.870319 95.965360
1377000 98.879694 95.967477
1378000 97.875429 95.968861
1379000 99.225456 95.971223
1380000 98.221325 95.972854
1381000 98.345950 95.974572
1382000 98.517952 95.976412
1383000 97.644128 95.977618
1384000 99.738415 95.980336
1385000 97.524930 95.981451
1386000 96.744599 95.982001
1387000 99.884690 95.984815
1388000 98.626702 95.986718
1389000 99.965397 95.989583
1390000 98.315949 95.991257
1391000 97.054989 95.992021
1392000 98.315897 95.993691
1393000 100.068733 95.996616
1394000 96.888516 95.997256
1395000 98.354995 95.998946
1396000 99.019389 96.001110
1397000 97.817617 96.002410
1398000 97.847099 96.003730
1399000 97.182497 96.004572
1400000 98.796572 96.006566
1401000 96.483160 96.006907
1402000 96.506238 96.007263
1403000 98.318432 96.008910
1404000 97.283299 96.009818
1405000 97.916889 96.011175
1406000 97.702531 96.012378
1407000 97.883205 96.013708
1408000 97.714420 96.014916
1409000 97.510459 96.015977
1410000 98.171476 96.017506
1411000 98.213742 96.019062
1412000 97.800411 96.020324
1413000 97.987488 96.021716
1414000 99.124370 96.023910
1415000 96.020403 96.023908
1416000 98.537159 96.025683
1417000 97.867327 96.026982
1418000 98.187679 96.028506
1419000 96.623362 96.028925
1420000 97.967283 96.030290
1421000 95.707878 96.030063
1422000 98.840243 96.032040
1423000 96.922737 96.032666
1424000 98.363003 96.034302
1425000 99.126935 96.036472
1426000 99.815874 96.039123
1427000 97.926033 96.040445
1428000 98.667559 96.042285
1429000 98.953581 96.044322
1430000 98.902351 96.046321
1431000 99.817756 96.048956
1432000 100.073974 96.051767
1433000 99.779942 96.054369
1434000 99.652408 96.056878
1435000 100.668166 96.060091
1436000 99.436476 96.062442
1437000 99.808165 96.065049
1438000 99.312726 96.067307
1439000 100.491088 96.070382
1440000 99.736655 96.072928
1441000 100.209326 96.075798
1442000 100.303258 96.078730
1443000 101.239585 96.082306
1444000 102.378626 96.086667
1445000 100.619789 96.089804
1446000 100.282188 96.092703
1447000 100.500610 96.095749
1448000 98.208554 96.097208
1449000 97.981725 96.098509
1450000 100.944320 96.101851
1451000 102.393135 96.106187
1452000 103.214028 96.111082
1453000 103.531374 96.116189
1454000 102.699148 96.120716
1455000 104.035638 96.126156
1456000 103.253518 96.131051
1457000 103.690315 96.136239
1458000 103.451690 96.141257
1459000 102.662010 96.145726
1460000 104.390608 96.151373
1461000 102.475288 96.155702
1462000 101.162745 96.159127
1463000 99.440731 96.161370
1464000 101.625718 96.165102
1465000 100.757216 96.168237
1466000 99.359216 96.170413
1467000 100.807956 96.173575
1468000 99.677124 96.175961
1469000 99.333710 96.178111
1470000 98.885075 96.179952
1471000 98.965037 96.181846
1472000 98.122058 96.183164
1473000 98.794444 96.184937
1474000 97.710751 96.185972
1475000 97.950940 96.187168
1476000 98.101536 96.188465
1477000 96.455661 96.188646
1478000 97.068868 96.189242
1479000 98.505829 96.190808
1480000 98.090143 96.192091
1481000 98.861840 96.193894
1482000 98.284760 96.195305
1483000 98.443547 96.196821
1484000 96.579739 96.197079
1485000 97.336234 96.197846
1486000 99.260464 96.199907
1487000 99.648976 96.202227
1488000 99.035568 96.204131
1489000 97.230811 96.204820
1490000 98.960935 96.206670
1491000 98.086387 96.207931
1492000 97.853218 96.209033
1493000 98.075213 96.210283
1494000 96.669678 96.210591
1495000 97.626466 96.211538
1496000 97.554071 96.212435
1497000 97.365101 96.213205
1498000 95.584160 96.212785
1499000 97.164657 96.213420
1500000 97.707065 96.214416
1501000 98.009566 96.215612
1502000 97.152031 96.216236
1503000 96.862789 96.216666
1504000 97.543797 96.217548
1505000 96.711885 96.217877
1506000 97.046365 96.218427
1507000 96.476717 96.218598
1508000 97.563989 96.219490
1509000 97.191169 96.220134
1510000 97.046018 96.220681
1511000 97.310588 96.221402
1512000 97.298698 96.222115
1513000 97.545796 96.222990
1514000 98.273998 96.224345
1515000 97.490834 96.225180
1516000 97.375964 96.225940
1517000 97.984701 96.227099
1518000 97.701501 96.228070
1519000 97.363554 96.228818
1520000 98.207801 96.230120
1521000 99.171637 96.232054
1522000 98.979712 96.233859
1523000 99.666516 96.236113
1524000 99.097986 96.237991
1525000 97.684090 96.238939
1526000 96.570056 96.239156
1527000 98.031345 96.240330
1528000 97.705071 96.241288
1529000 96.295572 96.241324
1530000 95.958351 96.241139
1531000 95.387872 96.240581
1532000 96.055963 96.240461
1533000 97.368636 96.241197
1534000 96.731678 96.241517
1535000 95.673590 96.241147
1536000 95.771157 96.240841
1537000 97.490639 96.241654
1538000 97.759664 96.242641
1539000 96.724685 96.242954
1540000 95.769901 96.242647
1541000 95.782711 96.242348
1542000 95.357418 96.241774
1543000 95.853458 96.241523
1544000 94.722671 96.240539
1545000 95.434433 96.240017
1546000 95.725405 96.239684
1547000 95.869628 96.239445
1548000 96.812743 96.239816
1549000 96.278757 96.239841
1550000 97.173559 96.240443
1551000 96.860067 96.240843
1552000 96.072909 96.240734
1553000 96.364392 96.240814
1554000 97.618582 96.241701
1555000 97.047896 96.242219
1556000 96.395440 96.242318
1557000 96.630817 96.242567
1558000 96.274031 96.242587
1559000 96.446431 96.242718
1560000 97.480743 96.243512
1561000 97.800389 96.244509
1562000 96.584054 96.244726
1563000 96.125344 96.244650
1564000 95.651065 96.244270
1565000 95.992914 96.244110
1566000 97.106209 96.244660
1567000 96.176261 96.244617
1568000 97.992333 96.245731
1569000 95.674260 96.245367
1570000 96.465391 96.245507
1571000 97.748359 96.246464
1572000 97.669058 96.247369
1573000 99.387359 96.249365
1574000 100.025984 96.251764
1575000 97.644347 96.252649
1576000 99.174103 96.254502
1577000 96.364520 96.254572
1578000 95.747230 96.254251
1579000 97.744475 96.255194
1580000 96.712523 96.255484
1581000 97.371868 96.256190
1582000 97.379421 96.256900
1583000 96.923378 96.257321
1584000 98.511061 96.258744
1585000 97.143314 96.259302
1586000 97.601714 96.260148
1587000 98.339559 96.261459
1588000 98.198142 96.262678
1589000 97.013409 96.263151
1590000 98.471384 96.264539
1591000 97.479208 96.265303
1592000 98.145138 96.266484
1593000 97.087601 96.266999
1594000 96.537167 96.267169
1595000 98.071910 96.268300
1596000 97.266610 96.268926
1597000 96.532322 96.269091
1598000 96.825648 96.269439
1599000 96.817956 96.269782
1600000 98.699915 96.271301
1601000 97.444329 96.272033
1602000 96.759727 96.272338
1603000 97.071396 96.272836
1604000 98.183183 96.274027
1605000 98.458753 96.275388
1606000 97.624182 96.276228
1607000 98.045805 96.277329
1608000 98.291615 96.278582
1609000 97.463896 96.279319
1610000 96.877935 96.279691
1611000 96.761136 96.279989
1612000 97.883832 96.280984
1613000 98.932553 96.282628
1614000 97.070088 96.283116
1615000 96.767305 96.283416
1616000 96.149659 96.283333
1617000 96.472641 96.283450
1618000 97.144595 96.283982
1619000 97.581220 96.284784
1620000 98.132471 96.285924
1621000 98.534522 96.287311
1622000 99.110750 96.289052
1623000 99.306460 96.290911
1624000 100.298514 96.293379
1625000 98.769030 96.294903
1626000 98.891393 96.296499
1627000 99.398531 96.298406
1628000 100.194340 96.300799
1629000 99.663014 96.302863
1630000 100.304479 96.305318
1631000 98.959800 96.306946
1632000 99.866692 96.309127
1633000 97.801752 96.310041
1634000 97.871101 96.310996
1635000 99.762458 96.313107
1636000 98.698149 96.314565
1637000 99.616989 96.316582
1638000 97.999994 96.317610
1639000 98.272936 96.318803
1640000 97.444694 96.319490
1641000 98.016853 96.320524
1642000 98.191176 96.321663
1643000 98.526210 96.323005
1644000 98.421288 96.324281
1645000 98.934972 96.325868
1646000 97.455381 96.326555
1647000 97.205898 96.327088
1648000 96.433998 96.327153
1649000 97.518545 96.327876
1650000 96.881345 96.328211
1651000 98.084209 96.329275
1652000 98.721573 96.330723
1653000 97.668459 96.331532
1654000 98.553039 96.332875
1655000 97.907635 96.333827
1656000 97.128823 96.334307
1657000 96.685467 96.334519
1658000 97.089733 96.334974
1659000 97.007689 96.335380
1660000 97.256765 96.335935
1661000 97.002788 96.336336
1662000 97.613941 96.337105
1663000 98.672314 96.338509
1664000 97.078328 96.338954
1665000 96.430144 96.339009
1666000 97.275439 96.339571
1667000 96.320025 96.339559
1668000 96.850945 96.339866
1669000 98.133221 96.340940
1670000 98.041928 96.341959
1671000 98.792553 96.343425
1672000 98.179992 96.344524
1673000 96.223327 96.344451
1674000 99.005924 96.346041
1675000 97.914152 96.346977
1676000 99.239292 96.348703
1677000 98.872095 96.350208
1678000 97.587632 96.350945
1679000 96.514047 96.351042
1680000 97.407644 96.351671
1681000 97.919793 96.352604
1682000 98.979517 96.354166
1683000 98.494782 96.355438
1684000 98.261440 96.356570
1685000 98.719716 96.357972
1686000 99.843807 96.360040
1687000 99.597561 96.361959
1688000 98.513825 96.363234
1689000 99.659196 96.365185
1690000 98.730188 96.366584
1691000 99.668560 96.368537
1692000 98.828282 96.369991
1693000 99.699023 96.371957
1694000 99.485212 96.373795
1695000 98.906261 96.375289
1696000 97.023075 96.375671
1697000 97.209448 96.376162
1698000 97.734443 96.376962
1699000 98.527001 96.378228
1700000 97.278596 96.378757
1701000 97.554844 96.379449
1702000 98.027228 96.380417
1703000 98.401297 96.381604
1704000 98.899761 96.383081
1705000 98.229842 96.384164
1706000 99.582704 96.386039
1707000 98.589856 96.387330
1708000 99.713238 96.389278
1709000 98.825821 96.390703
1710000 100.594383 96.393162
1711000 99.739981 96.395118
1712000 98.663179 96.396443
1713000 99.243031 96.398104
1714000 98.667812 96.399429
1715000 98.430354 96.400613
1716000 97.831825 96.401447
1717000 99.123372 96.403032
1718000 98.216569 96.404088
1719000 97.321801 96.404622
1720000 98.098383 96.405606
1721000 97.642335 96.406325
1722000 97.636965 96.407040
1723000 99.798139 96.409008
1724000 97.258421 96.409500
1725000 97.944499 96.410390
1726000 98.018400 96.411322
1727000 96.992980 96.411659
1728000 97.161580 96.412093
1729000 97.870855 96.412936
1730000 99.116148 96.414499
1731000 97.802130 96.415301
1732000 98.611513 96.416569
1733000 98.322038 96.417668
1734000 99.780169 96.419607
1735000 99.223052 96.421223
1736000 98.955303 96.422683
1737000 98.268206 96.423745
1738000 99.026812 96.425243
1739000 98.771945 96.426592
1740000 99.933963 96.428608
1741000 99.961086 96.430637
1742000 98.920000 96.432066
1743000 98.489278 96.433246
1744000 99.173300 96.434818
1745000 99.014061 96.436296
1746000 99.666366 96.438146
1747000 99.802180 96.440071
1748000 98.929275 96.441495
1749000 97.870048 96.442312
1750000 98.196389 96.443314
1751000 98.500931 96.444490
1752000 98.654131 96.445751
1753000 98.073029 96.446679
1754000 99.538484 96.448442
1755000 98.371781 96.449538
1756000 99.405705 96.451221
1757000 98.895931 96.452613
1758000 100.051198 96.454659
1759000 98.326903 96.455724
1760000 98.612572 96.456949
1761000 98.241956 96.457963
1762000 98.917930 96.459359
1763000 99.308420 96.460975
1764000 98.700206 96.462245
1765000 97.743188 96.462970
1766000 99.082937 96.464454
1767000 98.562284 96.465641
1768000 97.690634 96.466334
1769000 97.488849 96.466912
1770000 99.121550 96.468412
1771000 99.296747 96.470009
1772000 99.353966 96.471636
1773000 98.308779 96.472672
1774000 98.660807 96.473906
1775000 98.553513 96.475078
1776000 98.016728 96.475946
1777000 96.941011 96.476207
1778000 97.184045 96.476605
1779000 97.859533 96.477383
1780000 98.070292 96.478278
1781000 98.564021 96.479449
1782000 98.532429 96.480601
1783000 99.927745 96.482534
1784000 99.200353 96.484058
1785000 100.295992 96.486193
1786000 99.199260 96.487712
1787000 98.989233 96.489112
1788000 98.669932 96.490332
1789000 98.394819 96.491396
1790000 99.488244 96.493071
1791000 99.582287 96.494795
1792000 98.744724 96.496051
1793000 97.575437 96.496653
1794000 97.954063 96.497465
1795000 98.285310 96.498461
1796000 97.891192 96.499237
1797000 98.164875 96.500164
1798000 99.039815 96.501576
1799000 99.713747 96.503362
1800000 98.162476 96.504283
1801000 99.387040 96.505884
1802000 98.320593 96.506891
1803000 99.219625 96.508396
1804000 99.285951 96.509935
1805000 98.822984 96.511217
1806000 99.100704 96.512651
1807000 98.754087 96.513891
1808000 98.120500 96.514780
1809000 100.348309 96.516899
1810000 99.772405 96.518697
1811000 99.426992 96.520303
1812000 99.807671 96.522118
1813000 99.191981 96.523590
1814000 99.244293 96.525090
1815000 99.336993 96.526639
1816000 97.683846 96.527277
1817000 98.485039 96.528354
1818000 99.969260 96.530247
1819000 100.503785 96.532431
1820000 100.436047 96.534576
1821000 98.708317 96.535770
1822000 98.305109 96.536741
1823000 98.957151 96.538069
1824000 97.667147 96.538688
1825000 97.713618 96.539331
1826000 99.220285 96.540800
1827000 98.732773 96.541999
1828000 98.720234 96.543191
1829000 99.379132 96.544741
1830000 100.239715 96.546761
1831000 100.726533 96.549043
1832000 100.232362 96.551054
1833000 100.008520 96.552940
1834000 99.715251 96.554664
1835000 98.607331 96.555783
1836000 98.359802 96.556766
1837000 99.568044 96.558405
1838000 99.708508 96.560119
1839000 98.902678 96.561393
1840000 98.113448 96.562236
1841000 97.887902 96.562956
1842000 98.261984 96.563878
1843000 98.655626 96.565013
1844000 98.850605 96.566253
1845000 98.426791 96.567261
1846000 99.210875 96.568693
1847000 99.373186 96.570212
1848000 101.205186 96.572720
1849000 99.114582 96.574095
1850000 100.160444 96.576033
1851000 100.077630 96.577925
1852000 99.077210 96.579274
1853000 98.849939 96.580500
1854000 97.395609 96.580939
1855000 100.899748 96.583268
1856000 100.357849 96.585301
1857000 98.822070 96.586506
1858000 99.495573 96.588072
1859000 99.590565 96.589687
1860000 99.107240 96.591040
1861000 98.728488 96.592189
1862000 99.640904 96.593826
1863000 98.744664 96.594981
1864000 99.088334 96.596318
1865000 97.102352 96.596590
1866000 98.409795 96.597561
1867000 99.373372 96.599048
1868000 100.735933 96.601263
1869000 98.318550 96.602182
1870000 97.480586 96.602651
1871000 99.186776 96.604032
1872000 97.759040 96.604649
1873000 97.877255 96.605329
1874000 99.421463 96.606832
1875000 98.301756 96.607736
1876000 100.037279 96.609564
1877000 98.316686 96.610473
1878000 98.008570 96.611218
1879000 97.202028 96.611532
1880000 97.817991 96.612174
1881000 96.984703 96.612372
1882000 97.731335 96.612966
1883000 99.655586 96.614582
1884000 98.875246 96.615782
1885000 98.950374 96.617021
1886000 97.740246 96.617616
1887000 97.046086 96.617843
1888000 96.236766 96.617641
1889000 97.538397 96.618129
1890000 98.145142 96.618937
1891000 97.303142 96.619299
1892000 98.151935 96.620109
1893000 97.606781 96.620630
1894000 97.879444 96.621295
1895000 97.420259 96.621716
1896000 96.860260 96.621842
1897000 96.852566 96.621964
1898000 97.815965 96.622593
1899000 98.092860 96.623367
1900000 98.057773 96.624122
1901000 96.995762 96.624317
1902000 97.485429 96.624770
1903000 97.148204 96.625045
1904000 96.523877 96.624992
1905000 97.343783 96.625369
1906000 98.087017 96.626136
1907000 98.258970 96.626992
1908000 97.737730 96.627575
1909000 97.773872 96.628175
1910000 96.186727 96.627944
1911000 97.483684 96.628392
1912000 98.368032 96.629302
1913000 99.035332 96.630559
1914000 98.591180 96.631584
1915000 100.039406 96.633363
1916000 97.994663 96.634074
1917000 98.261620 96.634923
1918000 97.540749 96.635395
1919000 99.802420 96.637045
1920000 97.038644 96.637255
1921000 98.852258 96.638408
1922000 98.964043 96.639618
1923000 98.883889 96.640785
1924000 98.546617 96.641775
1925000 98.467490 96.642724
1926000 97.358548 96.643095
1927000 97.467134 96.643523
1928000 99.085706 96.644790
1929000 99.074674 96.646049
1930000 98.414300 96.646965
1931000 99.516819 96.648452
1932000 101.282098 96.650850
1933000 99.885903 96.652524
1934000 101.025248 96.654785
1935000 99.620429 96.656317
1936000 99.333234 96.657700
1937000 100.199360 96.659528
1938000 99.176994 96.660827
1939000 98.851713 96.661957
1940000 99.795596 96.663573
1941000 98.254780 96.664392
1942000 98.733271 96.665458
1943000 97.987312 96.666138
1944000 97.621357 96.666629
1945000 99.656815 96.668167
1946000 98.855968 96.669291
1947000 97.999186 96.669974
1948000 98.760293 96.671047
1949000 99.795942 96.672650
1950000 98.391470 96.673532
1951000 98.229655 96.674329
1952000 98.999989 96.675521
1953000 98.516127 96.676463
1954000 99.769707 96.678046
1955000 98.174505 96.678812
1956000 98.921793 96.679959
1957000 97.388249 96.680320
1958000 97.386804 96.680681
1959000 98.560282 96.681641
1960000 97.186845 96.681899
1961000 99.008097 96.683085
1962000 97.808036 96.683658
1963000 99.451945 96.685068
1964000 98.792852 96.686142
1965000 98.841847 96.687239
1966000 99.248767 96.688542
1967000 98.301946 96.689362
1968000 98.031278 96.690044
1969000 98.291593 96.690857
1970000 99.218915 96.692140
1971000 99.328052 96.693478
1972000 98.951721 96.694623
1973000 99.129734 96.695857
1974000 99.763671 96.697411
1975000 100.384785 96.699278
1976000 99.389100 96.700639
1977000 99.043676 96.701825
1978000 99.820410 96.703401
1979000 99.154120 96.704640
1980000 99.044797 96.705821
1981000 99.520768 96.707242
1982000 98.045490 96.707918
1983000 100.392221 96.709776
1984000 100.395790 96.711633
1985000 98.711916 96.712641
1986000 98.545481 96.713564
1987000 99.113129 96.714772
1988000 99.568929 96.716207
1989000 98.663928 96.717187
1990000 100.373664 96.719024
1991000 99.684234 96.720513
1992000 98.690190 96.721502
1993000 99.393361 96.722843
1994000 101.117302 96.725047
1995000 101.291858 96.727336
1996000 99.800464 96.728875
1997000 98.109248 96.729567
1998000 99.788620 96.731098
1999000 100.892929 96.733180
2000000 100.605118 96.735116
