1000 0.000000 0.000000
2000 0.000000 0.000000
3000 0.000000 0.000000
4000 0.000000 0.000000
5000 0.000000 0.000000
6000 0.000000 0.000000
7000 0.000000 0.000000
8000 0.000000 0.000000
9000 0.000000 0.000000
10000 0.000000 0.000000
11000 0.000000 0.000000
12000 0.000000 0.000000
13000 1.000000 0.076923
14000 0.000000 0.071429
15000 0.000000 0.066667
16000 0.000000 0.062500
17000 1.000000 0.117647
18000 0.000000 0.111111
19000 0.000000 0.105263
20000 0.000000 0.100000
21000 0.000000 0.095238
22000 1.000000 0.136364
23000 0.000000 0.130435
24000 1.000000 0.166667
25000 0.000000 0.160000
26000 1.000000 0.192308
27000 0.000000 0.185185
28000 1.000000 0.214286
29000 1.000000 0.241379
30000 0.000000 0.233333
31000 2.000000 0.290323
32000 0.000000 0.281250
33000 0.000000 0.272727
34000 0.000000 0.264706
35000 1.000000 0.285714
36000 0.000000 0.277778
37000 0.000000 0.270270
38000 0.000000 0.263158
39000 0.000000 0.256410
40000 0.000000 0.250000
41000 0.000000 0.243902
42000 1.000000 0.261905
43000 0.000000 0.255814
44000 0.000000 0.250000
45000 0.000000 0.244444
46000 0.000000 0.239130
47000 0.000000 0.234043
48000 0.000000 0.229167
49000 0.000000 0.224490
50000 2.000000 0.260000
51000 0.000000 0.254902
52000 1.000000 0.269231
53000 0.000000 0.264151
54000 0.000000 0.259259
55000 0.000000 0.254545
56000 0.000000 0.250000
57000 0.000000 0.245614
58000 1.000000 0.258621
59000 0.000000 0.254237
60000 1.000000 0.266667
61000 1.000000 0.278689
62000 0.000000 0.274194
63000 0.000000 0.269841
64000 0.000000 0.265625
65000 0.000000 0.261538
66000 0.000000 0.257576
67000 0.000000 0.253731
68000 0.000000 0.250000
69000 0.000000 0.246377
70000 0.000000 0.242857
71000 0.000000 0.239437
72000 0.000000 0.236111
73000 0.000000 0.232877
74000 0.000000 0.229730
75000 1.000000 0.240000
76000 0.000000 0.236842
77000 1.000000 0.246753
78000 0.000000 0.243590
79000 0.000000 0.240506
80000 0.000000 0.237500
81000 1.000000 0.246914
82000 0.000000 0.243902
83000 0.000000 0.240964
84000 0.000000 0.238095
85000 0.000000 0.235294
86000 0.000000 0.232558
87000 0.000000 0.229885
88000 0.000000 0.227273
89000 0.000000 0.224719
90000 0.000000 0.222222
91000 0.000000 0.219780
92000 0.000000 0.217391
93000 0.000000 0.215054
94000 1.000000 0.223404
95000 1.000000 0.231579
96000 0.000000 0.229167
97000 1.000000 0.237113
98000 0.000000 0.234694
99000 0.000000 0.232323
100000 0.000000 0.230000
101000 0.000000 0.227723
102000 0.000000 0.225490
103000 1.000000 0.233010
104000 0.000000 0.230769
105000 0.000000 0.228571
106000 0.000000 0.226415
107000 0.000000 0.224299
108000 0.000000 0.222222
109000 0.000000 0.220183
110000 0.000000 0.218182
111000 0.000000 0.216216
112000 0.000000 0.214286
113000 0.000000 0.212389
114000 0.000000 0.210526
115000 0.000000 0.208696
116000 0.000000 0.206897
117000 0.000000 0.205128
118000 1.000000 0.211864
119000 0.000000 0.210084
120000 0.000000 0.208333
121000 0.000000 0.206612
122000 0.000000 0.204918
123000 0.000000 0.203252
124000 0.000000 0.201613
125000 0.000000 0.200000
126000 0.000000 0.198413
127000 0.000000 0.196850
128000 1.000000 0.203125
129000 1.000000 0.209302
130000 0.000000 0.207692
131000 1.000000 0.213740
132000 0.000000 0.212121
133000 0.000000 0.210526
134000 1.000000 0.216418
135000 0.000000 0.214815
136000 0.000000 0.213235
137000 0.000000 0.211679
138000 0.000000 0.210145
139000 0.000000 0.208633
140000 1.000000 0.214286
141000 0.000000 0.212766
142000 1.000000 0.218310
143000 1.000000 0.223776
144000 0.000000 0.222222
145000 0.000000 0.220690
146000 0.000000 0.219178
147000 0.000000 0.217687
148000 0.000000 0.216216
149000 0.000000 0.214765
150000 0.000000 0.213333
151000 0.000000 0.211921
152000 0.000000 0.210526
153000 1.000000 0.215686
154000 0.000000 0.214286
155000 0.000000 0.212903
156000 0.000000 0.211538
157000 0.000000 0.210191
158000 1.000000 0.215190
159000 0.000000 0.213836
160000 0.000000 0.212500
161000 0.000000 0.211180
162000 0.000000 0.209877
163000 0.000000 0.208589
164000 0.000000 0.207317
165000 0.000000 0.206061
166000 0.000000 0.204819
167000 0.000000 0.203593
168000 0.000000 0.202381
169000 0.000000 0.201183
170000 0.000000 0.200000
171000 0.000000 0.198830
172000 0.000000 0.197674
173000 0.000000 0.196532
174000 1.000000 0.201149
175000 0.000000 0.200000
176000 1.000000 0.204545
177000 1.000000 0.209040
178000 0.000000 0.207865
179000 1.000000 0.212291
180000 0.000000 0.211111
181000 0.000000 0.209945
182000 0.000000 0.208791
183000 0.000000 0.207650
184000 0.000000 0.206522
185000 1.000000 0.210811
186000 1.000000 0.215054
187000 1.000000 0.219251
188000 0.000000 0.218085
189000 0.000000 0.216931
190000 0.000000 0.215789
191000 0.000000 0.214660
192000 0.000000 0.213542
193000 0.000000 0.212435
194000 0.000000 0.211340
195000 0.000000 0.210256
196000 0.000000 0.209184
197000 1.000000 0.213198
198000 1.000000 0.217172
199000 0.000000 0.216080
200000 0.000000 0.215000
201000 0.000000 0.213930
202000 0.000000 0.212871
203000 0.000000 0.211823
204000 0.000000 0.210784
205000 1.000000 0.214634
206000 0.000000 0.213592
207000 1.000000 0.217391
208000 0.000000 0.216346
209000 0.000000 0.215311
210000 0.000000 0.214286
211000 0.000000 0.213270
212000 0.000000 0.212264
213000 0.000000 0.211268
214000 0.000000 0.210280
215000 1.000000 0.213953
216000 1.000000 0.217593
217000 0.000000 0.216590
218000 0.000000 0.215596
219000 0.000000 0.214612
220000 0.000000 0.213636
221000 0.000000 0.212670
222000 0.000000 0.211712
223000 0.000000 0.210762
224000 0.000000 0.209821
225000 0.000000 0.208889
226000 0.000000 0.207965
227000 0.000000 0.207048
228000 0.000000 0.206140
229000 0.000000 0.205240
230000 0.000000 0.204348
231000 1.000000 0.207792
232000 0.000000 0.206897
233000 0.000000 0.206009
234000 0.000000 0.205128
235000 0.000000 0.204255
236000 1.000000 0.207627
237000 0.000000 0.206751
238000 0.000000 0.205882
239000 0.000000 0.205021
240000 0.000000 0.204167
241000 0.000000 0.203320
242000 0.000000 0.202479
243000 0.000000 0.201646
244000 0.000000 0.200820
245000 0.000000 0.200000
246000 0.000000 0.199187
247000 0.000000 0.198381
248000 0.000000 0.197581
249000 0.000000 0.196787
250000 0.000000 0.196000
251000 0.000000 0.195219
252000 1.000000 0.198413
253000 1.000000 0.201581
254000 0.000000 0.200787
255000 0.000000 0.200000
256000 0.000000 0.199219
257000 0.000000 0.198444
258000 0.000000 0.197674
259000 0.000000 0.196911
260000 0.000000 0.196154
261000 0.000000 0.195402
262000 0.000000 0.194656
263000 0.000000 0.193916
264000 0.000000 0.193182
265000 0.000000 0.192453
266000 0.000000 0.191729
267000 0.000000 0.191011
268000 0.000000 0.190299
269000 0.000000 0.189591
270000 0.000000 0.188889
271000 0.000000 0.188192
272000 0.000000 0.187500
273000 0.000000 0.186813
274000 0.000000 0.186131
275000 0.000000 0.185455
276000 1.000000 0.188406
277000 0.000000 0.187726
278000 0.000000 0.187050
279000 0.000000 0.186380
280000 1.000000 0.189286
281000 0.000000 0.188612
282000 0.000000 0.187943
283000 0.000000 0.187279
284000 0.000000 0.186620
285000 0.000000 0.185965
286000 1.000000 0.188811
287000 1.000000 0.191638
288000 0.000000 0.190972
289000 0.000000 0.190311
290000 0.000000 0.189655
291000 1.000000 0.192440
292000 0.000000 0.191781
293000 0.000000 0.191126
294000 0.000000 0.190476
295000 0.000000 0.189831
296000 0.000000 0.189189
297000 0.000000 0.188552
298000 0.000000 0.187919
299000 0.000000 0.187291
300000 0.000000 0.186667
301000 0.000000 0.186047
302000 0.000000 0.185430
303000 0.000000 0.184818
304000 1.000000 0.187500
305000 0.000000 0.186885
306000 0.000000 0.186275
307000 0.000000 0.185668
308000 0.000000 0.185065
309000 0.000000 0.184466
310000 0.000000 0.183871
311000 0.000000 0.183280
312000 0.000000 0.182692
313000 0.000000 0.182109
314000 0.000000 0.181529
315000 0.000000 0.180952
316000 0.000000 0.180380
317000 0.000000 0.179811
318000 0.000000 0.179245
319000 0.000000 0.178683
320000 0.000000 0.178125
321000 0.000000 0.177570
322000 0.000000 0.177019
323000 0.000000 0.176471
324000 0.000000 0.175926
325000 0.000000 0.175385
326000 1.000000 0.177914
327000 1.000000 0.180428
328000 0.000000 0.179878
329000 0.000000 0.179331
330000 0.000000 0.178788
331000 1.000000 0.181269
332000 0.000000 0.180723
333000 1.000000 0.183183
334000 1.000000 0.185629
335000 0.000000 0.185075
336000 0.000000 0.184524
337000 0.000000 0.183976
338000 1.000000 0.186391
339000 0.000000 0.185841
340000 0.000000 0.185294
341000 0.000000 0.184751
342000 0.000000 0.184211
343000 0.000000 0.183673
344000 0.000000 0.183140
345000 0.000000 0.182609
346000 0.000000 0.182081
347000 0.000000 0.181556
348000 0.000000 0.181034
349000 0.000000 0.180516
350000 0.000000 0.180000
351000 0.000000 0.179487
352000 1.000000 0.181818
353000 0.000000 0.181303
354000 0.000000 0.180791
355000 0.000000 0.180282
356000 0.000000 0.179775
357000 0.000000 0.179272
358000 0.000000 0.178771
359000 0.000000 0.178273
360000 0.000000 0.177778
361000 0.000000 0.177285
362000 0.000000 0.176796
363000 0.000000 0.176309
364000 0.000000 0.175824
365000 0.000000 0.175342
366000 0.000000 0.174863
367000 1.000000 0.177112
368000 0.000000 0.176630
369000 0.000000 0.176152
370000 0.000000 0.175676
371000 0.000000 0.175202
372000 0.000000 0.174731
373000 0.000000 0.174263
374000 1.000000 0.176471
375000 0.000000 0.176000
376000 1.000000 0.178191
377000 0.000000 0.177719
378000 0.000000 0.177249
379000 0.000000 0.176781
380000 0.000000 0.176316
381000 0.000000 0.175853
382000 0.000000 0.175393
383000 0.000000 0.174935
384000 0.000000 0.174479
385000 0.000000 0.174026
386000 0.000000 0.173575
387000 0.000000 0.173127
388000 0.000000 0.172680
389000 0.000000 0.172237
390000 0.000000 0.171795
391000 0.000000 0.171355
392000 0.000000 0.170918
393000 0.000000 0.170483
394000 0.000000 0.170051
395000 0.000000 0.169620
396000 0.000000 0.169192
397000 0.000000 0.168766
398000 0.000000 0.168342
399000 0.000000 0.167920
400000 0.000000 0.167500
401000 0.000000 0.167082
402000 0.000000 0.166667
403000 0.000000 0.166253
404000 0.000000 0.165842
405000 1.000000 0.167901
406000 1.000000 0.169951
407000 1.000000 0.171990
408000 1.000000 0.174020
409000 0.000000 0.173594
410000 0.000000 0.173171
411000 0.000000 0.172749
412000 0.000000 0.172330
413000 1.000000 0.174334
414000 0.000000 0.173913
415000 0.000000 0.173494
416000 0.000000 0.173077
417000 1.000000 0.175060
418000 0.000000 0.174641
419000 1.000000 0.176611
420000 0.000000 0.176190
421000 0.000000 0.175772
422000 0.000000 0.175355
423000 0.000000 0.174941
424000 1.000000 0.176887
425000 0.000000 0.176471
426000 2.000000 0.180751
427000 0.000000 0.180328
428000 0.000000 0.179907
429000 1.000000 0.181818
430000 1.000000 0.183721
431000 0.000000 0.183295
432000 1.000000 0.185185
433000 0.000000 0.184758
434000 0.000000 0.184332
435000 0.000000 0.183908
436000 0.000000 0.183486
437000 1.000000 0.185355
438000 0.000000 0.184932
439000 2.000000 0.189066
440000 0.000000 0.188636
441000 0.000000 0.188209
442000 0.000000 0.187783
443000 0.000000 0.187359
444000 0.000000 0.186937
445000 0.000000 0.186517
446000 1.000000 0.188341
447000 0.000000 0.187919
448000 0.000000 0.187500
449000 0.000000 0.187082
450000 0.000000 0.186667
451000 0.000000 0.186253
452000 0.000000 0.185841
453000 0.000000 0.185430
454000 0.000000 0.185022
455000 0.000000 0.184615
456000 0.000000 0.184211
457000 0.000000 0.183807
458000 0.000000 0.183406
459000 0.000000 0.183007
460000 1.000000 0.184783
461000 0.000000 0.184382
462000 0.000000 0.183983
463000 0.000000 0.183585
464000 0.000000 0.183190
465000 1.000000 0.184946
466000 0.000000 0.184549
467000 1.000000 0.186296
468000 0.000000 0.185897
469000 0.000000 0.185501
470000 1.000000 0.187234
471000 0.000000 0.186837
472000 0.000000 0.186441
473000 0.000000 0.186047
474000 2.000000 0.189873
475000 1.000000 0.191579
476000 0.000000 0.191176
477000 1.000000 0.192872
478000 0.000000 0.192469
479000 0.000000 0.192067
480000 1.000000 0.193750
481000 0.000000 0.193347
482000 0.000000 0.192946
483000 0.000000 0.192547
484000 0.000000 0.192149
485000 0.000000 0.191753
486000 0.000000 0.191358
487000 0.000000 0.190965
488000 0.000000 0.190574
489000 0.000000 0.190184
490000 0.000000 0.189796
491000 0.000000 0.189409
492000 0.000000 0.189024
493000 0.000000 0.188641
494000 0.000000 0.188259
495000 0.000000 0.187879
496000 0.000000 0.187500
497000 1.000000 0.189135
498000 0.000000 0.188755
499000 0.000000 0.188377
500000 0.000000 0.188000
501000 1.000000 0.189621
502000 0.000000 0.189243
503000 0.000000 0.188867
504000 0.000000 0.188492
505000 0.000000 0.188119
506000 0.000000 0.187747
507000 1.000000 0.189349
508000 0.000000 0.188976
509000 0.000000 0.188605
510000 0.000000 0.188235
511000 0.000000 0.187867
512000 0.000000 0.187500
513000 0.000000 0.187135
514000 0.000000 0.186770
515000 1.000000 0.188350
516000 0.000000 0.187984
517000 0.000000 0.187621
518000 0.000000 0.187259
519000 0.000000 0.186898
520000 0.000000 0.186538
521000 0.000000 0.186180
522000 0.000000 0.185824
523000 0.000000 0.185468
524000 0.000000 0.185115
525000 0.000000 0.184762
526000 1.000000 0.186312
527000 1.000000 0.187856
528000 0.000000 0.187500
529000 1.000000 0.189036
530000 1.000000 0.190566
531000 0.000000 0.190207
532000 0.000000 0.189850
533000 1.000000 0.191370
534000 0.000000 0.191011
535000 0.000000 0.190654
536000 0.000000 0.190299
537000 0.000000 0.189944
538000 0.000000 0.189591
539000 0.000000 0.189239
540000 0.000000 0.188889
541000 0.000000 0.188540
542000 1.000000 0.190037
543000 0.000000 0.189687
544000 0.000000 0.189338
545000 0.000000 0.188991
546000 0.000000 0.188645
547000 1.000000 0.190128
548000 0.000000 0.189781
549000 0.000000 0.189435
550000 0.000000 0.189091
551000 1.000000 0.190563
552000 0.000000 0.190217
553000 1.000000 0.191682
554000 0.000000 0.191336
555000 0.000000 0.190991
556000 0.000000 0.190647
557000 0.000000 0.190305
558000 3.000000 0.195341
559000 0.000000 0.194991
560000 1.000000 0.196429
561000 0.000000 0.196078
562000 0.000000 0.195730
563000 0.000000 0.195382
564000 1.000000 0.196809
565000 0.000000 0.196460
566000 0.000000 0.196113
567000 0.000000 0.195767
568000 0.000000 0.195423
569000 0.000000 0.195079
570000 0.000000 0.194737
571000 0.000000 0.194396
572000 0.000000 0.194056
573000 0.000000 0.193717
574000 0.000000 0.193380
575000 1.000000 0.194783
576000 0.000000 0.194444
577000 0.000000 0.194107
578000 0.000000 0.193772
579000 1.000000 0.195164
580000 0.000000 0.194828
581000 0.000000 0.194492
582000 0.000000 0.194158
583000 0.000000 0.193825
584000 0.000000 0.193493
585000 0.000000 0.193162
586000 0.000000 0.192833
587000 1.000000 0.194208
588000 0.000000 0.193878
589000 0.000000 0.193548
590000 0.000000 0.193220
591000 1.000000 0.194585
592000 0.000000 0.194257
593000 0.000000 0.193929
594000 0.000000 0.193603
595000 0.000000 0.193277
596000 0.000000 0.192953
597000 0.000000 0.192630
598000 0.000000 0.192308
599000 0.000000 0.191987
600000 0.000000 0.191667
601000 0.000000 0.191348
602000 0.000000 0.191030
603000 0.000000 0.190713
604000 0.000000 0.190397
605000 0.000000 0.190083
606000 1.000000 0.191419
607000 0.000000 0.191104
608000 0.000000 0.190789
609000 1.000000 0.192118
610000 0.000000 0.191803
611000 0.000000 0.191489
612000 0.000000 0.191176
613000 0.000000 0.190865
614000 0.000000 0.190554
615000 0.000000 0.190244
616000 0.000000 0.189935
617000 0.000000 0.189627
618000 0.000000 0.189320
619000 0.000000 0.189015
620000 1.000000 0.190323
621000 1.000000 0.191626
622000 0.000000 0.191318
623000 1.000000 0.192616
624000 0.000000 0.192308
625000 0.000000 0.192000
626000 0.000000 0.191693
627000 0.000000 0.191388
628000 0.000000 0.191083
629000 0.000000 0.190779
630000 0.000000 0.190476
631000 0.000000 0.190174
632000 0.000000 0.189873
633000 1.000000 0.191153
634000 0.000000 0.190852
635000 0.000000 0.190551
636000 0.000000 0.190252
637000 0.000000 0.189953
638000 1.000000 0.191223
639000 0.000000 0.190923
640000 0.000000 0.190625
641000 0.000000 0.190328
642000 0.000000 0.190031
643000 0.000000 0.189736
644000 0.000000 0.189441
645000 0.000000 0.189147
646000 1.000000 0.190402
647000 0.000000 0.190108
648000 0.000000 0.189815
649000 1.000000 0.191063
650000 0.000000 0.190769
651000 0.000000 0.190476
652000 0.000000 0.190184
653000 0.000000 0.189893
654000 1.000000 0.191131
655000 0.000000 0.190840
656000 1.000000 0.192073
657000 0.000000 0.191781
658000 0.000000 0.191489
659000 1.000000 0.192716
660000 2.000000 0.195455
661000 0.000000 0.195159
662000 0.000000 0.194864
663000 0.000000 0.194570
664000 0.000000 0.194277
665000 0.000000 0.193985
666000 0.000000 0.193694
667000 0.000000 0.193403
668000 0.000000 0.193114
669000 0.000000 0.192825
670000 0.000000 0.192537
671000 1.000000 0.193741
672000 0.000000 0.193452
673000 0.000000 0.193165
674000 0.000000 0.192878
675000 0.000000 0.192593
676000 0.000000 0.192308
677000 0.000000 0.192024
678000 0.000000 0.191740
679000 0.000000 0.191458
680000 0.000000 0.191176
681000 0.000000 0.190896
682000 0.000000 0.190616
683000 1.000000 0.191801
684000 0.000000 0.191520
685000 1.000000 0.192701
686000 0.000000 0.192420
687000 0.000000 0.192140
688000 0.000000 0.191860
689000 0.000000 0.191582
690000 0.000000 0.191304
691000 0.000000 0.191027
692000 0.000000 0.190751
693000 0.000000 0.190476
694000 0.000000 0.190202
695000 1.000000 0.191367
696000 0.000000 0.191092
697000 0.000000 0.190818
698000 1.000000 0.191977
699000 0.000000 0.191702
700000 0.000000 0.191429
701000 2.000000 0.194009
702000 0.000000 0.193732
703000 1.000000 0.194879
704000 0.000000 0.194602
705000 0.000000 0.194326
706000 0.000000 0.194051
707000 0.000000 0.193777
708000 0.000000 0.193503
709000 1.000000 0.194640
710000 2.000000 0.197183
711000 0.000000 0.196906
712000 0.000000 0.196629
713000 0.000000 0.196353
714000 0.000000 0.196078
715000 0.000000 0.195804
716000 0.000000 0.195531
717000 0.000000 0.195258
718000 0.000000 0.194986
719000 0.000000 0.194715
720000 0.000000 0.194444
721000 1.000000 0.195562
722000 0.000000 0.195291
723000 1.000000 0.196404
724000 0.000000 0.196133
725000 0.000000 0.195862
726000 0.000000 0.195592
727000 0.000000 0.195323
728000 0.000000 0.195055
729000 1.000000 0.196159
730000 1.000000 0.197260
731000 0.000000 0.196990
732000 0.000000 0.196721
733000 0.000000 0.196453
734000 0.000000 0.196185
735000 0.000000 0.195918
736000 0.000000 0.195652
737000 0.000000 0.195387
738000 0.000000 0.195122
739000 0.000000 0.194858
740000 0.000000 0.194595
741000 0.000000 0.194332
742000 0.000000 0.194070
743000 0.000000 0.193809
744000 0.000000 0.193548
745000 0.000000 0.193289
746000 0.000000 0.193029
747000 0.000000 0.192771
748000 0.000000 0.192513
749000 1.000000 0.193591
750000 0.000000 0.193333
751000 0.000000 0.193076
752000 0.000000 0.192819
753000 0.000000 0.192563
754000 0.000000 0.192308
755000 0.000000 0.192053
756000 0.000000 0.191799
757000 0.000000 0.191546
758000 0.000000 0.191293
759000 0.000000 0.191041
760000 0.000000 0.190789
761000 0.000000 0.190539
762000 2.000000 0.192913
763000 0.000000 0.192661
764000 0.000000 0.192408
765000 0.000000 0.192157
766000 0.000000 0.191906
767000 1.000000 0.192960
768000 0.000000 0.192708
769000 0.000000 0.192458
770000 1.000000 0.193506
771000 0.000000 0.193256
772000 0.000000 0.193005
773000 0.000000 0.192755
774000 0.000000 0.192506
775000 0.000000 0.192258
776000 0.000000 0.192010
777000 1.000000 0.193050
778000 0.000000 0.192802
779000 1.000000 0.193838
780000 0.000000 0.193590
781000 0.000000 0.193342
782000 0.000000 0.193095
783000 0.000000 0.192848
784000 0.000000 0.192602
785000 0.000000 0.192357
786000 0.000000 0.192112
787000 0.000000 0.191868
788000 0.000000 0.191624
789000 0.000000 0.191381
790000 0.000000 0.191139
791000 0.000000 0.190898
792000 0.000000 0.190657
793000 0.000000 0.190416
794000 0.000000 0.190176
795000 0.000000 0.189937
796000 1.000000 0.190955
797000 0.000000 0.190715
798000 1.000000 0.191729
799000 0.000000 0.191489
800000 0.000000 0.191250
801000 0.000000 0.191011
802000 1.000000 0.192020
803000 0.000000 0.191781
804000 0.000000 0.191542
805000 0.000000 0.191304
806000 0.000000 0.191067
807000 0.000000 0.190830
808000 0.000000 0.190594
809000 0.000000 0.190358
810000 0.000000 0.190123
811000 0.000000 0.189889
812000 0.000000 0.189655
813000 0.000000 0.189422
814000 0.000000 0.189189
815000 0.000000 0.188957
816000 2.000000 0.191176
817000 0.000000 0.190942
818000 0.000000 0.190709
819000 0.000000 0.190476
820000 0.000000 0.190244
821000 0.000000 0.190012
822000 2.000000 0.192214
823000 0.000000 0.191981
824000 0.000000 0.191748
825000 0.000000 0.191515
826000 0.000000 0.191283
827000 0.000000 0.191052
828000 0.000000 0.190821
829000 1.000000 0.191797
830000 0.000000 0.191566
831000 0.000000 0.191336
832000 0.000000 0.191106
833000 0.000000 0.190876
834000 0.000000 0.190647
835000 0.000000 0.190419
836000 0.000000 0.190191
837000 0.000000 0.189964
838000 0.000000 0.189737
839000 0.000000 0.189511
840000 0.000000 0.189286
841000 0.000000 0.189061
842000 0.000000 0.188836
843000 0.000000 0.188612
844000 0.000000 0.188389
845000 0.000000 0.188166
846000 0.000000 0.187943
847000 0.000000 0.187721
848000 1.000000 0.188679
849000 1.000000 0.189635
850000 0.000000 0.189412
851000 1.000000 0.190364
852000 0.000000 0.190141
853000 0.000000 0.189918
854000 0.000000 0.189696
855000 0.000000 0.189474
856000 0.000000 0.189252
857000 0.000000 0.189032
858000 0.000000 0.188811
859000 0.000000 0.188591
860000 0.000000 0.188372
861000 1.000000 0.189315
862000 0.000000 0.189095
863000 0.000000 0.188876
864000 0.000000 0.188657
865000 0.000000 0.188439
866000 0.000000 0.188222
867000 0.000000 0.188005
868000 0.000000 0.187788
869000 0.000000 0.187572
870000 1.000000 0.188506
871000 0.000000 0.188289
872000 0.000000 0.188073
873000 0.000000 0.187858
874000 0.000000 0.187643
875000 0.000000 0.187429
876000 0.000000 0.187215
877000 0.000000 0.187001
878000 0.000000 0.186788
879000 0.000000 0.186576
880000 0.000000 0.186364
881000 0.000000 0.186152
882000 1.000000 0.187075
883000 1.000000 0.187995
884000 0.000000 0.187783
885000 0.000000 0.187571
886000 0.000000 0.187359
887000 0.000000 0.187148
888000 0.000000 0.186937
889000 0.000000 0.186727
890000 0.000000 0.186517
891000 0.000000 0.186308
892000 1.000000 0.187220
893000 1.000000 0.188130
894000 0.000000 0.187919
895000 1.000000 0.188827
896000 0.000000 0.188616
897000 0.000000 0.188406
898000 0.000000 0.188196
899000 1.000000 0.189099
900000 0.000000 0.188889
901000 0.000000 0.188679
902000 0.000000 0.188470
903000 0.000000 0.188261
904000 1.000000 0.189159
905000 0.000000 0.188950
906000 0.000000 0.188742
907000 0.000000 0.188534
908000 0.000000 0.188326
909000 0.000000 0.188119
910000 0.000000 0.187912
911000 0.000000 0.187706
912000 1.000000 0.188596
913000 1.000000 0.189485
914000 0.000000 0.189278
915000 0.000000 0.189071
916000 0.000000 0.188865
917000 0.000000 0.188659
918000 0.000000 0.188453
919000 0.000000 0.188248
920000 0.000000 0.188043
921000 1.000000 0.188925
922000 0.000000 0.188720
923000 0.000000 0.188516
924000 0.000000 0.188312
925000 0.000000 0.188108
926000 1.000000 0.188985
927000 0.000000 0.188781
928000 1.000000 0.189655
929000 1.000000 0.190527
930000 0.000000 0.190323
931000 0.000000 0.190118
932000 0.000000 0.189914
933000 0.000000 0.189711
934000 0.000000 0.189507
935000 0.000000 0.189305
936000 0.000000 0.189103
937000 0.000000 0.188901
938000 0.000000 0.188699
939000 0.000000 0.188498
940000 0.000000 0.188298
941000 0.000000 0.188098
942000 0.000000 0.187898
943000 0.000000 0.187699
944000 1.000000 0.188559
945000 0.000000 0.188360
946000 0.000000 0.188161
947000 0.000000 0.187962
948000 0.000000 0.187764
949000 0.000000 0.187566
950000 0.000000 0.187368
951000 0.000000 0.187171
952000 0.000000 0.186975
953000 1.000000 0.187828
954000 0.000000 0.187631
955000 0.000000 0.187435
956000 0.000000 0.187238
957000 1.000000 0.188088
958000 1.000000 0.188935
959000 0.000000 0.188738
960000 0.000000 0.188542
961000 0.000000 0.188345
962000 0.000000 0.188150
963000 0.000000 0.187954
964000 1.000000 0.188797
965000 0.000000 0.188601
966000 0.000000 0.188406
967000 0.000000 0.188211
968000 0.000000 0.188017
969000 1.000000 0.188854
970000 0.000000 0.188660
971000 0.000000 0.188465
972000 0.000000 0.188272
973000 1.000000 0.189106
974000 0.000000 0.188912
975000 0.000000 0.188718
976000 0.000000 0.188525
977000 0.000000 0.188332
978000 0.000000 0.188139
979000 1.000000 0.188968
980000 0.000000 0.188776
981000 0.000000 0.188583
982000 1.000000 0.189409
983000 0.000000 0.189217
984000 0.000000 0.189024
985000 0.000000 0.188832
986000 0.000000 0.188641
987000 0.000000 0.188450
988000 0.000000 0.188259
989000 0.000000 0.188069
990000 0.000000 0.187879
991000 1.000000 0.188698
992000 0.000000 0.188508
993000 0.000000 0.188318
994000 0.000000 0.188129
995000 0.000000 0.187940
996000 0.000000 0.187751
997000 0.000000 0.187563
998000 2.000000 0.189379
999000 0.000000 0.189189
1000000 0.000000 0.189000
1001000 2.000000 0.190809
1002000 0.000000 0.190619
1003000 0.000000 0.190429
1004000 0.000000 0.190239
1005000 0.000000 0.190050
1006000 0.000000 0.189861
1007000 0.000000 0.189672
1008000 1.000000 0.190476
1009000 1.000000 0.191278
1010000 1.000000 0.192079
1011000 0.000000 0.191889
1012000 0.000000 0.191700
1013000 0.000000 0.191510
1014000 1.000000 0.192308
1015000 0.000000 0.192118
1016000 0.000000 0.191929
1017000 0.000000 0.191740
1018000 0.000000 0.191552
1019000 0.000000 0.191364
1020000 1.000000 0.192157
1021000 0.000000 0.191969
1022000 0.000000 0.191781
1023000 0.000000 0.191593
1024000 0.000000 0.191406
1025000 0.000000 0.191220
1026000 0.000000 0.191033
1027000 0.000000 0.190847
1028000 0.000000 0.190661
1029000 0.000000 0.190476
1030000 0.000000 0.190291
1031000 0.000000 0.190107
1032000 0.000000 0.189922
1033000 0.000000 0.189739
1034000 0.000000 0.189555
1035000 0.000000 0.189372
1036000 0.000000 0.189189
1037000 0.000000 0.189007
1038000 0.000000 0.188825
1039000 1.000000 0.189605
1040000 0.000000 0.189423
1041000 0.000000 0.189241
1042000 0.000000 0.189060
1043000 0.000000 0.188878
1044000 0.000000 0.188697
1045000 0.000000 0.188517
1046000 1.000000 0.189293
1047000 1.000000 0.190067
1048000 0.000000 0.189885
1049000 0.000000 0.189704
1050000 0.000000 0.189524
1051000 0.000000 0.189343
1052000 0.000000 0.189163
1053000 0.000000 0.188984
1054000 0.000000 0.188805
1055000 0.000000 0.188626
1056000 0.000000 0.188447
1057000 0.000000 0.188269
1058000 0.000000 0.188091
1059000 0.000000 0.187913
1060000 0.000000 0.187736
1061000 1.000000 0.188501
1062000 0.000000 0.188324
1063000 0.000000 0.188147
1064000 0.000000 0.187970
1065000 0.000000 0.187793
1066000 0.000000 0.187617
1067000 0.000000 0.187441
1068000 1.000000 0.188202
1069000 0.000000 0.188026
1070000 0.000000 0.187850
1071000 0.000000 0.187675
1072000 0.000000 0.187500
1073000 0.000000 0.187325
1074000 0.000000 0.187151
1075000 0.000000 0.186977
1076000 0.000000 0.186803
1077000 0.000000 0.186630
1078000 0.000000 0.186456
1079000 0.000000 0.186284
1080000 1.000000 0.187037
1081000 0.000000 0.186864
1082000 0.000000 0.186691
1083000 0.000000 0.186519
1084000 0.000000 0.186347
1085000 0.000000 0.186175
1086000 0.000000 0.186004
1087000 0.000000 0.185833
1088000 1.000000 0.186581
1089000 0.000000 0.186410
1090000 0.000000 0.186239
1091000 0.000000 0.186068
1092000 0.000000 0.185897
1093000 0.000000 0.185727
1094000 0.000000 0.185558
1095000 1.000000 0.186301
1096000 0.000000 0.186131
1097000 0.000000 0.185962
1098000 0.000000 0.185792
1099000 0.000000 0.185623
1100000 0.000000 0.185455
1101000 0.000000 0.185286
1102000 0.000000 0.185118
1103000 0.000000 0.184950
1104000 0.000000 0.184783
1105000 0.000000 0.184615
1106000 0.000000 0.184448
1107000 0.000000 0.184282
1108000 0.000000 0.184116
1109000 0.000000 0.183950
1110000 0.000000 0.183784
1111000 0.000000 0.183618
1112000 0.000000 0.183453
1113000 0.000000 0.183288
1114000 0.000000 0.183124
1115000 1.000000 0.183857
1116000 0.000000 0.183692
1117000 0.000000 0.183527
1118000 0.000000 0.183363
1119000 1.000000 0.184093
1120000 0.000000 0.183929
1121000 0.000000 0.183764
1122000 0.000000 0.183601
1123000 0.000000 0.183437
1124000 0.000000 0.183274
1125000 0.000000 0.183111
1126000 0.000000 0.182948
1127000 0.000000 0.182786
1128000 0.000000 0.182624
1129000 0.000000 0.182462
1130000 0.000000 0.182301
1131000 0.000000 0.182140
1132000 0.000000 0.181979
1133000 0.000000 0.181818
1134000 0.000000 0.181658
1135000 0.000000 0.181498
1136000 0.000000 0.181338
1137000 0.000000 0.181179
1138000 0.000000 0.181019
1139000 0.000000 0.180860
1140000 0.000000 0.180702
1141000 0.000000 0.180543
1142000 0.000000 0.180385
1143000 0.000000 0.180227
1144000 0.000000 0.180070
1145000 0.000000 0.179913
1146000 0.000000 0.179756
1147000 0.000000 0.179599
1148000 0.000000 0.179443
1149000 1.000000 0.180157
1150000 0.000000 0.180000
1151000 0.000000 0.179844
1152000 0.000000 0.179688
1153000 0.000000 0.179532
1154000 0.000000 0.179376
1155000 0.000000 0.179221
1156000 0.000000 0.179066
1157000 0.000000 0.178911
1158000 0.000000 0.178756
1159000 0.000000 0.178602
1160000 0.000000 0.178448
1161000 0.000000 0.178295
1162000 0.000000 0.178141
1163000 0.000000 0.177988
1164000 0.000000 0.177835
1165000 1.000000 0.178541
1166000 0.000000 0.178388
1167000 0.000000 0.178235
1168000 1.000000 0.178938
1169000 0.000000 0.178785
1170000 0.000000 0.178632
1171000 0.000000 0.178480
1172000 0.000000 0.178328
1173000 0.000000 0.178176
1174000 0.000000 0.178024
1175000 0.000000 0.177872
1176000 0.000000 0.177721
1177000 0.000000 0.177570
1178000 0.000000 0.177419
1179000 0.000000 0.177269
1180000 0.000000 0.177119
1181000 1.000000 0.177815
1182000 0.000000 0.177665
1183000 0.000000 0.177515
1184000 0.000000 0.177365
1185000 0.000000 0.177215
1186000 0.000000 0.177066
1187000 0.000000 0.176917
1188000 0.000000 0.176768
1189000 0.000000 0.176619
1190000 0.000000 0.176471
1191000 0.000000 0.176322
1192000 0.000000 0.176174
1193000 0.000000 0.176027
1194000 0.000000 0.175879
1195000 0.000000 0.175732
1196000 0.000000 0.175585
1197000 1.000000 0.176274
1198000 0.000000 0.176127
1199000 0.000000 0.175980
1200000 0.000000 0.175833
1201000 0.000000 0.175687
1202000 0.000000 0.175541
1203000 0.000000 0.175395
1204000 0.000000 0.175249
1205000 0.000000 0.175104
1206000 0.000000 0.174959
1207000 0.000000 0.174814
1208000 0.000000 0.174669
1209000 0.000000 0.174524
1210000 0.000000 0.174380
1211000 0.000000 0.174236
1212000 0.000000 0.174092
1213000 1.000000 0.174773
1214000 0.000000 0.174629
1215000 1.000000 0.175309
1216000 0.000000 0.175164
1217000 0.000000 0.175021
1218000 0.000000 0.174877
1219000 0.000000 0.174733
1220000 1.000000 0.175410
1221000 0.000000 0.175266
1222000 1.000000 0.175941
1223000 0.000000 0.175797
1224000 0.000000 0.175654
1225000 0.000000 0.175510
1226000 0.000000 0.175367
1227000 0.000000 0.175224
1228000 0.000000 0.175081
1229000 0.000000 0.174939
1230000 0.000000 0.174797
1231000 0.000000 0.174655
1232000 0.000000 0.174513
1233000 0.000000 0.174371
1234000 0.000000 0.174230
1235000 0.000000 0.174089
1236000 0.000000 0.173948
1237000 0.000000 0.173808
1238000 1.000000 0.174475
1239000 0.000000 0.174334
1240000 0.000000 0.174194
1241000 1.000000 0.174859
1242000 0.000000 0.174718
1243000 1.000000 0.175382
1244000 0.000000 0.175241
1245000 0.000000 0.175100
1246000 0.000000 0.174960
1247000 0.000000 0.174820
1248000 0.000000 0.174679
1249000 1.000000 0.175340
1250000 0.000000 0.175200
1251000 0.000000 0.175060
1252000 0.000000 0.174920
1253000 0.000000 0.174781
1254000 0.000000 0.174641
1255000 0.000000 0.174502
1256000 0.000000 0.174363
1257000 0.000000 0.174224
1258000 0.000000 0.174086
1259000 0.000000 0.173948
1260000 0.000000 0.173810
1261000 0.000000 0.173672
1262000 0.000000 0.173534
1263000 0.000000 0.173397
1264000 0.000000 0.173259
1265000 0.000000 0.173123
1266000 0.000000 0.172986
1267000 0.000000 0.172849
1268000 0.000000 0.172713
1269000 0.000000 0.172577
1270000 0.000000 0.172441
1271000 0.000000 0.172305
1272000 1.000000 0.172956
1273000 0.000000 0.172820
1274000 1.000000 0.173469
1275000 0.000000 0.173333
1276000 0.000000 0.173197
1277000 0.000000 0.173062
1278000 0.000000 0.172926
1279000 0.000000 0.172791
1280000 0.000000 0.172656
1281000 0.000000 0.172521
1282000 0.000000 0.172387
1283000 0.000000 0.172253
1284000 0.000000 0.172118
1285000 0.000000 0.171984
1286000 0.000000 0.171851
1287000 0.000000 0.171717
1288000 0.000000 0.171584
1289000 0.000000 0.171451
1290000 0.000000 0.171318
1291000 0.000000 0.171185
1292000 0.000000 0.171053
1293000 0.000000 0.170920
1294000 0.000000 0.170788
1295000 1.000000 0.171429
1296000 0.000000 0.171296
1297000 0.000000 0.171164
1298000 1.000000 0.171803
1299000 0.000000 0.171671
1300000 1.000000 0.172308
1301000 1.000000 0.172944
1302000 0.000000 0.172811
1303000 0.000000 0.172678
1304000 0.000000 0.172546
1305000 0.000000 0.172414
1306000 0.000000 0.172282
1307000 1.000000 0.172915
1308000 0.000000 0.172783
1309000 0.000000 0.172651
1310000 0.000000 0.172519
1311000 0.000000 0.172387
1312000 0.000000 0.172256
1313000 1.000000 0.172887
1314000 0.000000 0.172755
1315000 1.000000 0.173384
1316000 0.000000 0.173252
1317000 0.000000 0.173121
1318000 0.000000 0.172989
1319000 0.000000 0.172858
1320000 0.000000 0.172727
1321000 1.000000 0.173354
1322000 0.000000 0.173222
1323000 1.000000 0.173847
1324000 0.000000 0.173716
1325000 0.000000 0.173585
1326000 0.000000 0.173454
1327000 0.000000 0.173323
1328000 1.000000 0.173946
1329000 0.000000 0.173815
1330000 0.000000 0.173684
1331000 0.000000 0.173554
1332000 1.000000 0.174174
1333000 0.000000 0.174044
1334000 0.000000 0.173913
1335000 0.000000 0.173783
1336000 0.000000 0.173653
1337000 0.000000 0.173523
1338000 0.000000 0.173393
1339000 0.000000 0.173264
1340000 0.000000 0.173134
1341000 0.000000 0.173005
1342000 1.000000 0.173621
1343000 0.000000 0.173492
1344000 0.000000 0.173363
1345000 1.000000 0.173978
1346000 0.000000 0.173848
1347000 0.000000 0.173719
1348000 0.000000 0.173591
1349000 0.000000 0.173462
1350000 0.000000 0.173333
1351000 0.000000 0.173205
1352000 0.000000 0.173077
1353000 0.000000 0.172949
1354000 0.000000 0.172821
1355000 0.000000 0.172694
1356000 0.000000 0.172566
1357000 0.000000 0.172439
1358000 0.000000 0.172312
1359000 0.000000 0.172185
1360000 0.000000 0.172059
1361000 1.000000 0.172667
1362000 0.000000 0.172540
1363000 0.000000 0.172414
1364000 0.000000 0.172287
1365000 1.000000 0.172894
1366000 0.000000 0.172767
1367000 0.000000 0.172641
1368000 0.000000 0.172515
1369000 1.000000 0.173119
1370000 0.000000 0.172993
1371000 1.000000 0.173596
1372000 0.000000 0.173469
1373000 0.000000 0.173343
1374000 0.000000 0.173217
1375000 0.000000 0.173091
1376000 0.000000 0.172965
1377000 0.000000 0.172840
1378000 0.000000 0.172714
1379000 0.000000 0.172589
1380000 0.000000 0.172464
1381000 0.000000 0.172339
1382000 0.000000 0.172214
1383000 0.000000 0.172090
1384000 0.000000 0.171965
1385000 0.000000 0.171841
1386000 0.000000 0.171717
1387000 0.000000 0.171593
1388000 0.000000 0.171470
1389000 0.000000 0.171346
1390000 1.000000 0.171942
1391000 0.000000 0.171819
1392000 0.000000 0.171695
1393000 0.000000 0.171572
1394000 1.000000 0.172166
1395000 0.000000 0.172043
1396000 0.000000 0.171920
1397000 0.000000 0.171797
1398000 0.000000 0.171674
1399000 0.000000 0.171551
1400000 0.000000 0.171429
1401000 1.000000 0.172020
1402000 0.000000 0.171897
1403000 2.000000 0.173200
1404000 0.000000 0.173077
1405000 0.000000 0.172954
1406000 0.000000 0.172831
1407000 0.000000 0.172708
1408000 0.000000 0.172585
1409000 1.000000 0.173172
1410000 0.000000 0.173050
1411000 0.000000 0.172927
1412000 0.000000 0.172805
1413000 0.000000 0.172682
1414000 0.000000 0.172560
1415000 1.000000 0.173145
1416000 0.000000 0.173023
1417000 0.000000 0.172900
1418000 0.000000 0.172779
1419000 3.000000 0.174771
1420000 1.000000 0.175352
1421000 0.000000 0.175229
1422000 0.000000 0.175105
1423000 0.000000 0.174982
1424000 0.000000 0.174860
1425000 0.000000 0.174737
1426000 0.000000 0.174614
1427000 0.000000 0.174492
1428000 0.000000 0.174370
1429000 0.000000 0.174248
1430000 0.000000 0.174126
1431000 1.000000 0.174703
1432000 0.000000 0.174581
1433000 0.000000 0.174459
1434000 0.000000 0.174338
1435000 0.000000 0.174216
1436000 0.000000 0.174095
1437000 0.000000 0.173974
1438000 0.000000 0.173853
1439000 0.000000 0.173732
1440000 0.000000 0.173611
1441000 0.000000 0.173491
1442000 0.000000 0.173370
1443000 0.000000 0.173250
1444000 1.000000 0.173823
1445000 0.000000 0.173702
1446000 0.000000 0.173582
1447000 0.000000 0.173462
1448000 0.000000 0.173343
1449000 0.000000 0.173223
1450000 0.000000 0.173103
1451000 0.000000 0.172984
1452000 0.000000 0.172865
1453000 1.000000 0.173434
1454000 0.000000 0.173315
1455000 0.000000 0.173196
1456000 0.000000 0.173077
1457000 0.000000 0.172958
1458000 0.000000 0.172840
1459000 1.000000 0.173406
1460000 1.000000 0.173973
1461000 0.000000 0.173854
1462000 0.000000 0.173735
1463000 1.000000 0.174299
1464000 1.000000 0.174863
1465000 0.000000 0.174744
1466000 0.000000 0.174625
1467000 1.000000 0.175187
1468000 1.000000 0.175749
1469000 0.000000 0.175630
1470000 1.000000 0.176190
1471000 0.000000 0.176071
1472000 0.000000 0.175951
1473000 0.000000 0.175832
1474000 0.000000 0.175712
1475000 0.000000 0.175593
1476000 1.000000 0.176152
1477000 0.000000 0.176032
1478000 1.000000 0.176590
1479000 0.000000 0.176471
1480000 1.000000 0.177027
1481000 0.000000 0.176907
1482000 0.000000 0.176788
1483000 0.000000 0.176669
1484000 1.000000 0.177224
1485000 0.000000 0.177104
1486000 1.000000 0.177658
1487000 0.000000 0.177539
1488000 0.000000 0.177419
1489000 0.000000 0.177300
1490000 0.000000 0.177181
1491000 0.000000 0.177062
1492000 1.000000 0.177614
1493000 0.000000 0.177495
1494000 1.000000 0.178046
1495000 0.000000 0.177926
1496000 0.000000 0.177807
1497000 0.000000 0.177689
1498000 0.000000 0.177570
1499000 0.000000 0.177452
1500000 0.000000 0.177333
1501000 0.000000 0.177215
1502000 0.000000 0.177097
1503000 1.000000 0.177645
1504000 0.000000 0.177527
1505000 1.000000 0.178073
1506000 0.000000 0.177955
1507000 0.000000 0.177837
1508000 0.000000 0.177719
1509000 0.000000 0.177601
1510000 0.000000 0.177483
1511000 0.000000 0.177366
1512000 0.000000 0.177249
1513000 0.000000 0.177132
1514000 0.000000 0.177015
1515000 1.000000 0.177558
1516000 1.000000 0.178100
1517000 0.000000 0.177983
1518000 0.000000 0.177866
1519000 0.000000 0.177749
1520000 0.000000 0.177632
1521000 0.000000 0.177515
1522000 0.000000 0.177398
1523000 0.000000 0.177282
1524000 1.000000 0.177822
1525000 0.000000 0.177705
1526000 1.000000 0.178244
1527000 0.000000 0.178127
1528000 1.000000 0.178665
1529000 0.000000 0.178548
1530000 0.000000 0.178431
1531000 0.000000 0.178315
1532000 0.000000 0.178198
1533000 0.000000 0.178082
1534000 0.000000 0.177966
1535000 0.000000 0.177850
1536000 0.000000 0.177734
1537000 0.000000 0.177619
1538000 0.000000 0.177503
1539000 0.000000 0.177388
1540000 0.000000 0.177273
1541000 1.000000 0.177807
1542000 0.000000 0.177691
1543000 0.000000 0.177576
1544000 0.000000 0.177461
1545000 0.000000 0.177346
1546000 0.000000 0.177232
1547000 0.000000 0.177117
1548000 0.000000 0.177003
1549000 0.000000 0.176888
1550000 0.000000 0.176774
1551000 0.000000 0.176660
1552000 0.000000 0.176546
1553000 0.000000 0.176433
1554000 0.000000 0.176319
1555000 0.000000 0.176206
1556000 0.000000 0.176093
1557000 0.000000 0.175979
1558000 0.000000 0.175866
1559000 1.000000 0.176395
1560000 0.000000 0.176282
1561000 1.000000 0.176810
1562000 0.000000 0.176697
1563000 0.000000 0.176583
1564000 1.000000 0.177110
1565000 0.000000 0.176997
1566000 0.000000 0.176884
1567000 0.000000 0.176771
1568000 0.000000 0.176658
1569000 1.000000 0.177183
1570000 0.000000 0.177070
1571000 0.000000 0.176957
1572000 0.000000 0.176845
1573000 1.000000 0.177368
1574000 0.000000 0.177255
1575000 0.000000 0.177143
1576000 0.000000 0.177030
1577000 0.000000 0.176918
1578000 0.000000 0.176806
1579000 0.000000 0.176694
1580000 0.000000 0.176582
1581000 1.000000 0.177103
1582000 0.000000 0.176991
1583000 0.000000 0.176879
1584000 0.000000 0.176768
1585000 0.000000 0.176656
1586000 0.000000 0.176545
1587000 0.000000 0.176434
1588000 0.000000 0.176322
1589000 1.000000 0.176841
1590000 0.000000 0.176730
1591000 0.000000 0.176618
1592000 0.000000 0.176508
1593000 0.000000 0.176397
1594000 2.000000 0.177541
1595000 0.000000 0.177429
1596000 0.000000 0.177318
1597000 0.000000 0.177207
1598000 0.000000 0.177096
1599000 0.000000 0.176986
1600000 0.000000 0.176875
1601000 0.000000 0.176765
1602000 0.000000 0.176654
1603000 0.000000 0.176544
1604000 0.000000 0.176434
1605000 0.000000 0.176324
1606000 0.000000 0.176214
1607000 0.000000 0.176105
1608000 0.000000 0.175995
1609000 1.000000 0.176507
1610000 0.000000 0.176398
1611000 0.000000 0.176288
1612000 0.000000 0.176179
1613000 0.000000 0.176069
1614000 0.000000 0.175960
1615000 1.000000 0.176471
1616000 0.000000 0.176361
1617000 0.000000 0.176252
1618000 1.000000 0.176761
1619000 0.000000 0.176652
1620000 0.000000 0.176543
1621000 0.000000 0.176434
1622000 0.000000 0.176326
1623000 0.000000 0.176217
1624000 1.000000 0.176724
1625000 0.000000 0.176615
1626000 0.000000 0.176507
1627000 0.000000 0.176398
1628000 0.000000 0.176290
1629000 0.000000 0.176182
1630000 0.000000 0.176074
1631000 0.000000 0.175966
1632000 0.000000 0.175858
1633000 0.000000 0.175750
1634000 1.000000 0.176255
1635000 0.000000 0.176147
1636000 0.000000 0.176039
1637000 0.000000 0.175932
1638000 0.000000 0.175824
1639000 0.000000 0.175717
1640000 0.000000 0.175610
1641000 0.000000 0.175503
1642000 0.000000 0.175396
1643000 0.000000 0.175289
1644000 0.000000 0.175182
1645000 0.000000 0.175076
1646000 0.000000 0.174970
1647000 0.000000 0.174863
1648000 0.000000 0.174757
1649000 0.000000 0.174651
1650000 1.000000 0.175152
1651000 1.000000 0.175651
1652000 0.000000 0.175545
1653000 0.000000 0.175439
1654000 1.000000 0.175937
1655000 0.000000 0.175831
1656000 0.000000 0.175725
1657000 0.000000 0.175619
1658000 0.000000 0.175513
1659000 0.000000 0.175407
1660000 0.000000 0.175301
1661000 0.000000 0.175196
1662000 0.000000 0.175090
1663000 1.000000 0.175586
1664000 0.000000 0.175481
1665000 0.000000 0.175375
1666000 1.000000 0.175870
1667000 1.000000 0.176365
1668000 0.000000 0.176259
1669000 0.000000 0.176153
1670000 0.000000 0.176048
1671000 0.000000 0.175943
1672000 0.000000 0.175837
1673000 0.000000 0.175732
1674000 0.000000 0.175627
1675000 0.000000 0.175522
1676000 0.000000 0.175418
1677000 0.000000 0.175313
1678000 0.000000 0.175209
1679000 0.000000 0.175104
1680000 0.000000 0.175000
1681000 0.000000 0.174896
1682000 0.000000 0.174792
1683000 1.000000 0.175282
1684000 0.000000 0.175178
1685000 2.000000 0.176261
1686000 0.000000 0.176157
1687000 0.000000 0.176052
1688000 0.000000 0.175948
1689000 0.000000 0.175844
1690000 0.000000 0.175740
1691000 0.000000 0.175636
1692000 1.000000 0.176123
1693000 1.000000 0.176610
1694000 0.000000 0.176505
1695000 0.000000 0.176401
1696000 0.000000 0.176297
1697000 1.000000 0.176783
1698000 0.000000 0.176678
1699000 0.000000 0.176574
1700000 0.000000 0.176471
1701000 0.000000 0.176367
1702000 0.000000 0.176263
1703000 2.000000 0.177334
1704000 0.000000 0.177230
1705000 0.000000 0.177126
1706000 0.000000 0.177022
1707000 0.000000 0.176919
1708000 0.000000 0.176815
1709000 0.000000 0.176712
1710000 0.000000 0.176608
1711000 1.000000 0.177089
1712000 0.000000 0.176986
1713000 0.000000 0.176883
1714000 1.000000 0.177363
1715000 0.000000 0.177259
1716000 0.000000 0.177156
1717000 0.000000 0.177053
1718000 0.000000 0.176950
1719000 1.000000 0.177429
1720000 0.000000 0.177326
1721000 0.000000 0.177223
1722000 2.000000 0.178281
1723000 0.000000 0.178178
1724000 1.000000 0.178654
1725000 0.000000 0.178551
1726000 0.000000 0.178447
1727000 0.000000 0.178344
1728000 0.000000 0.178241
1729000 1.000000 0.178716
1730000 1.000000 0.179191
1731000 1.000000 0.179665
1732000 1.000000 0.180139
1733000 0.000000 0.180035
1734000 0.000000 0.179931
1735000 1.000000 0.180403
1736000 0.000000 0.180300
1737000 0.000000 0.180196
1738000 0.000000 0.180092
1739000 0.000000 0.179988
1740000 0.000000 0.179885
1741000 2.000000 0.180930
1742000 0.000000 0.180827
1743000 0.000000 0.180723
1744000 0.000000 0.180619
1745000 0.000000 0.180516
1746000 0.000000 0.180412
1747000 0.000000 0.180309
1748000 0.000000 0.180206
1749000 0.000000 0.180103
1750000 0.000000 0.180000
1751000 0.000000 0.179897
1752000 0.000000 0.179795
1753000 0.000000 0.179692
1754000 0.000000 0.179590
1755000 0.000000 0.179487
1756000 0.000000 0.179385
1757000 0.000000 0.179283
1758000 0.000000 0.179181
1759000 0.000000 0.179079
1760000 0.000000 0.178977
1761000 0.000000 0.178876
1762000 0.000000 0.178774
1763000 0.000000 0.178673
1764000 1.000000 0.179138
1765000 0.000000 0.179037
1766000 0.000000 0.178935
1767000 1.000000 0.179400
1768000 0.000000 0.179299
1769000 0.000000 0.179197
1770000 0.000000 0.179096
1771000 0.000000 0.178995
1772000 1.000000 0.179458
1773000 1.000000 0.179921
1774000 0.000000 0.179820
1775000 0.000000 0.179718
1776000 0.000000 0.179617
1777000 0.000000 0.179516
1778000 0.000000 0.179415
1779000 0.000000 0.179314
1780000 0.000000 0.179213
1781000 0.000000 0.179113
1782000 0.000000 0.179012
1783000 0.000000 0.178912
1784000 0.000000 0.178812
1785000 0.000000 0.178711
1786000 0.000000 0.178611
1787000 0.000000 0.178511
1788000 0.000000 0.178412
1789000 0.000000 0.178312
1790000 0.000000 0.178212
1791000 0.000000 0.178113
1792000 0.000000 0.178013
1793000 0.000000 0.177914
1794000 1.000000 0.178372
1795000 0.000000 0.178273
1796000 0.000000 0.178174
1797000 0.000000 0.178075
1798000 0.000000 0.177976
1799000 0.000000 0.177877
1800000 0.000000 0.177778
1801000 1.000000 0.178234
1802000 1.000000 0.178690
1803000 0.000000 0.178591
1804000 0.000000 0.178492
1805000 0.000000 0.178393
1806000 1.000000 0.178848
1807000 0.000000 0.178749
1808000 0.000000 0.178650
1809000 0.000000 0.178552
1810000 0.000000 0.178453
1811000 0.000000 0.178355
1812000 0.000000 0.178256
1813000 0.000000 0.178158
1814000 1.000000 0.178611
1815000 1.000000 0.179063
1816000 0.000000 0.178965
1817000 0.000000 0.178866
1818000 0.000000 0.178768
1819000 2.000000 0.179769
1820000 0.000000 0.179670
1821000 0.000000 0.179572
1822000 0.000000 0.179473
1823000 0.000000 0.179375
1824000 0.000000 0.179276
1825000 0.000000 0.179178
1826000 0.000000 0.179080
1827000 0.000000 0.178982
1828000 1.000000 0.179431
1829000 0.000000 0.179333
1830000 0.000000 0.179235
1831000 0.000000 0.179137
1832000 0.000000 0.179039
1833000 0.000000 0.178942
1834000 0.000000 0.178844
1835000 1.000000 0.179292
1836000 0.000000 0.179194
1837000 0.000000 0.179096
1838000 0.000000 0.178999
1839000 0.000000 0.178902
1840000 0.000000 0.178804
1841000 0.000000 0.178707
1842000 0.000000 0.178610
1843000 0.000000 0.178513
1844000 0.000000 0.178416
1845000 0.000000 0.178320
1846000 0.000000 0.178223
1847000 0.000000 0.178127
1848000 0.000000 0.178030
1849000 0.000000 0.177934
1850000 0.000000 0.177838
1851000 0.000000 0.177742
1852000 0.000000 0.177646
1853000 0.000000 0.177550
1854000 0.000000 0.177454
1855000 0.000000 0.177358
1856000 0.000000 0.177263
1857000 0.000000 0.177167
1858000 0.000000 0.177072
1859000 0.000000 0.176977
1860000 0.000000 0.176882
1861000 0.000000 0.176787
1862000 0.000000 0.176692
1863000 0.000000 0.176597
1864000 0.000000 0.176502
1865000 0.000000 0.176408
1866000 0.000000 0.176313
1867000 0.000000 0.176219
1868000 0.000000 0.176124
1869000 0.000000 0.176030
1870000 1.000000 0.176471
1871000 0.000000 0.176376
1872000 0.000000 0.176282
1873000 0.000000 0.176188
1874000 0.000000 0.176094
1875000 0.000000 0.176000
1876000 0.000000 0.175906
1877000 0.000000 0.175812
1878000 0.000000 0.175719
1879000 1.000000 0.176158
1880000 0.000000 0.176064
1881000 0.000000 0.175970
1882000 0.000000 0.175877
1883000 1.000000 0.176314
1884000 1.000000 0.176752
1885000 0.000000 0.176658
1886000 0.000000 0.176564
1887000 0.000000 0.176471
1888000 0.000000 0.176377
1889000 0.000000 0.176284
1890000 0.000000 0.176190
1891000 0.000000 0.176097
1892000 0.000000 0.176004
1893000 0.000000 0.175911
1894000 0.000000 0.175818
1895000 0.000000 0.175726
1896000 0.000000 0.175633
1897000 0.000000 0.175540
1898000 1.000000 0.175975
1899000 0.000000 0.175882
1900000 0.000000 0.175789
1901000 0.000000 0.175697
1902000 0.000000 0.175605
1903000 0.000000 0.175512
1904000 1.000000 0.175945
1905000 0.000000 0.175853
1906000 0.000000 0.175761
1907000 0.000000 0.175669
1908000 0.000000 0.175577
1909000 0.000000 0.175485
1910000 0.000000 0.175393
1911000 1.000000 0.175824
1912000 0.000000 0.175732
1913000 0.000000 0.175640
1914000 0.000000 0.175549
1915000 0.000000 0.175457
1916000 0.000000 0.175365
1917000 0.000000 0.175274
1918000 0.000000 0.175182
1919000 0.000000 0.175091
1920000 0.000000 0.175000
1921000 0.000000 0.174909
1922000 0.000000 0.174818
1923000 0.000000 0.174727
1924000 0.000000 0.174636
1925000 0.000000 0.174545
1926000 0.000000 0.174455
1927000 2.000000 0.175402
1928000 0.000000 0.175311
1929000 0.000000 0.175220
1930000 0.000000 0.175130
1931000 0.000000 0.175039
1932000 0.000000 0.174948
1933000 1.000000 0.175375
1934000 0.000000 0.175284
1935000 0.000000 0.175194
1936000 0.000000 0.175103
1937000 0.000000 0.175013
1938000 0.000000 0.174923
1939000 0.000000 0.174832
1940000 0.000000 0.174742
1941000 0.000000 0.174652
1942000 0.000000 0.174562
1943000 1.000000 0.174987
1944000 0.000000 0.174897
1945000 0.000000 0.174807
1946000 0.000000 0.174717
1947000 1.000000 0.175141
1948000 0.000000 0.175051
1949000 0.000000 0.174962
1950000 0.000000 0.174872
1951000 0.000000 0.174782
1952000 0.000000 0.174693
1953000 0.000000 0.174603
1954000 0.000000 0.174514
1955000 0.000000 0.174425
1956000 0.000000 0.174335
1957000 1.000000 0.174757
1958000 0.000000 0.174668
1959000 0.000000 0.174579
1960000 1.000000 0.175000
1961000 1.000000 0.175421
1962000 0.000000 0.175331
1963000 1.000000 0.175751
1964000 0.000000 0.175662
1965000 1.000000 0.176081
1966000 0.000000 0.175992
1967000 0.000000 0.175902
1968000 0.000000 0.175813
1969000 0.000000 0.175724
1970000 0.000000 0.175635
1971000 1.000000 0.176053
1972000 1.000000 0.176471
1973000 0.000000 0.176381
1974000 0.000000 0.176292
1975000 0.000000 0.176203
1976000 0.000000 0.176113
1977000 0.000000 0.176024
1978000 0.000000 0.175935
1979000 0.000000 0.175846
1980000 0.000000 0.175758
1981000 0.000000 0.175669
1982000 0.000000 0.175580
1983000 1.000000 0.175996
1984000 0.000000 0.175907
1985000 0.000000 0.175819
1986000 0.000000 0.175730
1987000 0.000000 0.175642
1988000 0.000000 0.175553
1989000 0.000000 0.175465
1990000 0.000000 0.175377
1991000 0.000000 0.175289
1992000 0.000000 0.175201
1993000 0.000000 0.175113
1994000 0.000000 0.175025
1995000 0.000000 0.174937
1996000 0.000000 0.174850
1997000 0.000000 0.174762
1998000 0.000000 0.174675
1999000 0.000000 0.174587
2000000 0.000000 0.174500
