# r N rho/M
0 0.004 33.21080207906264
0.2 0.01866666666666667 123.3321440150196
0.4 0.036 118.9274245859118
0.6 0.03933333333333333 86.62614877245427
0.8 0.062 102.4097267267574
1 0.061 80.60636555267355
1.2 0.08266666666666667 91.03086820156211
1.4 0.091 85.89202886760296
1.6 0.1046666666666667 86.44261879624145
1.8 0.1123333333333333 82.46613597829685
2 0.126 83.24919721013826
2.2 0.1543333333333333 92.69932253076962
2.4 0.154 84.790849010326
2.6 0.1753333333333333 89.1108622965664
2.8 0.2053333333333333 96.90382744037258
3 0.2073333333333333 91.32451616350265
3.2 0.2316666666666667 95.66500010093598
3.4 0.2336666666666667 90.81495058248821
3.6 0.2586666666666667 94.94617436076909
3.8 0.2636666666666667 91.68771232695539
4 0.2733333333333333 90.29674829671082
4.2 0.297 93.44297646035926
4.4 0.3093333333333333 92.89953705027453
4.6 0.3266666666666667 93.8396747940367
4.8 0.3476666666666667 95.7108825949892
5 0.364 96.19907233171533
5.2 0.376 95.54852915449324
5.4 0.3863333333333333 94.53832996918501
5.6 0.373 88.01573287806568
5.8 0.3783333333333334 86.19580262133454
6 0.4043333333333333 89.04874445846359
6.2 0.4073333333333333 86.81559907048042
6.4 0.408 84.24025908168751
6.6 0.4463333333333334 89.36241387235459
6.8 0.406 78.89629800960816
7 0.4276666666666666 80.7322146792195
7.2 0.4293333333333333 78.79553645404033
7.4 0.4386666666666666 78.33257795548545
7.6 0.4546666666666667 79.05312238556711
7.8 0.4706666666666667 79.73671581923431
8 0.4633333333333333 76.53200008074879
8.199999999999999 0.4976666666666666 80.1981232641221
8.4 0.4896666666666666 77.03015287332646
8.6 0.4993333333333334 76.72406633492501
8.800000000000001 0.5383333333333333 80.83661225010418
9 0.553 81.19366147655461
9.199999999999999 0.5600000000000001 80.43400696631718
9.4 0.5613333333333334 78.91007998529372
9.6 0.5943333333333334 81.80848689686758
9.800000000000001 0.629 84.81332206863777
10 0.6203333333333333 81.97182857569699
10.2 0.658 85.24427601038124
10.4 0.6556666666666666 83.30849151014547
10.6 0.7013333333333334 87.42952527210288
10.8 0.6966666666666667 85.23947784106846
11 0.6916666666666667 83.08902559453433
11.2 0.7293333333333333 86.04934027578538
11.4 0.7363333333333333 85.35109841139672
11.6 0.765 87.14509560174572
11.8 0.763 85.44409129854114
12 0.7713333333333333 84.93767299129627
12.2 0.8036666666666666 87.04736511130339
12.4 0.8353333333333334 89.01795878503434
12.6 0.8226666666666667 86.27656786538222
12.8 0.8463333333333334 87.37173930081889
13 0.864 87.823328924981
13.2 0.884 88.49481762116669
13.4 0.9026666666666666 89.01477771659734
13.6 0.9206666666666666 89.45466958232255
13.8 0.9236666666666666 88.4454894062162
14 0.9320000000000001 87.96853945561097
14.2 0.9246666666666666 86.04712462214903
14.4 0.925 84.88261399843242
14.6 0.9713333333333334 87.91337271520726
14.8 0.954 85.17775004126115
15 0.9583333333333334 84.42378905790036
15.2 0.978 85.02267634870009
15.4 0.9743333333333334 83.60386293040408
15.6 0.9646666666666667 81.71319248614166
15.8 0.9886666666666667 82.68606219451814
16 0.9986666666666667 82.47837131004439
16.2 1.037666666666667 84.6413060667452
16.4 1.031333333333333 83.09879215646143
16.6 1.029666666666667 81.96492961755501
16.8 1.041333333333333 81.90680652698158
17 1.059333333333333 82.34234321002781
17.2 1.114 85.58472286092102
17.4 1.068333333333333 81.13290672580828
17.6 1.097333333333333 82.38827477626717
17.8 1.113666666666667 82.67509894746802
18 1.177666666666667 86.45485412798897
18.2 1.197333333333333 86.93270433711746
18.4 1.163666666666667 83.56997569030156
18.6 1.174333333333333 83.42917499326309
18.8 1.185333333333333 83.31479941440156
19 1.196333333333333 83.20283174246345
19.2 1.231666666666667 84.76790776329939
19.4 1.228666666666667 83.68966915304904
19.6 1.206 81.30752497200091
19.8 1.257 83.88988367255395
20 1.261666666666667 83.35931519586596
20.2 1.301666666666667 85.15064044884225
20.4 1.300333333333333 84.22946320073383
20.6 1.305333333333333 83.73243341935104
20.8 1.342666666666667 85.29908586753076
21 1.363 85.76617974105702
21.2 1.331333333333333 82.98325188611666
21.4 1.382333333333333 85.35687603976744
21.6 1.367333333333333 83.64888471389064
21.8 1.348666666666667 81.74997619344192
22 1.346 80.84662297607944
22.2 1.421 84.58251768597631
22.4 1.415666666666667 83.51269381884381
22.6 1.401666666666667 81.9550672539756
22.8 1.440333333333333 83.47716075953944
23 1.480333333333333 85.0493868898606
23.2 1.456333333333333 82.94922062832832
23.4 1.503666666666667 84.91320232780123
23.6 1.541333333333333 86.30263830590962
23.8 1.580333333333333 87.74275131680794
24 1.590666666666667 87.58050464876098
24.2 1.590333333333333 86.83849750526251
24.4 1.582 85.67540332190914
24.6 1.589333333333333 85.37277332514714
24.8 1.648333333333333 87.82797410055763
25 1.599333333333333 84.53537528343774
25.2 1.685 88.35657426246094
25.4 1.665 86.62036830076254
25.6 1.670333333333333 86.21894163773206
25.8 1.728333333333333 88.52120248032625
26 1.686 85.68873412472105
26.2 1.726333333333333 87.06886230286079
26.4 1.763333333333333 88.26123401507763
26.6 1.728666666666667 85.87546977200481
26.8 1.775333333333333 87.53558089338948
27 1.759666666666667 86.12042172689004
27.2 1.772 86.08635472476949
27.4 1.752 84.49345007076947
27.6 1.806666666666667 86.49847574552361
27.8 1.795333333333333 85.33747786034118
28 1.843666666666667 87.00893986569817
28.2 1.805333333333333 84.59560435478043
28.4 1.810333333333333 84.23250429396023
28.6 1.811 83.67426803616404
28.8 1.846 84.69908402221959
29 1.804333333333333 82.21636644745091
29.2 1.816333333333333 82.19628825071455
29.4 1.858666666666667 83.53984876430388
29.6 1.88 83.92776209516298
29.8 1.923666666666667 85.30079136034017
30 1.945333333333333 85.6864752942446
30.2 1.958333333333333 85.68783657618738
30.4 1.918 83.37090656278465
30.6 1.938 83.68966915304904
30.8 1.907666666666667 81.84483536618242
31 1.960333333333333 83.56179020188139
31.2 1.953666666666667 82.74378389102908
31.4 2.007333333333333 84.47522421046956
31.6 1.964666666666667 82.15638074418239
31.8 1.990333333333333 82.70622550692748
32 1.997 82.46460656182843
32.2 2.017333333333333 82.78683846261077
32.4 2.040333333333333 83.21385069620098
32.6 2.028 82.20341413095743
32.8 2.052333333333333 82.68249245432013
33 2.053 82.20808170871275
33.2 2.050333333333333 81.60671448326008
33.4 2.115 83.67648137032717
33.6 2.141666666666667 84.22714979767231
33.8 2.163333333333334 84.57582572458554
34 2.172 84.41515235313739
34.2 2.197666666666667 84.91320232780122
34.4 2.217 85.16217710173335
34.6 2.223 84.89905743560755
34.8 2.235333333333333 84.87944968849771
35 2.336 88.19506788339363
35.2 2.338666666666667 87.79406680289952
35.4 2.286666666666667 85.35699232677914
35.6 2.236333333333334 83.00916474686666
35.8 2.240333333333334 82.69307062299951
36 2.26 82.95554924819773
36.2 2.236666666666667 81.64548997047964
36.4 2.301 83.53235774486663
36.6 2.221 80.18755616433215
36.8 2.276666666666667 81.75063505653964
37 2.326333333333333 83.08253215065849
37.2 2.298666666666667 81.65307844926799
37.4 2.257666666666667 79.7678200356883
37.6 2.300333333333333 80.84300207519476
37.8 2.354666666666667 82.31465091856565
38 2.263 78.69379001108724
38.2 2.445 84.57753144635087
38.4 2.486 85.54791016220392
38.6 2.420333333333333 82.85665226619705
38.8 2.430666666666667 82.78147958003711
39 2.442666666666667 82.76354865769818
39.2 2.446 82.45365094590143
39.4 2.439 81.80033518472614
39.6 2.488 83.02228742136603
39.8 2.418666666666667 80.30312607438825
40 2.399666666666667 79.27393792536843
40.2 2.315333333333333 76.10741580742061
40.4 2.248 73.52828670768146
40.6 2.187666666666667 71.20239806215463
40.8 2.092666666666667 67.7765406273016
41 2.051333333333333 66.11376430909678
41.2 1.92 61.58054347490577
41.4 1.881 60.03824091414388
41.6 1.755666666666667 55.76840681036303
41.8 1.669333333333333 52.77233229897627
42 1.638666666666667 51.55619217498609
42.2 1.537 48.12834428345087
42.4 1.516666666666667 47.26762594915257
42.6 1.458333333333333 45.23626174259816
42.8 1.386666666666667 42.8122262268426
43 1.297333333333333 39.86783260020402
43.2 1.221 37.34835015931026
43.4 1.110666666666667 33.81687819766668
43.6 1.005333333333333 30.46934357382858
43.8 0.9343333333333333 28.18819305887966
44 0.8673333333333333 26.04790898758775
44.2 0.797 23.82733971718746
44.4 0.7236666666666667 21.5374907220566
44.6 0.6820000000000001 20.20640347971895
44.8 0.6123333333333333 18.06131605194444
45 0.534 15.68080116762392
45.2 0.4636666666666667 13.55523169444472
45.4 0.4236666666666667 12.33127399646712
45.6 0.3763333333333334 10.90554437601482
45.8 0.318 9.174895928753021
46 0.283 8.129579989809912
46.2 0.2533333333333334 7.245858801129788
46.4 0.2126666666666667 6.056489215023286
46.6 0.2036666666666667 5.775286633443976
46.8 0.1713333333333333 4.837661937097078
47 0.171 4.807704398153882
47.2 0.141 3.947449827357242
47.4 0.103 2.87143102024119
47.6 0.09666666666666666 2.683547551347216
47.8 0.07933333333333334 2.193144820350768
48 0.07266666666666667 2.000476740719813
48.2 0.05933333333333334 1.626639125272191
48.4 0.05333333333333334 1.456105596399287
48.6 0.03966666666666667 1.078521835522291
48.8 0.044 1.191440501316056
49 0.02566666666666667 0.6921701960026613
49.2 0.02066666666666667 0.5550662695217201
49.4 0.01233333333333333 0.3299081353785228
49.6 0.008333333333333333 0.2220120679993873
49.8 0.008999999999999999 0.2388100895299433
50 0.004666666666666667 0.1233321440150197
50.2 0.003 0.07896907343022032
50.4 0.001 0.02621856803040384
50.6 0.0003333333333333333 0.008704979108908781
50.8 0 0
51 0.0003333333333333333 0.008636704762956556
