1000 0.874545 0.874545
2000 0.869175 0.871860
3000 0.889790 0.877837
4000 0.868638 0.875537
5000 0.866408 0.873711
6000 0.861589 0.871691
7000 0.894431 0.874940
8000 0.902676 0.878407
9000 0.890578 0.879759
10000 0.895053 0.881288
11000 0.924667 0.885232
12000 0.926181 0.888644
13000 0.908616 0.890181
14000 0.904901 0.891232
15000 0.908073 0.892355
16000 0.889193 0.892157
17000 0.916653 0.893598
18000 0.894922 0.893672
19000 0.910599 0.894563
20000 0.892157 0.894442
21000 0.891220 0.894289
22000 0.912642 0.895123
23000 0.907672 0.895669
24000 0.894591 0.895624
25000 0.893345 0.895533
26000 0.894354 0.895487
27000 0.909578 0.896009
28000 0.904775 0.896322
29000 0.902042 0.896520
30000 0.884624 0.896123
31000 0.880457 0.895618
32000 0.903097 0.895851
33000 0.897198 0.895892
34000 0.867523 0.895058
35000 0.863145 0.894146
36000 0.866850 0.893388
37000 0.896255 0.893465
38000 0.871228 0.892880
39000 0.841634 0.891566
40000 0.880977 0.891301
41000 0.876410 0.890938
42000 0.871141 0.890467
43000 0.854444 0.889629
44000 0.885011 0.889524
45000 0.858862 0.888843
46000 0.866935 0.888366
47000 0.881756 0.888226
48000 0.889992 0.888263
49000 0.881899 0.888133
50000 0.893363 0.888237
51000 0.890830 0.888288
52000 0.886219 0.888248
53000 0.900040 0.888471
54000 0.862677 0.887993
55000 0.867577 0.887622
56000 0.891261 0.887687
57000 0.873323 0.887435
58000 0.863919 0.887030
59000 0.881254 0.886932
60000 0.881029 0.886833
61000 0.867072 0.886509
62000 0.862473 0.886122
63000 0.875118 0.885947
64000 0.874077 0.885761
65000 0.837849 0.885024
66000 0.862167 0.884678
67000 0.878280 0.884583
68000 0.867972 0.884338
69000 0.919954 0.884854
70000 0.883248 0.884831
71000 0.883057 0.884807
72000 0.906619 0.885109
73000 0.909561 0.885444
74000 0.892579 0.885541
75000 0.908784 0.885851
76000 0.912093 0.886196
77000 0.865824 0.885931
78000 0.899394 0.886104
79000 0.883091 0.886066
80000 0.901347 0.886257
81000 0.900987 0.886439
82000 0.903206 0.886643
83000 0.896982 0.886768
84000 0.894426 0.886859
85000 0.921579 0.887267
86000 0.907434 0.887502
87000 0.906652 0.887722
88000 0.891790 0.887768
89000 0.922856 0.888163
90000 0.909378 0.888398
91000 0.896963 0.888492
92000 0.883139 0.888434
93000 0.870019 0.888236
94000 0.899482 0.888356
95000 0.917216 0.888660
96000 0.897105 0.888748
97000 0.901511 0.888879
98000 0.904142 0.889035
99000 0.924870 0.889397
100000 0.915910 0.889662
101000 0.917059 0.889933
102000 0.891555 0.889949
103000 0.903280 0.890079
104000 0.912425 0.890293
105000 0.889569 0.890287
106000 0.888958 0.890274
107000 0.875378 0.890135
108000 0.904480 0.890268
109000 0.895215 0.890313
110000 0.894766 0.890353
111000 0.886319 0.890317
112000 0.873840 0.890170
113000 0.851898 0.889831
114000 0.881220 0.889756
115000 0.865820 0.889548
116000 0.849235 0.889200
117000 0.843473 0.888809
118000 0.852757 0.888504
119000 0.855806 0.888229
120000 0.870184 0.888079
121000 0.856541 0.887818
122000 0.833295 0.887371
123000 0.823097 0.886849
124000 0.791111 0.886076
125000 0.846613 0.885761
126000 0.837000 0.885374
127000 0.864836 0.885212
128000 0.852569 0.884957
129000 0.861593 0.884776
130000 0.836753 0.884406
131000 0.821184 0.883924
132000 0.833590 0.883543
133000 0.862915 0.883387
134000 0.867445 0.883268
135000 0.855809 0.883065
136000 0.831040 0.882683
137000 0.838146 0.882357
138000 0.835121 0.882015
139000 0.824496 0.881601
140000 0.835381 0.881271
141000 0.833584 0.880933
142000 0.823475 0.880528
143000 0.848834 0.880307
144000 0.837603 0.880010
145000 0.826381 0.879640
146000 0.844520 0.879400
147000 0.825420 0.879033
148000 0.843628 0.878793
149000 0.835862 0.878505
150000 0.824280 0.878144
151000 0.795401 0.877596
152000 0.806557 0.877128
153000 0.795000 0.876592
154000 0.810900 0.876165
155000 0.817350 0.875786
156000 0.789687 0.875234
157000 0.809536 0.874815
158000 0.829383 0.874528
159000 0.787612 0.873981
160000 0.794825 0.873486
161000 0.801299 0.873038
162000 0.769978 0.872402
163000 0.762168 0.871725
164000 0.789100 0.871222
165000 0.747593 0.870472
166000 0.784415 0.869954
167000 0.763053 0.869314
168000 0.801682 0.868911
169000 0.790558 0.868448
170000 0.807699 0.868090
171000 0.787147 0.867617
172000 0.800756 0.867228
173000 0.754409 0.866576
174000 0.755340 0.865937
175000 0.770732 0.865393
176000 0.785603 0.864939
177000 0.782179 0.864472
178000 0.807648 0.864153
179000 0.806920 0.863833
180000 0.807722 0.863521
181000 0.827813 0.863324
182000 0.826335 0.863121
183000 0.803398 0.862794
184000 0.798690 0.862446
185000 0.799701 0.862107
186000 0.783511 0.861684
187000 0.784588 0.861272
188000 0.806080 0.860978
189000 0.796366 0.860636
190000 0.777054 0.860197
191000 0.783671 0.859796
192000 0.767134 0.859313
193000 0.808942 0.859052
194000 0.757378 0.858528
195000 0.741513 0.857928
196000 0.757842 0.857417
197000 0.749708 0.856871
198000 0.755123 0.856357
199000 0.743512 0.855790
200000 0.797621 0.855499
201000 0.794375 0.855195
202000 0.824829 0.855045
203000 0.838437 0.854963
204000 0.814520 0.854764
205000 0.816648 0.854579
206000 0.825797 0.854439
207000 0.806526 0.854207
208000 0.828687 0.854085
209000 0.802139 0.853836
210000 0.811212 0.853633
211000 0.822279 0.853485
212000 0.830272 0.853375
213000 0.757544 0.852925
214000 0.775603 0.852564
215000 0.770587 0.852183
216000 0.767303 0.851790
217000 0.782781 0.851472
218000 0.793490 0.851206
219000 0.778659 0.850874
220000 0.780690 0.850555
221000 0.812575 0.850383
222000 0.796798 0.850142
223000 0.759401 0.849735
224000 0.790135 0.849469
225000 0.817935 0.849329
226000 0.769300 0.848975
227000 0.739516 0.848493
228000 0.776494 0.848177
229000 0.802609 0.847978
230000 0.772525 0.847650
231000 0.767152 0.847301
232000 0.756045 0.846908
233000 0.754129 0.846510
234000 0.767262 0.846171
235000 0.762984 0.845817
236000 0.795809 0.845605
237000 0.782736 0.845340
238000 0.740738 0.844900
239000 0.748388 0.844497
240000 0.757004 0.844132
241000 0.777427 0.843855
242000 0.769620 0.843549
243000 0.775390 0.843268
244000 0.723016 0.842775
245000 0.739070 0.842352
246000 0.759723 0.842016
247000 0.777786 0.841756
248000 0.738482 0.841340
249000 0.721838 0.840860
250000 0.730160 0.840417
251000 0.689834 0.839817
252000 0.690556 0.839225
253000 0.665866 0.838539
254000 0.679507 0.837913
255000 0.722450 0.837461
256000 0.676698 0.836833
257000 0.684261 0.836239
258000 0.645676 0.835500
259000 0.661493 0.834828
260000 0.689156 0.834268
261000 0.721464 0.833836
262000 0.700394 0.833327
263000 0.676198 0.832729
264000 0.728153 0.832333
265000 0.744985 0.832003
266000 0.694258 0.831486
267000 0.737156 0.831132
268000 0.722154 0.830726
269000 0.741887 0.830395
270000 0.725696 0.830008
271000 0.724026 0.829617
272000 0.706745 0.829165
273000 0.734099 0.828817
274000 0.736678 0.828480
275000 0.744827 0.828176
276000 0.747042 0.827882
277000 0.748791 0.827597
278000 0.732456 0.827254
279000 0.746441 0.826965
280000 0.730076 0.826619
281000 0.749083 0.826343
282000 0.749643 0.826071
283000 0.735966 0.825752
284000 0.763129 0.825532
285000 0.764488 0.825318
286000 0.731219 0.824989
287000 0.725502 0.824642
288000 0.769297 0.824450
289000 0.727408 0.824114
290000 0.736171 0.823811
291000 0.790267 0.823696
292000 0.767963 0.823505
293000 0.767119 0.823312
294000 0.761629 0.823102
295000 0.729745 0.822786
296000 0.748400 0.822535
297000 0.759147 0.822321
298000 0.758094 0.822106
299000 0.818520 0.822094
300000 0.756158 0.821874
301000 0.764974 0.821685
302000 0.760717 0.821483
303000 0.755996 0.821267
304000 0.725617 0.820952
305000 0.737200 0.820678
306000 0.726364 0.820369
307000 0.740095 0.820108
308000 0.749262 0.819878
309000 0.737912 0.819613
310000 0.762154 0.819427
311000 0.736049 0.819159
312000 0.720024 0.818842
313000 0.738818 0.818586
314000 0.754476 0.818382
315000 0.749195 0.818162
316000 0.702164 0.817795
317000 0.681801 0.817366
318000 0.684746 0.816949
319000 0.734651 0.816691
320000 0.707604 0.816350
321000 0.702952 0.815997
322000 0.719828 0.815698
323000 0.755409 0.815511
324000 0.712203 0.815193
325000 0.674898 0.814761
326000 0.719053 0.814467
327000 0.691556 0.814091
328000 0.698674 0.813740
329000 0.694440 0.813377
330000 0.706830 0.813054
331000 0.638684 0.812527
332000 0.652741 0.812046
333000 0.668473 0.811615
334000 0.670173 0.811191
335000 0.698456 0.810855
336000 0.699143 0.810522
337000 0.691652 0.810170
338000 0.699116 0.809841
339000 0.707420 0.809539
340000 0.754931 0.809378
341000 0.746042 0.809193
342000 0.764456 0.809062
343000 0.757855 0.808913
344000 0.691074 0.808570
345000 0.719138 0.808311
346000 0.691606 0.807973
347000 0.723328 0.807729
348000 0.723412 0.807487
349000 0.705421 0.807195
350000 0.684746 0.806845
351000 0.688599 0.806508
352000 0.701623 0.806210
353000 0.678208 0.805847
354000 0.645761 0.805395
355000 0.660673 0.804988
356000 0.681001 0.804639
357000 0.708469 0.804370
358000 0.696329 0.804068
359000 0.685678 0.803738
360000 0.668025 0.803361
361000 0.701108 0.803078
362000 0.655034 0.802669
363000 0.666085 0.802293
364000 0.634017 0.801831
365000 0.701450 0.801556
366000 0.722784 0.801340
367000 0.669312 0.800981
368000 0.662508 0.800604
369000 0.679919 0.800277
370000 0.728952 0.800084
371000 0.718829 0.799865
372000 0.695440 0.799585
373000 0.692737 0.799298
374000 0.715266 0.799074
375000 0.735968 0.798905
376000 0.729755 0.798721
377000 0.739299 0.798564
378000 0.726305 0.798373
379000 0.754370 0.798257
380000 0.766952 0.798174
381000 0.721984 0.797974
382000 0.718840 0.797767
383000 0.717919 0.797559
384000 0.705131 0.797318
385000 0.722258 0.797123
386000 0.738538 0.796971
387000 0.698314 0.796716
388000 0.699319 0.796465
389000 0.726696 0.796286
390000 0.721839 0.796095
391000 0.742600 0.795958
392000 0.753728 0.795850
393000 0.737264 0.795701
394000 0.708127 0.795479
395000 0.733890 0.795323
396000 0.751788 0.795213
397000 0.752873 0.795106
398000 0.758479 0.795014
399000 0.771921 0.794957
400000 0.717427 0.794763
401000 0.739158 0.794624
402000 0.744440 0.794499
403000 0.739123 0.794362
404000 0.740929 0.794230
405000 0.727385 0.794065
406000 0.756414 0.793972
407000 0.801370 0.793990
408000 0.748239 0.793878
409000 0.726841 0.793714
410000 0.755384 0.793620
411000 0.721370 0.793445
412000 0.703100 0.793225
413000 0.679642 0.792950
414000 0.737798 0.792817
415000 0.696825 0.792586
416000 0.690629 0.792341
417000 0.674110 0.792057
418000 0.693529 0.791822
419000 0.707202 0.791620
420000 0.653006 0.791290
421000 0.692525 0.791055
422000 0.687455 0.790809
423000 0.654523 0.790487
424000 0.689007 0.790248
425000 0.694102 0.790022
426000 0.669169 0.789738
427000 0.640506 0.789388
428000 0.673621 0.789118
429000 0.675276 0.788853
430000 0.689844 0.788622
431000 0.679331 0.788369
432000 0.670199 0.788095
433000 0.664295 0.787809
434000 0.700187 0.787607
435000 0.679009 0.787358
436000 0.674907 0.787100
437000 0.703415 0.786908
438000 0.716298 0.786747
439000 0.681852 0.786508
440000 0.654428 0.786208
441000 0.664320 0.785932
442000 0.647027 0.785617
443000 0.644905 0.785300
444000 0.620400 0.784928
445000 0.636884 0.784596
446000 0.654963 0.784305
447000 0.662483 0.784033
448000 0.636233 0.783703
449000 0.679422 0.783470
450000 0.603170 0.783070
451000 0.653768 0.782783
452000 0.615517 0.782413
453000 0.608985 0.782030
454000 0.595330 0.781619
455000 0.623628 0.781272
456000 0.595091 0.780863
457000 0.609042 0.780487
458000 0.633012 0.780165
459000 0.665144 0.779915
460000 0.621520 0.779570
461000 0.627307 0.779240
462000 0.650363 0.778961
463000 0.638675 0.778658
464000 0.655946 0.778394
465000 0.650704 0.778119
466000 0.642162 0.777827
467000 0.646851 0.777547
468000 0.688621 0.777357
469000 0.646291 0.777077
470000 0.634421 0.776774
471000 0.647243 0.776499
472000 0.615732 0.776158
473000 0.629534 0.775848
474000 0.644949 0.775572
475000 0.619945 0.775244
476000 0.701804 0.775090
477000 0.632455 0.774791
478000 0.635355 0.774499
479000 0.660111 0.774261
480000 0.674495 0.774053
481000 0.682456 0.773862
482000 0.611351 0.773525
483000 0.654545 0.773279
484000 0.623890 0.772970
485000 0.605186 0.772624
486000 0.630561 0.772332
487000 0.593904 0.771966
488000 0.587816 0.771588
489000 0.564191 0.771164
490000 0.615693 0.770847
491000 0.623239 0.770546
492000 0.625496 0.770251
493000 0.585522 0.769877
494000 0.611238 0.769556
495000 0.589859 0.769193
496000 0.641263 0.768935
497000 0.631985 0.768659
498000 0.601783 0.768324
499000 0.674674 0.768136
500000 0.713698 0.768027
501000 0.673030 0.767838
502000 0.662938 0.767629
503000 0.666749 0.767428
504000 0.659112 0.767213
505000 0.614535 0.766911
506000 0.625662 0.766632
507000 0.625398 0.766353
508000 0.621369 0.766068
509000 0.664970 0.765869
510000 0.687798 0.765716
511000 0.648585 0.765487
512000 0.699196 0.765358
513000 0.706985 0.765244
514000 0.691180 0.765100
515000 0.674214 0.764923
516000 0.662240 0.764724
517000 0.661660 0.764525
518000 0.615569 0.764237
519000 0.628376 0.763975
520000 0.658701 0.763773
521000 0.647740 0.763550
522000 0.704596 0.763437
523000 0.655497 0.763231
524000 0.701945 0.763114
525000 0.703557 0.763001
526000 0.713187 0.762906
527000 0.703104 0.762792
528000 0.735894 0.762741
529000 0.722032 0.762665
530000 0.722617 0.762589
531000 0.724597 0.762517
532000 0.721266 0.762440
533000 0.745650 0.762408
534000 0.736948 0.762361
535000 0.738775 0.762317
536000 0.751291 0.762296
537000 0.736462 0.762248
538000 0.743491 0.762213
539000 0.708286 0.762113
540000 0.715309 0.762026
541000 0.725514 0.761959
542000 0.745425 0.761928
543000 0.729529 0.761869
544000 0.759501 0.761864
545000 0.738968 0.761822
546000 0.758321 0.761816
547000 0.788816 0.761865
548000 0.788192 0.761913
549000 0.790706 0.761966
550000 0.763075 0.761968
551000 0.733704 0.761916
552000 0.759295 0.761912
553000 0.735284 0.761864
554000 0.764914 0.761869
555000 0.782111 0.761906
556000 0.781375 0.761941
557000 0.823326 0.762051
558000 0.774256 0.762073
559000 0.795269 0.762132
560000 0.796280 0.762193
561000 0.792915 0.762248
562000 0.800918 0.762317
563000 0.795493 0.762375
564000 0.825501 0.762487
565000 0.764881 0.762492
566000 0.808200 0.762572
567000 0.811836 0.762659
568000 0.792230 0.762711
569000 0.818766 0.762810
570000 0.804216 0.762883
571000 0.817881 0.762979
572000 0.803371 0.763049
573000 0.787515 0.763092
574000 0.814839 0.763182
575000 0.822284 0.763285
576000 0.814408 0.763374
577000 0.794032 0.763427
578000 0.825508 0.763534
579000 0.814890 0.763623
580000 0.807254 0.763698
581000 0.804905 0.763769
582000 0.803683 0.763838
583000 0.788681 0.763880
584000 0.798119 0.763939
585000 0.809809 0.764017
586000 0.810937 0.764098
587000 0.808071 0.764172
588000 0.778539 0.764197
589000 0.780142 0.764224
590000 0.746601 0.764194
591000 0.773416 0.764210
592000 0.810448 0.764288
593000 0.790530 0.764332
594000 0.792939 0.764380
595000 0.763948 0.764379
596000 0.764947 0.764380
597000 0.789127 0.764422
598000 0.798798 0.764479
599000 0.786140 0.764516
600000 0.803682 0.764581
601000 0.796798 0.764634
602000 0.786166 0.764670
603000 0.766259 0.764673
604000 0.775839 0.764691
605000 0.780270 0.764717
606000 0.764884 0.764717
607000 0.767619 0.764722
608000 0.805386 0.764789
609000 0.809640 0.764863
610000 0.821104 0.764955
611000 0.816102 0.765039
612000 0.817524 0.765124
613000 0.819671 0.765213
614000 0.778275 0.765235
615000 0.775163 0.765251
616000 0.776357 0.765269
617000 0.785069 0.765301
618000 0.763349 0.765298
619000 0.763106 0.765294
620000 0.791417 0.765336
621000 0.786953 0.765371
622000 0.802510 0.765431
623000 0.752007 0.765409
624000 0.812643 0.765485
625000 0.820073 0.765572
626000 0.857218 0.765719
627000 0.862974 0.765874
628000 0.850017 0.766008
629000 0.835424 0.766118
630000 0.858552 0.766265
631000 0.878549 0.766443
632000 0.867837 0.766603
633000 0.839600 0.766719
634000 0.875287 0.766890
635000 0.872939 0.767057
636000 0.863558 0.767209
637000 0.862721 0.767358
638000 0.856792 0.767499
639000 0.821143 0.767583
640000 0.865275 0.767735
641000 0.815590 0.767810
642000 0.778615 0.767827
643000 0.786252 0.767855
644000 0.825315 0.767945
645000 0.820085 0.768025
646000 0.830293 0.768122
647000 0.843317 0.768238
648000 0.862963 0.768384
649000 0.833632 0.768485
650000 0.830365 0.768580
651000 0.849521 0.768704
652000 0.840924 0.768815
653000 0.822726 0.768898
654000 0.798219 0.768942
655000 0.822423 0.769024
656000 0.788017 0.769053
657000 0.811473 0.769118
658000 0.818045 0.769192
659000 0.836511 0.769294
660000 0.833139 0.769391
661000 0.852146 0.769516
662000 0.822732 0.769596
663000 0.810181 0.769658
664000 0.821964 0.769736
665000 0.814986 0.769804
666000 0.825251 0.769888
667000 0.826943 0.769973
668000 0.865390 0.770116
669000 0.879655 0.770280
670000 0.902866 0.770478
671000 0.880138 0.770641
672000 0.873755 0.770795
673000 0.896789 0.770982
674000 0.901410 0.771175
675000 0.897644 0.771363
676000 0.903741 0.771559
677000 0.894630 0.771740
678000 0.894400 0.771921
679000 0.896009 0.772104
680000 0.881576 0.772265
681000 0.879665 0.772423
682000 0.879275 0.772579
683000 0.895898 0.772760
684000 0.880675 0.772918
685000 0.878750 0.773072
686000 0.866455 0.773208
687000 0.859312 0.773334
688000 0.853202 0.773450
689000 0.838006 0.773543
690000 0.846940 0.773650
691000 0.865585 0.773783
692000 0.850284 0.773893
693000 0.836910 0.773984
694000 0.851249 0.774096
695000 0.851764 0.774207
696000 0.857564 0.774327
697000 0.871851 0.774467
698000 0.825502 0.774540
699000 0.840188 0.774634
700000 0.861482 0.774758
701000 0.833558 0.774842
702000 0.829289 0.774920
703000 0.867320 0.775051
704000 0.867069 0.775182
705000 0.861632 0.775304
706000 0.864008 0.775430
707000 0.863905 0.775555
708000 0.855700 0.775668
709000 0.862795 0.775791
710000 0.847963 0.775893
711000 0.830309 0.775969
712000 0.833193 0.776050
713000 0.821989 0.776114
714000 0.828615 0.776188
715000 0.852359 0.776294
716000 0.846978 0.776393
717000 0.857860 0.776507
718000 0.830642 0.776582
719000 0.857413 0.776694
720000 0.869482 0.776823
721000 0.874625 0.776959
722000 0.880875 0.777103
723000 0.859414 0.777217
724000 0.867751 0.777342
725000 0.866528 0.777465
726000 0.866108 0.777587
727000 0.897662 0.777752
728000 0.901670 0.777922
729000 0.911072 0.778105
730000 0.886007 0.778253
731000 0.890868 0.778407
732000 0.852937 0.778509
733000 0.876310 0.778642
734000 0.869571 0.778766
735000 0.895401 0.778925
736000 0.911573 0.779105
737000 0.862628 0.779218
738000 0.885141 0.779362
739000 0.881312 0.779500
740000 0.865875 0.779616
741000 0.857845 0.779722
742000 0.858400 0.779828
743000 0.853821 0.779928
744000 0.881053 0.780064
745000 0.899630 0.780224
746000 0.899448 0.780384
747000 0.890725 0.780532
748000 0.876095 0.780659
749000 0.835898 0.780733
750000 0.855984 0.780833
751000 0.840582 0.780913
752000 0.852346 0.781008
753000 0.853965 0.781105
754000 0.842179 0.781186
755000 0.881252 0.781318
756000 0.863941 0.781428
757000 0.855784 0.781526
758000 0.867800 0.781640
759000 0.835057 0.781710
760000 0.857747 0.781810
761000 0.865095 0.781920
762000 0.856417 0.782017
763000 0.895453 0.782166
764000 0.874174 0.782286
765000 0.839697 0.782361
766000 0.853052 0.782454
767000 0.827719 0.782513
768000 0.852588 0.782604
769000 0.852997 0.782696
770000 0.853797 0.782788
771000 0.882657 0.782917
772000 0.881962 0.783046
773000 0.865620 0.783153
774000 0.874643 0.783271
775000 0.884519 0.783401
776000 0.892875 0.783542
777000 0.890634 0.783680
778000 0.869623 0.783791
779000 0.913773 0.783958
780000 0.932456 0.784148
781000 0.905054 0.784303
782000 0.914452 0.784469
783000 0.906019 0.784624
784000 0.917542 0.784794
785000 0.909225 0.784953
786000 0.887394 0.785083
787000 0.899522 0.785228
788000 0.891595 0.785363
789000 0.896514 0.785504
790000 0.896152 0.785644
791000 0.880931 0.785765
792000 0.909035 0.785920
793000 0.889528 0.786051
794000 0.885822 0.786177
795000 0.895135 0.786314
796000 0.862236 0.786409
797000 0.856454 0.786497
798000 0.847016 0.786573
799000 0.826621 0.786623
800000 0.857020 0.786711
801000 0.868869 0.786813
802000 0.827519 0.786864
803000 0.848650 0.786941
804000 0.861192 0.787034
805000 0.842214 0.787102
806000 0.861088 0.787194
807000 0.856389 0.787280
808000 0.839655 0.787344
809000 0.850362 0.787422
810000 0.806203 0.787445
811000 0.835739 0.787505
812000 0.831805 0.787560
813000 0.803834 0.787580
814000 0.806584 0.787603
815000 0.812738 0.787634
816000 0.824136 0.787679
817000 0.835600 0.787737
818000 0.866071 0.787833
819000 0.866850 0.787929
820000 0.858140 0.788015
821000 0.860959 0.788104
822000 0.851704 0.788181
823000 0.845816 0.788251
824000 0.870661 0.788351
825000 0.857836 0.788436
826000 0.835702 0.788493
827000 0.860174 0.788579
828000 0.885269 0.788696
829000 0.847790 0.788768
830000 0.849956 0.788841
831000 0.845641 0.788910
832000 0.855270 0.788989
833000 0.895283 0.789117
834000 0.872141 0.789216
835000 0.831454 0.789267
836000 0.843603 0.789332
837000 0.840661 0.789393
838000 0.798639 0.789404
839000 0.839103 0.789464
840000 0.846010 0.789531
841000 0.851920 0.789605
842000 0.852966 0.789680
843000 0.869307 0.789775
844000 0.868248 0.789868
845000 0.861841 0.789953
846000 0.858387 0.790034
847000 0.870203 0.790129
848000 0.824980 0.790170
849000 0.835784 0.790223
850000 0.828397 0.790268
851000 0.836826 0.790323
852000 0.847954 0.790391
853000 0.889969 0.790507
854000 0.872295 0.790603
855000 0.885006 0.790714
856000 0.852365 0.790786
857000 0.837650 0.790840
858000 0.842396 0.790900
859000 0.860701 0.790982
860000 0.839910 0.791039
861000 0.871104 0.791132
862000 0.888136 0.791244
863000 0.881495 0.791349
864000 0.902590 0.791477
865000 0.871836 0.791570
866000 0.867527 0.791658
867000 0.878093 0.791758
868000 0.821813 0.791792
869000 0.880904 0.791895
870000 0.888469 0.792006
871000 0.861270 0.792085
872000 0.832716 0.792132
873000 0.871531 0.792223
874000 0.848379 0.792287
875000 0.825030 0.792325
876000 0.837633 0.792376
877000 0.864325 0.792458
878000 0.849973 0.792524
879000 0.881112 0.792625
880000 0.847126 0.792687
881000 0.828383 0.792727
882000 0.857213 0.792800
883000 0.859977 0.792876
884000 0.859817 0.792952
885000 0.839288 0.793004
886000 0.851966 0.793071
887000 0.858435 0.793145
888000 0.875427 0.793237
889000 0.899770 0.793357
890000 0.881574 0.793456
891000 0.883578 0.793557
892000 0.867073 0.793640
893000 0.854929 0.793708
894000 0.860482 0.793783
895000 0.837858 0.793832
896000 0.826098 0.793868
897000 0.848065 0.793929
898000 0.863314 0.794006
899000 0.860781 0.794080
900000 0.856608 0.794150
901000 0.880772 0.794246
902000 0.840795 0.794298
903000 0.868029 0.794379
904000 0.851094 0.794442
905000 0.857942 0.794512
906000 0.833671 0.794555
907000 0.878287 0.794648
908000 0.865747 0.794726
909000 0.884600 0.794825
910000 0.875705 0.794914
911000 0.874684 0.795001
912000 0.872260 0.795086
913000 0.866107 0.795164
914000 0.877597 0.795254
915000 0.875698 0.795342
916000 0.873887 0.795428
917000 0.870492 0.795509
918000 0.883785 0.795606
919000 0.892073 0.795711
920000 0.921304 0.795847
921000 0.906649 0.795967
922000 0.895988 0.796076
923000 0.917060 0.796207
924000 0.915563 0.796336
925000 0.894699 0.796443
926000 0.920420 0.796576
927000 0.895996 0.796684
928000 0.878517 0.796772
929000 0.890252 0.796872
930000 0.891578 0.796974
931000 0.899171 0.797084
932000 0.899812 0.797194
933000 0.872380 0.797275
934000 0.887603 0.797372
935000 0.841821 0.797419
936000 0.868061 0.797495
937000 0.897340 0.797601
938000 0.886772 0.797696
939000 0.900619 0.797806
940000 0.875055 0.797888
941000 0.895685 0.797992
942000 0.887182 0.798087
943000 0.881408 0.798175
944000 0.895168 0.798278
945000 0.870600 0.798354
946000 0.848967 0.798408
947000 0.849331 0.798462
948000 0.858968 0.798525
949000 0.867381 0.798598
950000 0.878520 0.798682
951000 0.826532 0.798711
952000 0.826703 0.798741
953000 0.872359 0.798818
954000 0.825205 0.798846
955000 0.854065 0.798903
956000 0.882613 0.798991
957000 0.854536 0.799049
958000 0.853516 0.799106
959000 0.883006 0.799193
960000 0.866594 0.799264
961000 0.854838 0.799321
962000 0.850771 0.799375
963000 0.811284 0.799387
964000 0.806730 0.799395
965000 0.800428 0.799396
966000 0.799919 0.799397
967000 0.819798 0.799418
968000 0.825425 0.799444
969000 0.838027 0.799484
970000 0.815815 0.799501
971000 0.821737 0.799524
972000 0.831683 0.799557
973000 0.840997 0.799600
974000 0.848473 0.799650
975000 0.823781 0.799675
976000 0.856457 0.799733
977000 0.845665 0.799780
978000 0.847683 0.799829
979000 0.851075 0.799881
980000 0.836672 0.799919
981000 0.834723 0.799954
982000 0.843865 0.799999
983000 0.844440 0.800044
984000 0.874102 0.800119
985000 0.848104 0.800168
986000 0.839133 0.800208
987000 0.839815 0.800248
988000 0.875010 0.800323
989000 0.864562 0.800388
990000 0.849473 0.800438
991000 0.868283 0.800506
992000 0.884077 0.800591
993000 0.823901 0.800614
994000 0.849573 0.800663
995000 0.878505 0.800742
996000 0.856854 0.800798
997000 0.896077 0.800893
998000 0.887786 0.800981
999000 0.864271 0.801044
1000000 0.876276 0.801119
1001000 0.894797 0.801213
1002000 0.858751 0.801270
1003000 0.887751 0.801356
1004000 0.882775 0.801437
1005000 0.889830 0.801525
1006000 0.883308 0.801607
1007000 0.864092 0.801669
1008000 0.870353 0.801737
1009000 0.858025 0.801793
1010000 0.861383 0.801852
1011000 0.872537 0.801922
1012000 0.894442 0.802013
1013000 0.897070 0.802107
1014000 0.891463 0.802195
1015000 0.857837 0.802250
1016000 0.859442 0.802306
1017000 0.869578 0.802372
1018000 0.842237 0.802411
1019000 0.853130 0.802461
1020000 0.888762 0.802546
1021000 0.882639 0.802624
1022000 0.875940 0.802696
1023000 0.897192 0.802788
1024000 0.880273 0.802864
1025000 0.877989 0.802937
1026000 0.893825 0.803026
1027000 0.863025 0.803084
1028000 0.879605 0.803159
1029000 0.873509 0.803227
1030000 0.859645 0.803282
1031000 0.866876 0.803344
1032000 0.878321 0.803416
1033000 0.860677 0.803472
1034000 0.887343 0.803553
1035000 0.882291 0.803629
1036000 0.908062 0.803730
1037000 0.841254 0.803766
1038000 0.880643 0.803840
1039000 0.873490 0.803907
1040000 0.868932 0.803969
1041000 0.888327 0.804050
1042000 0.888010 0.804131
1043000 0.878446 0.804202
1044000 0.898243 0.804292
1045000 0.893726 0.804378
1046000 0.891083 0.804461
1047000 0.872738 0.804526
1048000 0.897788 0.804615
1049000 0.913729 0.804719
1050000 0.875570 0.804787
1051000 0.886727 0.804865
1052000 0.907705 0.804962
1053000 0.889808 0.805043
1054000 0.914061 0.805146
1055000 0.924095 0.805259
1056000 0.897067 0.805346
1057000 0.912473 0.805447
1058000 0.922687 0.805558
1059000 0.934127 0.805680
1060000 0.934075 0.805801
1061000 0.914111 0.805903
1062000 0.893292 0.805985
1063000 0.934334 0.806106
1064000 0.937241 0.806229
1065000 0.943385 0.806358
1066000 0.921586 0.806466
1067000 0.943431 0.806594
1068000 0.943237 0.806722
1069000 0.924232 0.806832
1070000 0.933977 0.806951
1071000 0.904458 0.807042
1072000 0.925090 0.807152
1073000 0.918917 0.807256
1074000 0.921029 0.807362
1075000 0.932713 0.807479
1076000 0.925688 0.807589
1077000 0.938903 0.807711
1078000 0.933202 0.807827
1079000 0.932661 0.807943
1080000 0.925237 0.808051
1081000 0.941836 0.808175
1082000 0.929359 0.808287
1083000 0.928921 0.808398
1084000 0.927063 0.808508
1085000 0.917899 0.808609
1086000 0.927274 0.808718
1087000 0.942843 0.808841
1088000 0.935887 0.808958
1089000 0.926465 0.809066
1090000 0.959325 0.809204
1091000 0.936510 0.809321
1092000 0.948765 0.809448
1093000 0.935453 0.809564
1094000 0.936835 0.809680
1095000 0.944368 0.809803
1096000 0.931803 0.809914
1097000 0.916841 0.810012
1098000 0.914086 0.810107
1099000 0.915324 0.810202
1100000 0.910419 0.810293
1101000 0.922562 0.810395
1102000 0.925432 0.810500
1103000 0.898453 0.810579
1104000 0.917694 0.810676
1105000 0.920825 0.810776
1106000 0.924555 0.810879
1107000 0.935020 0.810991
1108000 0.926736 0.811096
1109000 0.918305 0.811192
1110000 0.923802 0.811294
1111000 0.913459 0.811386
1112000 0.911286 0.811476
1113000 0.924557 0.811577
1114000 0.916380 0.811671
1115000 0.928500 0.811776
1116000 0.937213 0.811888
1117000 0.943114 0.812006
1118000 0.928820 0.812110
1119000 0.929476 0.812215
1120000 0.938757 0.812328
1121000 0.943454 0.812445
1122000 0.935667 0.812555
1123000 0.922132 0.812653
1124000 0.936929 0.812763
1125000 0.943304 0.812879
1126000 0.936265 0.812989
1127000 0.928981 0.813092
1128000 0.936138 0.813201
1129000 0.943965 0.813317
1130000 0.909902 0.813402
1131000 0.935214 0.813510
1132000 0.937136 0.813619
1133000 0.933721 0.813725
1134000 0.942731 0.813839
1135000 0.947496 0.813957
1136000 0.936128 0.814064
1137000 0.946036 0.814180
1138000 0.941594 0.814292
1139000 0.946170 0.814408
1140000 0.941594 0.814519
1141000 0.943946 0.814633
1142000 0.950033 0.814751
1143000 0.943672 0.814864
1144000 0.946141 0.814979
1145000 0.948623 0.815096
1146000 0.949690 0.815213
1147000 0.945890 0.815327
1148000 0.952485 0.815447
1149000 0.946499 0.815561
1150000 0.939334 0.815668
1151000 0.941395 0.815778
1152000 0.945086 0.815890
1153000 0.947894 0.816004
1154000 0.945839 0.816117
1155000 0.949569 0.816232
1156000 0.948929 0.816347
1157000 0.947023 0.816460
1158000 0.949844 0.816575
1159000 0.950387 0.816691
1160000 0.947054 0.816803
1161000 0.955207 0.816922
1162000 0.952241 0.817039
1163000 0.955716 0.817158
1164000 0.951938 0.817274
1165000 0.952202 0.817390
1166000 0.954517 0.817507
1167000 0.939598 0.817612
1168000 0.958449 0.817732
1169000 0.950653 0.817846
1170000 0.940202 0.817951
1171000 0.924229 0.818041
1172000 0.929278 0.818136
1173000 0.946127 0.818245
1174000 0.958841 0.818365
1175000 0.958415 0.818484
1176000 0.956460 0.818602
1177000 0.944027 0.818708
1178000 0.953148 0.818822
1179000 0.946686 0.818931
1180000 0.950380 0.819042
1181000 0.952118 0.819155
1182000 0.952841 0.819268
1183000 0.940238 0.819370
1184000 0.956208 0.819486
1185000 0.956101 0.819601
1186000 0.928705 0.819693
1187000 0.933139 0.819789
1188000 0.938772 0.819889
1189000 0.946193 0.819995
1190000 0.948334 0.820103
1191000 0.950031 0.820212
1192000 0.950734 0.820322
1193000 0.950534 0.820431
1194000 0.953095 0.820542
1195000 0.953597 0.820653
1196000 0.961447 0.820771
1197000 0.954129 0.820882
1198000 0.958940 0.820998
1199000 0.948351 0.821104
1200000 0.956056 0.821216
1201000 0.955462 0.821328
1202000 0.957633 0.821441
1203000 0.962106 0.821558
1204000 0.956806 0.821671
1205000 0.959425 0.821785
1206000 0.963298 0.821902
1207000 0.965476 0.822021
1208000 0.961036 0.822136
1209000 0.949981 0.822242
1210000 0.944383 0.822343
1211000 0.953307 0.822451
1212000 0.944500 0.822552
1213000 0.948628 0.822656
1214000 0.937000 0.822750
1215000 0.944813 0.822850
1216000 0.948361 0.822954
1217000 0.920495 0.823034
1218000 0.924052 0.823117
1219000 0.921625 0.823198
1220000 0.926529 0.823282
1221000 0.925378 0.823366
1222000 0.932789 0.823455
1223000 0.930109 0.823543
1224000 0.932344 0.823632
1225000 0.918124 0.823709
1226000 0.933291 0.823798
1227000 0.937527 0.823891
1228000 0.941707 0.823987
1229000 0.935978 0.824078
1230000 0.933552 0.824167
1231000 0.937182 0.824259
1232000 0.943052 0.824355
1233000 0.918437 0.824431
1234000 0.929204 0.824516
1235000 0.943753 0.824613
1236000 0.919251 0.824689
1237000 0.923944 0.824770
1238000 0.924864 0.824850
1239000 0.946990 0.824949
1240000 0.955778 0.825055
1241000 0.950437 0.825156
1242000 0.961108 0.825265
1243000 0.943269 0.825360
1244000 0.931969 0.825446
1245000 0.940304 0.825538
1246000 0.963245 0.825648
1247000 0.934254 0.825736
1248000 0.949166 0.825834
1249000 0.941950 0.825927
1250000 0.946796 0.826024
1251000 0.956611 0.826128
1252000 0.947402 0.826225
1253000 0.951627 0.826325
1254000 0.954700 0.826428
1255000 0.947437 0.826524
1256000 0.939233 0.826614
1257000 0.944512 0.826708
1258000 0.960102 0.826814
1259000 0.928221 0.826894
1260000 0.938857 0.826983
1261000 0.947682 0.827079
1262000 0.951518 0.827177
1263000 0.947782 0.827273
1264000 0.949323 0.827370
1265000 0.938283 0.827457
1266000 0.940345 0.827546
1267000 0.923133 0.827622
1268000 0.933714 0.827706
1269000 0.933384 0.827789
1270000 0.913289 0.827856
1271000 0.929148 0.827936
1272000 0.931001 0.828017
1273000 0.946738 0.828110
1274000 0.949581 0.828205
1275000 0.939080 0.828292
1276000 0.932172 0.828374
1277000 0.945601 0.828466
1278000 0.933490 0.828548
1279000 0.937845 0.828633
1280000 0.940160 0.828720
1281000 0.910844 0.828784
1282000 0.921603 0.828857
1283000 0.927100 0.828933
1284000 0.921625 0.829006
1285000 0.926933 0.829082
1286000 0.924020 0.829156
1287000 0.927894 0.829232
1288000 0.917932 0.829301
1289000 0.925949 0.829376
1290000 0.920750 0.829447
1291000 0.914368 0.829513
1292000 0.910479 0.829576
1293000 0.924381 0.829649
1294000 0.913139 0.829713
1295000 0.918784 0.829782
1296000 0.890278 0.829829
1297000 0.895820 0.829880
1298000 0.903683 0.829937
1299000 0.913793 0.830001
1300000 0.921564 0.830072
1301000 0.904962 0.830129
1302000 0.900179 0.830183
1303000 0.924596 0.830255
1304000 0.930346 0.830332
1305000 0.919642 0.830401
1306000 0.907807 0.830460
1307000 0.900381 0.830513
1308000 0.899738 0.830566
1309000 0.897025 0.830617
1310000 0.877000 0.830652
1311000 0.917844 0.830719
1312000 0.926320 0.830792
1313000 0.897386 0.830843
1314000 0.920413 0.830911
1315000 0.903827 0.830966
1316000 0.910973 0.831027
1317000 0.903281 0.831082
1318000 0.894837 0.831130
1319000 0.926828 0.831203
1320000 0.891940 0.831249
1321000 0.887449 0.831291
1322000 0.895245 0.831340
1323000 0.886133 0.831381
1324000 0.903106 0.831435
1325000 0.884176 0.831475
1326000 0.868662 0.831503
1327000 0.865283 0.831529
1328000 0.872141 0.831559
1329000 0.853763 0.831576
1330000 0.877269 0.831610
1331000 0.883508 0.831649
1332000 0.855161 0.831667
1333000 0.844964 0.831677
1334000 0.900941 0.831729
1335000 0.882353 0.831767
1336000 0.900640 0.831818
1337000 0.876886 0.831852
1338000 0.885784 0.831892
1339000 0.872569 0.831923
1340000 0.902897 0.831976
1341000 0.911498 0.832035
1342000 0.915113 0.832097
1343000 0.929814 0.832170
1344000 0.912393 0.832229
1345000 0.899692 0.832279
1346000 0.912808 0.832339
1347000 0.910756 0.832397
1348000 0.876006 0.832430
1349000 0.910885 0.832488
1350000 0.896271 0.832535
1351000 0.888824 0.832577
1352000 0.898666 0.832626
1353000 0.917866 0.832689
1354000 0.916171 0.832750
1355000 0.872650 0.832780
1356000 0.847326 0.832791
1357000 0.867355 0.832816
1358000 0.852771 0.832831
1359000 0.852875 0.832845
1360000 0.850832 0.832859
1361000 0.858825 0.832878
1362000 0.903295 0.832929
1363000 0.891967 0.832973
1364000 0.895357 0.833019
1365000 0.882202 0.833055
1366000 0.891904 0.833098
1367000 0.902425 0.833148
1368000 0.863167 0.833170
1369000 0.887584 0.833210
1370000 0.886668 0.833249
1371000 0.883775 0.833286
1372000 0.887480 0.833325
1373000 0.894025 0.833370
1374000 0.898099 0.833417
1375000 0.873600 0.833446
1376000 0.908848 0.833501
1377000 0.916175 0.833561
1378000 0.879501 0.833594
1379000 0.871310 0.833621
1380000 0.889619 0.833662
1381000 0.908771 0.833716
1382000 0.879412 0.833750
1383000 0.888402 0.833789
1384000 0.908280 0.833843
1385000 0.906459 0.833895
1386000 0.921108 0.833958
1387000 0.885609 0.833995
1388000 0.902914 0.834045
1389000 0.863164 0.834066
1390000 0.933049 0.834137
1391000 0.897861 0.834183
1392000 0.925418 0.834249
1393000 0.923864 0.834313
1394000 0.920416 0.834375
1395000 0.929588 0.834443
1396000 0.928438 0.834510
1397000 0.902108 0.834559
1398000 0.907556 0.834611
1399000 0.917652 0.834670
1400000 0.894893 0.834713
1401000 0.916248 0.834771
1402000 0.900599 0.834818
1403000 0.918182 0.834878
1404000 0.915252 0.834935
1405000 0.895837 0.834978
1406000 0.890471 0.835018
1407000 0.885213 0.835054
1408000 0.868949 0.835078
1409000 0.911881 0.835132
1410000 0.903751 0.835181
1411000 0.921075 0.835242
1412000 0.909409 0.835294
1413000 0.923060 0.835356
1414000 0.914552 0.835412
1415000 0.949384 0.835493
1416000 0.939618 0.835566
1417000 0.926101 0.835630
1418000 0.923984 0.835693
1419000 0.920341 0.835752
1420000 0.937961 0.835824
1421000 0.936061 0.835895
1422000 0.904023 0.835943
1423000 0.915742 0.835999
1424000 0.939813 0.836072
1425000 0.926561 0.836135
1426000 0.890504 0.836173
1427000 0.911185 0.836226
1428000 0.923677 0.836287
1429000 0.916658 0.836343
1430000 0.907300 0.836393
1431000 0.923384 0.836454
1432000 0.924575 0.836515
1433000 0.911646 0.836568
1434000 0.896722 0.836610
1435000 0.915909 0.836665
1436000 0.898638 0.836708
1437000 0.902569 0.836754
1438000 0.935480 0.836823
1439000 0.923421 0.836883
1440000 0.915755 0.836938
1441000 0.919870 0.836995
1442000 0.899054 0.837038
1443000 0.893039 0.837077
1444000 0.904823 0.837124
1445000 0.872063 0.837148
1446000 0.882277 0.837179
1447000 0.895660 0.837220
1448000 0.908981 0.837269
1449000 0.897679 0.837311
1450000 0.882714 0.837342
1451000 0.884253 0.837375
1452000 0.876513 0.837402
1453000 0.874457 0.837427
1454000 0.855339 0.837439
1455000 0.885695 0.837473
1456000 0.890832 0.837509
1457000 0.896876 0.837550
1458000 0.888635 0.837585
1459000 0.869105 0.837607
1460000 0.885990 0.837640
1461000 0.904229 0.837685
1462000 0.869985 0.837707
1463000 0.886140 0.837740
1464000 0.895692 0.837780
1465000 0.879342 0.837808
1466000 0.868257 0.837829
1467000 0.845800 0.837835
1468000 0.872591 0.837858
1469000 0.862265 0.837875
1470000 0.869958 0.837897
1471000 0.864039 0.837915
1472000 0.872028 0.837938
1473000 0.867767 0.837958
1474000 0.884711 0.837990
1475000 0.861209 0.838005
1476000 0.886215 0.838038
1477000 0.904887 0.838083
1478000 0.905497 0.838129
1479000 0.905972 0.838175
1480000 0.890630 0.838210
1481000 0.922677 0.838267
1482000 0.864144 0.838285
1483000 0.898203 0.838325
1484000 0.877102 0.838351
1485000 0.906917 0.838397
1486000 0.913295 0.838448
1487000 0.907777 0.838494
1488000 0.887853 0.838528
1489000 0.876106 0.838553
1490000 0.867719 0.838572
1491000 0.900046 0.838614
1492000 0.906666 0.838659
1493000 0.890266 0.838694
1494000 0.900922 0.838736
1495000 0.905555 0.838780
1496000 0.898317 0.838820
1497000 0.873271 0.838843
1498000 0.876452 0.838868
1499000 0.885109 0.838899
1500000 0.887972 0.838932
1501000 0.909637 0.838979
1502000 0.876814 0.839004
1503000 0.893781 0.839040
1504000 0.838527 0.839040
1505000 0.881317 0.839068
1506000 0.882988 0.839097
1507000 0.875075 0.839121
1508000 0.883063 0.839150
1509000 0.912251 0.839199
1510000 0.859658 0.839212
1511000 0.900885 0.839253
1512000 0.880589 0.839281
1513000 0.870188 0.839301
1514000 0.878927 0.839327
1515000 0.864637 0.839344
1516000 0.891124 0.839378
1517000 0.862148 0.839393
1518000 0.904181 0.839436
1519000 0.912128 0.839484
1520000 0.929174 0.839543
1521000 0.902932 0.839584
1522000 0.930368 0.839644
1523000 0.942099 0.839711
1524000 0.907856 0.839756
1525000 0.920532 0.839809
1526000 0.905300 0.839852
1527000 0.913429 0.839900
1528000 0.869866 0.839920
1529000 0.919530 0.839972
1530000 0.904371 0.840014
1531000 0.926974 0.840070
1532000 0.926460 0.840127
1533000 0.891704 0.840161
1534000 0.921772 0.840214
1535000 0.921743 0.840267
1536000 0.923217 0.840321
1537000 0.913899 0.840369
1538000 0.931490 0.840428
1539000 0.904141 0.840469
1540000 0.902765 0.840510
1541000 0.905464 0.840552
1542000 0.896624 0.840588
1543000 0.928547 0.840645
1544000 0.919050 0.840696
1545000 0.912604 0.840743
1546000 0.919057 0.840793
1547000 0.907751 0.840837
1548000 0.889918 0.840868
1549000 0.884249 0.840896
1550000 0.898316 0.840933
1551000 0.885055 0.840962
1552000 0.896959 0.840998
1553000 0.877906 0.841022
1554000 0.933944 0.841081
1555000 0.897717 0.841118
1556000 0.902975 0.841158
1557000 0.923363 0.841210
1558000 0.936526 0.841272
1559000 0.953675 0.841344
1560000 0.932465 0.841402
1561000 0.926114 0.841456
1562000 0.924748 0.841510
1563000 0.948979 0.841578
1564000 0.936300 0.841639
1565000 0.947015 0.841706
1566000 0.948721 0.841775
1567000 0.945830 0.841841
1568000 0.946588 0.841908
1569000 0.916045 0.841955
1570000 0.931003 0.842012
1571000 0.947976 0.842079
1572000 0.953914 0.842150
1573000 0.947770 0.842218
1574000 0.948887 0.842285
1575000 0.927819 0.842340
1576000 0.926323 0.842393
1577000 0.921377 0.842443
1578000 0.936123 0.842502
1579000 0.933809 0.842560
1580000 0.927762 0.842614
1581000 0.926293 0.842667
1582000 0.918069 0.842715
1583000 0.928004 0.842769
1584000 0.929789 0.842824
1585000 0.928609 0.842878
1586000 0.939248 0.842938
1587000 0.921104 0.842988
1588000 0.930363 0.843043
1589000 0.940827 0.843104
1590000 0.950457 0.843172
1591000 0.937773 0.843231
1592000 0.928028 0.843284
1593000 0.923534 0.843335
1594000 0.931610 0.843390
1595000 0.921269 0.843439
1596000 0.901461 0.843475
1597000 0.906222 0.843515
1598000 0.889301 0.843543
1599000 0.921223 0.843592
1600000 0.946412 0.843656
1601000 0.939133 0.843716
1602000 0.927028 0.843768
1603000 0.926493 0.843819
1604000 0.902615 0.843856
1605000 0.931345 0.843911
1606000 0.929987 0.843964
1607000 0.925423 0.844015
1608000 0.946049 0.844078
1609000 0.941936 0.844139
1610000 0.911848 0.844181
1611000 0.929882 0.844234
1612000 0.908919 0.844275
1613000 0.913786 0.844318
1614000 0.919691 0.844364
1615000 0.919415 0.844411
1616000 0.907850 0.844450
1617000 0.922072 0.844498
1618000 0.897648 0.844531
1619000 0.922481 0.844579
1620000 0.911190 0.844620
1621000 0.928359 0.844672
1622000 0.930158 0.844725
1623000 0.926170 0.844775
1624000 0.930102 0.844827
1625000 0.934979 0.844883
1626000 0.934599 0.844938
1627000 0.941970 0.844998
1628000 0.941884 0.845057
1629000 0.923667 0.845105
1630000 0.926357 0.845155
1631000 0.892829 0.845184
1632000 0.903003 0.845220
1633000 0.903430 0.845256
1634000 0.916582 0.845299
1635000 0.902906 0.845334
1636000 0.918685 0.845379
1637000 0.886824 0.845405
1638000 0.917807 0.845449
1639000 0.881717 0.845471
1640000 0.885936 0.845496
1641000 0.901227 0.845530
1642000 0.905391 0.845566
1643000 0.886364 0.845591
1644000 0.884587 0.845615
1645000 0.922344 0.845661
1646000 0.896103 0.845692
1647000 0.914420 0.845734
1648000 0.911061 0.845773
1649000 0.870597 0.845788
1650000 0.881592 0.845810
1651000 0.870892 0.845825
1652000 0.856469 0.845832
1653000 0.882308 0.845854
1654000 0.882529 0.845876
1655000 0.893131 0.845904
1656000 0.899582 0.845937
1657000 0.907184 0.845974
1658000 0.899940 0.846006
1659000 0.909075 0.846044
1660000 0.884268 0.846067
1661000 0.851076 0.846070
1662000 0.881264 0.846092
1663000 0.891960 0.846119
1664000 0.877210 0.846138
1665000 0.883034 0.846160
1666000 0.885792 0.846184
1667000 0.861631 0.846193
1668000 0.862662 0.846203
1669000 0.816293 0.846185
1670000 0.834475 0.846178
1671000 0.856190 0.846184
1672000 0.832756 0.846176
1673000 0.854918 0.846181
1674000 0.859362 0.846189
1675000 0.846823 0.846189
1676000 0.847720 0.846190
1677000 0.858370 0.846198
1678000 0.861484 0.846207
1679000 0.845405 0.846206
1680000 0.834395 0.846199
1681000 0.823223 0.846185
1682000 0.839562 0.846182
1683000 0.818386 0.846165
1684000 0.847023 0.846166
1685000 0.817298 0.846148
1686000 0.804017 0.846123
1687000 0.806931 0.846100
1688000 0.820616 0.846085
1689000 0.837808 0.846080
1690000 0.852040 0.846084
1691000 0.865573 0.846095
1692000 0.854358 0.846100
1693000 0.873627 0.846116
1694000 0.856619 0.846123
1695000 0.864268 0.846133
1696000 0.846299 0.846133
1697000 0.845306 0.846133
1698000 0.874732 0.846150
1699000 0.839844 0.846146
1700000 0.872848 0.846162
1701000 0.865525 0.846173
1702000 0.860962 0.846182
1703000 0.878121 0.846201
1704000 0.873580 0.846217
1705000 0.876110 0.846234
1706000 0.852846 0.846238
1707000 0.857915 0.846245
1708000 0.836731 0.846239
1709000 0.832953 0.846232
1710000 0.850806 0.846234
1711000 0.820864 0.846219
1712000 0.832635 0.846211
1713000 0.872213 0.846227
1714000 0.870151 0.846241
1715000 0.861497 0.846249
1716000 0.884536 0.846272
1717000 0.866529 0.846284
1718000 0.877089 0.846302
1719000 0.870127 0.846315
1720000 0.891563 0.846342
1721000 0.903992 0.846375
1722000 0.910253 0.846412
1723000 0.902326 0.846445
1724000 0.928160 0.846492
1725000 0.906724 0.846527
1726000 0.909375 0.846563
1727000 0.933066 0.846614
1728000 0.919578 0.846656
1729000 0.918216 0.846697
1730000 0.918281 0.846739
1731000 0.914353 0.846778
1732000 0.894276 0.846805
1733000 0.887384 0.846828
1734000 0.898353 0.846858
1735000 0.863410 0.846868
1736000 0.914587 0.846907
1737000 0.902820 0.846939
1738000 0.909903 0.846975
1739000 0.886217 0.846998
1740000 0.881582 0.847018
1741000 0.903595 0.847050
1742000 0.889200 0.847074
1743000 0.902870 0.847106
1744000 0.927062 0.847152
1745000 0.890246 0.847177
1746000 0.897277 0.847206
1747000 0.934186 0.847255
1748000 0.929522 0.847302
1749000 0.906739 0.847336
1750000 0.896054 0.847364
1751000 0.922383 0.847407
1752000 0.907302 0.847441
1753000 0.922060 0.847484
1754000 0.926231 0.847529
1755000 0.944988 0.847584
1756000 0.934793 0.847634
1757000 0.927324 0.847679
1758000 0.934216 0.847728
1759000 0.932114 0.847776
1760000 0.912645 0.847813
1761000 0.897148 0.847841
1762000 0.930243 0.847888
1763000 0.891644 0.847913
1764000 0.899133 0.847942
1765000 0.931895 0.847989
1766000 0.940051 0.848042
1767000 0.942938 0.848095
1768000 0.919288 0.848136
1769000 0.925829 0.848180
1770000 0.906685 0.848213
1771000 0.931104 0.848259
1772000 0.930471 0.848306
1773000 0.914221 0.848343
1774000 0.915541 0.848381
1775000 0.906573 0.848414
1776000 0.928999 0.848459
1777000 0.958590 0.848521
1778000 0.930719 0.848567
1779000 0.926420 0.848611
1780000 0.914518 0.848648
1781000 0.914751 0.848685
1782000 0.934729 0.848733
1783000 0.921480 0.848774
1784000 0.917428 0.848813
1785000 0.931927 0.848859
1786000 0.926998 0.848903
1787000 0.917854 0.848942
1788000 0.932460 0.848988
1789000 0.949375 0.849044
1790000 0.934277 0.849092
1791000 0.945722 0.849146
1792000 0.929765 0.849191
1793000 0.926113 0.849234
1794000 0.922866 0.849275
1795000 0.926466 0.849318
1796000 0.902308 0.849347
1797000 0.903698 0.849378
1798000 0.911575 0.849412
1799000 0.885943 0.849433
1800000 0.903105 0.849462
1801000 0.879800 0.849479
1802000 0.912189 0.849514
1803000 0.938449 0.849563
1804000 0.925834 0.849606
1805000 0.943734 0.849658
1806000 0.924933 0.849699
1807000 0.902304 0.849729
1808000 0.901618 0.849757
1809000 0.889714 0.849779
1810000 0.904290 0.849809
1811000 0.891415 0.849832
1812000 0.920422 0.849871
1813000 0.934268 0.849918
1814000 0.925378 0.849960
1815000 0.941780 0.850010
1816000 0.915183 0.850046
1817000 0.907923 0.850078
1818000 0.914670 0.850113
1819000 0.932875 0.850159
1820000 0.900232 0.850186
1821000 0.894357 0.850211
1822000 0.907893 0.850242
1823000 0.900170 0.850270
1824000 0.921265 0.850309
1825000 0.926480 0.850350
1826000 0.916774 0.850387
1827000 0.893095 0.850410
1828000 0.928192 0.850453
1829000 0.897814 0.850479
1830000 0.907477 0.850510
1831000 0.915825 0.850545
1832000 0.898782 0.850572
1833000 0.899239 0.850598
1834000 0.901338 0.850626
1835000 0.897831 0.850652
1836000 0.929514 0.850695
1837000 0.927681 0.850737
1838000 0.897266 0.850762
1839000 0.890052 0.850783
1840000 0.904087 0.850812
1841000 0.897599 0.850838
1842000 0.899302 0.850864
1843000 0.898441 0.850890
1844000 0.893468 0.850913
1845000 0.915213 0.850948
1846000 0.894002 0.850971
1847000 0.904942 0.851000
1848000 0.901473 0.851027
1849000 0.885730 0.851046
1850000 0.901218 0.851073
1851000 0.916888 0.851109
1852000 0.904437 0.851138
1853000 0.908358 0.851169
1854000 0.898826 0.851194
1855000 0.912762 0.851228
1856000 0.910261 0.851259
1857000 0.909454 0.851291
1858000 0.917901 0.851327
1859000 0.895663 0.851350
1860000 0.904227 0.851379
1861000 0.918866 0.851415
1862000 0.894134 0.851438
1863000 0.909734 0.851469
1864000 0.936615 0.851515
1865000 0.918695 0.851551
1866000 0.900912 0.851577
1867000 0.911233 0.851609
1868000 0.896540 0.851633
1869000 0.884582 0.851651
1870000 0.919618 0.851687
1871000 0.896497 0.851711
1872000 0.895366 0.851735
1873000 0.902059 0.851762
1874000 0.905757 0.851790
1875000 0.903340 0.851818
1876000 0.900403 0.851844
1877000 0.919483 0.851880
1878000 0.910021 0.851911
1879000 0.933917 0.851954
1880000 0.919046 0.851990
1881000 0.936286 0.852035
1882000 0.913001 0.852067
1883000 0.929571 0.852108
1884000 0.913401 0.852141
1885000 0.916481 0.852175
1886000 0.928065 0.852215
1887000 0.939937 0.852262
1888000 0.889558 0.852282
1889000 0.925741 0.852320
1890000 0.926832 0.852360
1891000 0.917044 0.852394
1892000 0.929525 0.852435
1893000 0.889769 0.852455
1894000 0.902871 0.852481
1895000 0.895401 0.852504
1896000 0.921453 0.852540
1897000 0.910521 0.852571
1898000 0.899798 0.852596
1899000 0.880205 0.852610
1900000 0.896623 0.852633
1901000 0.917463 0.852667
1902000 0.886117 0.852685
1903000 0.946140 0.852734
1904000 0.911446 0.852765
1905000 0.920491 0.852801
1906000 0.915661 0.852834
1907000 0.915260 0.852866
1908000 0.902485 0.852892
1909000 0.907908 0.852921
1910000 0.903471 0.852948
1911000 0.901859 0.852973
1912000 0.912068 0.853004
1913000 0.897884 0.853028
1914000 0.919071 0.853062
1915000 0.932956 0.853104
1916000 0.903868 0.853130
1917000 0.912387 0.853161
1918000 0.922776 0.853197
1919000 0.913819 0.853229
1920000 0.919188 0.853263
1921000 0.915792 0.853296
1922000 0.929962 0.853336
1923000 0.910360 0.853366
1924000 0.907244 0.853394
1925000 0.922396 0.853429
1926000 0.909186 0.853458
1927000 0.930262 0.853498
1928000 0.898276 0.853521
1929000 0.925085 0.853558
1930000 0.915976 0.853591
1931000 0.908785 0.853619
1932000 0.876393 0.853631
1933000 0.925757 0.853669
1934000 0.933566 0.853710
1935000 0.914435 0.853741
1936000 0.908837 0.853770
1937000 0.907736 0.853798
1938000 0.917690 0.853830
1939000 0.907982 0.853858
1940000 0.893996 0.853879
1941000 0.918320 0.853912
1942000 0.926628 0.853950
1943000 0.920742 0.853984
1944000 0.904996 0.854010
1945000 0.887741 0.854028
1946000 0.903688 0.854053
1947000 0.917589 0.854086
1948000 0.910933 0.854115
1949000 0.916772 0.854147
1950000 0.926637 0.854184
1951000 0.931893 0.854224
1952000 0.921322 0.854259
1953000 0.911338 0.854288
1954000 0.914658 0.854319
1955000 0.901215 0.854343
1956000 0.915586 0.854374
1957000 0.924349 0.854410
1958000 0.933907 0.854450
1959000 0.924684 0.854486
1960000 0.938825 0.854529
1961000 0.933716 0.854570
1962000 0.911856 0.854599
1963000 0.910687 0.854627
1964000 0.903673 0.854652
1965000 0.905557 0.854678
1966000 0.901282 0.854702
1967000 0.929499 0.854740
1968000 0.911394 0.854769
1969000 0.918470 0.854801
1970000 0.912455 0.854830
1971000 0.915888 0.854861
1972000 0.903941 0.854886
1973000 0.895180 0.854907
1974000 0.921222 0.854940
1975000 0.922572 0.854975
1976000 0.933413 0.855014
1977000 0.923849 0.855049
1978000 0.905350 0.855074
1979000 0.917757 0.855106
1980000 0.920442 0.855139
1981000 0.929925 0.855177
1982000 0.910984 0.855205
1983000 0.915842 0.855236
1984000 0.882093 0.855249
1985000 0.900128 0.855272
1986000 0.896251 0.855292
1987000 0.897612 0.855314
1988000 0.931873 0.855352
1989000 0.930944 0.855390
1990000 0.926966 0.855426
1991000 0.904483 0.855451
1992000 0.913776 0.855480
1993000 0.922074 0.855514
1994000 0.936913 0.855554
1995000 0.920766 0.855587
1996000 0.930086 0.855624
1997000 0.921547 0.855657
1998000 0.936251 0.855698
1999000 0.911779 0.855726
2000000 0.914385 0.855755
