# r N rho/M
0 0.00125 10.37837564970707
0.2 0.007 46.24955400563237
0.4 0.0115 37.99070507605516
0.6 0.01425 31.38362593239339
0.8 0.01525 25.18948923521048
1 0.026 34.35681154704119
1.2 0.0315 34.68716550422427
1.4 0.0365 34.45119839195064
1.6 0.04775 39.43600363873117
1.8 0.06175 45.33190412456823
2 0.07625 50.37897847042098
2.2 0.09475 56.9109771692684
2.4 0.113 62.21666193614831
2.6 0.12275 62.38607422188322
2.8 0.15025 70.90811723822716
3 0.171 75.32070223774416
3.2 0.197 81.3496619563355
3.4 0.2075 80.64523072410685
3.6 0.22025 80.84495452175022
3.8 0.23875 83.02316555522351
4 0.2795 92.33393103267321
4.2 0.3115 98.00500729764953
4.4 0.3305 99.25634804455517
4.6 0.374 107.4368521621522
4.8 0.38775 106.7456224147854
5 0.41725 110.2721509077149
5.2 0.423 107.4920952988049
5.4 0.4555 111.4638722199235
5.6 0.45875 108.2499127555298
5.8 0.48375 110.2129150257372
6 0.47675 104.9974993913582
6.2 0.4675 99.63901611812504
6.4 0.4755 98.17706665034906
6.6 0.4955 99.20629441467894
6.8 0.488 94.83101829726301
7 0.4765 89.95066319870948
7.2 0.47575 87.31438618325238
7.4 0.46875 83.70454996193116
7.6 0.46575 80.98018713580177
7.8 0.487 82.5037831529046
8 0.51375 84.85967275140582
8.199999999999999 0.519 83.63595306245018
8.4 0.53775 84.59420975009797
8.6 0.5625 86.42981437929636
8.800000000000001 0.57225 85.92956909001013
9 0.594 87.21344469633532
9.199999999999999 0.606 87.04108610997893
9.4 0.62775 88.24667941348243
9.6 0.66225 91.15704506020843
9.800000000000001 0.68575 92.46539842379705
10 0.674 89.06342685656062
10.2 0.66775 86.50739408196362
10.4 0.67525 85.79673445687708
10.6 0.67125 83.67928066382946
10.8 0.681 83.32260920062339
11 0.647 77.72327647180298
11.2 0.68375 80.67125650854879
11.4 0.68075 78.90823029908329
11.6 0.7132500000000001 81.24998619339233
11.8 0.71125 79.64889899880393
12 0.75925 83.60708066375328
12.2 0.722 78.20182199547206
12.4 0.75225 80.16411751321877
12.6 0.75725 79.41604256409323
12.8 0.75675 78.12354909321941
13 0.795 80.80966029555543
13.2 0.785 78.58419890567404
13.4 0.7925 78.15089882614851
13.6 0.81725 79.40640338467028
13.8 0.8195 78.47103417725822
14 0.839 79.19056287903175
14.2 0.86075 80.09920243530799
14.4 0.9005 82.63437178982528
14.6 0.9185 83.131536896621
14.8 0.95825 85.55721066775524
15 0.9795 86.28845361622268
15.2 1.01975 88.65222311511954
15.4 1.0515 90.22524311117333
15.6 1.077 91.22851586825284
15.8 1.13475 94.90358301607834
16 1.143 94.39864326506749
16.2 1.141 93.07009015948243
16.4 1.1335 91.33078304073919
16.6 1.12425 89.49408105134627
16.8 1.12575 88.54665888068135
17 1.16325 90.41982133958292
17.2 1.16375 89.40684131902768
17.4 1.1755 89.27151187786674
17.6 1.1685 87.73149976555425
17.8 1.19975 89.06565396188995
18 1.21075 88.88356747987204
18.2 1.19075 86.45471967379395
18.4 1.169 83.95299477109356
18.6 1.1815 83.93832266920835
18.8 1.1655 81.92075257380627
19 1.16025 80.69330080456385
19.2 1.146 78.87200727746233
19.4 1.136 77.37775162061615
19.6 1.12825 76.06568412077947
19.8 1.11775 74.59659305886808
20 1.14375 75.56846770563146
20.2 1.11925 73.2175577380538
20.4 1.166 75.5279831520551
20.6 1.1565 74.18531096742555
20.8 1.19525 75.93376294674736
21 1.1885 74.78584344992389
21.2 1.22725 76.49564036848022
21.4 1.217 75.14780670875112
21.6 1.2405 75.88964516400389
21.8 1.2605 76.40571798702437
22 1.30025 78.09867869587465
22.2 1.296 77.14211324491578
22.4 1.323 78.04612238450461
22.6 1.36975 80.08890846929827
22.8 1.3745 79.66166914879909
23 1.396 80.20419551784197
23.2 1.426 81.22150740397998
23.4 1.47125 83.08260846249894
23.6 1.47375 82.51849905060615
23.8 1.519 84.33742201027079
24 1.5465 85.14873246394103
24.2 1.58325 86.45171945621894
24.4 1.57425 85.25569132712735
24.6 1.59475 85.66373548255771
24.8 1.64525 87.66368517023808
25 1.6665 88.08557914329867
25.2 1.66725 87.42581509738159
25.4 1.7125 89.09151994898248
25.6 1.74 89.81498210915213
25.8 1.7775 91.03940447952552
26 1.7185 87.34050391063649
26.2 1.74025 87.770759387461
26.4 1.76125 88.15695561950216
26.6 1.8205 90.43750060929509
26.8 1.782 87.86429129854677
27 1.83475 89.79509969506242
27.2 1.83075 88.94051575190281
27.4 1.8055 87.07358681665198
27.6 1.83525 87.86697100293665
27.8 1.783 84.75123822409302
28 1.78925 84.44083112712012
28.2 1.7525 82.11990212246272
28.4 1.73825 80.87855860190189
28.6 1.71975 79.45821228889736
28.8 1.712 78.5508298190899
29 1.76425 80.38992675313982
29.2 1.753 79.33020369067862
29.4 1.8205 81.82440531317175
29.6 1.83375 81.86304986276868
29.8 1.85625 82.31134671424265
30 1.82875 80.5513065598097
30.2 1.826 79.89752659818799
30.4 1.84025 79.99129864554976
30.6 1.92125 82.96634512915142
30.8 1.8965 81.36575062308142
31 1.91075 81.44823531452724
31.2 1.90075 80.5026005276609
31.4 1.9895 83.72473857525533
31.6 2.0335 85.03478125719116
31.8 2.09825 87.19059002005223
32 2.06875 85.42746861531425
32.2 2.12525 87.21549658426811
32.4 2.14725 87.57438698288722
32.6 2.162 87.63500066623764
32.8 2.139 86.17403834324706
33 2.151 86.13228629100882
33.2 2.1805 86.78756670334023
33.4 2.18425 86.41624323079769
33.6 2.251 88.52699495465855
33.8 2.245 87.76859572497436
34 2.2585 87.77698968211823
34.2 2.23675 86.42329985137692
34.4 2.288 87.88951791103558
34.6 2.257 86.19755853898617
34.8 2.257 85.70217027152074
35 2.28825 86.39227914562308
35.2 2.30225 86.42697703690511
35.4 2.2435 83.74566134918177
35.6 2.28875 84.95478870817904
35.8 2.34875 86.69484435014287
36 2.3645 86.79132575104583
36.2 2.33225 85.13458747406163
36.4 2.35075 85.33841371957637
36.6 2.34325 84.60130165784389
36.8 2.413 86.6460976829122
37 2.41925 86.40095253137149
37.2 2.46375 87.51715720535847
37.4 2.48475 87.79112247173033
37.6 2.5255 88.75626796445634
37.8 2.514 87.88464003791366
38 2.51375 87.41339577568297
38.2 2.49875 86.43685345667454
38.4 2.4895 85.66835170909357
38.6 2.539 86.91903598837941
38.8 2.53475 86.32625700719929
39 2.5285 85.67179289614759
39.2 2.52175 85.00715219657683
39.4 2.5425 85.27156712060936
39.6 2.554 85.22464713591995
39.8 2.49575 82.86240086831083
40 2.4915 82.30768843216646
40.2 2.44575 80.39434734134709
40.4 2.43675 79.70198070949411
40.6 2.35425 76.62421711313158
40.8 2.29425 74.30534963404907
41 2.1405 68.98757515613664
41.2 2.0735 66.50377963292559
41.4 1.98475 63.34976005015793
41.6 1.829 58.09782573921812
41.8 1.7635 55.74920607582548
42 1.664 52.35323664311036
42.2 1.62425 50.86041847911196
42.4 1.5525 48.38438854025893
42.6 1.44425 44.79940870062678
42.8 1.35975 41.98119563361723
43 1.3155 40.42610517900955
43.2 1.2745 38.9848257805413
43.4 1.2045 36.67385635272164
43.6 1.15925 35.13420411600872
43.8 1.104 33.3069195187333
44 1.0045 30.16732272640111
44.2 0.94625 28.28936036058799
44.4 0.87075 25.91492866821389
44.6 0.8095 23.98399357306816
44.8 0.6919999999999999 20.41115521166939
45 0.62225 18.27224443174904
45.2 0.56375 16.48115427982
45.4 0.498 14.49482561032405
45.6 0.4405 12.76499281922372
45.8 0.37725 10.88436946264804
46 0.3135 9.005736137121582
46.2 0.2675 7.651054852508756
46.4 0.2355 6.706754906604939
46.6 0.19075 5.409014363319665
46.8 0.15425 4.355307512435161
47 0.143 4.02047794699418
47.2 0.10425 2.918593223418386
47.4 0.07925 2.209329207321498
47.6 0.05875 1.630949158361886
47.8 0.04275 1.181810181554563
48 0.038 1.046120864413113
48.2 0.01825 0.5003286073519801
48.4 0.01425 0.3890532140379346
48.6 0.007 0.1903273827392278
48.8 0.00225 0.06092593472638925
