1000 197.000000 197.000000
2000 193.000000 195.000000
3000 190.000000 193.333333
4000 193.000000 193.250000
5000 189.000000 192.400000
6000 193.000000 192.500000
7000 189.000000 192.000000
8000 191.000000 191.875000
9000 194.000000 192.111111
10000 192.000000 192.100000
11000 187.000000 191.636364
12000 188.000000 191.333333
13000 183.000000 190.692308
14000 193.000000 190.857143
15000 180.000000 190.133333
16000 191.000000 190.187500
17000 189.000000 190.117647
18000 193.000000 190.277778
19000 190.000000 190.263158
20000 191.000000 190.300000
21000 191.000000 190.333333
22000 193.000000 190.454545
23000 183.000000 190.130435
24000 189.000000 190.083333
25000 186.000000 189.920000
26000 187.000000 189.807692
27000 183.000000 189.555556
28000 190.000000 189.571429
29000 187.000000 189.482759
30000 187.000000 189.400000
31000 192.000000 189.483871
32000 190.000000 189.500000
33000 187.000000 189.424242
34000 189.000000 189.411765
35000 188.000000 189.371429
36000 191.000000 189.416667
37000 187.000000 189.351351
38000 191.000000 189.394737
39000 190.000000 189.410256
40000 187.000000 189.350000
41000 189.000000 189.341463
42000 189.000000 189.333333
43000 189.000000 189.325581
44000 181.000000 189.136364
45000 184.000000 189.022222
46000 191.000000 189.065217
47000 188.000000 189.042553
48000 188.000000 189.020833
49000 198.000000 189.204082
50000 196.000000 189.340000
51000 191.000000 189.372549
52000 189.000000 189.365385
53000 191.000000 189.396226
54000 187.000000 189.351852
55000 191.000000 189.381818
56000 188.000000 189.357143
57000 188.000000 189.333333
58000 186.000000 189.275862
59000 189.000000 189.271186
60000 189.000000 189.266667
61000 186.000000 189.213115
62000 189.000000 189.209677
63000 192.000000 189.253968
64000 187.000000 189.218750
65000 188.000000 189.200000
66000 190.000000 189.212121
67000 189.000000 189.208955
68000 191.000000 189.235294
69000 190.000000 189.246377
70000 185.000000 189.185714
71000 193.000000 189.239437
72000 189.000000 189.236111
73000 192.000000 189.273973
74000 194.000000 189.337838
75000 187.000000 189.306667
76000 185.000000 189.250000
77000 184.000000 189.181818
78000 185.000000 189.128205
79000 184.000000 189.063291
80000 190.000000 189.075000
81000 183.000000 189.000000
82000 186.000000 188.963415
83000 189.000000 188.963855
84000 189.000000 188.964286
85000 190.000000 188.976471
86000 183.000000 188.906977
87000 186.000000 188.873563
88000 187.000000 188.852273
89000 184.000000 188.797753
90000 187.000000 188.777778
91000 187.000000 188.758242
92000 184.000000 188.706522
93000 190.000000 188.720430
94000 181.000000 188.638298
95000 184.000000 188.589474
96000 190.000000 188.604167
97000 183.000000 188.546392
98000 190.000000 188.561224
99000 188.000000 188.555556
100000 189.000000 188.560000
101000 183.000000 188.504950
102000 188.000000 188.500000
103000 187.000000 188.485437
104000 187.000000 188.471154
105000 187.000000 188.457143
106000 187.000000 188.443396
107000 189.000000 188.448598
108000 184.000000 188.407407
109000 186.000000 188.385321
110000 183.000000 188.336364
111000 182.000000 188.279279
112000 186.000000 188.258929
113000 189.000000 188.265487
114000 186.000000 188.245614
115000 188.000000 188.243478
116000 188.000000 188.241379
117000 181.000000 188.179487
118000 189.000000 188.186441
119000 189.000000 188.193277
120000 188.000000 188.191667
121000 187.000000 188.181818
122000 187.000000 188.172131
123000 188.000000 188.170732
124000 186.000000 188.153226
125000 185.000000 188.128000
126000 187.000000 188.119048
127000 191.000000 188.141732
128000 189.000000 188.148438
129000 192.000000 188.178295
130000 183.000000 188.138462
131000 182.000000 188.091603
132000 183.000000 188.053030
133000 179.000000 187.984962
134000 193.000000 188.022388
135000 190.000000 188.037037
136000 190.000000 188.051471
137000 181.000000 188.000000
138000 184.000000 187.971014
139000 186.000000 187.956835
140000 186.000000 187.942857
141000 188.000000 187.943262
142000 181.000000 187.894366
143000 184.000000 187.867133
144000 184.000000 187.840278
145000 191.000000 187.862069
146000 183.000000 187.828767
147000 191.000000 187.850340
148000 190.000000 187.864865
149000 187.000000 187.859060
150000 184.000000 187.833333
151000 195.000000 187.880795
152000 189.000000 187.888158
153000 187.000000 187.882353
154000 187.000000 187.876623
155000 186.000000 187.864516
156000 187.000000 187.858974
157000 189.000000 187.866242
158000 189.000000 187.873418
159000 184.000000 187.849057
160000 188.000000 187.850000
161000 188.000000 187.850932
162000 192.000000 187.876543
163000 193.000000 187.907975
164000 186.000000 187.896341
165000 193.000000 187.927273
166000 186.000000 187.915663
167000 189.000000 187.922156
168000 189.000000 187.928571
169000 188.000000 187.928994
170000 192.000000 187.952941
171000 180.000000 187.906433
172000 191.000000 187.924419
173000 188.000000 187.924855
174000 185.000000 187.908046
175000 184.000000 187.885714
176000 180.000000 187.840909
177000 190.000000 187.853107
178000 186.000000 187.842697
179000 188.000000 187.843575
180000 191.000000 187.861111
181000 185.000000 187.845304
182000 190.000000 187.857143
183000 183.000000 187.830601
184000 190.000000 187.842391
185000 183.000000 187.816216
186000 190.000000 187.827957
187000 187.000000 187.823529
188000 191.000000 187.840426
189000 186.000000 187.830688
190000 180.000000 187.789474
191000 189.000000 187.795812
192000 188.000000 187.796875
193000 187.000000 187.792746
194000 189.000000 187.798969
195000 189.000000 187.805128
196000 190.000000 187.816327
197000 187.000000 187.812183
198000 194.000000 187.843434
199000 187.000000 187.839196
200000 190.000000 187.850000
201000 190.000000 187.860697
202000 183.000000 187.836634
203000 187.000000 187.832512
204000 188.000000 187.833333
205000 187.000000 187.829268
206000 186.000000 187.820388
207000 185.000000 187.806763
208000 186.000000 187.798077
209000 184.000000 187.779904
210000 188.000000 187.780952
211000 194.000000 187.810427
212000 191.000000 187.825472
213000 192.000000 187.845070
214000 187.000000 187.841121
215000 187.000000 187.837209
216000 182.000000 187.810185
217000 187.000000 187.806452
218000 182.000000 187.779817
219000 183.000000 187.757991
220000 188.000000 187.759091
221000 191.000000 187.773756
222000 190.000000 187.783784
223000 187.000000 187.780269
224000 180.000000 187.745536
225000 179.000000 187.706667
226000 187.000000 187.703540
227000 187.000000 187.700441
228000 182.000000 187.675439
229000 190.000000 187.685590
230000 193.000000 187.708696
231000 187.000000 187.705628
232000 187.000000 187.702586
233000 185.000000 187.690987
234000 184.000000 187.675214
235000 180.000000 187.642553
236000 179.000000 187.605932
237000 183.000000 187.586498
238000 187.000000 187.584034
239000 181.000000 187.556485
240000 187.000000 187.554167
241000 180.000000 187.522822
242000 187.000000 187.520661
243000 186.000000 187.514403
244000 182.000000 187.491803
245000 182.000000 187.469388
246000 182.000000 187.447154
247000 187.000000 187.445344
248000 186.000000 187.439516
249000 185.000000 187.429719
250000 181.000000 187.404000
251000 189.000000 187.410359
252000 189.000000 187.416667
253000 183.000000 187.399209
254000 185.000000 187.389764
255000 189.000000 187.396078
256000 185.000000 187.386719
257000 184.000000 187.373541
258000 189.000000 187.379845
259000 185.000000 187.370656
260000 182.000000 187.350000
261000 184.000000 187.337165
262000 188.000000 187.339695
263000 183.000000 187.323194
264000 179.000000 187.291667
265000 185.000000 187.283019
266000 181.000000 187.259398
267000 179.000000 187.228464
268000 181.000000 187.205224
269000 184.000000 187.193309
270000 180.000000 187.166667
271000 182.000000 187.147601
272000 186.000000 187.143382
273000 186.000000 187.139194
274000 185.000000 187.131387
275000 185.000000 187.123636
276000 190.000000 187.134058
277000 185.000000 187.126354
278000 185.000000 187.118705
279000 189.000000 187.125448
280000 183.000000 187.110714
281000 188.000000 187.113879
282000 192.000000 187.131206
283000 185.000000 187.123675
284000 189.000000 187.130282
285000 186.000000 187.126316
286000 185.000000 187.118881
287000 179.000000 187.090592
288000 185.000000 187.083333
289000 181.000000 187.062284
290000 186.000000 187.058621
291000 179.000000 187.030928
292000 181.000000 187.010274
293000 186.000000 187.006826
294000 189.000000 187.013605
295000 196.000000 187.044068
296000 182.000000 187.027027
297000 183.000000 187.013468
298000 186.000000 187.010067
299000 185.000000 187.003344
300000 183.000000 186.990000
301000 186.000000 186.986711
302000 184.000000 186.976821
303000 183.000000 186.963696
304000 191.000000 186.976974
305000 183.000000 186.963934
306000 183.000000 186.950980
307000 185.000000 186.944625
308000 190.000000 186.954545
309000 185.000000 186.948220
310000 187.000000 186.948387
311000 189.000000 186.954984
312000 188.000000 186.958333
313000 185.000000 186.952077
314000 181.000000 186.933121
315000 186.000000 186.930159
316000 180.000000 186.908228
317000 187.000000 186.908517
318000 187.000000 186.908805
319000 185.000000 186.902821
320000 186.000000 186.900000
321000 184.000000 186.890966
322000 184.000000 186.881988
323000 182.000000 186.866873
324000 182.000000 186.851852
325000 189.000000 186.858462
326000 185.000000 186.852761
327000 188.000000 186.856269
328000 189.000000 186.862805
329000 181.000000 186.844985
330000 188.000000 186.848485
331000 185.000000 186.842900
332000 186.000000 186.840361
333000 188.000000 186.843844
334000 188.000000 186.847305
335000 184.000000 186.838806
336000 181.000000 186.821429
337000 179.000000 186.798220
338000 179.000000 186.775148
339000 180.000000 186.755162
340000 182.000000 186.741176
341000 185.000000 186.736070
342000 187.000000 186.736842
343000 187.000000 186.737609
344000 180.000000 186.718023
345000 185.000000 186.713043
346000 188.000000 186.716763
347000 189.000000 186.723343
348000 184.000000 186.715517
349000 182.000000 186.702006
350000 184.000000 186.694286
351000 188.000000 186.698006
352000 187.000000 186.698864
353000 192.000000 186.713881
354000 185.000000 186.709040
355000 184.000000 186.701408
356000 191.000000 186.713483
357000 183.000000 186.703081
358000 183.000000 186.692737
359000 182.000000 186.679666
360000 180.000000 186.661111
361000 182.000000 186.648199
362000 188.000000 186.651934
363000 180.000000 186.633609
364000 176.000000 186.604396
365000 183.000000 186.594521
366000 185.000000 186.590164
367000 183.000000 186.580381
368000 183.000000 186.570652
369000 185.000000 186.566396
370000 188.000000 186.570270
371000 184.000000 186.563342
372000 187.000000 186.564516
373000 184.000000 186.557641
374000 184.000000 186.550802
375000 187.000000 186.552000
376000 185.000000 186.547872
377000 186.000000 186.546419
378000 182.000000 186.534392
379000 188.000000 186.538259
380000 189.000000 186.544737
381000 180.000000 186.527559
382000 186.000000 186.526178
383000 183.000000 186.516971
384000 181.000000 186.502604
385000 186.000000 186.501299
386000 189.000000 186.507772
387000 188.000000 186.511628
388000 188.000000 186.515464
389000 182.000000 186.503856
390000 186.000000 186.502564
391000 191.000000 186.514066
392000 184.000000 186.507653
393000 184.000000 186.501272
394000 183.000000 186.492386
395000 190.000000 186.501266
396000 193.000000 186.517677
397000 191.000000 186.528967
398000 191.000000 186.540201
399000 190.000000 186.548872
400000 188.000000 186.552500
401000 192.000000 186.566085
402000 188.000000 186.569652
403000 186.000000 186.568238
404000 187.000000 186.569307
405000 181.000000 186.555556
406000 186.000000 186.554187
407000 186.000000 186.552826
408000 187.000000 186.553922
409000 189.000000 186.559902
410000 190.000000 186.568293
411000 189.000000 186.574209
412000 188.000000 186.577670
413000 191.000000 186.588378
414000 184.000000 186.582126
415000 192.000000 186.595181
416000 193.000000 186.610577
417000 186.000000 186.609113
418000 187.000000 186.610048
419000 184.000000 186.603819
420000 193.000000 186.619048
421000 191.000000 186.629454
422000 186.000000 186.627962
423000 189.000000 186.633570
424000 194.000000 186.650943
425000 188.000000 186.654118
426000 185.000000 186.650235
427000 187.000000 186.651054
428000 187.000000 186.651869
429000 186.000000 186.650350
430000 185.000000 186.646512
431000 188.000000 186.649652
432000 185.000000 186.645833
433000 189.000000 186.651270
434000 183.000000 186.642857
435000 187.000000 186.643678
436000 182.000000 186.633028
437000 183.000000 186.624714
438000 188.000000 186.627854
439000 188.000000 186.630979
440000 188.000000 186.634091
441000 182.000000 186.623583
442000 188.000000 186.626697
443000 188.000000 186.629797
444000 190.000000 186.637387
445000 190.000000 186.644944
446000 186.000000 186.643498
447000 187.000000 186.644295
448000 191.000000 186.654018
449000 191.000000 186.663697
450000 188.000000 186.666667
451000 185.000000 186.662971
452000 190.000000 186.670354
453000 187.000000 186.671082
454000 185.000000 186.667401
455000 188.000000 186.670330
456000 182.000000 186.660088
457000 183.000000 186.652079
458000 189.000000 186.657205
459000 190.000000 186.664488
460000 188.000000 186.667391
461000 185.000000 186.663774
462000 190.000000 186.670996
463000 187.000000 186.671706
464000 185.000000 186.668103
465000 192.000000 186.679570
466000 185.000000 186.675966
467000 187.000000 186.676660
468000 197.000000 186.698718
469000 192.000000 186.710021
470000 189.000000 186.714894
471000 186.000000 186.713376
472000 186.000000 186.711864
473000 186.000000 186.710359
474000 185.000000 186.706751
475000 184.000000 186.701053
476000 183.000000 186.693277
477000 188.000000 186.696017
478000 185.000000 186.692469
479000 184.000000 186.686848
480000 190.000000 186.693750
481000 188.000000 186.696466
482000 187.000000 186.697095
483000 188.000000 186.699793
484000 186.000000 186.698347
485000 182.000000 186.688660
486000 189.000000 186.693416
487000 179.000000 186.677618
488000 183.000000 186.670082
489000 184.000000 186.664622
490000 183.000000 186.657143
491000 188.000000 186.659878
492000 190.000000 186.666667
493000 191.000000 186.675456
494000 185.000000 186.672065
495000 194.000000 186.686869
496000 186.000000 186.685484
497000 184.000000 186.680080
498000 185.000000 186.676707
499000 187.000000 186.677355
500000 187.000000 186.678000
501000 186.000000 186.676647
502000 185.000000 186.673307
503000 177.000000 186.654076
504000 180.000000 186.640873
505000 182.000000 186.631683
506000 185.000000 186.628458
507000 183.000000 186.621302
508000 185.000000 186.618110
509000 186.000000 186.616896
510000 184.000000 186.611765
511000 188.000000 186.614481
512000 193.000000 186.626953
513000 181.000000 186.615984
514000 180.000000 186.603113
515000 185.000000 186.600000
516000 184.000000 186.594961
517000 182.000000 186.586074
518000 184.000000 186.581081
519000 187.000000 186.581888
520000 185.000000 186.578846
521000 184.000000 186.573896
522000 186.000000 186.572797
523000 183.000000 186.565966
524000 185.000000 186.562977
525000 191.000000 186.571429
526000 184.000000 186.566540
527000 190.000000 186.573055
528000 186.000000 186.571970
529000 189.000000 186.576560
530000 186.000000 186.575472
531000 191.000000 186.583804
532000 187.000000 186.584586
533000 190.000000 186.590994
534000 185.000000 186.588015
535000 188.000000 186.590654
536000 192.000000 186.600746
537000 192.000000 186.610801
538000 191.000000 186.618959
539000 188.000000 186.621521
540000 192.000000 186.631481
541000 188.000000 186.634011
542000 189.000000 186.638376
543000 189.000000 186.642726
544000 186.000000 186.641544
545000 187.000000 186.642202
546000 193.000000 186.653846
547000 194.000000 186.667276
548000 187.000000 186.667883
549000 191.000000 186.675774
550000 191.000000 186.683636
551000 190.000000 186.689655
552000 188.000000 186.692029
553000 190.000000 186.698011
554000 188.000000 186.700361
555000 189.000000 186.704505
556000 185.000000 186.701439
557000 187.000000 186.701975
558000 184.000000 186.697133
559000 194.000000 186.710197
560000 190.000000 186.716071
561000 189.000000 186.720143
562000 195.000000 186.734875
563000 190.000000 186.740675
564000 188.000000 186.742908
565000 183.000000 186.736283
566000 184.000000 186.731449
567000 191.000000 186.738977
568000 183.000000 186.732394
569000 188.000000 186.734622
570000 197.000000 186.752632
571000 192.000000 186.761821
572000 190.000000 186.767483
573000 190.000000 186.773124
574000 179.000000 186.759582
575000 186.000000 186.758261
576000 188.000000 186.760417
577000 187.000000 186.760832
578000 180.000000 186.749135
579000 187.000000 186.749568
580000 183.000000 186.743103
581000 183.000000 186.736661
582000 183.000000 186.730241
583000 186.000000 186.728988
584000 185.000000 186.726027
585000 185.000000 186.723077
586000 191.000000 186.730375
587000 186.000000 186.729131
588000 183.000000 186.722789
589000 188.000000 186.724958
590000 196.000000 186.740678
591000 187.000000 186.741117
592000 186.000000 186.739865
593000 185.000000 186.736931
594000 179.000000 186.723906
595000 186.000000 186.722689
596000 184.000000 186.718121
597000 182.000000 186.710218
598000 180.000000 186.698997
599000 190.000000 186.704508
600000 191.000000 186.711667
601000 185.000000 186.708819
602000 189.000000 186.712625
603000 189.000000 186.716418
604000 190.000000 186.721854
605000 182.000000 186.714050
606000 189.000000 186.717822
607000 190.000000 186.723229
608000 187.000000 186.723684
609000 189.000000 186.727422
610000 187.000000 186.727869
611000 188.000000 186.729951
612000 193.000000 186.740196
613000 188.000000 186.742251
614000 188.000000 186.744300
615000 189.000000 186.747967
616000 187.000000 186.748377
617000 194.000000 186.760130
618000 186.000000 186.758900
619000 187.000000 186.759289
620000 190.000000 186.764516
621000 187.000000 186.764895
622000 186.000000 186.763666
623000 189.000000 186.767255
624000 182.000000 186.759615
625000 191.000000 186.766400
626000 188.000000 186.768371
627000 187.000000 186.768740
628000 183.000000 186.762739
629000 188.000000 186.764706
630000 190.000000 186.769841
631000 188.000000 186.771791
632000 192.000000 186.780063
633000 184.000000 186.775671
634000 191.000000 186.782334
635000 189.000000 186.785827
636000 189.000000 186.789308
637000 193.000000 186.799058
638000 190.000000 186.804075
639000 189.000000 186.807512
640000 181.000000 186.798438
641000 186.000000 186.797192
642000 191.000000 186.803738
643000 187.000000 186.804044
644000 185.000000 186.801242
645000 189.000000 186.804651
646000 188.000000 186.806502
647000 185.000000 186.803709
648000 187.000000 186.804012
649000 189.000000 186.807396
650000 190.000000 186.812308
651000 189.000000 186.815668
652000 186.000000 186.814417
653000 182.000000 186.807044
654000 193.000000 186.816514
655000 190.000000 186.821374
656000 190.000000 186.826220
657000 194.000000 186.837139
658000 185.000000 186.834347
659000 190.000000 186.839150
660000 189.000000 186.842424
661000 189.000000 186.845688
662000 183.000000 186.839879
663000 185.000000 186.837104
664000 193.000000 186.846386
665000 194.000000 186.857143
666000 193.000000 186.866366
667000 191.000000 186.872564
668000 189.000000 186.875749
669000 186.000000 186.874439
670000 186.000000 186.873134
671000 183.000000 186.867362
672000 191.000000 186.873512
673000 185.000000 186.870728
674000 187.000000 186.870920
675000 187.000000 186.871111
676000 182.000000 186.863905
677000 183.000000 186.858198
678000 189.000000 186.861357
679000 185.000000 186.858616
680000 187.000000 186.858824
681000 188.000000 186.860499
682000 188.000000 186.862170
683000 192.000000 186.869693
684000 193.000000 186.878655
685000 189.000000 186.881752
686000 179.000000 186.870262
687000 190.000000 186.874818
688000 187.000000 186.875000
689000 186.000000 186.873730
690000 184.000000 186.869565
691000 185.000000 186.866860
692000 183.000000 186.861272
693000 187.000000 186.861472
694000 189.000000 186.864553
695000 188.000000 186.866187
696000 194.000000 186.876437
697000 191.000000 186.882353
698000 187.000000 186.882521
699000 184.000000 186.878398
700000 179.000000 186.867143
701000 185.000000 186.864479
702000 185.000000 186.861823
703000 187.000000 186.862020
704000 186.000000 186.860795
705000 191.000000 186.866667
706000 185.000000 186.864023
707000 186.000000 186.862801
708000 189.000000 186.865819
709000 181.000000 186.857546
710000 191.000000 186.863380
711000 189.000000 186.866385
712000 188.000000 186.867978
713000 187.000000 186.868163
714000 188.000000 186.869748
715000 184.000000 186.865734
716000 194.000000 186.875698
717000 191.000000 186.881450
718000 184.000000 186.877437
719000 193.000000 186.885953
720000 187.000000 186.886111
721000 192.000000 186.893204
722000 188.000000 186.894737
723000 188.000000 186.896266
724000 186.000000 186.895028
725000 177.000000 186.881379
726000 191.000000 186.887052
727000 192.000000 186.894085
728000 182.000000 186.887363
729000 190.000000 186.891632
730000 190.000000 186.895890
731000 183.000000 186.890561
732000 186.000000 186.889344
733000 189.000000 186.892224
734000 190.000000 186.896458
735000 188.000000 186.897959
736000 188.000000 186.899457
737000 188.000000 186.900950
738000 184.000000 186.897019
739000 189.000000 186.899865
740000 188.000000 186.901351
741000 190.000000 186.905533
742000 188.000000 186.907008
743000 187.000000 186.907133
744000 186.000000 186.905914
745000 190.000000 186.910067
746000 192.000000 186.916890
747000 178.000000 186.904953
748000 185.000000 186.902406
749000 183.000000 186.897196
750000 188.000000 186.898667
751000 194.000000 186.908123
752000 190.000000 186.912234
753000 187.000000 186.912351
754000 187.000000 186.912467
755000 189.000000 186.915232
756000 190.000000 186.919312
757000 189.000000 186.922061
758000 189.000000 186.924802
759000 189.000000 186.927536
760000 186.000000 186.926316
761000 190.000000 186.930355
762000 193.000000 186.938320
763000 183.000000 186.933159
764000 185.000000 186.930628
765000 181.000000 186.922876
766000 182.000000 186.916449
767000 182.000000 186.910039
768000 179.000000 186.899740
769000 186.000000 186.898570
770000 184.000000 186.894805
771000 189.000000 186.897536
772000 185.000000 186.895078
773000 187.000000 186.895213
774000 187.000000 186.895349
775000 189.000000 186.898065
776000 187.000000 186.898196
777000 189.000000 186.900901
778000 189.000000 186.903599
779000 189.000000 186.906290
780000 187.000000 186.906410
781000 185.000000 186.903969
782000 190.000000 186.907928
783000 186.000000 186.906769
784000 186.000000 186.905612
785000 191.000000 186.910828
786000 189.000000 186.913486
787000 191.000000 186.918679
788000 184.000000 186.914975
789000 188.000000 186.916350
790000 184.000000 186.912658
791000 189.000000 186.915297
792000 189.000000 186.917929
793000 188.000000 186.919294
794000 187.000000 186.919395
795000 186.000000 186.918239
796000 187.000000 186.918342
797000 180.000000 186.909661
798000 188.000000 186.911028
799000 186.000000 186.909887
800000 187.000000 186.910000
801000 191.000000 186.915106
802000 186.000000 186.913965
803000 186.000000 186.912827
804000 184.000000 186.909204
805000 180.000000 186.900621
806000 184.000000 186.897022
807000 185.000000 186.894672
808000 186.000000 186.893564
809000 186.000000 186.892460
810000 185.000000 186.890123
811000 186.000000 186.889026
812000 189.000000 186.891626
813000 189.000000 186.894219
814000 187.000000 186.894349
815000 185.000000 186.892025
816000 189.000000 186.894608
817000 187.000000 186.894737
818000 184.000000 186.891198
819000 183.000000 186.886447
820000 187.000000 186.886585
821000 185.000000 186.884287
822000 188.000000 186.885645
823000 189.000000 186.888214
824000 185.000000 186.885922
825000 182.000000 186.880000
826000 191.000000 186.884988
827000 186.000000 186.883918
828000 184.000000 186.880435
829000 185.000000 186.878166
830000 189.000000 186.880723
831000 185.000000 186.878460
832000 188.000000 186.879808
833000 188.000000 186.881152
834000 189.000000 186.883693
835000 180.000000 186.875449
836000 186.000000 186.874402
837000 182.000000 186.868578
838000 178.000000 186.857995
839000 185.000000 186.855781
840000 191.000000 186.860714
841000 187.000000 186.860880
842000 189.000000 186.863420
843000 186.000000 186.862396
844000 182.000000 186.856635
845000 187.000000 186.856805
846000 188.000000 186.858156
847000 180.000000 186.850059
848000 188.000000 186.851415
849000 186.000000 186.850412
850000 187.000000 186.850588
851000 188.000000 186.851939
852000 182.000000 186.846244
853000 189.000000 186.848769
854000 185.000000 186.846604
855000 188.000000 186.847953
856000 186.000000 186.846963
857000 188.000000 186.848308
858000 186.000000 186.847319
859000 189.000000 186.849825
860000 185.000000 186.847674
861000 181.000000 186.840883
862000 180.000000 186.832947
863000 189.000000 186.835458
864000 187.000000 186.835648
865000 183.000000 186.831214
866000 182.000000 186.825635
867000 183.000000 186.821223
868000 185.000000 186.819124
869000 181.000000 186.812428
870000 185.000000 186.810345
871000 188.000000 186.811711
872000 181.000000 186.805046
873000 189.000000 186.807560
874000 189.000000 186.810069
875000 188.000000 186.811429
876000 185.000000 186.809361
877000 185.000000 186.807298
878000 188.000000 186.808656
879000 186.000000 186.807736
880000 188.000000 186.809091
881000 184.000000 186.805902
882000 182.000000 186.800454
883000 185.000000 186.798414
884000 187.000000 186.798643
885000 182.000000 186.793220
886000 184.000000 186.790068
887000 189.000000 186.792559
888000 187.000000 186.792793
889000 192.000000 186.798650
890000 188.000000 186.800000
891000 186.000000 186.799102
892000 189.000000 186.801570
893000 189.000000 186.804031
894000 190.000000 186.807606
895000 191.000000 186.812291
896000 191.000000 186.816964
897000 186.000000 186.816054
898000 192.000000 186.821826
899000 189.000000 186.824249
900000 187.000000 186.824444
901000 189.000000 186.826859
902000 183.000000 186.822616
903000 188.000000 186.823920
904000 185.000000 186.821903
905000 184.000000 186.818785
906000 186.000000 186.817881
907000 188.000000 186.819184
908000 188.000000 186.820485
909000 185.000000 186.818482
910000 185.000000 186.816484
911000 183.000000 186.812294
912000 186.000000 186.811404
913000 182.000000 186.806134
914000 187.000000 186.806346
915000 182.000000 186.801093
916000 182.000000 186.795852
917000 178.000000 186.786260
918000 186.000000 186.785403
919000 186.000000 186.784548
920000 178.000000 186.775000
921000 183.000000 186.770901
922000 184.000000 186.767896
923000 181.000000 186.761647
924000 181.000000 186.755411
925000 182.000000 186.750270
926000 180.000000 186.742981
927000 185.000000 186.741100
928000 188.000000 186.742457
929000 178.000000 186.733046
930000 181.000000 186.726882
931000 186.000000 186.726101
932000 182.000000 186.721030
933000 185.000000 186.719185
934000 178.000000 186.709850
935000 178.000000 186.700535
936000 182.000000 186.695513
937000 185.000000 186.693703
938000 183.000000 186.689765
939000 186.000000 186.689031
940000 184.000000 186.686170
941000 185.000000 186.684378
942000 186.000000 186.683652
943000 187.000000 186.683987
944000 188.000000 186.685381
945000 183.000000 186.681481
946000 191.000000 186.686047
947000 188.000000 186.687434
948000 187.000000 186.687764
949000 179.000000 186.679663
950000 185.000000 186.677895
951000 188.000000 186.679285
952000 184.000000 186.676471
953000 178.000000 186.667366
954000 182.000000 186.662474
955000 187.000000 186.662827
956000 185.000000 186.661088
957000 188.000000 186.662487
958000 184.000000 186.659708
959000 188.000000 186.661105
960000 189.000000 186.663542
961000 183.000000 186.659729
962000 184.000000 186.656965
963000 181.000000 186.651090
964000 187.000000 186.651452
965000 183.000000 186.647668
966000 185.000000 186.645963
967000 186.000000 186.645295
968000 190.000000 186.648760
969000 183.000000 186.644995
970000 183.000000 186.641237
971000 190.000000 186.644696
972000 186.000000 186.644033
973000 183.000000 186.640288
974000 186.000000 186.639630
975000 184.000000 186.636923
976000 180.000000 186.630123
977000 179.000000 186.622313
978000 182.000000 186.617587
979000 176.000000 186.606742
980000 178.000000 186.597959
981000 177.000000 186.588175
982000 182.000000 186.583503
983000 184.000000 186.580875
984000 188.000000 186.582317
985000 185.000000 186.580711
986000 188.000000 186.582150
987000 183.000000 186.578521
988000 187.000000 186.578947
989000 181.000000 186.573306
990000 180.000000 186.566667
991000 186.000000 186.566095
992000 182.000000 186.561492
993000 184.000000 186.558912
994000 186.000000 186.558350
995000 177.000000 186.548744
996000 180.000000 186.542169
997000 181.000000 186.536610
998000 181.000000 186.531062
999000 184.000000 186.528529
1000000 192.000000 186.534000
1001000 188.000000 186.535465
1002000 183.000000 186.531936
1003000 184.000000 186.529412
1004000 186.000000 186.528884
1005000 182.000000 186.524378
1006000 178.000000 186.515905
1007000 181.000000 186.510427
1008000 182.000000 186.505952
1009000 182.000000 186.501487
1010000 185.000000 186.500000
1011000 190.000000 186.503462
1012000 188.000000 186.504941
1013000 187.000000 186.505429
1014000 183.000000 186.501972
1015000 186.000000 186.501478
1016000 186.000000 186.500984
1017000 183.000000 186.497542
1018000 186.000000 186.497053
1019000 187.000000 186.497547
1020000 188.000000 186.499020
1021000 182.000000 186.494613
1022000 189.000000 186.497065
1023000 180.000000 186.490714
1024000 184.000000 186.488281
1025000 191.000000 186.492683
1026000 186.000000 186.492203
1027000 183.000000 186.488802
1028000 182.000000 186.484436
1029000 183.000000 186.481050
1030000 189.000000 186.483495
1031000 186.000000 186.483026
1032000 190.000000 186.486434
1033000 192.000000 186.491772
1034000 184.000000 186.489362
1035000 189.000000 186.491787
1036000 182.000000 186.487452
1037000 187.000000 186.487946
1038000 182.000000 186.483622
1039000 187.000000 186.484119
1040000 183.000000 186.480769
1041000 184.000000 186.478386
1042000 188.000000 186.479846
1043000 184.000000 186.477469
1044000 192.000000 186.482759
1045000 182.000000 186.478469
1046000 186.000000 186.478011
1047000 186.000000 186.477555
1048000 180.000000 186.471374
1049000 187.000000 186.471878
1050000 185.000000 186.470476
1051000 187.000000 186.470980
1052000 186.000000 186.470532
1053000 185.000000 186.469136
1054000 188.000000 186.470588
1055000 187.000000 186.471090
1056000 193.000000 186.477273
1057000 181.000000 186.472091
1058000 184.000000 186.469754
1059000 183.000000 186.466478
1060000 184.000000 186.464151
1061000 186.000000 186.463713
1062000 185.000000 186.462335
1063000 190.000000 186.465663
1064000 188.000000 186.467105
1065000 182.000000 186.462911
1066000 185.000000 186.461538
1067000 184.000000 186.459231
1068000 187.000000 186.459738
1069000 188.000000 186.461179
1070000 186.000000 186.460748
1071000 189.000000 186.463119
1072000 181.000000 186.458022
1073000 185.000000 186.456664
1074000 182.000000 186.452514
1075000 188.000000 186.453953
1076000 193.000000 186.460037
1077000 189.000000 186.462396
1078000 184.000000 186.460111
1079000 183.000000 186.456905
1080000 186.000000 186.456481
1081000 184.000000 186.454209
1082000 180.000000 186.448244
1083000 186.000000 186.447830
1084000 183.000000 186.444649
1085000 180.000000 186.438710
1086000 182.000000 186.434622
1087000 186.000000 186.434223
1088000 184.000000 186.431985
1089000 186.000000 186.431589
1090000 191.000000 186.435780
1091000 187.000000 186.436297
1092000 185.000000 186.434982
1093000 186.000000 186.434584
1094000 185.000000 186.433272
1095000 183.000000 186.430137
1096000 191.000000 186.434307
1097000 188.000000 186.435734
1098000 189.000000 186.438069
1099000 191.000000 186.442220
1100000 189.000000 186.444545
1101000 186.000000 186.444142
1102000 187.000000 186.444646
1103000 190.000000 186.447869
1104000 184.000000 186.445652
1105000 191.000000 186.449774
1106000 189.000000 186.452080
1107000 190.000000 186.455285
1108000 182.000000 186.451264
1109000 183.000000 186.448151
1110000 185.000000 186.446847
1111000 189.000000 186.449145
1112000 188.000000 186.450540
1113000 189.000000 186.452830
1114000 187.000000 186.453321
1115000 190.000000 186.456502
1116000 185.000000 186.455197
1117000 190.000000 186.458371
1118000 186.000000 186.457961
1119000 185.000000 186.456658
1120000 190.000000 186.459821
1121000 185.000000 186.458519
1122000 184.000000 186.456328
1123000 185.000000 186.455031
1124000 186.000000 186.454626
1125000 188.000000 186.456000
1126000 182.000000 186.452043
1127000 190.000000 186.455191
1128000 189.000000 186.457447
1129000 187.000000 186.457927
1130000 192.000000 186.462832
1131000 183.000000 186.459770
1132000 189.000000 186.462014
1133000 188.000000 186.463372
1134000 186.000000 186.462963
1135000 187.000000 186.463436
1136000 182.000000 186.459507
1137000 189.000000 186.461741
1138000 189.000000 186.463972
1139000 187.000000 186.464442
1140000 184.000000 186.462281
1141000 191.000000 186.466258
1142000 190.000000 186.469352
1143000 188.000000 186.470691
1144000 190.000000 186.473776
1145000 187.000000 186.474236
1146000 189.000000 186.476440
1147000 190.000000 186.479512
1148000 190.000000 186.482578
1149000 187.000000 186.483029
1150000 188.000000 186.484348
1151000 182.000000 186.480452
1152000 193.000000 186.486111
1153000 183.000000 186.483088
1154000 187.000000 186.483536
1155000 191.000000 186.487446
1156000 192.000000 186.492215
1157000 188.000000 186.493518
1158000 184.000000 186.491364
1159000 185.000000 186.490078
1160000 187.000000 186.490517
1161000 191.000000 186.494401
1162000 188.000000 186.495697
1163000 191.000000 186.499570
1164000 193.000000 186.505155
1165000 189.000000 186.507296
1166000 186.000000 186.506861
1167000 184.000000 186.504713
1168000 188.000000 186.505993
1169000 186.000000 186.505560
1170000 187.000000 186.505983
1171000 191.000000 186.509821
1172000 187.000000 186.510239
1173000 189.000000 186.512361
1174000 187.000000 186.512777
1175000 194.000000 186.519149
1176000 185.000000 186.517857
1177000 188.000000 186.519116
1178000 193.000000 186.524618
1179000 191.000000 186.528414
1180000 187.000000 186.528814
1181000 190.000000 186.531753
1182000 192.000000 186.536379
1183000 187.000000 186.536771
1184000 188.000000 186.538007
1185000 184.000000 186.535865
1186000 187.000000 186.536256
1187000 191.000000 186.540017
1188000 187.000000 186.540404
1189000 187.000000 186.540791
1190000 188.000000 186.542017
1191000 186.000000 186.541562
1192000 189.000000 186.543624
1193000 194.000000 186.549874
1194000 187.000000 186.550251
1195000 188.000000 186.551464
1196000 191.000000 186.555184
1197000 184.000000 186.553049
1198000 192.000000 186.557596
1199000 188.000000 186.558799
1200000 187.000000 186.559167
1201000 186.000000 186.558701
1202000 187.000000 186.559068
1203000 184.000000 186.556941
1204000 187.000000 186.557309
1205000 186.000000 186.556846
1206000 190.000000 186.559701
1207000 190.000000 186.562552
1208000 187.000000 186.562914
1209000 183.000000 186.559967
1210000 187.000000 186.560331
1211000 186.000000 186.559868
1212000 188.000000 186.561056
1213000 189.000000 186.563067
1214000 186.000000 186.562603
1215000 187.000000 186.562963
1216000 192.000000 186.567434
1217000 187.000000 186.567790
1218000 187.000000 186.568144
1219000 191.000000 186.571780
1220000 186.000000 186.571311
1221000 180.000000 186.565930
1222000 182.000000 186.562193
1223000 188.000000 186.563369
1224000 189.000000 186.565359
1225000 189.000000 186.567347
1226000 188.000000 186.568515
1227000 192.000000 186.572942
1228000 189.000000 186.574919
1229000 188.000000 186.576078
1230000 191.000000 186.579675
1231000 189.000000 186.581641
1232000 187.000000 186.581981
1233000 187.000000 186.582320
1234000 187.000000 186.582658
1235000 183.000000 186.579757
1236000 186.000000 186.579288
1237000 183.000000 186.576395
1238000 182.000000 186.572698
1239000 187.000000 186.573043
1240000 188.000000 186.574194
1241000 183.000000 186.571313
1242000 183.000000 186.568438
1243000 190.000000 186.571199
1244000 187.000000 186.571543
1245000 185.000000 186.570281
1246000 185.000000 186.569021
1247000 187.000000 186.569366
1248000 189.000000 186.571314
1249000 191.000000 186.574860
1250000 188.000000 186.576000
1251000 182.000000 186.572342
1252000 185.000000 186.571086
1253000 188.000000 186.572227
1254000 187.000000 186.572568
1255000 183.000000 186.569721
1256000 192.000000 186.574045
1257000 182.000000 186.570406
1258000 188.000000 186.571542
1259000 193.000000 186.576648
1260000 185.000000 186.575397
1261000 187.000000 186.575734
1262000 185.000000 186.574485
1263000 185.000000 186.573238
1264000 190.000000 186.575949
1265000 184.000000 186.573913
1266000 183.000000 186.571090
1267000 184.000000 186.569061
1268000 185.000000 186.567823
1269000 186.000000 186.567376
1270000 190.000000 186.570079
1271000 183.000000 186.567270
1272000 194.000000 186.573113
1273000 189.000000 186.575020
1274000 185.000000 186.573783
1275000 189.000000 186.575686
1276000 184.000000 186.573668
1277000 187.000000 186.574002
1278000 192.000000 186.578247
1279000 182.000000 186.574668
1280000 188.000000 186.575781
1281000 184.000000 186.573770
1282000 193.000000 186.578783
1283000 187.000000 186.579111
1284000 188.000000 186.580218
1285000 189.000000 186.582101
1286000 184.000000 186.580093
1287000 183.000000 186.577312
1288000 187.000000 186.577640
1289000 186.000000 186.577192
1290000 183.000000 186.574419
1291000 180.000000 186.569326
1292000 193.000000 186.574303
1293000 189.000000 186.576179
1294000 188.000000 186.577280
1295000 191.000000 186.580695
1296000 191.000000 186.584105
1297000 194.000000 186.589823
1298000 186.000000 186.589368
1299000 189.000000 186.591224
1300000 186.000000 186.590769
1301000 187.000000 186.591084
1302000 184.000000 186.589094
1303000 185.000000 186.587874
1304000 190.000000 186.590491
1305000 185.000000 186.589272
1306000 188.000000 186.590352
1307000 185.000000 186.589135
1308000 190.000000 186.591743
1309000 188.000000 186.592819
1310000 184.000000 186.590840
1311000 187.000000 186.591152
1312000 187.000000 186.591463
1313000 186.000000 186.591013
1314000 184.000000 186.589041
1315000 184.000000 186.587072
1316000 183.000000 186.584347
1317000 188.000000 186.585421
1318000 185.000000 186.584219
1319000 186.000000 186.583776
1320000 180.000000 186.578788
1321000 188.000000 186.579864
1322000 190.000000 186.582451
1323000 184.000000 186.580499
1324000 193.000000 186.585347
1325000 192.000000 186.589434
1326000 185.000000 186.588235
1327000 189.000000 186.590053
1328000 187.000000 186.590361
1329000 190.000000 186.592927
1330000 193.000000 186.597744
1331000 190.000000 186.600301
1332000 184.000000 186.598348
1333000 190.000000 186.600900
1334000 190.000000 186.603448
1335000 192.000000 186.607491
1336000 190.000000 186.610030
1337000 189.000000 186.611818
1338000 193.000000 186.616592
1339000 187.000000 186.616878
1340000 188.000000 186.617910
1341000 189.000000 186.619687
1342000 190.000000 186.622206
1343000 189.000000 186.623976
1344000 188.000000 186.625000
1345000 187.000000 186.625279
1346000 191.000000 186.628529
1347000 190.000000 186.631032
1348000 191.000000 186.634273
1349000 193.000000 186.638992
1350000 188.000000 186.640000
1351000 190.000000 186.642487
1352000 186.000000 186.642012
1353000 183.000000 186.639320
1354000 185.000000 186.638109
1355000 190.000000 186.640590
1356000 190.000000 186.643068
1357000 184.000000 186.641120
1358000 190.000000 186.643594
1359000 196.000000 186.650478
1360000 188.000000 186.651471
1361000 187.000000 186.651727
1362000 181.000000 186.647577
1363000 190.000000 186.650037
1364000 190.000000 186.652493
1365000 183.000000 186.649817
1366000 185.000000 186.648609
1367000 185.000000 186.647403
1368000 193.000000 186.652047
1369000 186.000000 186.651570
1370000 189.000000 186.653285
1371000 186.000000 186.652808
1372000 183.000000 186.650146
1373000 188.000000 186.651129
1374000 188.000000 186.652111
1375000 190.000000 186.654545
1376000 187.000000 186.654797
1377000 186.000000 186.654321
1378000 191.000000 186.657475
1379000 190.000000 186.659898
1380000 191.000000 186.663043
1381000 193.000000 186.667632
1382000 190.000000 186.670043
1383000 191.000000 186.673174
1384000 188.000000 186.674133
1385000 193.000000 186.678700
1386000 189.000000 186.680375
1387000 191.000000 186.683490
1388000 189.000000 186.685159
1389000 190.000000 186.687545
1390000 190.000000 186.689928
1391000 192.000000 186.693746
1392000 188.000000 186.694684
1393000 189.000000 186.696339
1394000 187.000000 186.696557
1395000 192.000000 186.700358
1396000 186.000000 186.699857
1397000 190.000000 186.702219
1398000 188.000000 186.703147
1399000 189.000000 186.704789
1400000 185.000000 186.703571
1401000 194.000000 186.708779
1402000 188.000000 186.709700
1403000 187.000000 186.709907
1404000 189.000000 186.711538
1405000 191.000000 186.714591
1406000 191.000000 186.717639
1407000 191.000000 186.720682
1408000 188.000000 186.721591
1409000 189.000000 186.723208
1410000 188.000000 186.724113
1411000 189.000000 186.725726
1412000 190.000000 186.728045
1413000 186.000000 186.727530
1414000 189.000000 186.729137
1415000 187.000000 186.729329
1416000 189.000000 186.730932
1417000 185.000000 186.729711
1418000 190.000000 186.732017
1419000 189.000000 186.733615
1420000 196.000000 186.740141
1421000 189.000000 186.741731
1422000 188.000000 186.742616
1423000 191.000000 186.745608
1424000 183.000000 186.742978
1425000 191.000000 186.745965
1426000 192.000000 186.749649
1427000 184.000000 186.747722
1428000 183.000000 186.745098
1429000 184.000000 186.743177
1430000 187.000000 186.743357
1431000 180.000000 186.738644
1432000 187.000000 186.738827
1433000 189.000000 186.740405
1434000 187.000000 186.740586
1435000 185.000000 186.739373
1436000 183.000000 186.736769
1437000 187.000000 186.736952
1438000 189.000000 186.738526
1439000 187.000000 186.738707
1440000 190.000000 186.740972
1441000 189.000000 186.742540
1442000 189.000000 186.744105
1443000 183.000000 186.741511
1444000 186.000000 186.740997
1445000 190.000000 186.743253
1446000 188.000000 186.744122
1447000 186.000000 186.743607
1448000 190.000000 186.745856
1449000 190.000000 186.748102
1450000 190.000000 186.750345
1451000 188.000000 186.751206
1452000 193.000000 186.755510
1453000 182.000000 186.752237
1454000 187.000000 186.752407
1455000 184.000000 186.750515
1456000 192.000000 186.754121
1457000 191.000000 186.757035
1458000 190.000000 186.759259
1459000 187.000000 186.759424
1460000 190.000000 186.761644
1461000 181.000000 186.757700
1462000 184.000000 186.755814
1463000 186.000000 186.755297
1464000 180.000000 186.750683
1465000 190.000000 186.752901
1466000 190.000000 186.755116
1467000 190.000000 186.757328
1468000 185.000000 186.756131
1469000 184.000000 186.754255
1470000 191.000000 186.757143
1471000 183.000000 186.754589
1472000 190.000000 186.756793
1473000 184.000000 186.754922
1474000 187.000000 186.755088
1475000 188.000000 186.755932
1476000 187.000000 186.756098
1477000 180.000000 186.751523
1478000 184.000000 186.749662
1479000 186.000000 186.749155
1480000 185.000000 186.747973
1481000 186.000000 186.747468
1482000 184.000000 186.745614
1483000 187.000000 186.745786
1484000 185.000000 186.744609
1485000 189.000000 186.746128
1486000 192.000000 186.749664
1487000 190.000000 186.751849
1488000 189.000000 186.753360
1489000 186.000000 186.752854
1490000 187.000000 186.753020
1491000 187.000000 186.753186
1492000 186.000000 186.752681
1493000 187.000000 186.752847
1494000 185.000000 186.751673
1495000 187.000000 186.751839
1496000 186.000000 186.751337
1497000 192.000000 186.754843
1498000 188.000000 186.755674
1499000 193.000000 186.759840
1500000 191.000000 186.762667
1501000 191.000000 186.765490
1502000 188.000000 186.766312
1503000 192.000000 186.769794
1504000 190.000000 186.771941
1505000 187.000000 186.772093
1506000 189.000000 186.773572
1507000 188.000000 186.774386
1508000 190.000000 186.776525
1509000 187.000000 186.776673
1510000 181.000000 186.772848
1511000 189.000000 186.774322
1512000 188.000000 186.775132
1513000 190.000000 186.777264
1514000 184.000000 186.775429
1515000 185.000000 186.774257
1516000 185.000000 186.773087
1517000 193.000000 186.777192
1518000 186.000000 186.776680
1519000 187.000000 186.776827
1520000 184.000000 186.775000
1521000 179.000000 186.769888
1522000 191.000000 186.772668
1523000 185.000000 186.771504
1524000 194.000000 186.776247
1525000 190.000000 186.778361
1526000 186.000000 186.777851
1527000 185.000000 186.776686
1528000 186.000000 186.776178
1529000 188.000000 186.776978
1530000 187.000000 186.777124
1531000 187.000000 186.777270
1532000 186.000000 186.776762
1533000 183.000000 186.774299
1534000 185.000000 186.773142
1535000 186.000000 186.772638
1536000 185.000000 186.771484
1537000 181.000000 186.767729
1538000 189.000000 186.769181
1539000 186.000000 186.768681
1540000 179.000000 186.763636
1541000 189.000000 186.765088
1542000 186.000000 186.764591
1543000 184.000000 186.762800
1544000 184.000000 186.761010
1545000 178.000000 186.755340
1546000 186.000000 186.754851
1547000 182.000000 186.751778
1548000 180.000000 186.747416
1549000 183.000000 186.744997
1550000 185.000000 186.743871
1551000 188.000000 186.744681
1552000 187.000000 186.744845
1553000 191.000000 186.747585
1554000 190.000000 186.749678
1555000 188.000000 186.750482
1556000 185.000000 186.749357
1557000 188.000000 186.750161
1558000 190.000000 186.752246
1559000 185.000000 186.751123
1560000 182.000000 186.748077
1561000 185.000000 186.746957
1562000 182.000000 186.743918
1563000 185.000000 186.742802
1564000 187.000000 186.742967
1565000 182.000000 186.739936
1566000 184.000000 186.738186
1567000 183.000000 186.735801
1568000 188.000000 186.736607
1569000 182.000000 186.733588
1570000 187.000000 186.733758
1571000 184.000000 186.732018
1572000 188.000000 186.732824
1573000 187.000000 186.732994
1574000 183.000000 186.730623
1575000 191.000000 186.733333
1576000 182.000000 186.730330
1577000 180.000000 186.726062
1578000 185.000000 186.724968
1579000 184.000000 186.723243
1580000 184.000000 186.721519
1581000 187.000000 186.721695
1582000 185.000000 186.720607
1583000 184.000000 186.718888
1584000 183.000000 186.716540
1585000 185.000000 186.715457
1586000 189.000000 186.716898
1587000 187.000000 186.717076
1588000 184.000000 186.715365
1589000 178.000000 186.709880
1590000 184.000000 186.708176
1591000 185.000000 186.707102
1592000 183.000000 186.704774
1593000 183.000000 186.702448
1594000 193.000000 186.706399
1595000 183.000000 186.704075
1596000 184.000000 186.702381
1597000 184.000000 186.700689
1598000 180.000000 186.696496
1599000 184.000000 186.694809
1600000 182.000000 186.691875
1601000 176.000000 186.685197
1602000 181.000000 186.681648
1603000 186.000000 186.681223
1604000 187.000000 186.681421
1605000 181.000000 186.677882
1606000 183.000000 186.675592
1607000 189.000000 186.677038
1608000 184.000000 186.675373
1609000 182.000000 186.672467
1610000 187.000000 186.672671
1611000 183.000000 186.670391
1612000 189.000000 186.671836
1613000 185.000000 186.670800
1614000 183.000000 186.668525
1615000 184.000000 186.666873
1616000 186.000000 186.666460
1617000 189.000000 186.667904
1618000 190.000000 186.669963
1619000 189.000000 186.671402
1620000 180.000000 186.667284
1621000 184.000000 186.665638
1622000 186.000000 186.665228
1623000 183.000000 186.662970
1624000 187.000000 186.663177
1625000 185.000000 186.662154
1626000 185.000000 186.661132
1627000 178.000000 186.655808
1628000 181.000000 186.652334
1629000 179.000000 186.647637
1630000 188.000000 186.648466
1631000 188.000000 186.649295
1632000 184.000000 186.647672
1633000 182.000000 186.644825
1634000 180.000000 186.640759
1635000 178.000000 186.635474
1636000 179.000000 186.630807
1637000 180.000000 186.626756
1638000 179.000000 186.622100
1639000 187.000000 186.622331
1640000 186.000000 186.621951
1641000 184.000000 186.620353
1642000 188.000000 186.621194
1643000 188.000000 186.622033
1644000 184.000000 186.620438
1645000 187.000000 186.620669
1646000 183.000000 186.618469
1647000 184.000000 186.616879
1648000 181.000000 186.613471
1649000 184.000000 186.611886
1650000 179.000000 186.607273
1651000 187.000000 186.607511
1652000 182.000000 186.604722
1653000 185.000000 186.603751
1654000 189.000000 186.605200
1655000 188.000000 186.606042
1656000 187.000000 186.606280
1657000 185.000000 186.605311
1658000 187.000000 186.605549
1659000 184.000000 186.603978
1660000 183.000000 186.601807
1661000 184.000000 186.600241
1662000 181.000000 186.596871
1663000 186.000000 186.596512
1664000 187.000000 186.596755
1665000 182.000000 186.593994
1666000 180.000000 186.590036
1667000 188.000000 186.590882
1668000 189.000000 186.592326
1669000 184.000000 186.590773
1670000 181.000000 186.587425
1671000 183.000000 186.585278
1672000 181.000000 186.581938
1673000 182.000000 186.579199
1674000 184.000000 186.577658
1675000 184.000000 186.576119
1676000 184.000000 186.574582
1677000 185.000000 186.573643
1678000 182.000000 186.570918
1679000 185.000000 186.569982
1680000 185.000000 186.569048
1681000 185.000000 186.568114
1682000 182.000000 186.565398
1683000 189.000000 186.566845
1684000 184.000000 186.565321
1685000 183.000000 186.563205
1686000 188.000000 186.564057
1687000 184.000000 186.562537
1688000 192.000000 186.565758
1689000 189.000000 186.567200
1690000 185.000000 186.566272
1691000 184.000000 186.564755
1692000 186.000000 186.564421
1693000 185.000000 186.563497
1694000 182.000000 186.560803
1695000 184.000000 186.559292
1696000 182.000000 186.556604
1697000 183.000000 186.554508
1698000 180.000000 186.550648
1699000 182.000000 186.547969
1700000 183.000000 186.545882
1701000 178.000000 186.540858
1702000 184.000000 186.539365
1703000 185.000000 186.538462
1704000 183.000000 186.536385
1705000 183.000000 186.534311
1706000 180.000000 186.530481
1707000 185.000000 186.529584
1708000 181.000000 186.526347
1709000 184.000000 186.524868
1710000 183.000000 186.522807
1711000 187.000000 186.523086
1712000 182.000000 186.520444
1713000 187.000000 186.520724
1714000 184.000000 186.519253
1715000 186.000000 186.518950
1716000 184.000000 186.517483
1717000 193.000000 186.521258
1718000 189.000000 186.522701
1719000 188.000000 186.523560
1720000 191.000000 186.526163
1721000 189.000000 186.527600
1722000 187.000000 186.527875
1723000 188.000000 186.528729
1724000 193.000000 186.532483
1725000 183.000000 186.530435
1726000 191.000000 186.533024
1727000 189.000000 186.534453
1728000 193.000000 186.538194
1729000 189.000000 186.539618
1730000 193.000000 186.543353
1731000 188.000000 186.544194
1732000 192.000000 186.547344
1733000 190.000000 186.549336
1734000 188.000000 186.550173
1735000 187.000000 186.550432
1736000 184.000000 186.548963
1737000 187.000000 186.549223
1738000 186.000000 186.548907
1739000 181.000000 186.545716
1740000 186.000000 186.545402
1741000 191.000000 186.547961
1742000 185.000000 186.547072
1743000 192.000000 186.550201
1744000 189.000000 186.551606
1745000 185.000000 186.550716
1746000 184.000000 186.549255
1747000 187.000000 186.549513
1748000 182.000000 186.546911
1749000 185.000000 186.546026
1750000 183.000000 186.544000
1751000 187.000000 186.544260
1752000 181.000000 186.541096
1753000 189.000000 186.542499
1754000 186.000000 186.542189
1755000 184.000000 186.540741
1756000 190.000000 186.542711
1757000 184.000000 186.541264
1758000 180.000000 186.537543
1759000 186.000000 186.537237
1760000 189.000000 186.538636
1761000 186.000000 186.538330
1762000 186.000000 186.538025
1763000 188.000000 186.538854
1764000 188.000000 186.539683
1765000 190.000000 186.541643
1766000 183.000000 186.539638
1767000 192.000000 186.542728
1768000 184.000000 186.541290
1769000 183.000000 186.539288
1770000 183.000000 186.537288
1771000 188.000000 186.538114
1772000 189.000000 186.539503
1773000 191.000000 186.542019
1774000 189.000000 186.543405
1775000 190.000000 186.545352
1776000 185.000000 186.544482
1777000 185.000000 186.543613
1778000 185.000000 186.542745
1779000 186.000000 186.542440
1780000 185.000000 186.541573
1781000 187.000000 186.541830
1782000 186.000000 186.541526
1783000 186.000000 186.541223
1784000 190.000000 186.543161
1785000 189.000000 186.544538
1786000 190.000000 186.546473
1787000 183.000000 186.544488
1788000 186.000000 186.544183
1789000 187.000000 186.544438
1790000 194.000000 186.548603
1791000 186.000000 186.548297
1792000 188.000000 186.549107
1793000 190.000000 186.551032
1794000 188.000000 186.551839
1795000 187.000000 186.552089
1796000 187.000000 186.552339
1797000 184.000000 186.550918
1798000 188.000000 186.551724
1799000 183.000000 186.549750
1800000 187.000000 186.550000
1801000 183.000000 186.548029
1802000 186.000000 186.547725
1803000 191.000000 186.550194
1804000 186.000000 186.549889
1805000 185.000000 186.549030
1806000 184.000000 186.547619
1807000 185.000000 186.546763
1808000 186.000000 186.546460
1809000 188.000000 186.547264
1810000 185.000000 186.546409
1811000 186.000000 186.546107
1812000 184.000000 186.544702
1813000 183.000000 186.542747
1814000 184.000000 186.541345
1815000 185.000000 186.540496
1816000 189.000000 186.541850
1817000 186.000000 186.541552
1818000 189.000000 186.542904
1819000 187.000000 186.543156
1820000 183.000000 186.541209
1821000 187.000000 186.541461
1822000 187.000000 186.541712
1823000 188.000000 186.542512
1824000 184.000000 186.541118
1825000 183.000000 186.539178
1826000 188.000000 186.539978
1827000 192.000000 186.542967
1828000 178.000000 186.538293
1829000 186.000000 186.537999
1830000 188.000000 186.538798
1831000 185.000000 186.537957
1832000 184.000000 186.536572
1833000 186.000000 186.536279
1834000 189.000000 186.537623
1835000 183.000000 186.535695
1836000 186.000000 186.535403
1837000 192.000000 186.538378
1838000 188.000000 186.539173
1839000 186.000000 186.538880
1840000 190.000000 186.540761
1841000 191.000000 186.543183
1842000 186.000000 186.542888
1843000 182.000000 186.540423
1844000 187.000000 186.540672
1845000 185.000000 186.539837
1846000 190.000000 186.541712
1847000 181.000000 186.538711
1848000 189.000000 186.540043
1849000 192.000000 186.542996
1850000 186.000000 186.542703
1851000 192.000000 186.545651
1852000 186.000000 186.545356
1853000 187.000000 186.545602
1854000 188.000000 186.546386
1855000 184.000000 186.545013
1856000 187.000000 186.545259
1857000 187.000000 186.545504
1858000 188.000000 186.546286
1859000 188.000000 186.547068
1860000 193.000000 186.550538
1861000 183.000000 186.548630
1862000 200.000000 186.555854
1863000 188.000000 186.556629
1864000 188.000000 186.557403
1865000 190.000000 186.559249
1866000 187.000000 186.559486
1867000 192.000000 186.562400
1868000 190.000000 186.564240
1869000 190.000000 186.566078
1870000 191.000000 186.568449
1871000 191.000000 186.570818
1872000 188.000000 186.571581
1873000 188.000000 186.572344
1874000 190.000000 186.574173
1875000 189.000000 186.575467
1876000 191.000000 186.577825
1877000 190.000000 186.579648
1878000 187.000000 186.579872
1879000 187.000000 186.580096
1880000 184.000000 186.578723
1881000 188.000000 186.579479
1882000 188.000000 186.580234
1883000 188.000000 186.580988
1884000 185.000000 186.580149
1885000 189.000000 186.581432
1886000 186.000000 186.581124
1887000 190.000000 186.582936
1888000 191.000000 186.585275
1889000 188.000000 186.586024
1890000 184.000000 186.584656
1891000 191.000000 186.586991
1892000 184.000000 186.585624
1893000 188.000000 186.586371
1894000 188.000000 186.587117
1895000 188.000000 186.587863
1896000 193.000000 186.591245
1897000 190.000000 186.593042
1898000 185.000000 186.592202
1899000 188.000000 186.592944
1900000 191.000000 186.595263
1901000 192.000000 186.598106
1902000 191.000000 186.600421
1903000 192.000000 186.603258
1904000 188.000000 186.603992
1905000 182.000000 186.601575
1906000 183.000000 186.599685
1907000 188.000000 186.600420
1908000 188.000000 186.601153
1909000 188.000000 186.601886
1910000 187.000000 186.602094
1911000 188.000000 186.602826
1912000 182.000000 186.600418
1913000 190.000000 186.602196
1914000 181.000000 186.599269
1915000 189.000000 186.600522
1916000 189.000000 186.601775
1917000 189.000000 186.603026
1918000 188.000000 186.603754
1919000 187.000000 186.603960
1920000 187.000000 186.604167
1921000 189.000000 186.605414
1922000 192.000000 186.608221
1923000 189.000000 186.609464
1924000 184.000000 186.608108
1925000 189.000000 186.609351
1926000 192.000000 186.612150
1927000 193.000000 186.615464
1928000 189.000000 186.616701
1929000 190.000000 186.618455
1930000 192.000000 186.621244
1931000 191.000000 186.623511
1932000 191.000000 186.625776
1933000 186.000000 186.625453
1934000 188.000000 186.626163
1935000 191.000000 186.628424
1936000 185.000000 186.627583
1937000 188.000000 186.628291
1938000 186.000000 186.627967
1939000 193.000000 186.631253
1940000 191.000000 186.633505
1941000 186.000000 186.633179
1942000 192.000000 186.635942
1943000 192.000000 186.638703
1944000 190.000000 186.640432
1945000 194.000000 186.644216
1946000 188.000000 186.644913
1947000 188.000000 186.645609
1948000 187.000000 186.645791
1949000 192.000000 186.648538
1950000 187.000000 186.648718
1951000 184.000000 186.647360
1952000 188.000000 186.648053
1953000 182.000000 186.645673
1954000 188.000000 186.646366
1955000 186.000000 186.646036
1956000 179.000000 186.642127
1957000 191.000000 186.644354
1958000 193.000000 186.647600
1959000 188.000000 186.648290
1960000 186.000000 186.647959
1961000 190.000000 186.649669
1962000 189.000000 186.650866
1963000 180.000000 186.647478
1964000 184.000000 186.646130
1965000 179.000000 186.642239
1966000 184.000000 186.640895
1967000 187.000000 186.641078
1968000 184.000000 186.639736
1969000 188.000000 186.640427
1970000 188.000000 186.641117
1971000 185.000000 186.640284
1972000 188.000000 186.640974
1973000 185.000000 186.640142
1974000 176.000000 186.634752
1975000 182.000000 186.632405
1976000 187.000000 186.632591
1977000 183.000000 186.630754
1978000 190.000000 186.632457
1979000 185.000000 186.631632
1980000 188.000000 186.632323
1981000 187.000000 186.632509
1982000 180.000000 186.629162
1983000 183.000000 186.627332
1984000 184.000000 186.626008
1985000 187.000000 186.626196
1986000 186.000000 186.625881
1987000 190.000000 186.627579
1988000 189.000000 186.628773
1989000 189.000000 186.629965
1990000 194.000000 186.633668
1991000 187.000000 186.633852
1992000 185.000000 186.633032
1993000 185.000000 186.632213
1994000 183.000000 186.630391
1995000 185.000000 186.629574
1996000 183.000000 186.627756
1997000 183.000000 186.625939
1998000 186.000000 186.625626
1999000 186.000000 186.625313
2000000 185.000000 186.624500
2001000 189.000000 186.625687
2002000 185.000000 186.624875
2003000 182.000000 186.622566
2004000 183.000000 186.620758
2005000 186.000000 186.620449
2006000 190.000000 186.622134
2007000 182.000000 186.619831
2008000 191.000000 186.622012
2009000 187.000000 186.622200
2010000 192.000000 186.624876
2011000 190.000000 186.626554
2012000 187.000000 186.626740
2013000 189.000000 186.627919
2014000 189.000000 186.629096
2015000 192.000000 186.631762
2016000 186.000000 186.631448
2017000 183.000000 186.629648
2018000 181.000000 186.626858
2019000 184.000000 186.625557
2020000 186.000000 186.625248
2021000 175.000000 186.619495
2022000 185.000000 186.618694
2023000 177.000000 186.613940
2024000 186.000000 186.613636
2025000 188.000000 186.614321
2026000 184.000000 186.613031
2027000 185.000000 186.612235
2028000 184.000000 186.610947
2029000 184.000000 186.609660
2030000 186.000000 186.609360
2031000 189.000000 186.610537
2032000 186.000000 186.610236
2033000 184.000000 186.608952
2034000 185.000000 186.608161
2035000 183.000000 186.606388
2036000 188.000000 186.607073
2037000 191.000000 186.609229
2038000 189.000000 186.610402
2039000 188.000000 186.611084
2040000 187.000000 186.611275
2041000 191.000000 186.613425
2042000 193.000000 186.616552
2043000 191.000000 186.618698
2044000 189.000000 186.619863
2045000 188.000000 186.620538
2046000 187.000000 186.620723
2047000 191.000000 186.622863
2048000 191.000000 186.625000
2049000 190.000000 186.626647
2050000 185.000000 186.625854
2051000 188.000000 186.626524
2052000 189.000000 186.627680
2053000 184.000000 186.626400
2054000 194.000000 186.629990
2055000 191.000000 186.632117
2056000 186.000000 186.631809
2057000 189.000000 186.632961
2058000 184.000000 186.631681
2059000 186.000000 186.631374
2060000 186.000000 186.631068
2061000 186.000000 186.630762
2062000 189.000000 186.631911
2063000 191.000000 186.634028
2064000 184.000000 186.632752
2065000 193.000000 186.635835
2066000 185.000000 186.635044
2067000 191.000000 186.637155
2068000 188.000000 186.637814
2069000 190.000000 186.639439
2070000 194.000000 186.642995
2071000 196.000000 186.647513
2072000 186.000000 186.647201
2073000 191.000000 186.649301
2074000 184.000000 186.648023
2075000 188.000000 186.648675
2076000 185.000000 186.647881
2077000 185.000000 186.647087
2078000 186.000000 186.646776
2079000 184.000000 186.645503
2080000 185.000000 186.644712
2081000 189.000000 186.645843
2082000 187.000000 186.646013
2083000 191.000000 186.648104
2084000 190.000000 186.649712
2085000 188.000000 186.650360
2086000 185.000000 186.649569
2087000 190.000000 186.651174
2088000 186.000000 186.650862
2089000 191.000000 186.652944
2090000 184.000000 186.651675
2091000 186.000000 186.651363
2092000 190.000000 186.652964
2093000 186.000000 186.652652
2094000 181.000000 186.649952
2095000 181.000000 186.647255
2096000 186.000000 186.646947
2097000 187.000000 186.647115
2098000 189.000000 186.648236
2099000 188.000000 186.648880
2100000 186.000000 186.648571
2101000 192.000000 186.651119
2102000 185.000000 186.650333
2103000 189.000000 186.651450
2104000 187.000000 186.651616
2105000 184.000000 186.650356
2106000 186.000000 186.650047
2107000 189.000000 186.651163
2108000 193.000000 186.654175
2109000 184.000000 186.652916
2110000 188.000000 186.653555
2111000 183.000000 186.651824
2112000 186.000000 186.651515
2113000 186.000000 186.651207
2114000 189.000000 186.652318
2115000 190.000000 186.653901
2116000 190.000000 186.655482
2117000 185.000000 186.654700
2118000 188.000000 186.655335
2119000 181.000000 186.652666
2120000 186.000000 186.652358
2121000 179.000000 186.648751
2122000 187.000000 186.648916
2123000 184.000000 186.647668
2124000 188.000000 186.648305
2125000 193.000000 186.651294
2126000 184.000000 186.650047
2127000 190.000000 186.651622
2128000 192.000000 186.654135
2129000 185.000000 186.653358
2130000 186.000000 186.653052
2131000 184.000000 186.651807
2132000 189.000000 186.652908
2133000 182.000000 186.650727
2134000 190.000000 186.652296
2135000 185.000000 186.651522
2136000 186.000000 186.651217
2137000 193.000000 186.654188
2138000 185.000000 186.653414
2139000 187.000000 186.653576
2140000 185.000000 186.652804
2141000 189.000000 186.653900
2142000 182.000000 186.651727
2143000 185.000000 186.650957
2144000 191.000000 186.652985
2145000 184.000000 186.651748
2146000 188.000000 186.652377
2147000 185.000000 186.651607
2148000 184.000000 186.650372
2149000 188.000000 186.651000
2150000 189.000000 186.652093
2151000 180.000000 186.649000
2152000 188.000000 186.649628
2153000 183.000000 186.647933
2154000 190.000000 186.649489
2155000 187.000000 186.649652
2156000 186.000000 186.649351
2157000 185.000000 186.648586
2158000 186.000000 186.648285
2159000 185.000000 186.647522
2160000 179.000000 186.643981
2161000 180.000000 186.640907
2162000 190.000000 186.642461
2163000 187.000000 186.642626
2164000 191.000000 186.644640
2165000 189.000000 186.645727
2166000 186.000000 186.645429
2167000 191.000000 186.647439
2168000 189.000000 186.648524
2169000 184.000000 186.647303
2170000 183.000000 186.645622
2171000 186.000000 186.645325
2172000 187.000000 186.645488
2173000 186.000000 186.645191
2174000 189.000000 186.646274
2175000 187.000000 186.646437
2176000 189.000000 186.647518
2177000 183.000000 186.645843
2178000 183.000000 186.644169
2179000 184.000000 186.642955
2180000 185.000000 186.642202
2181000 180.000000 186.639156
2182000 181.000000 186.636572
2183000 188.000000 186.637197
2184000 189.000000 186.638278
2185000 187.000000 186.638444
2186000 189.000000 186.639524
2187000 185.000000 186.638775
2188000 192.000000 186.641225
2189000 189.000000 186.642302
2190000 193.000000 186.645205
2191000 187.000000 186.645367
2192000 191.000000 186.647354
2193000 194.000000 186.650707
2194000 187.000000 186.650866
2195000 182.000000 186.648747
2196000 191.000000 186.650729
2197000 193.000000 186.653619
2198000 189.000000 186.654686
2199000 184.000000 186.653479
2200000 179.000000 186.650000
2201000 185.000000 186.649250
2202000 193.000000 186.652134
2203000 193.000000 186.655016
2204000 192.000000 186.657441
2205000 186.000000 186.657143
2206000 183.000000 186.655485
2207000 184.000000 186.654282
2208000 185.000000 186.653533
2209000 183.000000 186.651879
2210000 186.000000 186.651584
2211000 186.000000 186.651289
2212000 182.000000 186.649186
2213000 188.000000 186.649797
2214000 187.000000 186.649955
2215000 194.000000 186.653273
2216000 190.000000 186.654783
2217000 189.000000 186.655841
2218000 190.000000 186.657349
2219000 185.000000 186.656602
2220000 184.000000 186.655405
2221000 186.000000 186.655110
2222000 189.000000 186.656166
2223000 191.000000 186.658120
2224000 188.000000 186.658723
2225000 187.000000 186.658876
2226000 189.000000 186.659928
2227000 183.000000 186.658285
2228000 183.000000 186.656643
2229000 189.000000 186.657694
2230000 184.000000 186.656502
2231000 183.000000 186.654863
2232000 181.000000 186.652330
2233000 184.000000 186.651142
2234000 184.000000 186.649955
2235000 181.000000 186.647427
2236000 182.000000 186.645349
2237000 192.000000 186.647743
2238000 185.000000 186.647006
2239000 189.000000 186.648057
2240000 184.000000 186.646875
2241000 185.000000 186.646140
2242000 183.000000 186.644514
2243000 188.000000 186.645118
2244000 188.000000 186.645722
2245000 189.000000 186.646771
2246000 186.000000 186.646483
2247000 189.000000 186.647530
2248000 190.000000 186.649021
2249000 185.000000 186.648288
2250000 192.000000 186.650667
2251000 185.000000 186.649933
2252000 193.000000 186.652753
2253000 185.000000 186.652020
2254000 185.000000 186.651287
2255000 187.000000 186.651441
2256000 186.000000 186.651152
2257000 183.000000 186.649535
2258000 194.000000 186.652790
2259000 190.000000 186.654272
2260000 185.000000 186.653540
2261000 189.000000 186.654578
2262000 187.000000 186.654730
2263000 186.000000 186.654441
2264000 184.000000 186.653269
2265000 185.000000 186.652539
2266000 183.000000 186.650927
2267000 190.000000 186.652404
2268000 189.000000 186.653439
2269000 187.000000 186.653592
2270000 186.000000 186.653304
2271000 189.000000 186.654337
2272000 191.000000 186.656250
2273000 184.000000 186.655081
2274000 191.000000 186.656992
2275000 188.000000 186.657582
2276000 187.000000 186.657733
2277000 188.000000 186.658322
2278000 189.000000 186.659350
2279000 192.000000 186.661694
2280000 192.000000 186.664035
2281000 183.000000 186.662429
2282000 188.000000 186.663015
2283000 192.000000 186.665353
2284000 189.000000 186.666375
2285000 188.000000 186.666958
2286000 185.000000 186.666229
2287000 184.000000 186.665063
2288000 185.000000 186.664336
2289000 186.000000 186.664045
2290000 182.000000 186.662009
2291000 182.000000 186.659974
2292000 187.000000 186.660122
2293000 181.000000 186.657654
2294000 187.000000 186.657803
2295000 187.000000 186.657952
2296000 184.000000 186.656794
2297000 183.000000 186.655202
2298000 179.000000 186.651871
2299000 188.000000 186.652458
2300000 185.000000 186.651739
2301000 188.000000 186.652325
2302000 186.000000 186.652042
2303000 181.000000 186.649587
2304000 181.000000 186.647135
2305000 184.000000 186.645987
2306000 182.000000 186.643972
2307000 181.000000 186.641526
2308000 179.000000 186.638215
2309000 187.000000 186.638372
2310000 178.000000 186.634632
2311000 188.000000 186.635223
2312000 178.000000 186.631488
2313000 185.000000 186.630783
2314000 183.000000 186.629213
2315000 186.000000 186.628942
2316000 185.000000 186.628238
2317000 186.000000 186.627967
2318000 191.000000 186.629853
2319000 184.000000 186.628719
2320000 184.000000 186.627586
2321000 187.000000 186.627747
2322000 189.000000 186.628768
2323000 186.000000 186.628498
2324000 189.000000 186.629518
2325000 187.000000 186.629677
2326000 188.000000 186.630267
2327000 187.000000 186.630425
2328000 183.000000 186.628866
2329000 187.000000 186.629025
2330000 186.000000 186.628755
2331000 186.000000 186.628486
2332000 185.000000 186.627787
2333000 190.000000 186.629233
2334000 185.000000 186.628535
2335000 192.000000 186.630835
2336000 187.000000 186.630993
2337000 189.000000 186.632007
2338000 188.000000 186.632592
2339000 184.000000 186.631466
2340000 188.000000 186.632051
2341000 182.000000 186.630073
2342000 188.000000 186.630658
2343000 191.000000 186.632522
2344000 189.000000 186.633532
2345000 188.000000 186.634115
2346000 190.000000 186.635550
2347000 193.000000 186.638262
2348000 195.000000 186.641823
2349000 192.000000 186.644104
2350000 192.000000 186.646383
2351000 185.000000 186.645683
2352000 194.000000 186.648810
2353000 189.000000 186.649809
2354000 190.000000 186.651232
2355000 191.000000 186.653079
2356000 184.000000 186.651952
2357000 190.000000 186.653373
2358000 185.000000 186.652672
2359000 186.000000 186.652395
2360000 185.000000 186.651695
2361000 192.000000 186.653960
2362000 184.000000 186.652837
2363000 191.000000 186.654676
2364000 182.000000 186.652707
2365000 183.000000 186.651163
2366000 190.000000 186.652578
2367000 191.000000 186.654415
2368000 192.000000 186.656672
2369000 186.000000 186.656395
2370000 186.000000 186.656118
2371000 185.000000 186.655420
2372000 192.000000 186.657673
2373000 188.000000 186.658239
2374000 187.000000 186.658382
2375000 185.000000 186.657684
2376000 188.000000 186.658249
2377000 187.000000 186.658393
2378000 188.000000 186.658957
2379000 186.000000 186.658680
2380000 188.000000 186.659244
2381000 177.000000 186.655187
2382000 190.000000 186.656591
2383000 188.000000 186.657155
2384000 182.000000 186.655201
2385000 187.000000 186.655346
2386000 187.000000 186.655490
2387000 196.000000 186.659405
2388000 189.000000 186.660385
2389000 184.000000 186.659272
2390000 183.000000 186.657741
2391000 191.000000 186.659557
2392000 182.000000 186.657609
2393000 190.000000 186.659005
2394000 182.000000 186.657059
2395000 184.000000 186.655950
2396000 187.000000 186.656093
2397000 186.000000 186.655820
2398000 184.000000 186.654712
2399000 190.000000 186.656107
2400000 190.000000 186.657500
2401000 183.000000 186.655977
2402000 187.000000 186.656120
2403000 189.000000 186.657095
2404000 184.000000 186.655990
2405000 185.000000 186.655301
2406000 192.000000 186.657523
2407000 180.000000 186.654757
2408000 187.000000 186.654900
2409000 179.000000 186.651723
2410000 186.000000 186.651452
2411000 182.000000 186.649523
2412000 188.000000 186.650083
2413000 189.000000 186.651057
2414000 184.000000 186.649959
2415000 190.000000 186.651346
2416000 183.000000 186.649834
2417000 193.000000 186.652462
2418000 188.000000 186.653019
2419000 186.000000 186.652749
2420000 189.000000 186.653719
2421000 180.000000 186.650971
2422000 186.000000 186.650702
2423000 185.000000 186.650021
2424000 190.000000 186.651403
2425000 187.000000 186.651546
2426000 190.000000 186.652927
2427000 190.000000 186.654306
2428000 190.000000 186.655684
2429000 192.000000 186.657884
2430000 194.000000 186.660905
2431000 193.000000 186.663513
2432000 195.000000 186.666941
2433000 190.000000 186.668311
2434000 198.000000 186.672966
2435000 189.000000 186.673922
2436000 193.000000 186.676519
2437000 187.000000 186.676652
2438000 186.000000 186.676374
2439000 188.000000 186.676917
2440000 189.000000 186.677869
2441000 188.000000 186.678410
2442000 194.000000 186.681409
2443000 193.000000 186.683995
2444000 188.000000 186.684534
2445000 189.000000 186.685481
2446000 188.000000 186.686018
2447000 186.000000 186.685738
2448000 187.000000 186.685866
2449000 187.000000 186.685994
2450000 185.000000 186.685306
2451000 186.000000 186.685027
2452000 186.000000 186.684747
2453000 188.000000 186.685283
2454000 193.000000 186.687857
2455000 191.000000 186.689613
2456000 184.000000 186.688518
2457000 194.000000 186.691494
2458000 190.000000 186.692840
2459000 188.000000 186.693371
2460000 187.000000 186.693496
2461000 192.000000 186.695652
2462000 191.000000 186.697400
2463000 192.000000 186.699553
2464000 199.000000 186.704545
2465000 190.000000 186.705882
2466000 185.000000 186.705191
2467000 194.000000 186.708148
2468000 189.000000 186.709076
2469000 183.000000 186.707574
2470000 188.000000 186.708097
2471000 185.000000 186.707406
2472000 192.000000 186.709547
2473000 186.000000 186.709260
2474000 186.000000 186.708973
2475000 184.000000 186.707879
2476000 187.000000 186.707997
2477000 199.000000 186.712959
2478000 190.000000 186.714286
2479000 194.000000 186.717225
2480000 196.000000 186.720968
2481000 185.000000 186.720274
2482000 188.000000 186.720790
2483000 185.000000 186.720097
2484000 191.000000 186.721820
2485000 193.000000 186.724346
2486000 191.000000 186.726066
2487000 192.000000 186.728187
2488000 190.000000 186.729502
2489000 187.000000 186.729610
2490000 189.000000 186.730522
2491000 191.000000 186.732236
2492000 190.000000 186.733547
2493000 198.000000 186.738067
2494000 193.000000 186.740577
2495000 186.000000 186.740281
2496000 191.000000 186.741987
2497000 195.000000 186.745294
2498000 182.000000 186.743395
2499000 193.000000 186.745898
2500000 192.000000 186.748000
2501000 184.000000 186.746901
2502000 192.000000 186.749001
2503000 196.000000 186.752697
2504000 196.000000 186.756390
2505000 190.000000 186.757685
2506000 194.000000 186.760575
2507000 189.000000 186.761468
2508000 190.000000 186.762759
2509000 186.000000 186.762455
2510000 191.000000 186.764143
2511000 188.000000 186.764636
2512000 188.000000 186.765127
2513000 189.000000 186.766017
2514000 189.000000 186.766905
2515000 190.000000 186.768191
2516000 193.000000 186.770668
2517000 189.000000 186.771553
2518000 186.000000 186.771247
2519000 188.000000 186.771735
2520000 182.000000 186.769841
2521000 184.000000 186.768743
2522000 188.000000 186.769231
2523000 190.000000 186.770511
2524000 188.000000 186.770998
2525000 181.000000 186.768713
2526000 191.000000 186.770388
2527000 192.000000 186.772457
2528000 186.000000 186.772152
2529000 188.000000 186.772637
2530000 188.000000 186.773123
2531000 190.000000 186.774397
2532000 194.000000 186.777251
2533000 191.000000 186.778918
2534000 194.000000 186.781768
2535000 192.000000 186.783826
2536000 189.000000 186.784700
2537000 189.000000 186.785574
2538000 188.000000 186.786052
2539000 186.000000 186.785742
2540000 183.000000 186.784252
2541000 191.000000 186.785911
2542000 184.000000 186.784815
2543000 193.000000 186.787259
2544000 187.000000 186.787343
2545000 191.000000 186.788998
2546000 185.000000 186.788295
2547000 183.000000 186.786808
2548000 188.000000 186.787284
2549000 194.000000 186.790114
2550000 185.000000 186.789412
2551000 192.000000 186.791454
2552000 194.000000 186.794279
2553000 191.000000 186.795926
2554000 186.000000 186.795615
2555000 187.000000 186.795695
2556000 184.000000 186.794601
2557000 185.000000 186.793899
2558000 186.000000 186.793589
2559000 189.000000 186.794451
2560000 187.000000 186.794531
2561000 188.000000 186.795002
2562000 191.000000 186.796643
2563000 191.000000 186.798283
2564000 190.000000 186.799532
2565000 187.000000 186.799610
2566000 189.000000 186.800468
2567000 195.000000 186.803662
2568000 189.000000 186.804517
2569000 185.000000 186.803815
2570000 189.000000 186.804669
2571000 189.000000 186.805523
2572000 193.000000 186.807932
2573000 191.000000 186.809561
2574000 189.000000 186.810412
2575000 188.000000 186.810874
2576000 189.000000 186.811724
2577000 188.000000 186.812185
2578000 185.000000 186.811482
2579000 187.000000 186.811555
2580000 183.000000 186.810078
2581000 191.000000 186.811701
2582000 188.000000 186.812161
2583000 182.000000 186.810298
2584000 185.000000 186.809598
2585000 185.000000 186.808897
2586000 184.000000 186.807811
2587000 190.000000 186.809045
2588000 196.000000 186.812597
2589000 188.000000 186.813055
2590000 184.000000 186.811969
2591000 191.000000 186.813585
2592000 189.000000 186.814429
2593000 185.000000 186.813729
2594000 189.000000 186.814572
2595000 187.000000 186.814644
2596000 184.000000 186.813559
2597000 179.000000 186.810551
2598000 182.000000 186.808699
2599000 187.000000 186.808773
2600000 189.000000 186.809615
2601000 186.000000 186.809304
2602000 190.000000 186.810530
2603000 182.000000 186.808682
2604000 188.000000 186.809140
2605000 187.000000 186.809213
2606000 192.000000 186.811205
2607000 186.000000 186.810894
2608000 187.000000 186.810966
2609000 187.000000 186.811039
2610000 191.000000 186.812644
2611000 192.000000 186.814630
2612000 193.000000 186.816998
2613000 184.000000 186.815920
2614000 191.000000 186.817521
2615000 191.000000 186.819120
2616000 190.000000 186.820336
2617000 189.000000 186.821169
2618000 188.000000 186.821620
2619000 193.000000 186.823979
2620000 187.000000 186.824046
2621000 191.000000 186.825639
2622000 189.000000 186.826468
2623000 189.000000 186.827297
2624000 193.000000 186.829649
2625000 187.000000 186.829714
2626000 191.000000 186.831302
2627000 187.000000 186.831367
2628000 185.000000 186.830670
2629000 185.000000 186.829973
2630000 190.000000 186.831179
2631000 189.000000 186.832003
2632000 185.000000 186.831307
2633000 188.000000 186.831751
2634000 190.000000 186.832954
2635000 185.000000 186.832258
2636000 185.000000 186.831563
2637000 186.000000 186.831248
2638000 187.000000 186.831312
2639000 193.000000 186.833649
2640000 187.000000 186.833712
2641000 187.000000 186.833775
2642000 188.000000 186.834217
2643000 194.000000 186.836928
2644000 191.000000 186.838502
2645000 195.000000 186.841588
2646000 188.000000 186.842026
2647000 189.000000 186.842841
2648000 194.000000 186.845544
2649000 189.000000 186.846357
2650000 189.000000 186.847170
2651000 189.000000 186.847982
2652000 192.000000 186.849925
2653000 189.000000 186.850735
2654000 187.000000 186.850791
2655000 187.000000 186.850847
2656000 193.000000 186.853163
2657000 193.000000 186.855476
2658000 191.000000 186.857035
2659000 192.000000 186.858970
2660000 188.000000 186.859398
2661000 196.000000 186.862834
2662000 198.000000 186.867017
2663000 195.000000 186.870071
2664000 194.000000 186.872748
2665000 191.000000 186.874296
2666000 187.000000 186.874344
2667000 192.000000 186.876265
2668000 185.000000 186.875562
2669000 193.000000 186.877857
2670000 189.000000 186.878652
2671000 190.000000 186.879820
2672000 187.000000 186.879865
2673000 188.000000 186.880284
2674000 184.000000 186.879207
2675000 187.000000 186.879252
2676000 187.000000 186.879297
2677000 189.000000 186.880090
2678000 187.000000 186.880134
2679000 189.000000 186.880926
2680000 190.000000 186.882090
2681000 188.000000 186.882507
2682000 185.000000 186.881805
2683000 191.000000 186.883340
2684000 189.000000 186.884128
2685000 191.000000 186.885661
2686000 188.000000 186.886076
2687000 189.000000 186.886863
2688000 192.000000 186.888765
2689000 194.000000 186.891409
2690000 189.000000 186.892193
2691000 190.000000 186.893348
2692000 191.000000 186.894874
2693000 187.000000 186.894913
2694000 189.000000 186.895694
2695000 183.000000 186.894249
2696000 193.000000 186.896513
2697000 192.000000 186.898406
2698000 191.000000 186.899926
2699000 191.000000 186.901445
2700000 189.000000 186.902222
2701000 196.000000 186.905591
2702000 193.000000 186.907846
2703000 188.000000 186.908250
2704000 183.000000 186.906805
2705000 189.000000 186.907579
2706000 192.000000 186.909460
2707000 191.000000 186.910972
2708000 189.000000 186.911743
2709000 196.000000 186.915098
2710000 185.000000 186.914391
2711000 185.000000 186.913685
2712000 189.000000 186.914454
2713000 186.000000 186.914117
2714000 189.000000 186.914886
2715000 193.000000 186.917127
2716000 190.000000 186.918262
2717000 187.000000 186.918292
2718000 193.000000 186.920530
2719000 191.000000 186.922030
2720000 186.000000 186.921691
2721000 191.000000 186.923190
2722000 192.000000 186.925055
2723000 194.000000 186.927653
2724000 191.000000 186.929148
2725000 193.000000 186.931376
2726000 191.000000 186.932869
2727000 195.000000 186.935827
2728000 191.000000 186.937317
2729000 192.000000 186.939172
2730000 186.000000 186.938828
2731000 192.000000 186.940681
2732000 189.000000 186.941435
2733000 181.000000 186.939261
2734000 188.000000 186.939649
2735000 190.000000 186.940768
2736000 187.000000 186.940789
2737000 191.000000 186.942273
2738000 185.000000 186.941563
2739000 191.000000 186.943045
2740000 184.000000 186.941971
2741000 186.000000 186.941627
2742000 189.000000 186.942378
2743000 189.000000 186.943128
2744000 190.000000 186.944242
2745000 186.000000 186.943898
2746000 186.000000 186.943554
2747000 185.000000 186.942847
2748000 187.000000 186.942868
2749000 184.000000 186.941797
2750000 184.000000 186.940727
2751000 185.000000 186.940022
2752000 189.000000 186.940770
2753000 191.000000 186.942245
2754000 186.000000 186.941903
2755000 187.000000 186.941924
2756000 191.000000 186.943396
2757000 194.000000 186.945956
2758000 184.000000 186.944888
2759000 190.000000 186.945995
2760000 191.000000 186.947464
2761000 185.000000 186.946758
2762000 188.000000 186.947140
2763000 187.000000 186.947159
2764000 187.000000 186.947178
2765000 184.000000 186.946112
2766000 192.000000 186.947939
2767000 188.000000 186.948319
2768000 185.000000 186.947616
2769000 184.000000 186.946551
2770000 185.000000 186.945848
2771000 184.000000 186.944785
2772000 184.000000 186.943723
2773000 190.000000 186.944825
2774000 192.000000 186.946647
2775000 188.000000 186.947027
2776000 183.000000 186.945605
2777000 188.000000 186.945985
2778000 190.000000 186.947084
2779000 191.000000 186.948543
2780000 191.000000 186.950000
2781000 190.000000 186.951097
2782000 192.000000 186.952912
2783000 181.000000 186.950773
2784000 182.000000 186.948994
2785000 186.000000 186.948654
2786000 186.000000 186.948313
2787000 189.000000 186.949049
2788000 189.000000 186.949785
2789000 191.000000 186.951237
2790000 185.000000 186.950538
2791000 185.000000 186.949839
2792000 184.000000 186.948782
2793000 187.000000 186.948801
2794000 188.000000 186.949177
2795000 185.000000 186.948479
2796000 185.000000 186.947783
2797000 189.000000 186.948516
2798000 189.000000 186.949249
2799000 188.000000 186.949625
2800000 190.000000 186.950714
2801000 193.000000 186.952874
2802000 191.000000 186.954318
2803000 186.000000 186.953978
2804000 186.000000 186.953638
2805000 188.000000 186.954011
2806000 190.000000 186.955096
2807000 187.000000 186.955112
2808000 190.000000 186.956197
2809000 184.000000 186.955144
2810000 188.000000 186.955516
2811000 185.000000 186.954820
2812000 193.000000 186.956970
2813000 185.000000 186.956274
2814000 181.000000 186.954158
2815000 188.000000 186.954529
2816000 188.000000 186.954901
2817000 184.000000 186.953852
2818000 179.000000 186.951029
2819000 192.000000 186.952820
2820000 185.000000 186.952128
2821000 190.000000 186.953208
2822000 188.000000 186.953579
2823000 185.000000 186.952887
2824000 184.000000 186.951841
2825000 185.000000 186.951150
2826000 190.000000 186.952229
2827000 184.000000 186.951185
2828000 185.000000 186.950495
2829000 188.000000 186.950866
2830000 189.000000 186.951590
2831000 183.000000 186.950194
2832000 189.000000 186.950918
2833000 178.000000 186.947759
2834000 188.000000 186.948130
2835000 188.000000 186.948501
2836000 184.000000 186.947461
2837000 191.000000 186.948890
2838000 191.000000 186.950317
2839000 190.000000 186.951391
2840000 186.000000 186.951056
2841000 191.000000 186.952482
2842000 182.000000 186.950739
2843000 189.000000 186.951460
2844000 188.000000 186.951828
2845000 186.000000 186.951494
2846000 186.000000 186.951160
2847000 189.000000 186.951879
2848000 187.000000 186.951896
2849000 179.000000 186.949105
2850000 188.000000 186.949474
2851000 191.000000 186.950894
2852000 185.000000 186.950210
2853000 186.000000 186.949877
2854000 187.000000 186.949895
2855000 189.000000 186.950613
2856000 188.000000 186.950980
2857000 191.000000 186.952398
2858000 192.000000 186.954164
2859000 189.000000 186.954879
2860000 188.000000 186.955245
2861000 189.000000 186.955959
2862000 188.000000 186.956324
2863000 186.000000 186.955990
2864000 184.000000 186.954958
2865000 192.000000 186.956719
2866000 188.000000 186.957083
2867000 189.000000 186.957796
2868000 194.000000 186.960251
2869000 189.000000 186.960962
2870000 189.000000 186.961672
2871000 189.000000 186.962382
2872000 189.000000 186.963092
2873000 188.000000 186.963453
2874000 189.000000 186.964161
2875000 180.000000 186.961739
2876000 187.000000 186.961752
2877000 184.000000 186.960723
2878000 185.000000 186.960042
2879000 182.000000 186.958319
2880000 194.000000 186.960764
2881000 193.000000 186.962860
2882000 189.000000 186.963567
2883000 190.000000 186.964620
2884000 191.000000 186.966019
2885000 187.000000 186.966031
2886000 195.000000 186.968815
2887000 189.000000 186.969519
2888000 189.000000 186.970222
2889000 188.000000 186.970578
2890000 188.000000 186.970934
2891000 192.000000 186.972674
2892000 185.000000 186.971992
2893000 190.000000 186.973038
2894000 187.000000 186.973048
2895000 186.000000 186.972712
2896000 183.000000 186.971340
2897000 186.000000 186.971004
2898000 193.000000 186.973085
2899000 193.000000 186.975164
2900000 190.000000 186.976207
2901000 192.000000 186.977939
2902000 195.000000 186.980703
2903000 188.000000 186.981054
2904000 187.000000 186.981061
2905000 186.000000 186.980723
2906000 189.000000 186.981418
2907000 190.000000 186.982456
2908000 188.000000 186.982806
2909000 190.000000 186.983843
2910000 189.000000 186.984536
2911000 185.000000 186.983854
2912000 183.000000 186.982486
2913000 185.000000 186.981806
2914000 186.000000 186.981469
2915000 181.000000 186.979417
2916000 188.000000 186.979767
2917000 187.000000 186.979774
2918000 187.000000 186.979781
2919000 181.000000 186.977732
2920000 185.000000 186.977055
2921000 191.000000 186.978432
2922000 190.000000 186.979466
2923000 190.000000 186.980499
2924000 186.000000 186.980164
2925000 190.000000 186.981197
2926000 182.000000 186.979494
2927000 186.000000 186.979160
2928000 187.000000 186.979167
2929000 187.000000 186.979174
2930000 187.000000 186.979181
2931000 189.000000 186.979870
2932000 187.000000 186.979877
2933000 186.000000 186.979543
2934000 188.000000 186.979891
2935000 192.000000 186.981601
2936000 186.000000 186.981267
2937000 190.000000 186.982295
2938000 191.000000 186.983662
2939000 188.000000 186.984008
2940000 186.000000 186.983673
2941000 188.000000 186.984019
2942000 185.000000 186.983345
2943000 190.000000 186.984370
2944000 185.000000 186.983696
2945000 190.000000 186.984720
2946000 191.000000 186.986083
2947000 190.000000 186.987106
2948000 189.000000 186.987788
2949000 185.000000 186.987114
2950000 175.000000 186.983051
2951000 184.000000 186.982040
2952000 184.000000 186.981030
2953000 185.000000 186.980359
2954000 181.000000 186.978334
2955000 186.000000 186.978003
2956000 187.000000 186.978011
2957000 184.000000 186.977004
2958000 186.000000 186.976673
2959000 195.000000 186.979385
2960000 189.000000 186.980068
2961000 189.000000 186.980750
2962000 190.000000 186.981769
2963000 186.000000 186.981438
2964000 186.000000 186.981107
2965000 184.000000 186.980101
2966000 187.000000 186.980108
2967000 191.000000 186.981463
2968000 192.000000 186.983154
2969000 190.000000 186.984170
2970000 190.000000 186.985185
2971000 187.000000 186.985190
2972000 189.000000 186.985868
2973000 189.000000 186.986546
2974000 181.000000 186.984533
2975000 186.000000 186.984202
2976000 186.000000 186.983871
2977000 188.000000 186.984212
2978000 192.000000 186.985897
2979000 189.000000 186.986573
2980000 188.000000 186.986913
2981000 183.000000 186.985575
2982000 184.000000 186.984574
2983000 190.000000 186.985585
2984000 192.000000 186.987265
2985000 189.000000 186.987940
2986000 184.000000 186.986939
2987000 190.000000 186.987948
2988000 189.000000 186.988621
2989000 185.000000 186.987956
2990000 187.000000 186.987960
2991000 190.000000 186.988967
2992000 186.000000 186.988636
2993000 195.000000 186.991313
2994000 192.000000 186.992986
2995000 188.000000 186.993322
2996000 186.000000 186.992991
2997000 187.000000 186.992993
2998000 187.000000 186.992995
2999000 186.000000 186.992664
3000000 187.000000 186.992667
