1000 17.139157 17.139157
2000 17.394598 17.266877
3000 17.118072 17.217276
4000 16.827641 17.119867
5000 16.456970 16.987288
6000 16.857065 16.965584
7000 17.187750 16.997322
8000 17.029399 17.001332
9000 16.514000 16.947184
10000 16.845885 16.937054
11000 17.472434 16.985725
12000 17.298314 17.011774
13000 16.823087 16.997260
14000 17.577600 17.038712
15000 18.063571 17.107036
16000 17.933760 17.158707
17000 17.621719 17.185943
18000 17.646968 17.211555
19000 17.643481 17.234288
20000 17.392463 17.242197
21000 18.195848 17.287609
22000 16.781257 17.264593
23000 16.748268 17.242144
24000 17.292785 17.244254
25000 17.810002 17.266884
26000 17.936413 17.292635
27000 18.028251 17.319880
28000 18.304842 17.355057
29000 18.019545 17.377971
30000 17.637135 17.386609
31000 18.439161 17.420563
32000 18.730910 17.461511
33000 17.432112 17.460620
34000 17.160931 17.451806
35000 17.740724 17.460061
36000 19.179425 17.507821
37000 18.173251 17.525805
38000 17.754091 17.531813
39000 17.893090 17.541076
40000 17.889306 17.549782
41000 17.640717 17.552000
42000 18.510452 17.574820
43000 17.738417 17.578625
44000 16.958846 17.564539
45000 17.625946 17.565904
46000 17.969373 17.574675
47000 18.313020 17.590384
48000 17.339130 17.585150
49000 18.307679 17.599895
50000 18.793941 17.623776
51000 18.429111 17.639567
52000 17.302323 17.633081
53000 17.091064 17.622855
54000 18.194525 17.633441
55000 17.057537 17.622970
56000 17.664384 17.623710
57000 16.672864 17.607028
58000 18.411646 17.620901
59000 18.636822 17.638120
60000 17.603988 17.637551
61000 18.830707 17.657111
62000 18.843089 17.676240
63000 18.381468 17.687434
64000 17.263039 17.680803
65000 18.580418 17.694643
66000 19.158676 17.716825
67000 19.168661 17.738494
68000 18.375847 17.747867
69000 18.621427 17.760528
70000 17.873543 17.762142
71000 18.192201 17.768199
72000 18.449057 17.777656
73000 18.694944 17.790221
74000 18.345561 17.797726
75000 17.957288 17.799853
76000 17.532031 17.796329
77000 16.731042 17.782494
78000 16.670780 17.768242
79000 17.759758 17.768134
80000 17.213329 17.761199
81000 17.645516 17.759771
82000 17.399064 17.755372
83000 17.591322 17.753396
84000 18.461757 17.761828
85000 18.087925 17.765665
86000 17.519232 17.762799
87000 16.576860 17.749168
88000 17.584899 17.747301
89000 18.329639 17.753844
90000 17.699304 17.753238
91000 17.923711 17.755112
92000 17.943163 17.757156
93000 17.873006 17.758401
94000 18.455509 17.765817
95000 17.962454 17.767887
96000 17.117550 17.761113
97000 18.399031 17.767689
98000 18.944196 17.779695
99000 17.211868 17.773959
100000 18.090109 17.777120
101000 17.502767 17.774404
102000 17.805423 17.774708
103000 17.441005 17.771468
104000 17.772780 17.771481
105000 17.249891 17.766513
106000 17.534199 17.764322
107000 17.893771 17.765532
108000 16.526481 17.754059
109000 16.801934 17.745324
110000 18.144898 17.748956
111000 18.453363 17.755302
112000 18.165325 17.758963
113000 18.392301 17.764568
114000 17.984419 17.766497
115000 17.594914 17.765005
116000 17.552124 17.763169
117000 17.259339 17.758863
118000 16.907659 17.751650
119000 17.149205 17.746587
120000 17.642066 17.745716
121000 17.752152 17.745769
122000 17.266626 17.741842
123000 17.268619 17.737994
124000 17.869301 17.739053
125000 17.386898 17.736236
126000 17.792258 17.736681
127000 17.647617 17.735979
128000 17.003870 17.730260
129000 17.286621 17.726821
130000 17.812153 17.727477
131000 18.263837 17.731572
132000 18.690050 17.738833
133000 18.721382 17.746220
134000 18.121428 17.749020
135000 17.868719 17.749907
136000 17.872508 17.750808
137000 18.106328 17.753404
138000 19.148968 17.763516
139000 19.173540 17.773660
140000 18.272519 17.777224
141000 18.349506 17.781282
142000 18.106721 17.783574
143000 18.774501 17.790504
144000 18.057442 17.792357
145000 18.670430 17.798413
146000 18.275328 17.801680
147000 17.998980 17.803022
148000 17.976641 17.804195
149000 18.513013 17.808952
150000 18.752144 17.815240
151000 17.930665 17.816004
152000 17.980125 17.817084
153000 17.997127 17.818261
154000 17.797795 17.818128
155000 17.090616 17.813434
156000 17.785912 17.813258
157000 18.894553 17.820145
158000 18.263469 17.822951
159000 18.152527 17.825024
160000 18.022153 17.826256
161000 18.427765 17.829992
162000 18.200439 17.832279
163000 18.799039 17.838210
164000 17.775563 17.837828
165000 17.998306 17.838800
166000 19.185104 17.846911
167000 18.438185 17.850451
168000 17.249410 17.846874
169000 17.439347 17.844462
170000 17.510092 17.842495
171000 18.008000 17.843463
172000 18.900163 17.849607
173000 19.325711 17.858139
174000 19.163613 17.865642
175000 19.541103 17.875216
176000 18.865410 17.880842
177000 19.276533 17.888727
178000 19.176073 17.895960
179000 19.440438 17.904588
180000 19.768617 17.914944
181000 19.116087 17.921580
182000 18.617536 17.925404
183000 19.058460 17.931595
184000 18.461904 17.934477
185000 18.613436 17.938148
186000 18.978977 17.943743
187000 18.902170 17.948869
188000 18.546368 17.952047
189000 18.131017 17.952994
190000 19.505187 17.961163
191000 19.022708 17.966721
192000 17.710104 17.965384
193000 18.117007 17.966170
194000 18.171097 17.967226
195000 18.891949 17.971969
196000 18.822505 17.976308
197000 17.640022 17.974601
198000 17.602088 17.972720
199000 17.901754 17.972363
200000 18.420971 17.974606
201000 18.419791 17.976821
202000 18.312815 17.978484
203000 18.789476 17.982479
204000 19.207525 17.988484
205000 18.897878 17.992920
206000 19.469428 18.000088
207000 18.855995 18.004223
208000 18.610079 18.007136
209000 19.229651 18.012985
210000 18.649672 18.016017
211000 18.474782 18.018191
212000 18.502212 18.020474
213000 18.870962 18.024467
214000 18.778659 18.027991
215000 19.188673 18.033390
216000 19.605648 18.040669
217000 18.640896 18.043435
218000 19.088218 18.048227
219000 18.997511 18.052562
220000 19.157716 18.057585
221000 18.995958 18.061831
222000 18.883349 18.065532
223000 18.775810 18.068717
224000 18.217159 18.069380
225000 18.576576 18.071634
226000 18.987659 18.075687
227000 19.515174 18.082029
228000 19.538052 18.088415
229000 19.146021 18.093033
230000 19.998216 18.101316
231000 19.920087 18.109190
232000 20.168909 18.118068
233000 19.358810 18.123393
234000 21.495743 18.137805
235000 21.245749 18.151030
236000 20.764992 18.162106
237000 20.474371 18.171863
238000 20.543746 18.181829
239000 20.115819 18.189921
240000 20.894440 18.201189
241000 20.536724 18.210880
242000 21.169957 18.223108
243000 21.145365 18.235134
244000 20.105669 18.242800
245000 20.803537 18.253252
246000 20.712703 18.263250
247000 20.804131 18.273537
248000 20.036856 18.280647
249000 19.819176 18.286826
250000 20.780833 18.296802
251000 20.120624 18.304068
252000 19.555712 18.309035
253000 20.225237 18.316609
254000 20.397871 18.324803
255000 20.710139 18.334157
256000 20.466695 18.342487
257000 20.790537 18.352012
258000 21.036723 18.362418
259000 20.938545 18.372365
260000 20.051434 18.378823
261000 20.297225 18.386173
262000 20.230986 18.393214
263000 20.510886 18.401266
264000 21.194210 18.411846
265000 20.239839 18.418744
266000 20.087201 18.425016
267000 20.195919 18.431649
268000 20.889944 18.440821
269000 20.826027 18.449688
270000 21.454966 18.460819
271000 21.309820 18.471332
272000 20.216443 18.477748
273000 20.046502 18.483494
274000 20.595151 18.491201
275000 20.640254 18.499016
276000 20.613624 18.506677
277000 21.342235 18.516914
278000 20.108472 18.522639
279000 20.403793 18.529381
280000 20.540526 18.536564
281000 20.635919 18.544035
282000 20.454671 18.550810
283000 19.940463 18.555721
284000 19.667236 18.559635
285000 20.121016 18.565113
286000 20.361586 18.571394
287000 19.788597 18.575636
288000 20.341947 18.581769
289000 20.163227 18.587241
290000 19.882729 18.591708
291000 19.874759 18.596117
292000 19.904083 18.600596
293000 20.146379 18.605872
294000 19.447544 18.608735
295000 18.890306 18.609689
296000 20.527801 18.616170
297000 19.430396 18.618911
298000 19.631699 18.622310
299000 19.055137 18.623757
300000 20.497420 18.630003
301000 19.163064 18.631774
302000 19.537481 18.634773
303000 19.550721 18.637796
304000 18.924133 18.638738
305000 19.845256 18.642693
306000 19.921281 18.646872
307000 19.550232 18.649814
308000 19.364904 18.652136
309000 19.844318 18.655994
310000 19.065886 18.657317
311000 19.631574 18.660449
312000 19.309917 18.662531
313000 20.404400 18.668096
314000 20.107757 18.672681
315000 19.926363 18.676661
316000 19.277166 18.678561
317000 19.905767 18.682432
318000 20.990649 18.689691
319000 20.653582 18.695847
320000 20.939202 18.702858
321000 19.438418 18.705149
322000 20.554509 18.710893
323000 20.009323 18.714913
324000 20.481442 18.720365
325000 20.478941 18.725776
326000 19.770990 18.728982
327000 19.965851 18.732764
328000 21.093087 18.739961
329000 19.890088 18.743456
330000 20.270258 18.748083
331000 20.028799 18.751952
332000 20.557834 18.757392
333000 20.969407 18.764034
334000 20.572714 18.769450
335000 20.229527 18.773808
336000 20.784042 18.779791
337000 21.036274 18.786487
338000 20.570925 18.791766
339000 20.091259 18.795599
340000 20.398896 18.800315
341000 21.128196 18.807142
342000 20.358425 18.811678
343000 20.220540 18.815785
344000 19.834986 18.818748
345000 20.438993 18.823444
346000 19.500799 18.825402
347000 21.120595 18.832016
348000 20.691399 18.837359
349000 20.589933 18.842381
350000 20.491769 18.847093
351000 20.311305 18.851265
352000 19.914900 18.854287
353000 20.569432 18.859145
354000 20.041453 18.862485
355000 20.087432 18.865936
356000 20.685013 18.871046
357000 20.559511 18.875775
358000 19.913217 18.878673
359000 19.831872 18.881328
360000 19.958744 18.884321
361000 19.234749 18.885292
362000 19.927674 18.888171
363000 20.038391 18.891340
364000 20.053433 18.894533
365000 19.787463 18.896979
366000 19.675906 18.899107
367000 20.223677 18.902716
368000 20.475575 18.906990
369000 19.462630 18.908496
370000 19.519451 18.910147
371000 19.276559 18.911135
372000 19.521347 18.912775
373000 19.147441 18.913405
374000 19.324592 18.914504
375000 19.795795 18.916854
376000 19.453537 18.918281
377000 18.896471 18.918224
378000 18.275211 18.916522
379000 19.760476 18.918749
380000 20.447415 18.922772
381000 19.414078 18.924062
382000 19.383983 18.925266
383000 19.821271 18.927605
384000 19.338807 18.928676
385000 19.546398 18.930280
386000 18.586148 18.929389
387000 19.565202 18.931032
388000 19.576020 18.932694
389000 20.244544 18.936066
390000 20.117765 18.939096
391000 19.286141 18.939984
392000 19.966522 18.942603
393000 20.442567 18.946419
394000 20.554883 18.950502
395000 19.639968 18.952247
396000 19.871339 18.954568
397000 19.040104 18.954784
398000 18.879006 18.954593
399000 18.867484 18.954375
400000 18.769899 18.953914
401000 18.938952 18.953877
402000 19.524593 18.955296
403000 18.781834 18.954866
404000 18.776094 18.954423
405000 19.105165 18.954795
406000 18.923689 18.954719
407000 19.512378 18.956089
408000 19.200911 18.956689
409000 18.931748 18.956628
410000 19.215844 18.957260
411000 19.592263 18.958805
412000 19.564767 18.960276
413000 19.277482 18.961044
414000 19.852696 18.963198
415000 19.375295 18.964191
416000 19.159325 18.964660
417000 19.318750 18.965509
418000 19.303241 18.966317
419000 18.798874 18.965917
420000 18.543764 18.964912
421000 19.719577 18.966705
422000 19.566939 18.968127
423000 19.584134 18.969584
424000 18.721933 18.968999
425000 18.971733 18.969006
426000 20.066820 18.971583
427000 19.869270 18.973685
428000 19.161043 18.974123
429000 19.079399 18.974368
430000 18.973228 18.974366
431000 18.925867 18.974253
432000 18.546016 18.973262
433000 19.163795 18.973702
434000 19.928849 18.975903
435000 19.651899 18.977457
436000 19.591312 18.978865
437000 18.681371 18.978184
438000 19.471479 18.979310
439000 18.398057 18.977986
440000 20.023510 18.980362
441000 18.885100 18.980146
442000 19.013174 18.980221
443000 19.067139 18.980417
444000 19.110123 18.980709
445000 18.914131 18.980560
446000 18.984639 18.980569
447000 18.541571 18.979587
448000 18.249378 18.977957
449000 18.375670 18.976615
450000 19.000774 18.976669
451000 19.155363 18.977065
452000 19.456306 18.978126
453000 19.656398 18.979623
454000 19.829617 18.981495
455000 18.524417 18.980491
456000 19.508638 18.981649
457000 19.391537 18.982546
458000 19.383069 18.983420
459000 19.109038 18.983694
460000 19.458350 18.984726
461000 18.614494 18.983923
462000 18.915073 18.983774
463000 19.292044 18.984439
464000 19.131670 18.984757
465000 19.337205 18.985515
466000 19.694283 18.987036
467000 19.392624 18.987904
468000 19.539779 18.989083
469000 19.864076 18.990949
470000 19.624641 18.992297
471000 20.068922 18.994583
472000 18.767860 18.994103
473000 19.567505 18.995315
474000 19.531643 18.996447
475000 19.318207 18.997124
476000 19.147411 18.997440
477000 19.222432 18.997911
478000 19.418372 18.998791
479000 19.568430 18.999980
480000 20.081312 19.002233
481000 18.998713 19.002226
482000 19.580245 19.003425
483000 19.158169 19.003745
484000 18.292296 19.002275
485000 19.232197 19.002749
486000 19.526621 19.003827
487000 19.461676 19.004767
488000 20.041249 19.006891
489000 19.195033 19.007276
490000 20.142002 19.009592
491000 20.590552 19.012812
492000 20.172670 19.015169
493000 19.569973 19.016295
494000 19.932119 19.018148
495000 19.273282 19.018664
496000 19.222664 19.019075
497000 19.837447 19.020722
498000 19.400549 19.021485
499000 19.828588 19.023102
500000 20.224380 19.025505
501000 20.135782 19.027721
502000 19.557550 19.028776
503000 19.419590 19.029553
504000 19.380999 19.030250
505000 20.736052 19.033628
506000 19.801718 19.035146
507000 19.724483 19.036506
508000 19.472343 19.037364
509000 19.894318 19.039047
510000 19.027055 19.039024
511000 19.950670 19.040808
512000 19.679181 19.042055
513000 19.249629 19.042459
514000 19.464632 19.043281
515000 19.888346 19.044922
516000 19.600900 19.045999
517000 19.689513 19.047244
518000 20.597863 19.050237
519000 19.850394 19.051779
520000 19.492488 19.052626
521000 20.392472 19.055198
522000 19.932471 19.056879
523000 19.629855 19.057974
524000 20.456850 19.060644
525000 20.641520 19.063655
526000 19.844054 19.065139
527000 20.096804 19.067096
528000 19.969922 19.068806
529000 20.173102 19.070894
530000 19.482377 19.071670
531000 20.121085 19.073646
532000 19.931355 19.075259
533000 19.904838 19.076815
534000 20.508994 19.079497
535000 19.902341 19.081035
536000 20.206336 19.083135
537000 19.736827 19.084352
538000 19.869855 19.085812
539000 20.091823 19.087678
540000 20.001356 19.089370
541000 19.697651 19.090495
542000 20.378281 19.092871
543000 20.118121 19.094759
544000 19.585333 19.095661
545000 20.095526 19.097495
546000 19.709612 19.098616
547000 20.286463 19.100788
548000 19.824369 19.102108
549000 20.159115 19.104034
550000 19.829697 19.105353
551000 19.801509 19.106616
552000 20.135407 19.108480
553000 20.452969 19.110911
554000 20.352494 19.113153
555000 20.380002 19.115435
556000 19.820360 19.116703
557000 19.709457 19.117767
558000 19.883709 19.119140
559000 20.308218 19.121267
560000 20.993438 19.124610
561000 19.895284 19.125984
562000 20.102961 19.127722
563000 19.188140 19.127830
564000 20.148533 19.129639
565000 20.852220 19.132688
566000 20.381326 19.134894
567000 20.977372 19.138144
568000 21.149134 19.141684
569000 20.414026 19.143920
570000 21.026308 19.147223
571000 21.238153 19.150885
572000 20.501381 19.153246
573000 21.112526 19.156665
574000 21.643169 19.160997
575000 20.987569 19.164174
576000 20.468943 19.166439
577000 21.314391 19.170161
578000 21.373804 19.173974
579000 20.700768 19.176611
580000 20.626028 19.179110
581000 21.318855 19.182793
582000 20.714648 19.185425
583000 20.365207 19.187449
584000 21.520690 19.191444
585000 20.567999 19.193797
586000 21.066804 19.196993
587000 20.712422 19.199575
588000 21.794822 19.203988
589000 21.035810 19.207099
590000 21.333272 19.210702
591000 20.826777 19.213437
592000 21.049069 19.216537
593000 20.931660 19.219430
594000 21.003773 19.222434
595000 20.899342 19.225252
596000 21.191854 19.228552
597000 20.937122 19.231414
598000 20.975030 19.234329
599000 20.916969 19.237138
600000 20.698417 19.239574
601000 20.587516 19.241817
602000 21.659020 19.245832
603000 21.118919 19.248938
604000 20.963211 19.251776
605000 20.484280 19.253814
606000 20.845571 19.256440
607000 20.801104 19.258985
608000 20.959711 19.261782
609000 21.737817 19.265848
610000 20.803685 19.268369
611000 20.705457 19.270721
612000 20.362172 19.272505
613000 21.094829 19.275477
614000 21.356695 19.278867
615000 21.278061 19.282118
616000 21.485434 19.285694
617000 21.899592 19.289931
618000 21.008821 19.292712
619000 21.794208 19.296754
620000 22.038772 19.301176
621000 22.321272 19.306039
622000 22.300922 19.310854
623000 21.926746 19.315053
624000 22.055920 19.319446
625000 21.148925 19.322373
626000 21.595666 19.326004
627000 21.260830 19.329090
628000 21.504112 19.332553
629000 21.408077 19.335853
630000 21.688257 19.339587
631000 21.561700 19.343109
632000 21.591488 19.346666
633000 21.469107 19.350019
634000 21.181498 19.352908
635000 21.656218 19.356535
636000 22.181967 19.360978
637000 21.247529 19.363939
638000 21.023294 19.366540
639000 21.479602 19.369847
640000 21.415753 19.373044
641000 21.646988 19.376591
642000 21.766874 19.380315
643000 21.224829 19.383183
644000 21.799971 19.386936
645000 21.028060 19.389480
646000 21.775298 19.393174
647000 21.912894 19.397068
648000 21.718330 19.400650
649000 21.726101 19.404233
650000 21.743802 19.407833
651000 21.782688 19.411481
652000 21.630182 19.414884
653000 21.712803 19.418403
654000 21.426671 19.421473
655000 21.797512 19.425101
656000 21.317454 19.427986
657000 21.492685 19.431128
658000 21.901196 19.434882
659000 22.054143 19.438857
660000 21.700598 19.442284
661000 21.329441 19.445139
662000 21.356775 19.448026
663000 21.725511 19.451461
664000 21.370731 19.454352
665000 21.907182 19.458040
666000 21.727830 19.461448
667000 21.464582 19.464452
668000 21.496901 19.467494
669000 21.692374 19.470820
670000 21.568447 19.473951
671000 20.996138 19.476219
672000 21.288022 19.478915
673000 21.151894 19.481401
674000 21.364378 19.484195
675000 21.929407 19.487817
676000 22.089930 19.491667
677000 21.069647 19.493998
678000 21.776362 19.497364
679000 21.799258 19.500754
680000 21.883500 19.504258
681000 21.238965 19.506805
682000 21.642594 19.509937
683000 21.914345 19.513457
684000 22.007126 19.517103
685000 21.560596 19.520086
686000 21.575352 19.523082
687000 21.464782 19.525909
688000 21.244608 19.528407
689000 21.181360 19.530806
690000 21.403820 19.533520
691000 21.585422 19.536490
692000 21.387795 19.539165
693000 21.494490 19.541987
694000 20.633679 19.543560
695000 21.476491 19.546341
696000 20.976316 19.548395
697000 21.268967 19.550864
698000 21.670796 19.553901
699000 21.270694 19.556357
700000 21.314287 19.558869
701000 21.180824 19.561182
702000 21.284082 19.563637
703000 21.653908 19.566610
704000 21.719344 19.569668
705000 20.607420 19.571140
706000 20.905397 19.573030
707000 19.675360 19.573174
708000 20.131005 19.573962
709000 20.699706 19.575550
710000 21.362730 19.578067
711000 21.198686 19.580347
712000 20.812987 19.582078
713000 20.588704 19.583490
714000 20.594456 19.584906
715000 20.357362 19.585986
716000 20.224979 19.586878
717000 21.349109 19.589336
718000 20.828752 19.591062
719000 20.082528 19.591746
720000 20.778224 19.593394
721000 20.677272 19.594897
722000 20.334299 19.595921
723000 20.089311 19.596604
724000 19.759742 19.596829
725000 20.130182 19.597565
726000 20.487848 19.598791
727000 21.124191 19.600889
728000 20.574477 19.602226
729000 20.304218 19.603189
730000 20.209975 19.604021
731000 21.041401 19.605987
732000 20.202730 19.606802
733000 21.040901 19.608759
734000 20.670991 19.610206
735000 20.450911 19.611350
736000 20.882942 19.613077
737000 21.322319 19.615397
738000 20.615838 19.616752
739000 20.316829 19.617699
740000 20.106301 19.618360
741000 20.742331 19.619877
742000 20.090926 19.620511
743000 20.553536 19.621767
744000 20.084199 19.622389
745000 20.130583 19.623071
746000 20.686775 19.624497
747000 21.204854 19.626612
748000 20.623554 19.627945
749000 20.247322 19.628772
750000 19.681014 19.628842
751000 20.238226 19.629653
752000 21.032744 19.631519
753000 20.552503 19.632742
754000 20.505836 19.633900
755000 20.538603 19.635098
756000 20.810126 19.636653
757000 20.489149 19.637779
758000 20.453944 19.638855
759000 21.007577 19.640659
760000 20.395319 19.641652
761000 20.392357 19.642638
762000 19.537389 19.642500
763000 19.284611 19.642031
764000 18.964130 19.641144
765000 20.100992 19.641745
766000 19.512385 19.641576
767000 19.796974 19.641779
768000 20.248724 19.642569
769000 20.164478 19.643248
770000 20.006308 19.643719
771000 20.647524 19.645021
772000 20.260887 19.645819
773000 20.298420 19.646663
774000 19.817186 19.646883
775000 19.991435 19.647328
776000 20.072651 19.647876
777000 20.276023 19.648684
778000 19.937461 19.649056
779000 19.896270 19.649373
780000 20.130257 19.649989
781000 19.974583 19.650405
782000 20.103206 19.650984
783000 20.108222 19.651568
784000 20.325019 19.652427
785000 20.593213 19.653626
786000 19.930714 19.653978
787000 20.445928 19.654984
788000 20.465555 19.656013
789000 20.348562 19.656891
790000 21.000264 19.658591
791000 21.079330 19.660387
792000 20.218042 19.661091
793000 20.423322 19.662053
794000 21.036934 19.663784
795000 20.866168 19.665297
796000 20.369549 19.666181
797000 20.319448 19.667001
798000 20.543583 19.668100
799000 21.510829 19.670406
800000 20.984353 19.672048
801000 21.489453 19.674317
802000 21.233125 19.676261
803000 20.465771 19.677244
804000 19.993693 19.677638
805000 20.790468 19.679020
806000 19.889507 19.679281
807000 18.541753 19.677872
808000 19.071455 19.677121
809000 19.366658 19.676737
810000 19.799110 19.676888
811000 19.793452 19.677032
812000 19.489817 19.676802
813000 19.340567 19.676388
814000 19.689115 19.676404
815000 19.377197 19.676036
816000 20.000649 19.676434
817000 20.331413 19.677236
818000 19.762968 19.677341
819000 18.920632 19.676417
820000 18.470179 19.674946
821000 20.305599 19.675714
822000 19.526727 19.675533
823000 19.563286 19.675396
824000 19.861816 19.675623
825000 19.938237 19.675941
826000 20.072734 19.676421
827000 20.181181 19.677032
828000 19.672110 19.677026
829000 19.800748 19.677175
830000 19.352477 19.676784
831000 19.591702 19.676681
832000 19.056054 19.675935
833000 18.857779 19.674953
834000 19.316945 19.674524
835000 19.261724 19.674030
836000 20.132947 19.674579
837000 18.829591 19.673569
838000 18.773728 19.672495
839000 19.388781 19.672157
840000 19.569045 19.672034
841000 20.149228 19.672602
842000 18.490339 19.671198
843000 18.963537 19.670358
844000 19.125630 19.669713
845000 18.490488 19.668317
846000 19.168406 19.667726
847000 20.013920 19.668135
848000 20.131561 19.668681
849000 20.190297 19.669296
850000 20.150694 19.669862
851000 18.712696 19.668737
852000 19.882523 19.668988
853000 19.321040 19.668580
854000 19.052246 19.667859
855000 19.692041 19.667887
856000 19.528553 19.667724
857000 20.283153 19.668442
858000 20.127464 19.668977
859000 20.800378 19.670295
860000 20.186728 19.670895
861000 19.209510 19.670359
862000 20.305082 19.671095
863000 20.358502 19.671892
864000 20.143479 19.672438
865000 19.634410 19.672394
866000 19.757656 19.672492
867000 20.040125 19.672916
868000 20.039895 19.673339
869000 20.545054 19.674342
870000 19.928553 19.674634
871000 20.966923 19.676118
872000 21.103632 19.677755
873000 20.753833 19.678988
874000 21.280027 19.680820
875000 20.686391 19.681969
876000 21.231172 19.683737
877000 20.850160 19.685067
878000 20.073183 19.685509
879000 20.360419 19.686277
880000 20.470570 19.687169
881000 19.926695 19.687440
882000 20.015156 19.687812
883000 20.454328 19.688680
884000 19.657452 19.688645
885000 20.455907 19.689512
886000 20.557576 19.690491
887000 20.431360 19.691327
888000 19.829421 19.691482
889000 20.776140 19.692702
890000 20.694185 19.693828
891000 20.988044 19.695280
892000 20.764246 19.696478
893000 20.170725 19.697010
894000 20.211605 19.697585
895000 20.450369 19.698426
896000 20.404725 19.699215
897000 21.248436 19.700942
898000 20.495987 19.701827
899000 20.465324 19.702676
900000 20.734950 19.703823
901000 20.056720 19.704215
902000 20.523267 19.705123
903000 20.100696 19.705561
904000 20.615234 19.706567
905000 20.705596 19.707671
906000 20.714428 19.708782
907000 21.183111 19.710408
908000 21.111610 19.711951
909000 20.693635 19.713031
910000 21.453267 19.714943
911000 21.157834 19.716527
912000 21.072769 19.718014
913000 20.342447 19.718698
914000 21.073404 19.720180
915000 20.705822 19.721258
916000 20.417520 19.722018
917000 21.115309 19.723537
918000 21.074295 19.725009
919000 20.776195 19.726152
920000 20.759001 19.727275
921000 20.778336 19.728416
922000 20.289758 19.729025
923000 22.005257 19.731491
924000 20.799117 19.732647
925000 20.680100 19.733671
926000 20.870749 19.734899
927000 21.300094 19.736587
928000 21.176751 19.738139
929000 21.302870 19.739824
930000 21.423554 19.741634
931000 21.691150 19.743728
932000 20.906109 19.744975
933000 21.178717 19.746512
934000 21.600782 19.748497
935000 21.141870 19.749987
936000 21.025681 19.751350
937000 20.642231 19.752301
938000 20.469203 19.753065
939000 19.621718 19.752926
940000 20.074125 19.753267
941000 20.356860 19.753909
942000 20.513922 19.754716
943000 20.489225 19.755494
944000 21.044146 19.756860
945000 20.819385 19.757984
946000 20.262964 19.758518
947000 20.555692 19.759360
948000 20.818200 19.760476
949000 20.249253 19.760991
950000 20.963006 19.762257
951000 20.525129 19.763059
952000 20.326177 19.763650
953000 21.164749 19.765121
954000 20.407415 19.765794
955000 20.300624 19.766354
956000 20.599287 19.767225
957000 20.436088 19.767924
958000 20.511201 19.768700
959000 19.869189 19.768805
960000 20.311134 19.769370
961000 20.559967 19.770192
962000 20.978767 19.771449
963000 20.507649 19.772213
964000 20.052996 19.772504
965000 20.639720 19.773403
966000 20.755479 19.774420
967000 21.283734 19.775981
968000 21.349929 19.777607
969000 20.903052 19.778768
970000 20.241128 19.779245
971000 20.499775 19.779987
972000 20.926475 19.781166
973000 21.245407 19.782671
974000 21.626756 19.784564
975000 21.786720 19.786618
976000 21.539143 19.788414
977000 20.913010 19.789565
978000 21.505825 19.791319
979000 21.266313 19.792826
980000 21.572066 19.794642
981000 21.272234 19.796148
982000 22.233547 19.798630
983000 21.394405 19.800253
984000 22.033643 19.802523
985000 21.826099 19.804577
986000 21.640410 19.806439
987000 21.477568 19.808132
988000 21.964756 19.810315
989000 21.997886 19.812527
990000 21.761299 19.814496
991000 21.902964 19.816603
992000 21.844371 19.818647
993000 22.065198 19.820910
994000 21.358268 19.822456
995000 21.892231 19.824536
996000 21.591753 19.826311
997000 21.816208 19.828307
998000 21.566506 19.830048
999000 22.135520 19.832356
1000000 21.872413 19.834396
1001000 21.728329 19.836288
1002000 21.859193 19.838307
1003000 21.835681 19.840298
1004000 21.950807 19.842401
1005000 21.184486 19.843736
1006000 21.946192 19.845826
1007000 21.713604 19.847681
1008000 21.871931 19.849689
1009000 21.790624 19.851612
1010000 21.320750 19.853067
1011000 21.652391 19.854847
1012000 21.076691 19.856054
1013000 21.408041 19.857586
1014000 21.552707 19.859258
1015000 21.842378 19.861212
1016000 21.430020 19.862756
1017000 21.298034 19.864167
1018000 21.168780 19.865449
1019000 21.771043 19.867319
1020000 21.337744 19.868760
1021000 20.853810 19.869725
1022000 20.838999 19.870674
1023000 21.095691 19.871871
1024000 20.710240 19.872690
1025000 20.832799 19.873626
1026000 21.216100 19.874935
1027000 20.829372 19.875864
1028000 21.588889 19.877531
1029000 20.760256 19.878388
1030000 21.619978 19.880079
1031000 21.499965 19.881650
1032000 21.248292 19.882975
1033000 21.006347 19.884062
1034000 21.739265 19.885856
1035000 21.791698 19.887698
1036000 21.102317 19.888870
1037000 20.915266 19.889860
1038000 20.745761 19.890685
1039000 20.650169 19.891416
1040000 20.823414 19.892312
1041000 20.599162 19.892991
1042000 20.519594 19.893592
1043000 20.590483 19.894260
1044000 20.693039 19.895025
1045000 21.090416 19.896169
1046000 20.892942 19.897122
1047000 20.946999 19.898125
1048000 20.657927 19.898850
1049000 21.145731 19.900039
1050000 21.003267 19.901089
1051000 21.011469 19.902146
1052000 20.890508 19.903085
1053000 21.008995 19.904135
1054000 21.391490 19.905547
1055000 20.993121 19.906578
1056000 20.682366 19.907312
1057000 20.681704 19.908045
1058000 21.011667 19.909088
1059000 20.358079 19.909512
1060000 20.726015 19.910282
1061000 20.714338 19.911040
1062000 20.921051 19.911991
1063000 20.959850 19.912977
1064000 20.646618 19.913666
1065000 20.100267 19.913842
1066000 21.391351 19.915228
1067000 21.398454 19.916618
1068000 21.034179 19.917664
1069000 21.542601 19.919184
1070000 20.822390 19.920028
1071000 20.325059 19.920406
1072000 21.010460 19.921423
1073000 20.660347 19.922112
1074000 20.537850 19.922685
1075000 20.316337 19.923051
1076000 21.080403 19.924127
1077000 21.090985 19.925210
1078000 21.598262 19.926762
1079000 21.727179 19.928431
1080000 21.999587 19.930349
1081000 21.477984 19.931780
1082000 20.988451 19.932757
1083000 21.305888 19.934025
1084000 21.330991 19.935314
1085000 21.298104 19.936570
1086000 21.377410 19.937896
1087000 20.826823 19.938714
1088000 21.938536 19.940552
1089000 21.572725 19.942051
1090000 21.339262 19.943333
1091000 21.553223 19.944809
1092000 21.261379 19.946014
1093000 21.959907 19.947857
1094000 21.804048 19.949553
1095000 21.632538 19.951090
1096000 21.787493 19.952766
1097000 21.749366 19.954404
1098000 21.407730 19.955727
1099000 21.893112 19.957490
1100000 21.528049 19.958918
1101000 21.736740 19.960533
1102000 21.435825 19.961871
1103000 20.900700 19.962723
1104000 20.461305 19.963174
1105000 21.092309 19.964196
1106000 21.294938 19.965399
1107000 20.530807 19.965910
1108000 21.068909 19.966905
1109000 21.049868 19.967882
1110000 20.947047 19.968764
1111000 20.702847 19.969425
1112000 21.735932 19.971013
1113000 21.164801 19.972086
1114000 20.622365 19.972670
1115000 20.886677 19.973489
1116000 21.452179 19.974814
1117000 20.955609 19.975693
1118000 21.202836 19.976790
1119000 20.641890 19.977385
1120000 20.934537 19.978239
1121000 20.816823 19.978987
1122000 20.991356 19.979889
1123000 21.243370 19.981015
1124000 21.181871 19.982083
1125000 21.325641 19.983277
1126000 21.602858 19.984716
1127000 21.279551 19.985865
1128000 20.978517 19.986745
1129000 21.709402 19.988270
1130000 21.316674 19.989446
1131000 20.998385 19.990338
1132000 21.686282 19.991836
1133000 21.127790 19.992839
1134000 21.224966 19.993925
1135000 21.719991 19.995446
1136000 21.242174 19.996544
1137000 19.923260 19.996479
1138000 21.294796 19.997620
1139000 20.802368 19.998327
1140000 20.758526 19.998993
1141000 20.800919 19.999696
1142000 21.194906 20.000743
1143000 20.308073 20.001012
1144000 20.748686 20.001665
1145000 19.904905 20.001581
1146000 20.686454 20.002178
1147000 20.485982 20.002600
1148000 20.571748 20.003096
1149000 21.220651 20.004156
1150000 21.407481 20.005376
1151000 21.783174 20.006920
1152000 21.629460 20.008329
1153000 21.334007 20.009479
1154000 21.245442 20.010550
1155000 20.422670 20.010906
1156000 21.399755 20.012108
1157000 22.217546 20.014014
1158000 20.616523 20.014534
1159000 20.781714 20.015196
1160000 20.715325 20.015800
1161000 21.222827 20.016840
1162000 20.727654 20.017451
1163000 19.549458 20.017049
1164000 20.704582 20.017639
1165000 20.351050 20.017926
1166000 20.898460 20.018681
1167000 20.858310 20.019400
1168000 20.859292 20.020119
1169000 20.719344 20.020718
1170000 21.272099 20.021787
1171000 21.303331 20.022882
1172000 20.989688 20.023706
1173000 21.205545 20.024714
1174000 21.969761 20.026371
1175000 21.128290 20.027309
1176000 21.557218 20.028609
1177000 21.380081 20.029758
1178000 21.490795 20.030998
1179000 21.888442 20.032573
1180000 21.587525 20.033891
1181000 21.972263 20.035532
1182000 21.678776 20.036923
1183000 21.237830 20.037938
1184000 21.045200 20.038789
1185000 22.091128 20.040521
1186000 21.654909 20.041882
1187000 21.558149 20.043159
1188000 21.079919 20.044032
1189000 21.715627 20.045438
1190000 21.568661 20.046718
1191000 21.977828 20.048339
1192000 21.980602 20.049960
1193000 22.098898 20.051678
1194000 22.597736 20.053810
1195000 21.911242 20.055364
1196000 21.893814 20.056901
1197000 21.995952 20.058521
1198000 21.473235 20.059702
1199000 21.882180 20.061222
1200000 20.827794 20.061861
1201000 21.150167 20.062767
1202000 21.513824 20.063974
1203000 21.270140 20.064977
1204000 21.871864 20.066478
1205000 21.317477 20.067516
1206000 21.405397 20.068625
1207000 21.743188 20.070013
1208000 21.698569 20.071361
1209000 21.413245 20.072471
1210000 21.861167 20.073949
1211000 21.410579 20.075053
1212000 21.413583 20.076157
1213000 21.440267 20.077282
1214000 21.706403 20.078624
1215000 21.761947 20.080009
1216000 21.440874 20.081128
1217000 21.454070 20.082256
1218000 21.708860 20.083592
1219000 21.462543 20.084723
1220000 21.429853 20.085826
1221000 21.304218 20.086824
1222000 21.335081 20.087845
1223000 22.000637 20.089409
1224000 21.774709 20.090786
1225000 21.192074 20.091685
1226000 21.639707 20.092948
1227000 21.858670 20.094387
1228000 21.948382 20.095896
1229000 21.509728 20.097047
1230000 21.791591 20.098425
1231000 21.784704 20.099794
1232000 21.435909 20.100879
1233000 21.313014 20.101862
1234000 21.557007 20.103041
1235000 21.720055 20.104350
1236000 21.571898 20.105538
1237000 21.692990 20.106821
1238000 22.057920 20.108397
1239000 21.537988 20.109551
1240000 21.897187 20.110993
1241000 22.060986 20.112564
1242000 21.363046 20.113571
1243000 22.030179 20.115113
1244000 21.943744 20.116583
1245000 21.512415 20.117704
1246000 21.369753 20.118709
1247000 21.434067 20.119763
1248000 21.597260 20.120947
1249000 21.584920 20.122119
1250000 21.673658 20.123361
1251000 21.824971 20.124721
1252000 22.188428 20.126369
1253000 21.887885 20.127775
1254000 21.696239 20.129026
1255000 21.814746 20.130369
1256000 21.888379 20.131769
1257000 22.251144 20.133455
1258000 21.915152 20.134871
1259000 22.033664 20.136379
1260000 21.696305 20.137617
1261000 21.576659 20.138758
1262000 21.883158 20.140141
1263000 21.828852 20.141478
1264000 21.209109 20.142322
1265000 21.155961 20.143124
1266000 21.029346 20.143824
1267000 21.249084 20.144696
1268000 21.124458 20.145469
1269000 21.182839 20.146286
1270000 20.782934 20.146788
1271000 21.149397 20.147576
1272000 21.231934 20.148429
1273000 21.075966 20.149157
1274000 21.454618 20.150182
1275000 21.743754 20.151432
1276000 21.803243 20.152727
1277000 21.286248 20.153614
1278000 22.021355 20.155076
1279000 21.578685 20.156189
1280000 21.787770 20.157463
1281000 21.562551 20.158560
1282000 21.231325 20.159397
1283000 21.448046 20.160401
1284000 21.815093 20.161690
1285000 21.011416 20.162351
1286000 21.247563 20.163195
1287000 20.885234 20.163756
1288000 20.582788 20.164082
1289000 20.985163 20.164719
1290000 20.662409 20.165104
1291000 20.219065 20.165146
1292000 20.136301 20.165124
1293000 19.762347 20.164812
1294000 21.312682 20.165699
1295000 20.006866 20.165577
1296000 20.476487 20.165817
1297000 20.188495 20.165834
1298000 21.239285 20.166661
1299000 20.847691 20.167185
1300000 21.786301 20.168431
1301000 21.288717 20.169292
1302000 21.379938 20.170222
1303000 22.001049 20.171627
1304000 21.497542 20.172644
1305000 21.272509 20.173487
1306000 21.222633 20.174290
1307000 20.868997 20.174821
1308000 21.881725 20.176126
1309000 21.736370 20.177318
1310000 21.667076 20.178456
1311000 21.299072 20.179310
1312000 21.205930 20.180093
1313000 21.439017 20.181052
1314000 21.440002 20.182010
1315000 21.267422 20.182835
1316000 21.066638 20.183507
1317000 20.875014 20.184032
1318000 20.950129 20.184613
1319000 21.452750 20.185575
1320000 21.588547 20.186637
1321000 21.565582 20.187681
1322000 21.139014 20.188401
1323000 21.233230 20.189191
1324000 21.631700 20.190280
1325000 20.257528 20.190331
1326000 20.662479 20.190687
1327000 20.939288 20.191251
1328000 20.925811 20.191804
1329000 20.300788 20.191886
1330000 21.341072 20.192750
1331000 21.154175 20.193473
1332000 21.269553 20.194280
1333000 20.810858 20.194743
1334000 20.788557 20.195188
1335000 21.259783 20.195986
1336000 21.031224 20.196611
1337000 21.613760 20.197671
1338000 21.612621 20.198728
1339000 21.610443 20.199783
1340000 20.453676 20.199972
1341000 21.277860 20.200776
1342000 20.706984 20.201153
1343000 21.630243 20.202217
1344000 21.309724 20.203041
1345000 21.422275 20.203948
1346000 21.418714 20.204850
1347000 21.487956 20.205803
1348000 21.025983 20.206411
1349000 20.958633 20.206969
1350000 21.455690 20.207894
1351000 21.198919 20.208627
1352000 21.440406 20.209538
1353000 20.878071 20.210032
1354000 21.072929 20.210670
1355000 21.126261 20.211345
1356000 21.151679 20.212039
1357000 21.482977 20.212976
1358000 21.640681 20.214027
1359000 21.471122 20.214952
1360000 21.496936 20.215894
1361000 21.742176 20.217016
1362000 21.213179 20.217747
1363000 21.525285 20.218707
1364000 21.504100 20.219649
1365000 21.234096 20.220392
1366000 21.814806 20.221559
1367000 21.725309 20.222659
1368000 21.423785 20.223537
1369000 21.729765 20.224638
1370000 22.184154 20.226068
1371000 21.673983 20.227124
1372000 22.100492 20.228490
1373000 21.691649 20.229555
1374000 21.425803 20.230426
1375000 21.469708 20.231327
1376000 21.321306 20.232119
1377000 20.899646 20.232604
1378000 20.670977 20.232922
1379000 21.660673 20.233958
1380000 20.469610 20.234128
1381000 21.347447 20.234934
1382000 20.999868 20.235488
1383000 20.998700 20.236040
1384000 21.109940 20.236671
1385000 20.261185 20.236689
1386000 21.334858 20.237481
1387000 21.153426 20.238142
1388000 20.182018 20.238101
1389000 20.230284 20.238096
1390000 20.330238 20.238162
1391000 20.712829 20.238503
1392000 20.968015 20.239027
1393000 21.635643 20.240030
1394000 21.995745 20.241289
1395000 21.874993 20.242460
1396000 21.520444 20.243376
1397000 20.790571 20.243768
1398000 21.595768 20.244735
1399000 21.441350 20.245590
1400000 21.179307 20.246257
1401000 21.350773 20.247045
1402000 21.198749 20.247724
1403000 21.625806 20.248706
1404000 21.711624 20.249748
1405000 22.069330 20.251043
1406000 21.671002 20.252053
1407000 21.774264 20.253135
1408000 21.882560 20.254292
1409000 21.354490 20.255073
1410000 21.604616 20.256030
1411000 21.422982 20.256857
1412000 21.434710 20.257692
1413000 21.856410 20.258823
1414000 21.873338 20.259965
1415000 21.364020 20.260745
1416000 21.157666 20.261379
1417000 20.879516 20.261815
1418000 21.428938 20.262638
1419000 21.243995 20.263329
1420000 20.978471 20.263833
1421000 21.519093 20.264716
1422000 21.542579 20.265615
1423000 21.865777 20.266740
1424000 21.900796 20.267887
1425000 21.365782 20.268657
1426000 21.051617 20.269207
1427000 20.488377 20.269360
1428000 21.303613 20.270084
1429000 20.787196 20.270446
1430000 21.014623 20.270967
1431000 20.663997 20.271241
1432000 21.395828 20.272027
1433000 20.512703 20.272195
1434000 20.522602 20.272369
1435000 20.596949 20.272595
1436000 20.069091 20.272454
1437000 20.943108 20.272920
1438000 21.114939 20.273506
1439000 20.746032 20.273834
1440000 21.543336 20.274716
1441000 20.421903 20.274818
1442000 20.559074 20.275015
1443000 20.552868 20.275208
1444000 20.951122 20.275676
1445000 21.543015 20.276553
1446000 21.001068 20.277054
1447000 21.207392 20.277697
1448000 21.053828 20.278233
1449000 20.746737 20.278556
1450000 20.576001 20.278761
1451000 20.679492 20.279038
1452000 19.926249 20.278795
1453000 20.325087 20.278826
1454000 20.827446 20.279204
1455000 21.094522 20.279764
1456000 21.116014 20.280338
1457000 21.068921 20.280880
1458000 20.379031 20.280947
1459000 21.082857 20.281497
1460000 20.487294 20.281638
1461000 20.175929 20.281565
1462000 20.076503 20.281425
1463000 20.338078 20.281464
1464000 20.127954 20.281359
1465000 20.290326 20.281365
1466000 20.460258 20.281487
1467000 20.052928 20.281331
1468000 19.628228 20.280886
1469000 20.197855 20.280830
1470000 20.086658 20.280698
1471000 19.266952 20.280009
1472000 18.779739 20.278989
1473000 19.344492 20.278355
1474000 19.939121 20.278125
1475000 20.258508 20.278111
1476000 20.623759 20.278346
1477000 18.948750 20.277445
1478000 20.544924 20.277626
1479000 20.873356 20.278029
1480000 19.730490 20.277659
1481000 20.918239 20.278092
1482000 20.242736 20.278068
1483000 19.337167 20.277433
1484000 20.253666 20.277417
1485000 20.233836 20.277388
1486000 20.583773 20.277594
1487000 19.769445 20.277253
1488000 20.191900 20.277195
1489000 19.776210 20.276859
1490000 19.970182 20.276653
1491000 20.138398 20.276560
1492000 20.528433 20.276729
1493000 20.595460 20.276942
1494000 20.841321 20.277320
1495000 20.910324 20.277744
1496000 20.833566 20.278115
1497000 21.049236 20.278630
1498000 20.656302 20.278882
1499000 20.851551 20.279264
1500000 19.668363 20.278857
1501000 20.019426 20.278684
1502000 20.855991 20.279069
1503000 20.701838 20.279350
1504000 20.429434 20.279450
1505000 19.806529 20.279136
1506000 20.486027 20.279273
1507000 20.844458 20.279648
1508000 20.528207 20.279813
1509000 20.738390 20.280117
1510000 19.942043 20.279893
1511000 20.883445 20.280292
1512000 20.170080 20.280219
1513000 20.528298 20.280383
1514000 19.226111 20.279687
1515000 19.969033 20.279482
1516000 19.666909 20.279078
1517000 19.607049 20.278635
1518000 19.771806 20.278301
1519000 18.901794 20.277395
1520000 19.631208 20.276970
1521000 19.751967 20.276624
1522000 19.874113 20.276360
1523000 19.188545 20.275646
1524000 20.191529 20.275591
1525000 20.371759 20.275654
1526000 20.537679 20.275825
1527000 20.725392 20.276120
1528000 20.141885 20.276032
1529000 20.651270 20.276277
1530000 20.593486 20.276485
1531000 20.134102 20.276392
1532000 20.111961 20.276284
1533000 20.114221 20.276179
1534000 19.243505 20.275505
1535000 20.186842 20.275448
1536000 19.232089 20.274768
1537000 19.743140 20.274422
1538000 20.620759 20.274648
1539000 21.302783 20.275316
1540000 20.839027 20.275682
1541000 20.636978 20.275916
1542000 21.238468 20.276540
1543000 20.714350 20.276824
1544000 19.923167 20.276595
1545000 19.300920 20.275964
1546000 19.819835 20.275669
1547000 20.073344 20.275538
1548000 19.598995 20.275101
1549000 20.443968 20.275210
1550000 19.410503 20.274652
1551000 20.081608 20.274527
1552000 19.983894 20.274340
1553000 20.480987 20.274473
1554000 20.134202 20.274383
1555000 19.778012 20.274064
1556000 20.438004 20.274169
1557000 20.715235 20.274452
1558000 20.215619 20.274415
1559000 19.530083 20.273937
1560000 20.562430 20.274122
1561000 21.117507 20.274662
1562000 21.387622 20.275375
1563000 21.368841 20.276075
1564000 21.932226 20.277133
1565000 21.752380 20.278076
1566000 21.446665 20.278822
1567000 21.143527 20.279374
1568000 21.157908 20.279934
1569000 19.684521 20.279555
1570000 21.365985 20.280247
1571000 20.977233 20.280691
1572000 20.525934 20.280847
1573000 20.446456 20.280952
1574000 20.484186 20.281081
1575000 20.785145 20.281401
1576000 20.580763 20.281591
1577000 20.244060 20.281567
1578000 21.433592 20.282297
1579000 20.569950 20.282479
1580000 20.846324 20.282836
1581000 20.905108 20.283230
1582000 21.127318 20.283763
1583000 20.606732 20.283967
1584000 20.984101 20.284409
1585000 20.776495 20.284720
1586000 20.231744 20.284687
1587000 19.652414 20.284288
1588000 20.251593 20.284268
1589000 19.133076 20.283543
1590000 20.529508 20.283698
1591000 20.200803 20.283646
1592000 19.901980 20.283406
1593000 20.081019 20.283279
1594000 20.604313 20.283480
1595000 19.757505 20.283150
1596000 20.268527 20.283141
1597000 20.600494 20.283340
1598000 20.526181 20.283492
1599000 20.756874 20.283788
1600000 19.282285 20.283162
1601000 20.097800 20.283046
1602000 20.035161 20.282892
1603000 19.757597 20.282564
1604000 21.152121 20.283106
1605000 20.624998 20.283319
1606000 20.080474 20.283193
1607000 19.627163 20.282785
1608000 21.069771 20.283274
1609000 20.993048 20.283715
1610000 21.183841 20.284274
1611000 20.544337 20.284436
1612000 21.526142 20.285206
1613000 19.577083 20.284767
1614000 20.230838 20.284733
1615000 19.485166 20.284238
1616000 20.204701 20.284189
1617000 20.286316 20.284190
1618000 20.648933 20.284416
1619000 20.663826 20.284650
1620000 19.856638 20.284386
1621000 19.509494 20.283908
1622000 19.799184 20.283609
1623000 20.193002 20.283553
1624000 21.011711 20.284002
1625000 20.550619 20.284166
1626000 20.618110 20.284371
1627000 21.086530 20.284864
1628000 19.832069 20.284586
1629000 19.335070 20.284003
1630000 19.195794 20.283336
1631000 20.368972 20.283388
1632000 20.932729 20.283786
1633000 20.251317 20.283766
1634000 19.782938 20.283460
1635000 20.464693 20.283570
1636000 19.952574 20.283368
1637000 19.512948 20.282897
1638000 20.834012 20.283234
1639000 20.160047 20.283159
1640000 20.636484 20.283374
1641000 20.555960 20.283540
1642000 20.428687 20.283629
1643000 20.194960 20.283575
1644000 20.261373 20.283561
1645000 20.571925 20.283737
1646000 20.075482 20.283610
1647000 20.129677 20.283517
1648000 19.930956 20.283303
1649000 19.880650 20.283058
1650000 19.195534 20.282399
1651000 20.300987 20.282411
1652000 19.793432 20.282115
1653000 20.352916 20.282157
1654000 20.592585 20.282345
1655000 19.523811 20.281887
1656000 19.589199 20.281468
1657000 20.256505 20.281453
1658000 21.228674 20.282025
1659000 21.079435 20.282505
1660000 21.076585 20.282984
1661000 20.991778 20.283410
1662000 19.436592 20.282901
1663000 20.758474 20.283187
1664000 20.792549 20.283493
1665000 21.317029 20.284114
1666000 20.721523 20.284376
1667000 20.538668 20.284529
1668000 20.162942 20.284456
1669000 20.752689 20.284737
1670000 20.365015 20.284785
1671000 19.991596 20.284609
1672000 21.002500 20.285038
1673000 19.731515 20.284708
1674000 21.227865 20.285271
1675000 21.318715 20.285888
1676000 20.961390 20.286291
1677000 20.765656 20.286577
1678000 19.729215 20.286245
1679000 20.353761 20.286285
1680000 20.431362 20.286371
1681000 20.809923 20.286683
1682000 20.622552 20.286882
1683000 19.365128 20.286335
1684000 20.382555 20.286392
1685000 21.004957 20.286818
1686000 21.388674 20.287472
1687000 20.773876 20.287760
1688000 21.030554 20.288200
1689000 20.706315 20.288448
1690000 20.734854 20.288712
1691000 20.466211 20.288817
1692000 20.676841 20.289046
1693000 20.935214 20.289428
1694000 20.696738 20.289668
1695000 21.015661 20.290097
1696000 20.489834 20.290214
1697000 20.949955 20.290603
1698000 21.612211 20.291382
1699000 20.577206 20.291550
1700000 20.700545 20.291790
1701000 20.567991 20.291953
1702000 19.948222 20.291751
1703000 20.791382 20.292044
1704000 21.176560 20.292563
1705000 21.260588 20.293131
1706000 21.342510 20.293746
1707000 21.336647 20.294357
1708000 21.534164 20.295083
1709000 21.125352 20.295569
1710000 21.336625 20.296178
1711000 21.192225 20.296701
1712000 20.671469 20.296920
1713000 20.918300 20.297283
1714000 20.455472 20.297375
1715000 20.679864 20.297598
1716000 21.097332 20.298064
1717000 20.698710 20.298298
1718000 20.607281 20.298477
1719000 20.606883 20.298657
1720000 20.957988 20.299040
1721000 20.796855 20.299329
1722000 20.311612 20.299337
1723000 20.780041 20.299616
1724000 20.515945 20.299741
1725000 20.586906 20.299908
1726000 20.742114 20.300164
1727000 20.080813 20.300037
1728000 20.854266 20.300357
1729000 20.470071 20.300456
1730000 20.520807 20.300583
1731000 21.150826 20.301074
1732000 21.363226 20.301687
1733000 20.794516 20.301972
1734000 21.146060 20.302459
1735000 20.970801 20.302844
1736000 21.057766 20.303279
1737000 20.690608 20.303502
1738000 21.386400 20.304125
1739000 20.421058 20.304192
1740000 20.280577 20.304178
1741000 20.806407 20.304467
1742000 20.500823 20.304580
1743000 20.851865 20.304894
1744000 20.469521 20.304988
1745000 20.740982 20.305238
1746000 19.799871 20.304948
1747000 20.391680 20.304998
1748000 20.872840 20.305323
1749000 19.363000 20.304784
1750000 20.126057 20.304682
1751000 20.257523 20.304655
1752000 20.829221 20.304954
1753000 19.983381 20.304771
1754000 20.831049 20.305071
1755000 21.146416 20.305550
1756000 20.864730 20.305869
1757000 20.893478 20.306203
1758000 20.933337 20.306560
1759000 20.427683 20.306629
1760000 20.491779 20.306734
1761000 20.585471 20.306892
1762000 20.094443 20.306772
1763000 20.605113 20.306941
1764000 20.132638 20.306842
1765000 20.737999 20.307087
1766000 20.812176 20.307373
1767000 20.312057 20.307375
1768000 20.749352 20.307625
1769000 20.738387 20.307869
1770000 20.420187 20.307932
1771000 20.362209 20.307963
1772000 20.296634 20.307956
1773000 20.321271 20.307964
1774000 20.288236 20.307953
1775000 20.225149 20.307906
1776000 20.532054 20.308032
1777000 19.946422 20.307829
1778000 19.182526 20.307196
1779000 19.408249 20.306691
1780000 19.903561 20.306464
1781000 19.958576 20.306269
1782000 19.887668 20.306034
1783000 20.926722 20.306382
1784000 20.319065 20.306389
1785000 20.149897 20.306301
1786000 20.218161 20.306252
1787000 20.334483 20.306268
1788000 20.284497 20.306256
1789000 19.548008 20.305832
1790000 20.309929 20.305834
1791000 20.455153 20.305918
1792000 20.331306 20.305932
1793000 20.812149 20.306214
1794000 20.793185 20.306486
1795000 19.910375 20.306265
1796000 20.267775 20.306243
1797000 20.155119 20.306159
1798000 19.457616 20.305687
1799000 19.484154 20.305231
1800000 20.706388 20.305454
1801000 20.118128 20.305350
1802000 18.886243 20.304562
1803000 19.950597 20.304366
1804000 19.459662 20.303898
1805000 19.747415 20.303589
1806000 20.318504 20.303597
1807000 20.384009 20.303642
1808000 19.933890 20.303437
1809000 20.042791 20.303293
1810000 19.828057 20.303031
1811000 19.554924 20.302618
1812000 19.121322 20.301966
1813000 19.625398 20.301593
1814000 19.758705 20.301293
1815000 19.541744 20.300875
1816000 18.513312 20.299891
1817000 19.324650 20.299354
1818000 17.826774 20.297994
1819000 19.312150 20.297452
1820000 18.966971 20.296721
1821000 18.422829 20.295692
1822000 18.452594 20.294680
1823000 18.285364 20.293578
1824000 19.017403 20.292878
1825000 19.382633 20.292379
1826000 18.655964 20.291483
1827000 18.400811 20.290448
1828000 19.468315 20.289999
1829000 19.486914 20.289560
1830000 19.551699 20.289156
1831000 19.010777 20.288458
1832000 19.199583 20.287864
1833000 19.029198 20.287177
1834000 19.138898 20.286551
1835000 19.793908 20.286283
1836000 18.838847 20.285494
1837000 18.907974 20.284744
1838000 19.006144 20.284049
1839000 18.864190 20.283277
1840000 19.992752 20.283119
1841000 19.718079 20.282812
1842000 18.014487 20.281580
1843000 17.475682 20.280058
1844000 18.920836 20.279321
1845000 18.091415 20.278135
1846000 18.440165 20.277139
1847000 18.545460 20.276202
1848000 19.362357 20.275707
1849000 18.519222 20.274757
1850000 18.103845 20.273584
1851000 17.915681 20.272310
1852000 17.796421 20.270973
1853000 17.691432 20.269581
1854000 18.470479 20.268611
1855000 17.056057 20.266879
1856000 17.458182 20.265365
1857000 18.043780 20.264169
1858000 18.214732 20.263066
1859000 17.276070 20.261459
1860000 17.559756 20.260007
1861000 18.350818 20.258981
1862000 17.233248 20.257356
1863000 17.001657 20.255608
1864000 16.956163 20.253838
1865000 17.619285 20.252426
1866000 17.059863 20.250715
1867000 18.201052 20.249617
1868000 17.572908 20.248184
1869000 17.855670 20.246904
1870000 17.661298 20.245521
1871000 17.744982 20.244185
1872000 18.423372 20.243212
1873000 18.068219 20.242051
1874000 17.046564 20.240346
1875000 16.787374 20.238504
1876000 18.171150 20.237402
1877000 17.388592 20.235884
1878000 18.157109 20.234777
1879000 17.085126 20.233101
1880000 16.753252 20.231250
1881000 17.451360 20.229772
1882000 16.623610 20.227856
1883000 17.837273 20.226587
1884000 17.037980 20.224894
1885000 16.863125 20.223111
1886000 16.877322 20.221337
1887000 17.541777 20.219917
1888000 17.337290 20.218390
1889000 17.619326 20.217014
1890000 17.656669 20.215659
1891000 18.150928 20.214567
1892000 17.032890 20.212886
1893000 18.516743 20.211990
1894000 18.231179 20.210944
1895000 18.168835 20.209866
1896000 18.288106 20.208853
1897000 18.589248 20.207999
1898000 18.492821 20.207095
1899000 18.043346 20.205956
1900000 18.164690 20.204882
1901000 18.847541 20.204167
1902000 17.532056 20.202763
1903000 18.071141 20.201642
1904000 17.493104 20.200220
1905000 17.470101 20.198787
1906000 17.571118 20.197408
1907000 18.344184 20.196436
1908000 18.484751 20.195539
1909000 17.344840 20.194046
1910000 17.171546 20.192463
1911000 17.974318 20.191303
1912000 17.539316 20.189916
1913000 18.063757 20.188804
1914000 18.482279 20.187913
1915000 18.328657 20.186942
1916000 18.267416 20.185940
1917000 17.654516 20.184619
1918000 18.908052 20.183954
1919000 19.734022 20.183719
1920000 18.320700 20.182749
1921000 18.432815 20.181838
1922000 18.016691 20.180712
1923000 19.154707 20.180178
1924000 18.347176 20.179225
1925000 17.991995 20.178089
1926000 18.779733 20.177363
1927000 18.103306 20.176287
1928000 18.396399 20.175364
1929000 17.779748 20.174122
1930000 18.191697 20.173095
1931000 17.946740 20.171942
1932000 17.928447 20.170780
1933000 18.596955 20.169966
1934000 17.978937 20.168833
1935000 18.403822 20.167921
1936000 18.189736 20.166899
1937000 17.914419 20.165737
1938000 17.872742 20.164553
1939000 18.159230 20.163519
1940000 17.980662 20.162394
1941000 18.009874 20.161285
1942000 18.159832 20.160254
1943000 19.093698 20.159705
1944000 19.408532 20.159319
1945000 19.613466 20.159038
1946000 17.992477 20.157925
1947000 19.186154 20.157426
1948000 18.836951 20.156748
1949000 18.892082 20.156099
1950000 18.554862 20.155278
1951000 17.749803 20.154045
1952000 18.468972 20.153182
1953000 18.310889 20.152239
1954000 18.343188 20.151313
1955000 18.680907 20.150561
1956000 18.955283 20.149949
1957000 18.245538 20.148976
1958000 18.836980 20.148306
1959000 18.710993 20.147573
1960000 19.008573 20.146991
1961000 18.604316 20.146205
1962000 19.380932 20.145815
1963000 19.217661 20.145342
1964000 19.260608 20.144891
1965000 18.342940 20.143974
1966000 19.843346 20.143822
1967000 18.551903 20.143012
1968000 20.097000 20.142989
1969000 19.701860 20.142765
1970000 19.738577 20.142560
1971000 18.965452 20.141962
1972000 19.542573 20.141658
1973000 19.237089 20.141200
1974000 19.189483 20.140718
1975000 18.777436 20.140028
1976000 18.909831 20.139405
1977000 18.449184 20.138550
1978000 18.982467 20.137966
1979000 18.722815 20.137251
1980000 18.034430 20.136188
1981000 18.626456 20.135426
1982000 19.116793 20.134912
1983000 19.159548 20.134421
1984000 19.189043 20.133944
1985000 19.258627 20.133503
1986000 19.431012 20.133149
1987000 19.666129 20.132914
1988000 18.323624 20.132004
1989000 17.964097 20.130914
1990000 17.828405 20.129757
1991000 18.841687 20.129110
1992000 18.547532 20.128316
1993000 18.187435 20.127342
1994000 19.500940 20.127028
1995000 18.411861 20.126169
1996000 17.415546 20.124811
1997000 17.321477 20.123407
1998000 18.010483 20.122349
1999000 18.631357 20.121603
2000000 18.624339 20.120855
2001000 18.524861 20.120057
2002000 18.726980 20.119361
2003000 18.798652 20.118702
2004000 17.973896 20.117632
2005000 18.932397 20.117041
2006000 18.526999 20.116248
2007000 16.939393 20.114665
2008000 18.048027 20.113636
2009000 17.793150 20.112481
2010000 18.014081 20.111437
2011000 17.846318 20.110310
2012000 18.080986 20.109302
2013000 18.113207 20.108310
2014000 19.101992 20.107811
2015000 17.604916 20.106568
2016000 18.182220 20.105614
2017000 17.292262 20.104219
2018000 16.820103 20.102592
2019000 17.549092 20.101327
2020000 17.860655 20.100218
2021000 17.950705 20.099154
2022000 16.622322 20.097435
2023000 17.254589 20.096029
2024000 18.472380 20.095227
2025000 17.656227 20.094023
2026000 17.599203 20.092791
2027000 17.242932 20.091385
2028000 18.820663 20.090759
2029000 17.198825 20.089333
2030000 17.615704 20.088115
2031000 17.605659 20.086893
2032000 17.554796 20.085647
2033000 18.044803 20.084643
2034000 17.925700 20.083581
2035000 17.181538 20.082155
2036000 17.314770 20.080796
2037000 17.549107 20.079553
2038000 17.502771 20.078289
2039000 17.116569 20.076836
2040000 17.543918 20.075595
2041000 17.323821 20.074246
2042000 17.208842 20.072843
2043000 17.446219 20.071557
2044000 17.415580 20.070258
2045000 17.288944 20.068898
2046000 18.044452 20.067909
2047000 16.906992 20.066364
2048000 16.860467 20.064799
2049000 17.399976 20.063498
2050000 17.910193 20.062448
2051000 17.301335 20.061102
2052000 17.749652 20.059975
2053000 17.443775 20.058701
2054000 17.492873 20.057452
2055000 16.870381 20.055901
2056000 17.327440 20.054574
2057000 16.843373 20.053013
2058000 17.067862 20.051562
2059000 17.618589 20.050381
2060000 17.394580 20.049091
2061000 17.961824 20.048079
2062000 17.918095 20.047046
2063000 17.499632 20.045811
2064000 18.016129 20.044828
2065000 17.806403 20.043744
2066000 16.728062 20.042139
2067000 17.857668 20.041082
2068000 17.841064 20.040018
2069000 17.135177 20.038614
2070000 17.399807 20.037339
2071000 17.459124 20.036094
2072000 19.170517 20.035677
2073000 18.387355 20.034881
2074000 18.171150 20.033983
2075000 17.911229 20.032960
2076000 18.473288 20.032208
2077000 18.407444 20.031426
2078000 17.626719 20.030269
2079000 17.853171 20.029222
2080000 17.314876 20.027917
2081000 16.965207 20.026445
2082000 18.161983 20.025550
2083000 18.085692 20.024618
2084000 18.026486 20.023659
2085000 17.435687 20.022418
2086000 18.098424 20.021496
2087000 17.806654 20.020435
2088000 17.664883 20.019307
2089000 16.875478 20.017802
2090000 17.351803 20.016526
2091000 17.520356 20.015332
2092000 17.831919 20.014289
2093000 17.574100 20.013123
2094000 18.379093 20.012342
2095000 18.842355 20.011784
2096000 18.634812 20.011127
2097000 19.225520 20.010752
2098000 18.823592 20.010186
2099000 18.707135 20.009566
2100000 18.772657 20.008977
2101000 18.754397 20.008379
2102000 19.593708 20.008182
2103000 18.576772 20.007502
2104000 19.115055 20.007077
2105000 18.371527 20.006300
2106000 19.455052 20.006039
2107000 18.719248 20.005428
2108000 18.546371 20.004736
2109000 19.255176 20.004380
2110000 18.789047 20.003804
2111000 18.522695 20.003103
2112000 18.613732 20.002445
2113000 17.085229 20.001064
2114000 18.059188 20.000146
2115000 18.734252 19.999547
2116000 18.542604 19.998859
2117000 19.134234 19.998450
2118000 18.520270 19.997752
2119000 18.636106 19.997110
2120000 17.866326 19.996105
2121000 18.298047 19.995304
2122000 19.349899 19.995000
2123000 18.728618 19.994403
2124000 18.541638 19.993719
2125000 18.387322 19.992963
2126000 17.767738 19.991917
2127000 18.175354 19.991063
2128000 18.145304 19.990195
2129000 18.165214 19.989338
2130000 19.317978 19.989023
2131000 19.007650 19.988562
2132000 18.388722 19.987812
2133000 18.934137 19.987318
2134000 18.543640 19.986642
2135000 18.240672 19.985824
2136000 18.483181 19.985120
2137000 19.370480 19.984833
2138000 18.455186 19.984117
2139000 18.061386 19.983218
2140000 17.963474 19.982275
2141000 18.834896 19.981739
2142000 18.469320 19.981033
2143000 17.409389 19.979833
2144000 18.086293 19.978949
2145000 17.952207 19.978004
2146000 17.566125 19.976881
2147000 18.178937 19.976043
2148000 18.188937 19.975211
2149000 18.449718 19.974501
2150000 18.307490 19.973726
2151000 18.153389 19.972880
2152000 16.688548 19.971354
2153000 16.595322 19.969785
2154000 18.261643 19.968992
2155000 17.449352 19.967823
2156000 17.372900 19.966620
2157000 17.682902 19.965561
2158000 17.329758 19.964339
2159000 18.667906 19.963739
2160000 17.233751 19.962475
2161000 17.278359 19.961233
2162000 18.384035 19.960504
2163000 18.302861 19.959737
2164000 17.989899 19.958827
2165000 17.525870 19.957703
2166000 16.968029 19.956323
2167000 17.224524 19.955062
2168000 16.554586 19.953494
2169000 17.817920 19.952509
2170000 17.754304 19.951496
2171000 17.868073 19.950536
2172000 16.439109 19.948920
2173000 17.477802 19.947783
2174000 18.295627 19.947023
2175000 16.914352 19.945628
2176000 18.182014 19.944818
2177000 16.647458 19.943303
2178000 16.544226 19.941743
2179000 17.827531 19.940772
2180000 17.435030 19.939623
2181000 18.658040 19.939035
2182000 17.473057 19.937905
2183000 18.406008 19.937203
2184000 17.821466 19.936235
2185000 17.382798 19.935066
2186000 17.434528 19.933922
2187000 16.328343 19.932273
2188000 17.731813 19.931268
2189000 17.880435 19.930331
2190000 18.389896 19.929628
2191000 17.843808 19.928676
2192000 17.509041 19.927572
2193000 17.309867 19.926378
2194000 17.103238 19.925091
2195000 18.018206 19.924223
2196000 17.857174 19.923281
2197000 17.797192 19.922314
2198000 16.932354 19.920953
2199000 16.543421 19.919417
2200000 16.152266 19.917705
2201000 17.664229 19.916681
2202000 17.111941 19.915407
2203000 17.615429 19.914363
2204000 17.719541 19.913368
2205000 17.901622 19.912455
2206000 18.064621 19.911618
2207000 17.155413 19.910369
2208000 17.960183 19.909485
2209000 18.068150 19.908652
2210000 17.740957 19.907671
2211000 17.038751 19.906373
2212000 17.774265 19.905410
2213000 17.668885 19.904399
2214000 17.558308 19.903339
2215000 18.312350 19.902621
2216000 17.062782 19.901339
2217000 17.735070 19.900362
2218000 18.228539 19.899609
2219000 18.573034 19.899011
2220000 17.330340 19.897854
2221000 19.375022 19.897618
2222000 18.915403 19.897176
2223000 17.962882 19.896306
2224000 18.115227 19.895505
2225000 17.916286 19.894616
2226000 18.084863 19.893803
2227000 18.573089 19.893210
2228000 18.573842 19.892618
2229000 17.870730 19.891710
2230000 18.557202 19.891112
2231000 17.640476 19.890103
2232000 17.261502 19.888926
2233000 18.190738 19.888165
2234000 17.460695 19.887078
2235000 17.904950 19.886192
2236000 17.956119 19.885328
2237000 18.983567 19.884925
2238000 18.294163 19.884214
2239000 19.017541 19.883827
2240000 19.826609 19.883802
2241000 18.294982 19.883093
2242000 18.096016 19.882296
2243000 17.232366 19.881114
2244000 18.304697 19.880412
2245000 17.186375 19.879212
2246000 18.382060 19.878545
2247000 17.981850 19.877701
2248000 17.390098 19.876595
2249000 18.166630 19.875834
2250000 18.170282 19.875076
2251000 18.843131 19.874618
2252000 18.290253 19.873914
2253000 18.456676 19.873285
2254000 17.876776 19.872399
2255000 18.586752 19.871829
2256000 18.365965 19.871162
2257000 19.291270 19.870905
2258000 19.056582 19.870544
2259000 18.629109 19.869995
2260000 17.676853 19.869024
2261000 18.393908 19.868372
2262000 17.492689 19.867322
2263000 17.970548 19.866483
2264000 18.024662 19.865670
2265000 18.363059 19.865007
2266000 17.589398 19.864002
2267000 17.554595 19.862984
2268000 18.652592 19.862450
2269000 17.455442 19.861389
2270000 18.443029 19.860764
2271000 17.854705 19.859881
2272000 18.265832 19.859179
2273000 17.953690 19.858341
2274000 17.915291 19.857487
2275000 17.286217 19.856356
2276000 17.668613 19.855395
2277000 17.554975 19.854385
2278000 18.010218 19.853575
2279000 17.726249 19.852642
2280000 17.679430 19.851689
2281000 17.257537 19.850551
2282000 18.263292 19.849856
2283000 18.178020 19.849123
2284000 19.151796 19.848818
2285000 18.029811 19.848022
2286000 18.315140 19.847352
2287000 19.205941 19.847071
2288000 18.252083 19.846374
2289000 17.691886 19.845433
2290000 18.423216 19.844812
2291000 19.064930 19.844471
2292000 19.030980 19.844116
2293000 18.329855 19.843456
2294000 19.211165 19.843180
2295000 18.018155 19.842385
2296000 18.394725 19.841755
2297000 18.704309 19.841259
2298000 18.773930 19.840795
2299000 18.057448 19.840019
2300000 18.249882 19.839328
2301000 18.229184 19.838628
2302000 18.327455 19.837972
2303000 18.520966 19.837400
2304000 18.094625 19.836643
2305000 17.283312 19.835536
2306000 17.540799 19.834541
2307000 17.626643 19.833583
2308000 18.280439 19.832911
2309000 18.135335 19.832175
2310000 18.439670 19.831573
2311000 18.413356 19.830959
2312000 17.391771 19.829904
2313000 17.754981 19.829007
2314000 18.016072 19.828223
2315000 18.249677 19.827541
2316000 18.751690 19.827077
2317000 17.958087 19.826270
2318000 18.642113 19.825759
2319000 18.662351 19.825258
2320000 19.381797 19.825067
2321000 18.630508 19.824552
2322000 18.521876 19.823991
2323000 17.946136 19.823183
2324000 17.588933 19.822221
2325000 18.515841 19.821659
2326000 17.810582 19.820795
2327000 17.386200 19.819748
2328000 17.390970 19.818705
2329000 18.256950 19.818035
2330000 18.051535 19.817276
2331000 18.044071 19.816516
2332000 17.342913 19.815455
2333000 17.734083 19.814563
2334000 17.771320 19.813687
2335000 17.134510 19.812540
2336000 17.069575 19.811366
2337000 17.536075 19.810392
2338000 17.380123 19.809353
2339000 17.566997 19.808394
2340000 17.581559 19.807442
2341000 18.253957 19.806779
2342000 17.817208 19.805929
2343000 16.902398 19.804690
2344000 16.855343 19.803432
2345000 16.264702 19.801923
2346000 16.577297 19.800548
2347000 16.952950 19.799335
2348000 16.322313 19.797854
2349000 17.308264 19.796794
2350000 17.499708 19.795817
2351000 16.127920 19.794257
2352000 16.581233 19.792891
2353000 16.092665 19.791318
2354000 17.350561 19.790281
2355000 18.139412 19.789580
2356000 17.971578 19.788808
2357000 18.291130 19.788173
2358000 17.442986 19.787178
2359000 16.695389 19.785868
2360000 17.066527 19.784716
2361000 16.815329 19.783458
2362000 17.772256 19.782606
2363000 17.277239 19.781546
2364000 17.071979 19.780400
2365000 17.531776 19.779449
2366000 17.797458 19.778611
2367000 16.766411 19.777339
2368000 16.955512 19.776147
2369000 17.530705 19.775199
2370000 16.877521 19.773977
2371000 17.543914 19.773036
2372000 17.167089 19.771938
2373000 17.723730 19.771074
2374000 17.920941 19.770295
2375000 17.673904 19.769412
2376000 17.635292 19.768514
2377000 17.572616 19.767590
2378000 17.546672 19.766656
2379000 17.975598 19.765904
2380000 17.527173 19.764963
2381000 17.559418 19.764037
2382000 17.478139 19.763077
2383000 17.715258 19.762218
2384000 17.154897 19.761124
2385000 17.893055 19.760341
2386000 17.288347 19.759305
2387000 18.124248 19.758620
2388000 17.401983 19.757633
2389000 16.930004 19.756449
2390000 17.316724 19.755428
2391000 17.603087 19.754528
2392000 17.304234 19.753504
2393000 17.240871 19.752454
2394000 18.461107 19.751914
2395000 18.311504 19.751313
2396000 17.560443 19.750399
2397000 17.294977 19.749374
2398000 18.396543 19.748810
2399000 16.562968 19.747482
2400000 17.120449 19.746388
2401000 17.589458 19.745489
2402000 18.025717 19.744773
2403000 17.704802 19.743924
2404000 17.891112 19.743154
2405000 17.510475 19.742225
2406000 17.562882 19.741319
2407000 17.212443 19.740269
2408000 17.489248 19.739334
2409000 17.613664 19.738452
2410000 16.673003 19.737180
2411000 17.162073 19.736112
2412000 16.984489 19.734971
2413000 16.723062 19.733723
2414000 17.100900 19.732632
2415000 17.477469 19.731698
2416000 17.462006 19.730759
2417000 17.029429 19.729641
2418000 17.335870 19.728651
2419000 16.944579 19.727500
2420000 17.292439 19.726494
2421000 17.223534 19.725460
2422000 16.284165 19.724039
2423000 17.181092 19.722990
2424000 17.533911 19.722087
2425000 18.789846 19.721702
2426000 17.912756 19.720957
2427000 17.557225 19.720065
2428000 17.077736 19.718977
2429000 18.397263 19.718433
2430000 17.385538 19.717473
2431000 17.702347 19.716644
2432000 17.184309 19.715602
2433000 17.806358 19.714818
2434000 16.553298 19.713519
2435000 17.432056 19.712582
2436000 18.674094 19.712155
2437000 17.907089 19.711415
2438000 18.264716 19.710821
2439000 17.945957 19.710098
2440000 17.908830 19.709360
2441000 18.098659 19.708700
2442000 17.566310 19.707822
2443000 17.167619 19.706783
2444000 17.246356 19.705776
2445000 17.248175 19.704771
2446000 17.772445 19.703981
2447000 16.754395 19.702775
2448000 16.788127 19.701585
2449000 17.353814 19.700626
2450000 17.432489 19.699700
2451000 17.882415 19.698959
2452000 17.990266 19.698262
2453000 16.933831 19.697135
2454000 17.003017 19.696037
2455000 17.349047 19.695081
2456000 17.502272 19.694188
2457000 17.815673 19.693424
2458000 18.010230 19.692739
2459000 17.433950 19.691820
2460000 17.601186 19.690971
2461000 17.472524 19.690069
2462000 17.755746 19.689283
2463000 17.450017 19.688374
2464000 17.751209 19.687588
2465000 16.928709 19.686469
2466000 17.140338 19.685436
2467000 16.593138 19.684183
2468000 17.362444 19.683242
2469000 17.251482 19.682257
2470000 17.666555 19.681441
2471000 17.086789 19.680391
2472000 17.039651 19.679323
2473000 17.075682 19.678270
2474000 17.169806 19.677256
2475000 16.834574 19.676108
2476000 16.855494 19.674968
2477000 17.073878 19.673918
2478000 17.150185 19.672900
2479000 17.625904 19.672074
2480000 18.818061 19.671730
2481000 17.327182 19.670785
2482000 16.993266 19.669706
2483000 17.078393 19.668662
2484000 17.526953 19.667800
2485000 17.667653 19.666995
2486000 18.225567 19.666415
2487000 17.525785 19.665555
2488000 17.752397 19.664786
2489000 18.245108 19.664215
2490000 17.961940 19.663532
2491000 17.037797 19.662478
2492000 17.064197 19.661435
2493000 16.811777 19.660292
2494000 19.158224 19.660091
2495000 17.673203 19.659294
2496000 18.343048 19.658767
2497000 17.741449 19.657999
2498000 17.344180 19.657073
2499000 16.978891 19.656001
2500000 16.797818 19.654858
2501000 17.269552 19.653904
2502000 17.718739 19.653131
2503000 17.128403 19.652122
2504000 17.663770 19.651328
2505000 15.874574 19.649820
2506000 17.062870 19.648788
2507000 17.760160 19.648035
2508000 17.449024 19.647158
2509000 17.093118 19.646140
2510000 16.978555 19.645077
2511000 16.893003 19.643981
2512000 18.094526 19.643364
2513000 17.940898 19.642687
2514000 18.016689 19.642040
2515000 17.562197 19.641213
2516000 17.168986 19.640230
2517000 16.789456 19.639098
2518000 17.237421 19.638144
2519000 16.846536 19.637036
2520000 17.550401 19.636208
2521000 16.515425 19.634970
2522000 17.216992 19.634011
2523000 18.076707 19.633394
2524000 16.572056 19.632181
2525000 16.788736 19.631055
2526000 17.639885 19.630267
2527000 17.208914 19.629308
2528000 16.695709 19.628148
2529000 16.825389 19.627040
2530000 16.125897 19.625656
2531000 16.098832 19.624262
2532000 16.076721 19.622861
2533000 16.042548 19.621448
2534000 17.075073 19.620443
2535000 17.313101 19.619533
2536000 16.017546 19.618112
2537000 16.768986 19.616989
2538000 16.236705 19.615658
2539000 15.318240 19.613965
2540000 17.367990 19.613081
2541000 17.128453 19.612103
2542000 17.353582 19.611214
2543000 16.813423 19.610114
2544000 16.376070 19.608843
2545000 16.568772 19.607648
2546000 16.719140 19.606514
2547000 16.420384 19.605263
2548000 16.622411 19.604092
2549000 16.452274 19.602856
2550000 16.498140 19.601638
2551000 17.310572 19.600740
2552000 16.635722 19.599578
2553000 17.793671 19.598871
2554000 17.279371 19.597963
2555000 18.791814 19.597647
2556000 18.566622 19.597244
2557000 17.918333 19.596587
2558000 18.357741 19.596103
2559000 17.820822 19.595409
2560000 17.234649 19.594487
2561000 17.231115 19.593564
2562000 17.074020 19.592581
2563000 17.629455 19.591815
2564000 17.796561 19.591115
2565000 18.993183 19.590882
2566000 18.363999 19.590403
2567000 17.794795 19.589704
2568000 17.859657 19.589030
2569000 18.711403 19.588689
2570000 18.774648 19.588372
2571000 17.236308 19.587457
2572000 17.007578 19.586454
2573000 18.107931 19.585879
2574000 17.833954 19.585199
2575000 17.834916 19.584519
2576000 17.921731 19.583874
2577000 18.218062 19.583344
2578000 17.996292 19.582728
2579000 17.287301 19.581838
2580000 17.548458 19.581050
2581000 17.479564 19.580236
2582000 17.803535 19.579547
2583000 15.952745 19.578143
2584000 17.581046 19.577370
2585000 17.939496 19.576737
2586000 16.694117 19.575622
2587000 16.912161 19.574593
2588000 17.533868 19.573804
2589000 16.737682 19.572709
2590000 16.670952 19.571588
2591000 16.949581 19.570576
2592000 17.096358 19.569622
2593000 17.034945 19.568644
2594000 17.384936 19.567802
2595000 17.573859 19.567034
2596000 17.349830 19.566180
2597000 17.302694 19.565308
2598000 18.096364 19.564743
2599000 17.236733 19.563847
2600000 17.324330 19.562986
2601000 17.554390 19.562214
2602000 18.207811 19.561693
2603000 17.577582 19.560931
2604000 17.101201 19.559986
2605000 17.644094 19.559251
2606000 17.389199 19.558418
2607000 17.742585 19.557722
2608000 18.511056 19.557320
2609000 17.188592 19.556412
2610000 17.922539 19.555786
2611000 18.311747 19.555310
2612000 18.556860 19.554928
2613000 17.794615 19.554254
2614000 17.747881 19.553563
2615000 18.758130 19.553259
2616000 17.740276 19.552566
2617000 17.485014 19.551776
2618000 16.822805 19.550733
2619000 17.514405 19.549956
2620000 15.715304 19.548492
2621000 17.307094 19.547637
2622000 17.188112 19.546737
2623000 17.578654 19.545987
2624000 17.348311 19.545149
2625000 17.298147 19.544293
2626000 17.226864 19.543411
2627000 18.382481 19.542969
2628000 18.403033 19.542535
2629000 17.054599 19.541589
2630000 17.219855 19.540706
2631000 17.709882 19.540010
2632000 17.920799 19.539395
2633000 17.202289 19.538507
2634000 17.607913 19.537774
2635000 18.937102 19.537546
2636000 18.351775 19.537096
2637000 18.208832 19.536593
2638000 17.240091 19.535722
2639000 17.648602 19.535007
2640000 18.418067 19.534584
2641000 17.754429 19.533910
2642000 17.723301 19.533225
2643000 18.069798 19.532671
2644000 19.954234 19.532830
2645000 19.270867 19.532731
2646000 17.909198 19.532118
2647000 17.802668 19.531464
2648000 18.052812 19.530906
2649000 18.095197 19.530364
2650000 18.077213 19.529816
2651000 17.956822 19.529222
2652000 17.544791 19.528474
2653000 18.374942 19.528039
2654000 17.515046 19.527281
2655000 17.899427 19.526668
2656000 18.301914 19.526206
2657000 17.350236 19.525387
2658000 17.632696 19.524675
2659000 17.901619 19.524065
2660000 18.330361 19.523616
2661000 17.410367 19.522822
2662000 17.282765 19.521981
2663000 16.461354 19.520831
2664000 17.310372 19.520002
2665000 17.237897 19.519145
2666000 17.161217 19.518261
2667000 17.294011 19.517427
2668000 16.789266 19.516404
2669000 17.356424 19.515595
2670000 18.366176 19.515164
2671000 17.280049 19.514328
2672000 17.463370 19.513560
2673000 17.768388 19.512907
2674000 17.169390 19.512031
2675000 16.835604 19.511030
2676000 16.944609 19.510071
2677000 17.459060 19.509305
2678000 18.192257 19.508813
2679000 18.156839 19.508309
2680000 17.093051 19.507407
2681000 18.061922 19.506868
2682000 16.759728 19.505844
2683000 17.638799 19.505148
2684000 17.463686 19.504387
2685000 18.391266 19.503973
2686000 18.104342 19.503452
2687000 17.893347 19.502853
2688000 17.064575 19.501945
2689000 18.704340 19.501649
2690000 18.319828 19.501210
2691000 19.118605 19.501067
2692000 17.839612 19.500450
2693000 17.778158 19.499811
2694000 16.936035 19.498859
2695000 17.182774 19.498000
2696000 17.708534 19.497336
2697000 19.215508 19.497231
2698000 19.682114 19.497300
2699000 18.831535 19.497053
2700000 18.689893 19.496754
2701000 19.408312 19.496721
2702000 18.530044 19.496364
2703000 18.639752 19.496047
2704000 18.073092 19.495521
2705000 18.085642 19.494999
2706000 17.604034 19.494301
2707000 18.344545 19.493876
2708000 17.342645 19.493081
2709000 17.865189 19.492480
2710000 17.827732 19.491866
2711000 18.603715 19.491539
2712000 18.030111 19.491000
2713000 19.519997 19.491010
2714000 18.902418 19.490793
2715000 17.890574 19.490204
2716000 18.352255 19.489785
2717000 18.740429 19.489509
2718000 18.205903 19.489037
2719000 18.661932 19.488733
2720000 18.669711 19.488432
2721000 18.105995 19.487924
2722000 17.863516 19.487327
2723000 18.665627 19.487025
2724000 17.783341 19.486400
2725000 17.581865 19.485701
2726000 17.706416 19.485048
2727000 18.260989 19.484599
2728000 18.384545 19.484196
2729000 18.343445 19.483778
2730000 18.912163 19.483569
2731000 19.864931 19.483708
2732000 17.989831 19.483161
2733000 17.643357 19.482488
2734000 17.672595 19.481826
2735000 18.429812 19.481442
2736000 19.361348 19.481398
2737000 18.409443 19.481006
2738000 17.630137 19.480330
2739000 18.915728 19.480124
2740000 18.598763 19.479802
2741000 18.855196 19.479574
2742000 18.688221 19.479286
2743000 18.783508 19.479032
2744000 19.844203 19.479165
2745000 19.333891 19.479112
2746000 17.667292 19.478452
2747000 17.973808 19.477905
2748000 19.163660 19.477790
2749000 19.189412 19.477685
2750000 18.641548 19.477381
2751000 18.321120 19.476961
2752000 18.513290 19.476611
2753000 18.306731 19.476186
2754000 19.312243 19.476126
2755000 18.930481 19.475928
2756000 19.129333 19.475803
2757000 19.418078 19.475782
2758000 19.145211 19.475662
2759000 19.807250 19.475782
2760000 19.876191 19.475927
2761000 20.151245 19.476172
2762000 18.794302 19.475925
2763000 18.910608 19.475720
2764000 19.110408 19.475588
2765000 20.491164 19.475955
2766000 19.853447 19.476092
2767000 19.814400 19.476214
2768000 19.928170 19.476377
2769000 19.302078 19.476314
2770000 19.177769 19.476207
2771000 19.392779 19.476177
2772000 19.001173 19.476005
2773000 19.595795 19.476048
2774000 19.374977 19.476012
2775000 19.800569 19.476129
2776000 19.454608 19.476121
2777000 18.905049 19.475916
2778000 19.470239 19.475913
2779000 19.045238 19.475759
2780000 19.547652 19.475784
2781000 19.913624 19.475942
2782000 19.733832 19.476035
2783000 19.598033 19.476078
2784000 20.146162 19.476319
2785000 18.757894 19.476061
2786000 19.476213 19.476061
2787000 19.268387 19.475987
2788000 18.866718 19.475768
2789000 19.076704 19.475625
2790000 19.199901 19.475526
2791000 18.754991 19.475268
2792000 18.784814 19.475021
2793000 19.548791 19.475047
2794000 19.574035 19.475083
2795000 18.839733 19.474855
2796000 19.239841 19.474771
2797000 19.205719 19.474675
2798000 19.788197 19.474787
2799000 19.623669 19.474840
2800000 19.548844 19.474867
2801000 20.292691 19.475159
2802000 20.075687 19.475373
2803000 18.916559 19.475174
2804000 19.383925 19.475141
2805000 19.479797 19.475143
2806000 19.317901 19.475087
2807000 20.165229 19.475333
2808000 20.560940 19.475719
2809000 20.194279 19.475975
2810000 19.714945 19.476060
2811000 19.160641 19.475948
2812000 19.567759 19.475980
2813000 19.426677 19.475963
2814000 19.168806 19.475854
2815000 19.070964 19.475710
2816000 19.426883 19.475693
2817000 19.418046 19.475672
2818000 19.121025 19.475546
2819000 19.160507 19.475435
2820000 19.073211 19.475292
2821000 19.203574 19.475196
2822000 19.481715 19.475198
2823000 18.553433 19.474871
2824000 18.745982 19.474613
2825000 18.742388 19.474354
2826000 18.755699 19.474100
2827000 18.682094 19.473820
2828000 18.862954 19.473604
2829000 19.272146 19.473532
2830000 19.462090 19.473528
2831000 18.697714 19.473254
2832000 18.754495 19.473000
2833000 19.034141 19.472846
2834000 18.877504 19.472636
2835000 19.180247 19.472532
2836000 19.427197 19.472516
2837000 18.547249 19.472190
2838000 18.762304 19.471940
2839000 18.043337 19.471437
2840000 18.543600 19.471110
2841000 18.828167 19.470884
2842000 18.516683 19.470548
2843000 19.043689 19.470398
2844000 18.169526 19.469941
2845000 18.337002 19.469542
2846000 18.337273 19.469145
2847000 18.370479 19.468759
2848000 18.068559 19.468267
2849000 18.716968 19.468003
2850000 19.026612 19.467848
2851000 19.669893 19.467919
2852000 19.403968 19.467897
2853000 18.409240 19.467526
2854000 18.761318 19.467278
2855000 18.617164 19.466981
2856000 18.565234 19.466665
2857000 18.829361 19.466442
2858000 18.740753 19.466188
2859000 17.684914 19.465565
2860000 18.697071 19.465296
2861000 19.138577 19.465182
2862000 18.401201 19.464810
2863000 18.724339 19.464552
2864000 19.609092 19.464602
2865000 19.125533 19.464484
2866000 19.777259 19.464593
2867000 19.480766 19.464598
2868000 19.409582 19.464579
2869000 19.097739 19.464451
2870000 19.895489 19.464602
2871000 19.058841 19.464460
2872000 19.364204 19.464425
2873000 19.469911 19.464427
2874000 19.551812 19.464458
2875000 19.661469 19.464526
2876000 19.714546 19.464613
2877000 18.861698 19.464404
2878000 19.496683 19.464415
2879000 19.705437 19.464498
2880000 19.252922 19.464425
2881000 19.843033 19.464556
2882000 19.598705 19.464603
2883000 19.503847 19.464617
2884000 19.304924 19.464561
2885000 19.448001 19.464555
2886000 19.675124 19.464628
2887000 19.677028 19.464702
2888000 19.521871 19.464722
2889000 19.538450 19.464747
2890000 20.432420 19.465082
2891000 19.550984 19.465112
2892000 19.829525 19.465238
2893000 19.989813 19.465419
2894000 20.247397 19.465689
2895000 20.505069 19.466048
2896000 19.815367 19.466169
2897000 19.931214 19.466330
2898000 20.305934 19.466619
2899000 19.697402 19.466699
2900000 19.628772 19.466755
2901000 19.679869 19.466828
2902000 20.220089 19.467088
2903000 20.158386 19.467326
2904000 19.988966 19.467506
2905000 19.744559 19.467601
2906000 20.686680 19.468020
2907000 20.267924 19.468296
2908000 20.665654 19.468707
2909000 20.223361 19.468967
2910000 20.371280 19.469277
2911000 20.256880 19.469547
2912000 19.350918 19.469507
2913000 20.030721 19.469699
2914000 19.602481 19.469745
2915000 19.635869 19.469802
2916000 19.811738 19.469919
2917000 19.720334 19.470005
2918000 19.875084 19.470144
2919000 19.588564 19.470184
2920000 19.886402 19.470327
2921000 20.164331 19.470565
2922000 20.284669 19.470843
2923000 19.924194 19.470998
2924000 19.994520 19.471177
2925000 19.460480 19.471174
2926000 19.576485 19.471210
2927000 20.059510 19.471411
2928000 20.396907 19.471727
2929000 20.297864 19.472009
2930000 20.126686 19.472232
2931000 19.965009 19.472400
2932000 20.334257 19.472694
2933000 20.078714 19.472901
2934000 19.787759 19.473008
2935000 20.065463 19.473210
2936000 19.185159 19.473112
2937000 19.798974 19.473223
2938000 19.631809 19.473277
2939000 20.116165 19.473496
2940000 19.869855 19.473630
2941000 19.806506 19.473744
2942000 19.902774 19.473889
2943000 19.697950 19.473966
2944000 19.547324 19.473990
2945000 20.123391 19.474211
2946000 19.691861 19.474285
2947000 20.010264 19.474467
2948000 19.916533 19.474617
2949000 19.639014 19.474672
2950000 19.588882 19.474711
2951000 19.670360 19.474777
2952000 19.829521 19.474898
2953000 20.322227 19.475185
2954000 20.483303 19.475526
2955000 20.518955 19.475879
2956000 20.256491 19.476143
2957000 19.577282 19.476177
2958000 19.767068 19.476276
2959000 19.490147 19.476280
2960000 20.095764 19.476490
2961000 19.566729 19.476520
2962000 19.992245 19.476694
2963000 19.857219 19.476823
2964000 20.444604 19.477149
2965000 19.478962 19.477150
2966000 19.807136 19.477261
2967000 20.400911 19.477572
2968000 19.987911 19.477744
2969000 19.750760 19.477836
2970000 19.867294 19.477967
2971000 19.292965 19.477905
2972000 18.812663 19.477681
2973000 19.054446 19.477539
2974000 19.741897 19.477628
2975000 19.798325 19.477735
2976000 19.607244 19.477779
2977000 19.370694 19.477743
2978000 19.651714 19.477801
2979000 19.268527 19.477731
2980000 19.281474 19.477665
2981000 19.659747 19.477726
2982000 19.861532 19.477855
2983000 20.174062 19.478089
2984000 20.068400 19.478286
2985000 19.754313 19.478379
2986000 19.533239 19.478397
2987000 19.411868 19.478375
2988000 19.130001 19.478258
2989000 19.355945 19.478217
2990000 19.340763 19.478171
2991000 19.302140 19.478113
2992000 18.862271 19.477907
2993000 19.995391 19.478080
2994000 19.113574 19.477958
2995000 18.725896 19.477707
2996000 19.663614 19.477769
2997000 19.729624 19.477853
2998000 19.464130 19.477848
2999000 19.506104 19.477858
3000000 18.967806 19.477688
