# r N rho/M
0 0.003 24.90810155929698
0.2 0.01866666666666667 123.3321440150196
0.4 0.02233333333333333 73.77905043755639
0.6 0.03433333333333333 75.61435019968467
0.8 0.04733333333333333 78.18376986666424
1 0.05533333333333333 73.11834252319022
1.2 0.066 72.67787058027943
1.4 0.07099999999999999 67.01465988571219
1.6 0.08366666666666667 69.09903604412931
1.8 0.101 74.14611038998206
2 0.1093333333333333 72.23739863736866
2.2 0.116 69.6746527877059
2.4 0.124 68.27315115117159
2.6 0.1356666666666667 68.95080029411125
2.8 0.1576666666666667 74.4082960702861
3 0.166 73.11834252319022
3.2 0.164 67.7225612225331
3.4 0.1873333333333333 72.80742115172379
3.6 0.1916666666666667 70.35315754825029
3.8 0.224 77.89398569369661
4 0.216 71.35645475154709
4.2 0.2433333333333333 76.5582186487792
4.4 0.235 70.57561812547794
4.6 0.251 72.10334195909147
4.8 0.2663333333333333 73.32022549702431
5 0.2513333333333334 66.42316899094629
5.2 0.2883333333333333 73.27081358035164
5.4 0.2833333333333333 69.33354656929014
5.6 0.3003333333333333 70.86878938618156
5.8 0.2983333333333333 67.96937739744001
6 0.3326666666666667 73.26516650416048
6.2 0.33 70.3334231422059
6.4 0.3533333333333333 72.95316554459868
6.6 0.361 72.27744154126962
6.8 0.3696666666666666 71.83579186589117
7 0.3766666666666666 71.1047564984552
7.2 0.3973333333333333 72.92257721522986
7.4 0.4213333333333333 75.23736970800425
7.6 0.427 74.24270511430458
7.8 0.4276666666666666 72.45198753263286
8 0.454 74.99034828056105
8.199999999999999 0.4896666666666666 78.90893708974907
8.4 0.5076666666666667 79.86175822061008
8.6 0.481 73.9070946070072
8.800000000000001 0.53 79.58527150319856
9 0.5413333333333333 79.48071503190155
9.199999999999999 0.5633333333333334 80.91278081730717
9.4 0.5596666666666666 78.67578639863905
9.6 0.5683333333333334 78.22965236071744
9.800000000000001 0.5996666666666667 80.85806380576543
10 0.6323333333333333 83.55752757017581
10.2 0.602 77.98944400949772
10.4 0.6046666666666667 76.82847158078491
10.6 0.629 78.41231662949532
10.8 0.6426666666666667 78.6323986974067
11 0.6716666666666666 80.6864513604755
11.2 0.7073333333333334 83.45370204077541
11.4 0.6840000000000001 79.2849497239412
11.6 0.6943333333333334 79.09509112785896
11.8 0.6976666666666667 78.12777767053151
12 0.7233333333333334 79.65200967636686
12.2 0.7193333333333334 77.91298793454698
12.4 0.73 77.79302862698532
12.6 0.7826666666666666 82.08159698051762
12.8 0.7676666666666667 79.2505378534013
13 0.7526666666666667 76.50658823788855
13.2 0.7766666666666666 77.74997174107027
13.4 0.759 74.84735925431762
13.6 0.7566666666666667 73.51994929466771
13.8 0.8149999999999999 78.04013771136724
14 0.8623333333333333 81.39292259358567
14.2 0.832 77.4238006693886
14.4 0.8536666666666667 78.33671151350826
14.6 0.8766666666666667 79.34528834625776
14.8 0.8793333333333333 78.5111476620709
15 0.877 77.2587787865516
15.2 0.8683333333333333 75.48877705806535
15.4 0.89 76.36753815401262
15.6 0.88 74.54140572336351
15.8 0.912 76.2741288483485
16 0.9206666666666666 76.03646914497416
16.2 0.962 78.4692609407731
16.4 0.972 78.31806009316144
16.6 0.9596666666666667 76.39269419518966
16.8 0.9883333333333333 77.73805421014737
17 0.98 76.17573600927683
17.2 1.014666666666667 77.95329036165278
17.4 1.024 77.76608095528331
17.6 1.044 78.38398438616915
17.8 1.053333333333333 78.19614267404937
18 1.058333333333333 77.69435659676337
18.2 1.069333333333333 77.639230376802
18.4 1.113333333333333 79.95523311532719
18.6 1.143 81.2031339914559
18.8 1.154333333333333 81.13586905851311
19 1.191 82.83190800106489
19.2 1.208333333333333 83.16202047143716
19.4 1.155 78.67192176215815
19.6 1.205333333333333 81.26257885537737
19.8 1.184 79.017997031268
20 1.239333333333333 81.88373418711483
20.2 1.225 80.13536585134322
20.4 1.233333333333333 79.88951905734817
20.6 1.212 77.74543613706854
20.8 1.189 75.53670290205616
21 1.216 76.51626893993054
21.2 1.198333333333333 74.69323748888067
21.4 1.239333333333333 76.52685438048115
21.6 1.208666666666667 73.94218819419001
21.8 1.305666666666667 79.14351377896985
22 1.272666666666667 76.44190354697159
22.2 1.279666666666667 76.16990039795053
22.4 1.282666666666667 75.66678733574547
22.6 1.338333333333333 78.25198454808847
22.8 1.332666666666667 77.23714156830333
23 1.342666666666667 77.14004287150607
23.2 1.417666666666667 80.7468609137744
23.4 1.406666666666667 79.43553842237225
23.6 1.464 81.97257513831208
23.8 1.418 78.72973298917969
24 1.44 79.2849497239412
24.2 1.437666666666667 78.50229296587658
24.4 1.493666666666667 80.8915891878371
24.6 1.473 79.12380145214456
24.8 1.517666666666667 80.86567564809684
25 1.58 83.51348037588473
25.2 1.502666666666667 78.79553645404033
25.4 1.553666666666667 80.82833566563647
25.6 1.532 79.07847850070176
25.8 1.579666666666667 80.90684253698478
26 1.612333333333333 81.94472260997939
26.2 1.601 80.7475855649045
26.4 1.606666666666667 80.4194986678023
26.6 1.570666666666667 78.02645845848181
26.8 1.61 79.3835628454884
27 1.628666666666667 79.70910789118864
27.2 1.669333333333333 81.09865772416208
27.4 1.677666666666667 80.90858717773644
27.6 1.683 80.57763912161415
27.8 1.703 80.94860274572653
28 1.734333333333333 81.84912567731469
28.2 1.741333333333333 81.59664644560063
28.4 1.714333333333333 79.76574656303397
28.6 1.738333333333333 80.3168245552357
28.8 1.791 82.17554684929321
29 1.789 81.51768681386828
29.2 1.766666666666667 79.9486745694232
29.4 1.798333333333333 80.82809972801641
29.6 1.762 78.65995575089211
29.8 1.762333333333333 78.14681752246031
30 1.806333333333333 79.56391528778471
30.2 1.792333333333333 78.4244250672612
30.4 1.835 79.76309360933777
30.6 1.815333333333333 78.39249023176902
30.8 1.879666666666667 80.64354824915301
31 1.882333333333333 80.23693747152258
31.2 1.866333333333333 79.04494898581673
31.4 1.936666666666667 81.50133720737765
31.6 1.941666666666667 81.19459074225693
31.8 1.890333333333333 78.5508298190899
32 1.915333333333333 79.09224324891774
32.2 1.914666666666667 78.57362857389894
32.4 1.963333333333333 80.07344888100373
32.6 1.999333333333333 81.04143293186762
32.8 1.91 76.94829978289009
33 2.022 80.96675168778236
33.2 1.959 77.97149423152651
33.4 1.952666666666667 77.2540311847717
33.6 1.989 78.22309771870985
33.8 2.034 79.51952058111262
34 2.003666666666667 77.8728484951978
34.2 2.001 77.31441734776136
34.4 2.048 78.67033771057731
34.6 2.032333333333333 77.61726693430788
34.8 1.995666666666667 75.77889431628927
35 2.059 77.73700546742617
35.2 2.025 76.01895037451747
35.4 2.041333333333333 76.19915758151537
35.6 2.052666666666667 76.1917478776576
35.8 2.111666666666667 77.94384799831899
36 2.064666666666667 75.78564484414997
36.2 2.103666666666667 76.79056441187736
36.4 2.136333333333333 77.55452423393456
36.6 2.161666666666667 78.04537021247094
36.8 2.139666666666667 76.83123373761755
37 2.201 78.60638483891647
37.2 2.217333333333333 78.7639614043693
37.4 2.212 78.15432655497234
37.6 2.163666666666667 76.03998354877399
37.8 2.193666666666667 76.68639831470563
38 2.289 79.59791663074624
38.2 2.321 80.28811880858095
38.4 2.304666666666667 79.3078909709678
38.6 2.289333333333333 78.37205450547326
38.8 2.316666666666667 78.89896915541114
39 2.36 79.96259886688087
39.2 2.339333333333333 78.85796161601748
39.4 2.352 78.88248805021561
39.6 2.307 76.98248274963483
39.8 2.315 76.86124732450747
40 2.376333333333333 78.50311202527456
40.2 2.366 77.77288186021761
40.4 2.346 76.73370134173518
40.6 2.346 76.35570281295814
40.8 2.424666666666667 78.52923805718251
41 2.359 76.02975463364932
41.2 2.376666666666666 76.2273046833469
41.4 2.329 74.33761993037805
41.6 2.262666666666667 71.87316222303858
41.8 2.245333333333333 70.98131596763263
42 2.263 71.19914334336465
42.2 2.18 68.26271342740593
42.4 2.164 67.44207201360409
42.6 2.094 64.95410200388609
42.8 2.034333333333334 62.80841746692798
43 1.924 59.12567568560576
43.2 1.905333333333333 58.28096355736212
43.4 1.803333333333333 54.9067560172199
43.6 1.765666666666667 53.51330003666113
43.8 1.626333333333333 49.06535638040451
44 1.564333333333333 46.98033700182526
44.2 1.431 42.78158486235288
44.4 1.371333333333333 40.8130984940308
44.6 1.267666666666667 37.55862777779626
44.8 1.179666666666667 34.79531709734969
45 1.082 31.77270948196458
45.2 1.04 30.40425800623114
45.4 1.002666666666667 29.18369172413303
45.6 0.9616666666666667 27.86757796705291
45.8 0.8896666666666667 25.66855055958262
46 0.858 24.64727784896433
46.2 0.8076666666666666 23.10094194097036
46.4 0.7466666666666667 21.26416276121028
46.6 0.696 19.7361677424403
46.8 0.6456666666666667 18.23064430380747
47 0.5956666666666667 16.74730557407599
47.2 0.5336666666666666 14.94058433474928
47.4 0.5096666666666667 14.208472588831
47.6 0.4666666666666667 12.95505714443484
47.8 0.402 11.11316240900431
48 0.3703333333333333 10.19509017862253
48.2 0.314 8.608393573069687
48.4 0.289 7.890272200488637
48.6 0.251 6.824596152506597
48.8 0.2123333333333333 5.749603025290364
49 0.204 5.50140467472245
49.2 0.1733333333333333 4.655394518569266
49.4 0.131 3.50415938388539
49.6 0.1013333333333333 2.69966674687255
49.8 0.078 2.069687442592843
50 0.06566666666666666 1.735459455068491
50.2 0.04633333333333333 1.219633467422292
50.4 0.03466666666666667 0.908910358387333
50.6 0.025 0.6528734331681587
50.8 0.011 0.2861333487412576
51 0.008 0.2072809143109574
51.2 0.003 0.07742670871478632
