1000 0.000000 0.000000
2000 0.000000 0.000000
3000 0.000000 0.000000
4000 0.000000 0.000000
5000 0.000000 0.000000
6000 0.000000 0.000000
7000 0.000000 0.000000
8000 0.000000 0.000000
9000 0.000000 0.000000
10000 0.000000 0.000000
11000 0.000000 0.000000
12000 0.000000 0.000000
13000 0.000000 0.000000
14000 0.000000 0.000000
15000 0.000000 0.000000
16000 0.000000 0.000000
17000 0.000000 0.000000
18000 0.000000 0.000000
19000 0.000000 0.000000
20000 0.000000 0.000000
21000 0.000000 0.000000
22000 0.000000 0.000000
23000 0.000000 0.000000
24000 0.000000 0.000000
25000 0.000000 0.000000
26000 0.000000 0.000000
27000 0.000000 0.000000
28000 0.000000 0.000000
29000 0.000000 0.000000
30000 0.000000 0.000000
31000 0.000000 0.000000
32000 0.000000 0.000000
33000 0.000000 0.000000
34000 0.000000 0.000000
35000 0.000000 0.000000
36000 0.000000 0.000000
37000 0.000000 0.000000
38000 0.000000 0.000000
39000 0.000000 0.000000
40000 0.000000 0.000000
41000 0.000000 0.000000
42000 0.000000 0.000000
43000 0.000000 0.000000
44000 0.000000 0.000000
45000 0.000000 0.000000
46000 0.000000 0.000000
47000 0.000000 0.000000
48000 0.000000 0.000000
49000 0.000000 0.000000
50000 0.000000 0.000000
51000 0.000000 0.000000
52000 0.000000 0.000000
53000 0.000000 0.000000
54000 0.000000 0.000000
55000 0.000000 0.000000
56000 0.000000 0.000000
57000 0.000000 0.000000
58000 0.000000 0.000000
59000 0.000000 0.000000
60000 0.000000 0.000000
61000 0.000000 0.000000
62000 0.000000 0.000000
63000 0.000000 0.000000
64000 0.000000 0.000000
65000 0.000000 0.000000
66000 0.000000 0.000000
67000 0.000000 0.000000
68000 0.000000 0.000000
69000 0.000000 0.000000
70000 0.000000 0.000000
71000 0.000000 0.000000
72000 0.000000 0.000000
73000 0.000000 0.000000
74000 0.000000 0.000000
75000 0.000000 0.000000
76000 0.000000 0.000000
77000 0.000000 0.000000
78000 0.000000 0.000000
79000 0.000000 0.000000
80000 0.000000 0.000000
81000 0.000000 0.000000
82000 0.000000 0.000000
83000 0.000000 0.000000
84000 0.000000 0.000000
85000 0.000000 0.000000
86000 0.000000 0.000000
87000 0.000000 0.000000
88000 0.000000 0.000000
89000 0.000000 0.000000
90000 0.000000 0.000000
91000 0.000000 0.000000
92000 0.000000 0.000000
93000 0.000000 0.000000
94000 0.000000 0.000000
95000 0.000000 0.000000
96000 0.000000 0.000000
97000 0.000000 0.000000
98000 0.000000 0.000000
99000 0.000000 0.000000
100000 0.000000 0.000000
101000 0.000000 0.000000
102000 0.000000 0.000000
103000 0.000000 0.000000
104000 0.000000 0.000000
105000 0.000000 0.000000
106000 0.000000 0.000000
107000 0.000000 0.000000
108000 0.000000 0.000000
109000 0.000000 0.000000
110000 0.000000 0.000000
111000 0.000000 0.000000
112000 0.000000 0.000000
113000 0.000000 0.000000
114000 0.000000 0.000000
115000 0.000000 0.000000
116000 0.000000 0.000000
117000 0.000000 0.000000
118000 0.000000 0.000000
119000 0.000000 0.000000
120000 0.000000 0.000000
121000 0.000000 0.000000
122000 0.000000 0.000000
123000 0.000000 0.000000
124000 0.000000 0.000000
125000 0.000000 0.000000
126000 0.000000 0.000000
127000 0.000000 0.000000
128000 0.000000 0.000000
129000 0.000000 0.000000
130000 0.000000 0.000000
131000 0.000000 0.000000
132000 0.000000 0.000000
133000 0.000000 0.000000
134000 0.000000 0.000000
135000 0.000000 0.000000
136000 0.000000 0.000000
137000 0.000000 0.000000
138000 0.000000 0.000000
139000 0.000000 0.000000
140000 0.000000 0.000000
141000 0.000000 0.000000
142000 0.000000 0.000000
143000 0.000000 0.000000
144000 0.000000 0.000000
145000 0.000000 0.000000
146000 0.000000 0.000000
147000 0.000000 0.000000
148000 0.000000 0.000000
149000 0.000000 0.000000
150000 0.000000 0.000000
151000 0.000000 0.000000
152000 0.000000 0.000000
153000 0.000000 0.000000
154000 0.000000 0.000000
155000 0.000000 0.000000
156000 0.000000 0.000000
157000 0.000000 0.000000
158000 0.000000 0.000000
159000 0.000000 0.000000
160000 0.000000 0.000000
161000 0.000000 0.000000
162000 0.000000 0.000000
163000 0.000000 0.000000
164000 0.000000 0.000000
165000 0.000000 0.000000
166000 0.000000 0.000000
167000 0.000000 0.000000
168000 0.000000 0.000000
169000 0.000000 0.000000
170000 0.000000 0.000000
171000 0.000000 0.000000
172000 0.000000 0.000000
173000 0.000000 0.000000
174000 0.000000 0.000000
175000 0.000000 0.000000
176000 0.000000 0.000000
177000 0.000000 0.000000
178000 0.000000 0.000000
179000 0.000000 0.000000
180000 0.000000 0.000000
181000 0.000000 0.000000
182000 0.000000 0.000000
183000 0.000000 0.000000
184000 0.000000 0.000000
185000 0.000000 0.000000
186000 0.000000 0.000000
187000 0.000000 0.000000
188000 0.000000 0.000000
189000 0.000000 0.000000
190000 0.000000 0.000000
191000 0.000000 0.000000
192000 0.000000 0.000000
193000 0.000000 0.000000
194000 0.000000 0.000000
195000 0.000000 0.000000
196000 0.000000 0.000000
197000 0.000000 0.000000
198000 0.000000 0.000000
199000 0.000000 0.000000
200000 0.000000 0.000000
201000 0.000000 0.000000
202000 0.000000 0.000000
203000 0.000000 0.000000
204000 0.000000 0.000000
205000 0.000000 0.000000
206000 0.000000 0.000000
207000 0.000000 0.000000
208000 0.000000 0.000000
209000 0.000000 0.000000
210000 0.000000 0.000000
211000 0.000000 0.000000
212000 0.000000 0.000000
213000 0.000000 0.000000
214000 0.000000 0.000000
215000 0.000000 0.000000
216000 0.000000 0.000000
217000 0.000000 0.000000
218000 0.000000 0.000000
219000 0.000000 0.000000
220000 0.000000 0.000000
221000 0.000000 0.000000
222000 0.000000 0.000000
223000 0.000000 0.000000
224000 0.000000 0.000000
225000 0.000000 0.000000
226000 0.000000 0.000000
227000 0.000000 0.000000
228000 0.000000 0.000000
229000 0.000000 0.000000
230000 0.000000 0.000000
231000 0.000000 0.000000
232000 0.000000 0.000000
233000 0.000000 0.000000
234000 0.000000 0.000000
235000 0.000000 0.000000
236000 0.000000 0.000000
237000 0.000000 0.000000
238000 0.000000 0.000000
239000 0.000000 0.000000
240000 0.000000 0.000000
241000 0.000000 0.000000
242000 0.000000 0.000000
243000 0.000000 0.000000
244000 0.000000 0.000000
245000 0.000000 0.000000
246000 0.000000 0.000000
247000 0.000000 0.000000
248000 0.000000 0.000000
249000 0.000000 0.000000
250000 0.000000 0.000000
251000 0.000000 0.000000
252000 0.000000 0.000000
253000 0.000000 0.000000
254000 0.000000 0.000000
255000 0.000000 0.000000
256000 0.000000 0.000000
257000 0.000000 0.000000
258000 0.000000 0.000000
259000 0.000000 0.000000
260000 0.000000 0.000000
261000 0.000000 0.000000
262000 0.000000 0.000000
263000 0.000000 0.000000
264000 0.000000 0.000000
265000 0.000000 0.000000
266000 0.000000 0.000000
267000 0.000000 0.000000
268000 0.000000 0.000000
269000 0.000000 0.000000
270000 0.000000 0.000000
271000 0.000000 0.000000
272000 0.000000 0.000000
273000 0.000000 0.000000
274000 0.000000 0.000000
275000 0.000000 0.000000
276000 0.000000 0.000000
277000 0.000000 0.000000
278000 0.000000 0.000000
279000 0.000000 0.000000
280000 0.000000 0.000000
281000 0.000000 0.000000
282000 0.000000 0.000000
283000 0.000000 0.000000
284000 0.000000 0.000000
285000 0.000000 0.000000
286000 0.000000 0.000000
287000 0.000000 0.000000
288000 0.000000 0.000000
289000 0.000000 0.000000
290000 0.000000 0.000000
291000 0.000000 0.000000
292000 0.000000 0.000000
293000 0.000000 0.000000
294000 0.000000 0.000000
295000 0.000000 0.000000
296000 0.000000 0.000000
297000 0.000000 0.000000
298000 0.000000 0.000000
299000 0.000000 0.000000
300000 0.000000 0.000000
301000 0.000000 0.000000
302000 0.000000 0.000000
303000 0.000000 0.000000
304000 0.000000 0.000000
305000 0.000000 0.000000
306000 0.000000 0.000000
307000 0.000000 0.000000
308000 0.000000 0.000000
309000 0.000000 0.000000
310000 0.000000 0.000000
311000 0.000000 0.000000
312000 0.000000 0.000000
313000 0.000000 0.000000
314000 0.000000 0.000000
315000 0.000000 0.000000
316000 0.000000 0.000000
317000 0.000000 0.000000
318000 0.000000 0.000000
319000 0.000000 0.000000
320000 0.000000 0.000000
321000 0.000000 0.000000
322000 0.000000 0.000000
323000 0.000000 0.000000
324000 0.000000 0.000000
325000 0.000000 0.000000
326000 0.000000 0.000000
327000 0.000000 0.000000
328000 0.000000 0.000000
329000 0.000000 0.000000
330000 0.000000 0.000000
331000 0.000000 0.000000
332000 0.000000 0.000000
333000 0.000000 0.000000
334000 0.000000 0.000000
335000 0.000000 0.000000
336000 0.000000 0.000000
337000 0.000000 0.000000
338000 0.000000 0.000000
339000 0.000000 0.000000
340000 0.000000 0.000000
341000 0.000000 0.000000
342000 0.000000 0.000000
343000 0.000000 0.000000
344000 0.000000 0.000000
345000 0.000000 0.000000
346000 0.000000 0.000000
347000 0.000000 0.000000
348000 0.000000 0.000000
349000 0.000000 0.000000
350000 0.000000 0.000000
351000 0.000000 0.000000
352000 0.000000 0.000000
353000 0.000000 0.000000
354000 0.000000 0.000000
355000 0.000000 0.000000
356000 0.000000 0.000000
357000 0.000000 0.000000
358000 0.000000 0.000000
359000 0.000000 0.000000
360000 0.000000 0.000000
361000 0.000000 0.000000
362000 0.000000 0.000000
363000 0.000000 0.000000
364000 0.000000 0.000000
365000 0.000000 0.000000
366000 0.000000 0.000000
367000 0.000000 0.000000
368000 0.000000 0.000000
369000 0.000000 0.000000
370000 0.000000 0.000000
371000 0.000000 0.000000
372000 0.000000 0.000000
373000 0.000000 0.000000
374000 0.000000 0.000000
375000 0.000000 0.000000
376000 0.000000 0.000000
377000 0.000000 0.000000
378000 0.000000 0.000000
379000 0.000000 0.000000
380000 0.000000 0.000000
381000 0.000000 0.000000
382000 0.000000 0.000000
383000 0.000000 0.000000
384000 0.000000 0.000000
385000 0.000000 0.000000
386000 0.000000 0.000000
387000 0.000000 0.000000
388000 0.000000 0.000000
389000 0.000000 0.000000
390000 0.000000 0.000000
391000 0.000000 0.000000
392000 0.000000 0.000000
393000 0.000000 0.000000
394000 0.000000 0.000000
395000 0.000000 0.000000
396000 0.000000 0.000000
397000 0.000000 0.000000
398000 0.000000 0.000000
399000 0.000000 0.000000
400000 0.000000 0.000000
401000 0.000000 0.000000
402000 0.000000 0.000000
403000 0.000000 0.000000
404000 0.000000 0.000000
405000 0.000000 0.000000
406000 0.000000 0.000000
407000 0.000000 0.000000
408000 0.000000 0.000000
409000 0.000000 0.000000
410000 0.000000 0.000000
411000 0.000000 0.000000
412000 0.000000 0.000000
413000 0.000000 0.000000
414000 0.000000 0.000000
415000 0.000000 0.000000
416000 0.000000 0.000000
417000 0.000000 0.000000
418000 0.000000 0.000000
419000 0.000000 0.000000
420000 0.000000 0.000000
421000 0.000000 0.000000
422000 0.000000 0.000000
423000 0.000000 0.000000
424000 0.000000 0.000000
425000 0.000000 0.000000
426000 0.000000 0.000000
427000 1.000000 0.002342
428000 0.000000 0.002336
429000 0.000000 0.002331
430000 0.000000 0.002326
431000 0.000000 0.002320
432000 0.000000 0.002315
433000 0.000000 0.002309
434000 0.000000 0.002304
435000 0.000000 0.002299
436000 0.000000 0.002294
437000 0.000000 0.002288
438000 0.000000 0.002283
439000 0.000000 0.002278
440000 0.000000 0.002273
441000 0.000000 0.002268
442000 0.000000 0.002262
443000 0.000000 0.002257
444000 0.000000 0.002252
445000 0.000000 0.002247
446000 0.000000 0.002242
447000 0.000000 0.002237
448000 0.000000 0.002232
449000 0.000000 0.002227
450000 0.000000 0.002222
451000 0.000000 0.002217
452000 0.000000 0.002212
453000 0.000000 0.002208
454000 0.000000 0.002203
455000 0.000000 0.002198
456000 0.000000 0.002193
457000 0.000000 0.002188
458000 0.000000 0.002183
459000 0.000000 0.002179
460000 0.000000 0.002174
461000 0.000000 0.002169
462000 0.000000 0.002165
463000 0.000000 0.002160
464000 0.000000 0.002155
465000 0.000000 0.002151
466000 0.000000 0.002146
467000 0.000000 0.002141
468000 0.000000 0.002137
469000 0.000000 0.002132
470000 0.000000 0.002128
471000 0.000000 0.002123
472000 0.000000 0.002119
473000 0.000000 0.002114
474000 0.000000 0.002110
475000 0.000000 0.002105
476000 0.000000 0.002101
477000 0.000000 0.002096
478000 0.000000 0.002092
479000 0.000000 0.002088
480000 0.000000 0.002083
481000 0.000000 0.002079
482000 0.000000 0.002075
483000 0.000000 0.002070
484000 0.000000 0.002066
485000 0.000000 0.002062
486000 0.000000 0.002058
487000 0.000000 0.002053
488000 0.000000 0.002049
489000 0.000000 0.002045
490000 0.000000 0.002041
491000 0.000000 0.002037
492000 0.000000 0.002033
493000 0.000000 0.002028
494000 0.000000 0.002024
495000 0.000000 0.002020
496000 0.000000 0.002016
497000 0.000000 0.002012
498000 0.000000 0.002008
499000 0.000000 0.002004
500000 0.000000 0.002000
501000 0.000000 0.001996
502000 0.000000 0.001992
503000 0.000000 0.001988
504000 0.000000 0.001984
505000 0.000000 0.001980
506000 0.000000 0.001976
507000 0.000000 0.001972
508000 0.000000 0.001969
509000 0.000000 0.001965
510000 0.000000 0.001961
511000 0.000000 0.001957
512000 0.000000 0.001953
513000 0.000000 0.001949
514000 0.000000 0.001946
515000 0.000000 0.001942
516000 0.000000 0.001938
517000 0.000000 0.001934
518000 0.000000 0.001931
519000 0.000000 0.001927
520000 0.000000 0.001923
521000 0.000000 0.001919
522000 0.000000 0.001916
523000 0.000000 0.001912
524000 0.000000 0.001908
525000 0.000000 0.001905
526000 0.000000 0.001901
527000 0.000000 0.001898
528000 0.000000 0.001894
529000 0.000000 0.001890
530000 0.000000 0.001887
531000 0.000000 0.001883
532000 0.000000 0.001880
533000 0.000000 0.001876
534000 0.000000 0.001873
535000 0.000000 0.001869
536000 0.000000 0.001866
537000 0.000000 0.001862
538000 0.000000 0.001859
539000 0.000000 0.001855
540000 0.000000 0.001852
541000 0.000000 0.001848
542000 0.000000 0.001845
543000 0.000000 0.001842
544000 0.000000 0.001838
545000 0.000000 0.001835
546000 0.000000 0.001832
547000 0.000000 0.001828
548000 0.000000 0.001825
549000 0.000000 0.001821
550000 0.000000 0.001818
551000 0.000000 0.001815
552000 0.000000 0.001812
553000 0.000000 0.001808
554000 0.000000 0.001805
555000 0.000000 0.001802
556000 0.000000 0.001799
557000 0.000000 0.001795
558000 0.000000 0.001792
559000 0.000000 0.001789
560000 0.000000 0.001786
561000 0.000000 0.001783
562000 0.000000 0.001779
563000 0.000000 0.001776
564000 0.000000 0.001773
565000 0.000000 0.001770
566000 0.000000 0.001767
567000 0.000000 0.001764
568000 0.000000 0.001761
569000 0.000000 0.001757
570000 0.000000 0.001754
571000 0.000000 0.001751
572000 0.000000 0.001748
573000 0.000000 0.001745
574000 0.000000 0.001742
575000 0.000000 0.001739
576000 0.000000 0.001736
577000 0.000000 0.001733
578000 0.000000 0.001730
579000 0.000000 0.001727
580000 0.000000 0.001724
581000 0.000000 0.001721
582000 0.000000 0.001718
583000 0.000000 0.001715
584000 0.000000 0.001712
585000 0.000000 0.001709
586000 0.000000 0.001706
587000 0.000000 0.001704
588000 0.000000 0.001701
589000 0.000000 0.001698
590000 0.000000 0.001695
591000 0.000000 0.001692
592000 0.000000 0.001689
593000 0.000000 0.001686
594000 0.000000 0.001684
595000 0.000000 0.001681
596000 0.000000 0.001678
597000 0.000000 0.001675
598000 0.000000 0.001672
599000 0.000000 0.001669
600000 0.000000 0.001667
601000 0.000000 0.001664
602000 0.000000 0.001661
603000 0.000000 0.001658
604000 0.000000 0.001656
605000 0.000000 0.001653
606000 0.000000 0.001650
607000 0.000000 0.001647
608000 0.000000 0.001645
609000 0.000000 0.001642
610000 0.000000 0.001639
611000 0.000000 0.001637
612000 0.000000 0.001634
613000 0.000000 0.001631
614000 0.000000 0.001629
615000 0.000000 0.001626
616000 0.000000 0.001623
617000 0.000000 0.001621
618000 0.000000 0.001618
619000 0.000000 0.001616
620000 0.000000 0.001613
621000 0.000000 0.001610
622000 0.000000 0.001608
623000 0.000000 0.001605
624000 0.000000 0.001603
625000 0.000000 0.001600
626000 0.000000 0.001597
627000 0.000000 0.001595
628000 0.000000 0.001592
629000 0.000000 0.001590
630000 0.000000 0.001587
631000 0.000000 0.001585
632000 0.000000 0.001582
633000 0.000000 0.001580
634000 0.000000 0.001577
635000 0.000000 0.001575
636000 0.000000 0.001572
637000 0.000000 0.001570
638000 0.000000 0.001567
639000 0.000000 0.001565
640000 0.000000 0.001563
641000 0.000000 0.001560
642000 0.000000 0.001558
643000 0.000000 0.001555
644000 0.000000 0.001553
645000 0.000000 0.001550
646000 0.000000 0.001548
647000 0.000000 0.001546
648000 0.000000 0.001543
649000 0.000000 0.001541
650000 0.000000 0.001538
651000 0.000000 0.001536
652000 0.000000 0.001534
653000 0.000000 0.001531
654000 0.000000 0.001529
655000 0.000000 0.001527
656000 0.000000 0.001524
657000 0.000000 0.001522
658000 0.000000 0.001520
659000 0.000000 0.001517
660000 0.000000 0.001515
661000 0.000000 0.001513
662000 0.000000 0.001511
663000 0.000000 0.001508
664000 0.000000 0.001506
665000 0.000000 0.001504
666000 0.000000 0.001502
667000 0.000000 0.001499
668000 0.000000 0.001497
669000 0.000000 0.001495
670000 0.000000 0.001493
671000 0.000000 0.001490
672000 0.000000 0.001488
673000 0.000000 0.001486
674000 0.000000 0.001484
675000 0.000000 0.001481
676000 0.000000 0.001479
677000 0.000000 0.001477
678000 0.000000 0.001475
679000 0.000000 0.001473
680000 0.000000 0.001471
681000 0.000000 0.001468
682000 0.000000 0.001466
683000 0.000000 0.001464
684000 0.000000 0.001462
685000 0.000000 0.001460
686000 0.000000 0.001458
687000 0.000000 0.001456
688000 0.000000 0.001453
689000 0.000000 0.001451
690000 0.000000 0.001449
691000 0.000000 0.001447
692000 0.000000 0.001445
693000 0.000000 0.001443
694000 0.000000 0.001441
695000 0.000000 0.001439
696000 0.000000 0.001437
697000 0.000000 0.001435
698000 0.000000 0.001433
699000 0.000000 0.001431
700000 0.000000 0.001429
701000 0.000000 0.001427
702000 0.000000 0.001425
703000 0.000000 0.001422
704000 0.000000 0.001420
705000 0.000000 0.001418
706000 0.000000 0.001416
707000 0.000000 0.001414
708000 0.000000 0.001412
709000 0.000000 0.001410
710000 0.000000 0.001408
711000 0.000000 0.001406
712000 0.000000 0.001404
713000 0.000000 0.001403
714000 0.000000 0.001401
715000 0.000000 0.001399
716000 0.000000 0.001397
717000 0.000000 0.001395
718000 0.000000 0.001393
719000 1.000000 0.002782
720000 0.000000 0.002778
721000 0.000000 0.002774
722000 0.000000 0.002770
723000 0.000000 0.002766
724000 0.000000 0.002762
725000 0.000000 0.002759
726000 0.000000 0.002755
727000 0.000000 0.002751
728000 0.000000 0.002747
729000 0.000000 0.002743
730000 0.000000 0.002740
731000 0.000000 0.002736
732000 0.000000 0.002732
733000 0.000000 0.002729
734000 0.000000 0.002725
735000 0.000000 0.002721
736000 0.000000 0.002717
737000 0.000000 0.002714
738000 0.000000 0.002710
739000 0.000000 0.002706
740000 0.000000 0.002703
741000 0.000000 0.002699
742000 0.000000 0.002695
743000 0.000000 0.002692
744000 0.000000 0.002688
745000 0.000000 0.002685
746000 0.000000 0.002681
747000 0.000000 0.002677
748000 0.000000 0.002674
749000 0.000000 0.002670
750000 0.000000 0.002667
751000 0.000000 0.002663
752000 0.000000 0.002660
753000 0.000000 0.002656
754000 0.000000 0.002653
755000 0.000000 0.002649
756000 0.000000 0.002646
757000 0.000000 0.002642
758000 0.000000 0.002639
759000 0.000000 0.002635
760000 0.000000 0.002632
761000 0.000000 0.002628
762000 0.000000 0.002625
763000 0.000000 0.002621
764000 0.000000 0.002618
765000 0.000000 0.002614
766000 0.000000 0.002611
767000 0.000000 0.002608
768000 0.000000 0.002604
769000 0.000000 0.002601
770000 0.000000 0.002597
771000 0.000000 0.002594
772000 0.000000 0.002591
773000 0.000000 0.002587
774000 0.000000 0.002584
775000 0.000000 0.002581
776000 0.000000 0.002577
777000 0.000000 0.002574
778000 0.000000 0.002571
779000 0.000000 0.002567
780000 0.000000 0.002564
781000 0.000000 0.002561
782000 0.000000 0.002558
783000 0.000000 0.002554
784000 0.000000 0.002551
785000 0.000000 0.002548
786000 0.000000 0.002545
787000 0.000000 0.002541
788000 0.000000 0.002538
789000 0.000000 0.002535
790000 0.000000 0.002532
791000 0.000000 0.002528
792000 0.000000 0.002525
793000 0.000000 0.002522
794000 0.000000 0.002519
795000 0.000000 0.002516
796000 0.000000 0.002513
797000 0.000000 0.002509
798000 0.000000 0.002506
799000 0.000000 0.002503
800000 0.000000 0.002500
801000 0.000000 0.002497
802000 0.000000 0.002494
803000 0.000000 0.002491
804000 0.000000 0.002488
805000 0.000000 0.002484
806000 0.000000 0.002481
807000 0.000000 0.002478
808000 0.000000 0.002475
809000 0.000000 0.002472
810000 0.000000 0.002469
811000 0.000000 0.002466
812000 0.000000 0.002463
813000 0.000000 0.002460
814000 0.000000 0.002457
815000 0.000000 0.002454
816000 0.000000 0.002451
817000 0.000000 0.002448
818000 0.000000 0.002445
819000 0.000000 0.002442
820000 0.000000 0.002439
821000 0.000000 0.002436
822000 0.000000 0.002433
823000 0.000000 0.002430
824000 0.000000 0.002427
825000 0.000000 0.002424
826000 0.000000 0.002421
827000 0.000000 0.002418
828000 0.000000 0.002415
829000 0.000000 0.002413
830000 0.000000 0.002410
831000 0.000000 0.002407
832000 0.000000 0.002404
833000 0.000000 0.002401
834000 0.000000 0.002398
835000 0.000000 0.002395
836000 0.000000 0.002392
837000 0.000000 0.002389
838000 0.000000 0.002387
839000 0.000000 0.002384
840000 0.000000 0.002381
841000 0.000000 0.002378
842000 0.000000 0.002375
843000 0.000000 0.002372
844000 0.000000 0.002370
845000 0.000000 0.002367
846000 0.000000 0.002364
847000 0.000000 0.002361
848000 0.000000 0.002358
849000 0.000000 0.002356
850000 0.000000 0.002353
851000 0.000000 0.002350
852000 0.000000 0.002347
853000 0.000000 0.002345
854000 0.000000 0.002342
855000 0.000000 0.002339
856000 0.000000 0.002336
857000 0.000000 0.002334
858000 0.000000 0.002331
859000 0.000000 0.002328
860000 0.000000 0.002326
861000 0.000000 0.002323
862000 0.000000 0.002320
863000 0.000000 0.002317
864000 0.000000 0.002315
865000 0.000000 0.002312
866000 0.000000 0.002309
867000 0.000000 0.002307
868000 0.000000 0.002304
869000 0.000000 0.002301
870000 0.000000 0.002299
871000 0.000000 0.002296
872000 0.000000 0.002294
873000 0.000000 0.002291
874000 0.000000 0.002288
875000 0.000000 0.002286
876000 0.000000 0.002283
877000 0.000000 0.002281
878000 0.000000 0.002278
879000 0.000000 0.002275
880000 0.000000 0.002273
881000 0.000000 0.002270
882000 0.000000 0.002268
883000 0.000000 0.002265
884000 0.000000 0.002262
885000 0.000000 0.002260
886000 0.000000 0.002257
887000 0.000000 0.002255
888000 0.000000 0.002252
889000 0.000000 0.002250
890000 0.000000 0.002247
891000 0.000000 0.002245
892000 0.000000 0.002242
893000 0.000000 0.002240
894000 0.000000 0.002237
895000 0.000000 0.002235
896000 0.000000 0.002232
897000 0.000000 0.002230
898000 0.000000 0.002227
899000 0.000000 0.002225
900000 0.000000 0.002222
901000 0.000000 0.002220
902000 0.000000 0.002217
903000 0.000000 0.002215
904000 0.000000 0.002212
905000 0.000000 0.002210
906000 0.000000 0.002208
907000 0.000000 0.002205
908000 0.000000 0.002203
909000 0.000000 0.002200
910000 0.000000 0.002198
911000 0.000000 0.002195
912000 0.000000 0.002193
913000 0.000000 0.002191
914000 0.000000 0.002188
915000 0.000000 0.002186
916000 0.000000 0.002183
917000 0.000000 0.002181
918000 0.000000 0.002179
919000 0.000000 0.002176
920000 0.000000 0.002174
921000 0.000000 0.002172
922000 0.000000 0.002169
923000 0.000000 0.002167
924000 0.000000 0.002165
925000 0.000000 0.002162
926000 0.000000 0.002160
927000 0.000000 0.002157
928000 0.000000 0.002155
929000 0.000000 0.002153
930000 0.000000 0.002151
931000 0.000000 0.002148
932000 0.000000 0.002146
933000 0.000000 0.002144
934000 0.000000 0.002141
935000 0.000000 0.002139
936000 0.000000 0.002137
937000 0.000000 0.002134
938000 0.000000 0.002132
939000 0.000000 0.002130
940000 0.000000 0.002128
941000 0.000000 0.002125
942000 0.000000 0.002123
943000 0.000000 0.002121
944000 0.000000 0.002119
945000 0.000000 0.002116
946000 0.000000 0.002114
947000 0.000000 0.002112
948000 0.000000 0.002110
949000 0.000000 0.002107
950000 0.000000 0.002105
951000 0.000000 0.002103
952000 0.000000 0.002101
953000 0.000000 0.002099
954000 0.000000 0.002096
955000 0.000000 0.002094
956000 0.000000 0.002092
957000 0.000000 0.002090
958000 0.000000 0.002088
959000 0.000000 0.002086
960000 0.000000 0.002083
961000 0.000000 0.002081
962000 0.000000 0.002079
963000 0.000000 0.002077
964000 0.000000 0.002075
965000 0.000000 0.002073
966000 0.000000 0.002070
967000 0.000000 0.002068
968000 0.000000 0.002066
969000 0.000000 0.002064
970000 0.000000 0.002062
971000 0.000000 0.002060
972000 0.000000 0.002058
973000 0.000000 0.002055
974000 0.000000 0.002053
975000 0.000000 0.002051
976000 0.000000 0.002049
977000 0.000000 0.002047
978000 0.000000 0.002045
979000 0.000000 0.002043
980000 0.000000 0.002041
981000 0.000000 0.002039
982000 0.000000 0.002037
983000 0.000000 0.002035
984000 0.000000 0.002033
985000 0.000000 0.002030
986000 0.000000 0.002028
987000 0.000000 0.002026
988000 0.000000 0.002024
989000 0.000000 0.002022
990000 0.000000 0.002020
991000 0.000000 0.002018
992000 0.000000 0.002016
993000 0.000000 0.002014
994000 0.000000 0.002012
995000 0.000000 0.002010
996000 0.000000 0.002008
997000 0.000000 0.002006
998000 0.000000 0.002004
999000 0.000000 0.002002
1000000 0.000000 0.002000
1001000 0.000000 0.001998
1002000 0.000000 0.001996
1003000 0.000000 0.001994
1004000 0.000000 0.001992
1005000 0.000000 0.001990
1006000 0.000000 0.001988
1007000 0.000000 0.001986
1008000 0.000000 0.001984
1009000 0.000000 0.001982
1010000 0.000000 0.001980
1011000 0.000000 0.001978
1012000 0.000000 0.001976
1013000 0.000000 0.001974
1014000 0.000000 0.001972
1015000 0.000000 0.001970
1016000 0.000000 0.001969
1017000 0.000000 0.001967
1018000 0.000000 0.001965
1019000 0.000000 0.001963
1020000 0.000000 0.001961
1021000 0.000000 0.001959
1022000 0.000000 0.001957
1023000 0.000000 0.001955
1024000 0.000000 0.001953
1025000 0.000000 0.001951
1026000 0.000000 0.001949
1027000 0.000000 0.001947
1028000 0.000000 0.001946
1029000 0.000000 0.001944
1030000 0.000000 0.001942
1031000 0.000000 0.001940
1032000 0.000000 0.001938
1033000 0.000000 0.001936
1034000 0.000000 0.001934
1035000 0.000000 0.001932
1036000 0.000000 0.001931
1037000 0.000000 0.001929
1038000 0.000000 0.001927
1039000 0.000000 0.001925
1040000 0.000000 0.001923
1041000 0.000000 0.001921
1042000 0.000000 0.001919
1043000 0.000000 0.001918
1044000 0.000000 0.001916
1045000 0.000000 0.001914
1046000 0.000000 0.001912
1047000 0.000000 0.001910
1048000 0.000000 0.001908
1049000 0.000000 0.001907
1050000 0.000000 0.001905
1051000 0.000000 0.001903
1052000 0.000000 0.001901
1053000 0.000000 0.001899
1054000 0.000000 0.001898
1055000 0.000000 0.001896
1056000 0.000000 0.001894
1057000 0.000000 0.001892
1058000 0.000000 0.001890
1059000 1.000000 0.002833
1060000 0.000000 0.002830
1061000 0.000000 0.002828
1062000 0.000000 0.002825
1063000 0.000000 0.002822
1064000 0.000000 0.002820
1065000 0.000000 0.002817
1066000 0.000000 0.002814
1067000 0.000000 0.002812
1068000 0.000000 0.002809
1069000 0.000000 0.002806
1070000 0.000000 0.002804
1071000 0.000000 0.002801
1072000 0.000000 0.002799
1073000 0.000000 0.002796
1074000 0.000000 0.002793
1075000 0.000000 0.002791
1076000 0.000000 0.002788
1077000 0.000000 0.002786
1078000 0.000000 0.002783
1079000 0.000000 0.002780
1080000 0.000000 0.002778
1081000 0.000000 0.002775
1082000 0.000000 0.002773
1083000 0.000000 0.002770
1084000 0.000000 0.002768
1085000 0.000000 0.002765
1086000 0.000000 0.002762
1087000 0.000000 0.002760
1088000 0.000000 0.002757
1089000 0.000000 0.002755
1090000 0.000000 0.002752
1091000 0.000000 0.002750
1092000 0.000000 0.002747
1093000 0.000000 0.002745
1094000 0.000000 0.002742
1095000 0.000000 0.002740
1096000 0.000000 0.002737
1097000 0.000000 0.002735
1098000 0.000000 0.002732
1099000 0.000000 0.002730
1100000 0.000000 0.002727
1101000 0.000000 0.002725
1102000 0.000000 0.002722
1103000 0.000000 0.002720
1104000 0.000000 0.002717
1105000 0.000000 0.002715
1106000 0.000000 0.002712
1107000 0.000000 0.002710
1108000 0.000000 0.002708
1109000 0.000000 0.002705
1110000 0.000000 0.002703
1111000 0.000000 0.002700
1112000 0.000000 0.002698
1113000 0.000000 0.002695
1114000 0.000000 0.002693
1115000 0.000000 0.002691
1116000 0.000000 0.002688
1117000 0.000000 0.002686
1118000 0.000000 0.002683
1119000 0.000000 0.002681
1120000 0.000000 0.002679
1121000 0.000000 0.002676
1122000 0.000000 0.002674
1123000 0.000000 0.002671
1124000 0.000000 0.002669
1125000 0.000000 0.002667
1126000 0.000000 0.002664
1127000 0.000000 0.002662
1128000 0.000000 0.002660
1129000 0.000000 0.002657
1130000 0.000000 0.002655
1131000 0.000000 0.002653
1132000 0.000000 0.002650
1133000 0.000000 0.002648
1134000 0.000000 0.002646
1135000 0.000000 0.002643
1136000 0.000000 0.002641
1137000 0.000000 0.002639
1138000 0.000000 0.002636
1139000 0.000000 0.002634
1140000 0.000000 0.002632
1141000 0.000000 0.002629
1142000 0.000000 0.002627
1143000 0.000000 0.002625
1144000 0.000000 0.002622
1145000 0.000000 0.002620
1146000 0.000000 0.002618
1147000 0.000000 0.002616
1148000 0.000000 0.002613
1149000 0.000000 0.002611
1150000 0.000000 0.002609
1151000 0.000000 0.002606
1152000 0.000000 0.002604
1153000 0.000000 0.002602
1154000 0.000000 0.002600
1155000 0.000000 0.002597
1156000 0.000000 0.002595
1157000 0.000000 0.002593
1158000 0.000000 0.002591
1159000 0.000000 0.002588
1160000 0.000000 0.002586
1161000 0.000000 0.002584
1162000 0.000000 0.002582
1163000 0.000000 0.002580
1164000 0.000000 0.002577
1165000 0.000000 0.002575
1166000 0.000000 0.002573
1167000 0.000000 0.002571
1168000 0.000000 0.002568
1169000 0.000000 0.002566
1170000 0.000000 0.002564
1171000 0.000000 0.002562
1172000 0.000000 0.002560
1173000 0.000000 0.002558
1174000 0.000000 0.002555
1175000 0.000000 0.002553
1176000 0.000000 0.002551
1177000 0.000000 0.002549
1178000 0.000000 0.002547
1179000 0.000000 0.002545
1180000 0.000000 0.002542
1181000 0.000000 0.002540
1182000 0.000000 0.002538
1183000 0.000000 0.002536
1184000 0.000000 0.002534
1185000 0.000000 0.002532
1186000 0.000000 0.002530
1187000 0.000000 0.002527
1188000 0.000000 0.002525
1189000 0.000000 0.002523
1190000 0.000000 0.002521
1191000 0.000000 0.002519
1192000 0.000000 0.002517
1193000 0.000000 0.002515
1194000 0.000000 0.002513
1195000 0.000000 0.002510
1196000 0.000000 0.002508
1197000 0.000000 0.002506
1198000 0.000000 0.002504
1199000 0.000000 0.002502
1200000 0.000000 0.002500
1201000 0.000000 0.002498
1202000 0.000000 0.002496
1203000 0.000000 0.002494
1204000 0.000000 0.002492
1205000 0.000000 0.002490
1206000 0.000000 0.002488
1207000 0.000000 0.002486
1208000 0.000000 0.002483
1209000 0.000000 0.002481
1210000 0.000000 0.002479
1211000 0.000000 0.002477
1212000 0.000000 0.002475
1213000 0.000000 0.002473
1214000 0.000000 0.002471
1215000 0.000000 0.002469
1216000 0.000000 0.002467
1217000 0.000000 0.002465
1218000 0.000000 0.002463
1219000 0.000000 0.002461
1220000 0.000000 0.002459
1221000 0.000000 0.002457
1222000 0.000000 0.002455
1223000 0.000000 0.002453
1224000 0.000000 0.002451
1225000 0.000000 0.002449
1226000 0.000000 0.002447
1227000 0.000000 0.002445
1228000 0.000000 0.002443
1229000 0.000000 0.002441
1230000 0.000000 0.002439
1231000 0.000000 0.002437
1232000 0.000000 0.002435
1233000 0.000000 0.002433
1234000 0.000000 0.002431
1235000 0.000000 0.002429
1236000 0.000000 0.002427
1237000 0.000000 0.002425
1238000 0.000000 0.002423
1239000 0.000000 0.002421
1240000 0.000000 0.002419
1241000 0.000000 0.002417
1242000 0.000000 0.002415
1243000 0.000000 0.002414
1244000 0.000000 0.002412
1245000 0.000000 0.002410
1246000 0.000000 0.002408
1247000 0.000000 0.002406
1248000 0.000000 0.002404
1249000 0.000000 0.002402
1250000 0.000000 0.002400
1251000 0.000000 0.002398
1252000 0.000000 0.002396
1253000 0.000000 0.002394
1254000 0.000000 0.002392
1255000 0.000000 0.002390
1256000 0.000000 0.002389
1257000 0.000000 0.002387
1258000 0.000000 0.002385
1259000 0.000000 0.002383
1260000 0.000000 0.002381
1261000 0.000000 0.002379
1262000 0.000000 0.002377
1263000 0.000000 0.002375
1264000 0.000000 0.002373
1265000 0.000000 0.002372
1266000 0.000000 0.002370
1267000 0.000000 0.002368
1268000 0.000000 0.002366
1269000 0.000000 0.002364
1270000 0.000000 0.002362
1271000 0.000000 0.002360
1272000 0.000000 0.002358
1273000 0.000000 0.002357
1274000 0.000000 0.002355
1275000 0.000000 0.002353
1276000 0.000000 0.002351
1277000 0.000000 0.002349
1278000 0.000000 0.002347
1279000 0.000000 0.002346
1280000 0.000000 0.002344
1281000 0.000000 0.002342
1282000 0.000000 0.002340
1283000 0.000000 0.002338
1284000 0.000000 0.002336
1285000 0.000000 0.002335
1286000 0.000000 0.002333
1287000 0.000000 0.002331
1288000 0.000000 0.002329
1289000 0.000000 0.002327
1290000 0.000000 0.002326
1291000 0.000000 0.002324
1292000 0.000000 0.002322
1293000 0.000000 0.002320
1294000 0.000000 0.002318
1295000 0.000000 0.002317
1296000 0.000000 0.002315
1297000 0.000000 0.002313
1298000 0.000000 0.002311
1299000 0.000000 0.002309
1300000 0.000000 0.002308
1301000 0.000000 0.002306
1302000 0.000000 0.002304
1303000 0.000000 0.002302
1304000 0.000000 0.002301
1305000 0.000000 0.002299
1306000 0.000000 0.002297
1307000 0.000000 0.002295
1308000 0.000000 0.002294
1309000 0.000000 0.002292
1310000 0.000000 0.002290
1311000 0.000000 0.002288
1312000 0.000000 0.002287
1313000 0.000000 0.002285
1314000 0.000000 0.002283
1315000 0.000000 0.002281
1316000 0.000000 0.002280
1317000 0.000000 0.002278
1318000 0.000000 0.002276
1319000 0.000000 0.002274
1320000 0.000000 0.002273
1321000 0.000000 0.002271
1322000 0.000000 0.002269
1323000 0.000000 0.002268
1324000 0.000000 0.002266
1325000 0.000000 0.002264
1326000 0.000000 0.002262
1327000 0.000000 0.002261
1328000 0.000000 0.002259
1329000 0.000000 0.002257
1330000 0.000000 0.002256
1331000 0.000000 0.002254
1332000 0.000000 0.002252
1333000 0.000000 0.002251
1334000 0.000000 0.002249
1335000 0.000000 0.002247
1336000 0.000000 0.002246
1337000 0.000000 0.002244
1338000 0.000000 0.002242
1339000 0.000000 0.002240
1340000 0.000000 0.002239
1341000 0.000000 0.002237
1342000 0.000000 0.002235
1343000 0.000000 0.002234
1344000 0.000000 0.002232
1345000 0.000000 0.002230
1346000 0.000000 0.002229
1347000 0.000000 0.002227
1348000 0.000000 0.002226
1349000 0.000000 0.002224
1350000 0.000000 0.002222
1351000 0.000000 0.002221
1352000 0.000000 0.002219
1353000 0.000000 0.002217
1354000 0.000000 0.002216
1355000 0.000000 0.002214
1356000 0.000000 0.002212
1357000 0.000000 0.002211
1358000 0.000000 0.002209
1359000 0.000000 0.002208
1360000 0.000000 0.002206
1361000 0.000000 0.002204
1362000 0.000000 0.002203
1363000 0.000000 0.002201
1364000 0.000000 0.002199
1365000 0.000000 0.002198
1366000 0.000000 0.002196
1367000 0.000000 0.002195
1368000 0.000000 0.002193
1369000 0.000000 0.002191
1370000 0.000000 0.002190
1371000 0.000000 0.002188
1372000 0.000000 0.002187
1373000 0.000000 0.002185
1374000 0.000000 0.002183
1375000 0.000000 0.002182
1376000 0.000000 0.002180
1377000 0.000000 0.002179
1378000 0.000000 0.002177
1379000 0.000000 0.002175
1380000 0.000000 0.002174
1381000 0.000000 0.002172
1382000 0.000000 0.002171
1383000 0.000000 0.002169
1384000 0.000000 0.002168
1385000 0.000000 0.002166
1386000 0.000000 0.002165
1387000 0.000000 0.002163
1388000 0.000000 0.002161
1389000 0.000000 0.002160
1390000 0.000000 0.002158
1391000 0.000000 0.002157
1392000 0.000000 0.002155
1393000 0.000000 0.002154
1394000 0.000000 0.002152
1395000 0.000000 0.002151
1396000 0.000000 0.002149
1397000 0.000000 0.002147
1398000 0.000000 0.002146
1399000 0.000000 0.002144
1400000 0.000000 0.002143
1401000 0.000000 0.002141
1402000 0.000000 0.002140
1403000 0.000000 0.002138
1404000 0.000000 0.002137
1405000 0.000000 0.002135
1406000 0.000000 0.002134
1407000 0.000000 0.002132
1408000 0.000000 0.002131
1409000 0.000000 0.002129
1410000 0.000000 0.002128
1411000 0.000000 0.002126
1412000 0.000000 0.002125
1413000 0.000000 0.002123
1414000 0.000000 0.002122
1415000 0.000000 0.002120
1416000 0.000000 0.002119
1417000 0.000000 0.002117
1418000 0.000000 0.002116
1419000 0.000000 0.002114
1420000 0.000000 0.002113
1421000 0.000000 0.002111
1422000 0.000000 0.002110
1423000 0.000000 0.002108
1424000 0.000000 0.002107
1425000 0.000000 0.002105
1426000 0.000000 0.002104
1427000 0.000000 0.002102
1428000 0.000000 0.002101
1429000 0.000000 0.002099
1430000 0.000000 0.002098
1431000 0.000000 0.002096
1432000 0.000000 0.002095
1433000 0.000000 0.002094
1434000 0.000000 0.002092
1435000 0.000000 0.002091
1436000 0.000000 0.002089
1437000 0.000000 0.002088
1438000 0.000000 0.002086
1439000 0.000000 0.002085
1440000 0.000000 0.002083
1441000 0.000000 0.002082
1442000 0.000000 0.002080
1443000 0.000000 0.002079
1444000 0.000000 0.002078
1445000 0.000000 0.002076
1446000 0.000000 0.002075
1447000 0.000000 0.002073
1448000 0.000000 0.002072
1449000 0.000000 0.002070
1450000 0.000000 0.002069
1451000 0.000000 0.002068
1452000 0.000000 0.002066
1453000 0.000000 0.002065
1454000 0.000000 0.002063
1455000 0.000000 0.002062
1456000 0.000000 0.002060
1457000 0.000000 0.002059
1458000 0.000000 0.002058
1459000 0.000000 0.002056
1460000 0.000000 0.002055
1461000 0.000000 0.002053
1462000 0.000000 0.002052
1463000 0.000000 0.002051
1464000 0.000000 0.002049
1465000 0.000000 0.002048
1466000 0.000000 0.002046
1467000 0.000000 0.002045
1468000 0.000000 0.002044
1469000 0.000000 0.002042
1470000 0.000000 0.002041
1471000 0.000000 0.002039
1472000 0.000000 0.002038
1473000 0.000000 0.002037
1474000 0.000000 0.002035
1475000 0.000000 0.002034
1476000 0.000000 0.002033
1477000 0.000000 0.002031
1478000 0.000000 0.002030
1479000 0.000000 0.002028
1480000 0.000000 0.002027
1481000 0.000000 0.002026
1482000 0.000000 0.002024
1483000 0.000000 0.002023
1484000 0.000000 0.002022
1485000 0.000000 0.002020
1486000 0.000000 0.002019
1487000 0.000000 0.002017
1488000 0.000000 0.002016
1489000 0.000000 0.002015
1490000 0.000000 0.002013
1491000 0.000000 0.002012
1492000 0.000000 0.002011
1493000 0.000000 0.002009
1494000 0.000000 0.002008
1495000 0.000000 0.002007
1496000 0.000000 0.002005
1497000 0.000000 0.002004
1498000 0.000000 0.002003
1499000 0.000000 0.002001
1500000 0.000000 0.002000
1501000 0.000000 0.001999
1502000 0.000000 0.001997
1503000 0.000000 0.001996
1504000 0.000000 0.001995
1505000 0.000000 0.001993
1506000 0.000000 0.001992
1507000 0.000000 0.001991
1508000 0.000000 0.001989
1509000 0.000000 0.001988
1510000 0.000000 0.001987
1511000 0.000000 0.001985
1512000 0.000000 0.001984
1513000 0.000000 0.001983
1514000 0.000000 0.001982
1515000 0.000000 0.001980
1516000 0.000000 0.001979
1517000 0.000000 0.001978
1518000 0.000000 0.001976
1519000 0.000000 0.001975
1520000 0.000000 0.001974
1521000 0.000000 0.001972
1522000 0.000000 0.001971
1523000 0.000000 0.001970
1524000 0.000000 0.001969
1525000 0.000000 0.001967
1526000 0.000000 0.001966
1527000 0.000000 0.001965
1528000 0.000000 0.001963
1529000 0.000000 0.001962
1530000 0.000000 0.001961
1531000 0.000000 0.001960
1532000 0.000000 0.001958
1533000 0.000000 0.001957
1534000 0.000000 0.001956
1535000 0.000000 0.001954
1536000 0.000000 0.001953
1537000 0.000000 0.001952
1538000 0.000000 0.001951
1539000 0.000000 0.001949
1540000 0.000000 0.001948
1541000 0.000000 0.001947
1542000 0.000000 0.001946
1543000 0.000000 0.001944
1544000 0.000000 0.001943
1545000 0.000000 0.001942
1546000 0.000000 0.001940
1547000 0.000000 0.001939
1548000 0.000000 0.001938
1549000 0.000000 0.001937
1550000 0.000000 0.001935
1551000 0.000000 0.001934
1552000 0.000000 0.001933
1553000 0.000000 0.001932
1554000 0.000000 0.001931
1555000 0.000000 0.001929
1556000 0.000000 0.001928
1557000 0.000000 0.001927
1558000 0.000000 0.001926
1559000 0.000000 0.001924
1560000 0.000000 0.001923
1561000 0.000000 0.001922
1562000 0.000000 0.001921
1563000 0.000000 0.001919
1564000 0.000000 0.001918
1565000 0.000000 0.001917
1566000 0.000000 0.001916
1567000 0.000000 0.001914
1568000 0.000000 0.001913
1569000 0.000000 0.001912
1570000 0.000000 0.001911
1571000 0.000000 0.001910
1572000 0.000000 0.001908
1573000 0.000000 0.001907
1574000 0.000000 0.001906
1575000 0.000000 0.001905
1576000 0.000000 0.001904
1577000 0.000000 0.001902
1578000 0.000000 0.001901
1579000 0.000000 0.001900
1580000 0.000000 0.001899
1581000 0.000000 0.001898
1582000 0.000000 0.001896
1583000 0.000000 0.001895
1584000 0.000000 0.001894
1585000 0.000000 0.001893
1586000 0.000000 0.001892
1587000 0.000000 0.001890
1588000 0.000000 0.001889
1589000 0.000000 0.001888
1590000 0.000000 0.001887
1591000 0.000000 0.001886
1592000 0.000000 0.001884
1593000 0.000000 0.001883
1594000 0.000000 0.001882
1595000 0.000000 0.001881
1596000 0.000000 0.001880
1597000 0.000000 0.001879
1598000 0.000000 0.001877
1599000 0.000000 0.001876
1600000 0.000000 0.001875
1601000 0.000000 0.001874
1602000 0.000000 0.001873
1603000 0.000000 0.001871
1604000 0.000000 0.001870
1605000 0.000000 0.001869
1606000 0.000000 0.001868
1607000 0.000000 0.001867
1608000 0.000000 0.001866
1609000 0.000000 0.001865
1610000 0.000000 0.001863
1611000 0.000000 0.001862
1612000 0.000000 0.001861
1613000 0.000000 0.001860
1614000 0.000000 0.001859
1615000 0.000000 0.001858
1616000 0.000000 0.001856
1617000 0.000000 0.001855
1618000 0.000000 0.001854
1619000 0.000000 0.001853
1620000 0.000000 0.001852
1621000 0.000000 0.001851
1622000 0.000000 0.001850
1623000 0.000000 0.001848
1624000 0.000000 0.001847
1625000 1.000000 0.002462
1626000 0.000000 0.002460
1627000 0.000000 0.002459
1628000 0.000000 0.002457
1629000 0.000000 0.002455
1630000 0.000000 0.002454
1631000 0.000000 0.002452
1632000 0.000000 0.002451
1633000 0.000000 0.002449
1634000 0.000000 0.002448
1635000 0.000000 0.002446
1636000 0.000000 0.002445
1637000 0.000000 0.002443
1638000 0.000000 0.002442
1639000 0.000000 0.002441
1640000 0.000000 0.002439
1641000 0.000000 0.002438
1642000 0.000000 0.002436
1643000 0.000000 0.002435
1644000 0.000000 0.002433
1645000 0.000000 0.002432
1646000 0.000000 0.002430
1647000 0.000000 0.002429
1648000 0.000000 0.002427
1649000 0.000000 0.002426
1650000 0.000000 0.002424
1651000 0.000000 0.002423
1652000 0.000000 0.002421
1653000 0.000000 0.002420
1654000 0.000000 0.002418
1655000 0.000000 0.002417
1656000 0.000000 0.002415
1657000 0.000000 0.002414
1658000 0.000000 0.002413
1659000 0.000000 0.002411
1660000 0.000000 0.002410
1661000 0.000000 0.002408
1662000 0.000000 0.002407
1663000 0.000000 0.002405
1664000 0.000000 0.002404
1665000 0.000000 0.002402
1666000 0.000000 0.002401
1667000 0.000000 0.002400
1668000 0.000000 0.002398
1669000 0.000000 0.002397
1670000 0.000000 0.002395
1671000 0.000000 0.002394
1672000 0.000000 0.002392
1673000 0.000000 0.002391
1674000 0.000000 0.002389
1675000 0.000000 0.002388
1676000 0.000000 0.002387
1677000 0.000000 0.002385
1678000 0.000000 0.002384
1679000 0.000000 0.002382
1680000 0.000000 0.002381
1681000 0.000000 0.002380
1682000 0.000000 0.002378
1683000 0.000000 0.002377
1684000 0.000000 0.002375
1685000 0.000000 0.002374
1686000 0.000000 0.002372
1687000 0.000000 0.002371
1688000 0.000000 0.002370
1689000 0.000000 0.002368
1690000 0.000000 0.002367
1691000 0.000000 0.002365
1692000 0.000000 0.002364
1693000 0.000000 0.002363
1694000 0.000000 0.002361
1695000 0.000000 0.002360
1696000 0.000000 0.002358
1697000 0.000000 0.002357
1698000 0.000000 0.002356
1699000 0.000000 0.002354
1700000 0.000000 0.002353
1701000 0.000000 0.002352
1702000 0.000000 0.002350
1703000 0.000000 0.002349
1704000 0.000000 0.002347
1705000 0.000000 0.002346
1706000 0.000000 0.002345
1707000 0.000000 0.002343
1708000 0.000000 0.002342
1709000 0.000000 0.002341
1710000 0.000000 0.002339
1711000 0.000000 0.002338
1712000 0.000000 0.002336
1713000 0.000000 0.002335
1714000 0.000000 0.002334
1715000 0.000000 0.002332
1716000 0.000000 0.002331
1717000 0.000000 0.002330
1718000 0.000000 0.002328
1719000 0.000000 0.002327
1720000 0.000000 0.002326
1721000 0.000000 0.002324
1722000 0.000000 0.002323
1723000 0.000000 0.002322
1724000 0.000000 0.002320
1725000 0.000000 0.002319
1726000 0.000000 0.002317
1727000 0.000000 0.002316
1728000 0.000000 0.002315
1729000 0.000000 0.002313
1730000 0.000000 0.002312
1731000 0.000000 0.002311
1732000 0.000000 0.002309
1733000 0.000000 0.002308
1734000 0.000000 0.002307
1735000 0.000000 0.002305
1736000 0.000000 0.002304
1737000 0.000000 0.002303
1738000 0.000000 0.002301
1739000 0.000000 0.002300
1740000 0.000000 0.002299
1741000 0.000000 0.002298
1742000 0.000000 0.002296
1743000 0.000000 0.002295
1744000 0.000000 0.002294
1745000 0.000000 0.002292
1746000 1.000000 0.002864
1747000 0.000000 0.002862
1748000 0.000000 0.002860
1749000 0.000000 0.002859
1750000 0.000000 0.002857
1751000 0.000000 0.002856
1752000 0.000000 0.002854
1753000 0.000000 0.002852
1754000 0.000000 0.002851
1755000 0.000000 0.002849
1756000 0.000000 0.002847
1757000 0.000000 0.002846
1758000 0.000000 0.002844
1759000 0.000000 0.002843
1760000 0.000000 0.002841
1761000 0.000000 0.002839
1762000 0.000000 0.002838
1763000 0.000000 0.002836
1764000 0.000000 0.002834
1765000 0.000000 0.002833
1766000 0.000000 0.002831
1767000 0.000000 0.002830
1768000 0.000000 0.002828
1769000 0.000000 0.002826
1770000 0.000000 0.002825
1771000 0.000000 0.002823
1772000 0.000000 0.002822
1773000 0.000000 0.002820
1774000 0.000000 0.002818
1775000 0.000000 0.002817
1776000 0.000000 0.002815
1777000 0.000000 0.002814
1778000 0.000000 0.002812
1779000 0.000000 0.002811
1780000 0.000000 0.002809
1781000 0.000000 0.002807
1782000 0.000000 0.002806
1783000 0.000000 0.002804
1784000 0.000000 0.002803
1785000 0.000000 0.002801
1786000 0.000000 0.002800
1787000 0.000000 0.002798
1788000 0.000000 0.002796
1789000 0.000000 0.002795
1790000 0.000000 0.002793
1791000 0.000000 0.002792
1792000 0.000000 0.002790
1793000 0.000000 0.002789
1794000 0.000000 0.002787
1795000 0.000000 0.002786
1796000 0.000000 0.002784
1797000 0.000000 0.002782
1798000 0.000000 0.002781
1799000 0.000000 0.002779
1800000 0.000000 0.002778
1801000 0.000000 0.002776
1802000 0.000000 0.002775
1803000 0.000000 0.002773
1804000 0.000000 0.002772
1805000 0.000000 0.002770
1806000 0.000000 0.002769
1807000 0.000000 0.002767
1808000 0.000000 0.002765
1809000 0.000000 0.002764
1810000 0.000000 0.002762
1811000 0.000000 0.002761
1812000 0.000000 0.002759
1813000 0.000000 0.002758
1814000 0.000000 0.002756
1815000 0.000000 0.002755
1816000 0.000000 0.002753
1817000 0.000000 0.002752
1818000 0.000000 0.002750
1819000 0.000000 0.002749
1820000 0.000000 0.002747
1821000 0.000000 0.002746
1822000 0.000000 0.002744
1823000 0.000000 0.002743
1824000 0.000000 0.002741
1825000 0.000000 0.002740
1826000 0.000000 0.002738
1827000 0.000000 0.002737
1828000 0.000000 0.002735
1829000 0.000000 0.002734
1830000 0.000000 0.002732
1831000 0.000000 0.002731
1832000 0.000000 0.002729
1833000 0.000000 0.002728
1834000 0.000000 0.002726
1835000 0.000000 0.002725
1836000 0.000000 0.002723
1837000 0.000000 0.002722
1838000 0.000000 0.002720
1839000 0.000000 0.002719
1840000 0.000000 0.002717
1841000 0.000000 0.002716
1842000 0.000000 0.002714
1843000 0.000000 0.002713
1844000 0.000000 0.002711
1845000 0.000000 0.002710
1846000 0.000000 0.002709
1847000 0.000000 0.002707
1848000 0.000000 0.002706
1849000 0.000000 0.002704
1850000 0.000000 0.002703
1851000 0.000000 0.002701
1852000 0.000000 0.002700
1853000 0.000000 0.002698
1854000 0.000000 0.002697
1855000 0.000000 0.002695
1856000 0.000000 0.002694
1857000 0.000000 0.002693
1858000 0.000000 0.002691
1859000 0.000000 0.002690
1860000 0.000000 0.002688
1861000 0.000000 0.002687
1862000 0.000000 0.002685
1863000 0.000000 0.002684
1864000 0.000000 0.002682
1865000 0.000000 0.002681
1866000 0.000000 0.002680
1867000 0.000000 0.002678
1868000 0.000000 0.002677
1869000 0.000000 0.002675
1870000 0.000000 0.002674
1871000 0.000000 0.002672
1872000 0.000000 0.002671
1873000 0.000000 0.002670
1874000 0.000000 0.002668
1875000 0.000000 0.002667
1876000 0.000000 0.002665
1877000 0.000000 0.002664
1878000 0.000000 0.002662
1879000 0.000000 0.002661
1880000 0.000000 0.002660
1881000 0.000000 0.002658
1882000 0.000000 0.002657
1883000 0.000000 0.002655
1884000 0.000000 0.002654
1885000 0.000000 0.002653
1886000 0.000000 0.002651
1887000 0.000000 0.002650
1888000 0.000000 0.002648
1889000 0.000000 0.002647
1890000 0.000000 0.002646
1891000 0.000000 0.002644
1892000 0.000000 0.002643
1893000 0.000000 0.002641
1894000 0.000000 0.002640
1895000 0.000000 0.002639
1896000 0.000000 0.002637
1897000 0.000000 0.002636
1898000 0.000000 0.002634
1899000 0.000000 0.002633
1900000 0.000000 0.002632
1901000 0.000000 0.002630
1902000 0.000000 0.002629
1903000 0.000000 0.002627
1904000 0.000000 0.002626
1905000 0.000000 0.002625
1906000 0.000000 0.002623
1907000 0.000000 0.002622
1908000 0.000000 0.002621
1909000 0.000000 0.002619
1910000 0.000000 0.002618
1911000 0.000000 0.002616
1912000 0.000000 0.002615
1913000 0.000000 0.002614
1914000 0.000000 0.002612
1915000 0.000000 0.002611
1916000 0.000000 0.002610
1917000 0.000000 0.002608
1918000 0.000000 0.002607
1919000 0.000000 0.002606
1920000 0.000000 0.002604
1921000 0.000000 0.002603
1922000 0.000000 0.002601
1923000 0.000000 0.002600
1924000 0.000000 0.002599
1925000 0.000000 0.002597
1926000 0.000000 0.002596
1927000 0.000000 0.002595
1928000 0.000000 0.002593
1929000 0.000000 0.002592
1930000 0.000000 0.002591
1931000 0.000000 0.002589
1932000 0.000000 0.002588
1933000 0.000000 0.002587
1934000 0.000000 0.002585
1935000 0.000000 0.002584
1936000 0.000000 0.002583
1937000 0.000000 0.002581
1938000 0.000000 0.002580
1939000 0.000000 0.002579
1940000 0.000000 0.002577
1941000 0.000000 0.002576
1942000 0.000000 0.002575
1943000 0.000000 0.002573
1944000 0.000000 0.002572
1945000 0.000000 0.002571
1946000 0.000000 0.002569
1947000 0.000000 0.002568
1948000 0.000000 0.002567
1949000 0.000000 0.002565
1950000 0.000000 0.002564
1951000 0.000000 0.002563
1952000 0.000000 0.002561
1953000 0.000000 0.002560
1954000 0.000000 0.002559
1955000 0.000000 0.002558
1956000 0.000000 0.002556
1957000 0.000000 0.002555
1958000 0.000000 0.002554
1959000 0.000000 0.002552
1960000 0.000000 0.002551
1961000 0.000000 0.002550
1962000 0.000000 0.002548
1963000 0.000000 0.002547
1964000 0.000000 0.002546
1965000 0.000000 0.002545
1966000 0.000000 0.002543
1967000 0.000000 0.002542
1968000 0.000000 0.002541
1969000 0.000000 0.002539
1970000 0.000000 0.002538
1971000 0.000000 0.002537
1972000 0.000000 0.002535
1973000 0.000000 0.002534
1974000 0.000000 0.002533
1975000 0.000000 0.002532
1976000 0.000000 0.002530
1977000 0.000000 0.002529
1978000 0.000000 0.002528
1979000 0.000000 0.002527
1980000 0.000000 0.002525
1981000 0.000000 0.002524
1982000 0.000000 0.002523
1983000 0.000000 0.002521
1984000 0.000000 0.002520
1985000 0.000000 0.002519
1986000 0.000000 0.002518
1987000 0.000000 0.002516
1988000 0.000000 0.002515
1989000 0.000000 0.002514
1990000 0.000000 0.002513
1991000 0.000000 0.002511
1992000 0.000000 0.002510
1993000 0.000000 0.002509
1994000 0.000000 0.002508
1995000 0.000000 0.002506
1996000 0.000000 0.002505
1997000 0.000000 0.002504
1998000 0.000000 0.002503
1999000 0.000000 0.002501
2000000 0.000000 0.002500
2001000 0.000000 0.002499
2002000 0.000000 0.002498
2003000 0.000000 0.002496
2004000 0.000000 0.002495
2005000 0.000000 0.002494
2006000 0.000000 0.002493
2007000 0.000000 0.002491
2008000 0.000000 0.002490
2009000 0.000000 0.002489
2010000 0.000000 0.002488
2011000 0.000000 0.002486
2012000 0.000000 0.002485
2013000 0.000000 0.002484
2014000 0.000000 0.002483
2015000 0.000000 0.002481
2016000 0.000000 0.002480
2017000 0.000000 0.002479
2018000 0.000000 0.002478
2019000 0.000000 0.002476
2020000 0.000000 0.002475
2021000 0.000000 0.002474
2022000 0.000000 0.002473
2023000 0.000000 0.002472
2024000 0.000000 0.002470
2025000 0.000000 0.002469
2026000 0.000000 0.002468
2027000 0.000000 0.002467
2028000 0.000000 0.002465
2029000 0.000000 0.002464
2030000 0.000000 0.002463
2031000 0.000000 0.002462
2032000 0.000000 0.002461
2033000 0.000000 0.002459
2034000 0.000000 0.002458
2035000 0.000000 0.002457
2036000 0.000000 0.002456
2037000 0.000000 0.002455
2038000 0.000000 0.002453
2039000 0.000000 0.002452
2040000 0.000000 0.002451
2041000 0.000000 0.002450
2042000 0.000000 0.002449
2043000 0.000000 0.002447
2044000 0.000000 0.002446
2045000 0.000000 0.002445
2046000 0.000000 0.002444
2047000 0.000000 0.002443
2048000 0.000000 0.002441
2049000 0.000000 0.002440
2050000 0.000000 0.002439
2051000 0.000000 0.002438
2052000 0.000000 0.002437
2053000 0.000000 0.002435
2054000 0.000000 0.002434
2055000 0.000000 0.002433
2056000 0.000000 0.002432
2057000 0.000000 0.002431
2058000 0.000000 0.002430
2059000 0.000000 0.002428
2060000 0.000000 0.002427
2061000 0.000000 0.002426
2062000 0.000000 0.002425
2063000 0.000000 0.002424
2064000 0.000000 0.002422
2065000 0.000000 0.002421
2066000 0.000000 0.002420
2067000 0.000000 0.002419
2068000 0.000000 0.002418
2069000 0.000000 0.002417
2070000 0.000000 0.002415
2071000 0.000000 0.002414
2072000 0.000000 0.002413
2073000 0.000000 0.002412
2074000 0.000000 0.002411
2075000 0.000000 0.002410
2076000 0.000000 0.002408
2077000 0.000000 0.002407
2078000 0.000000 0.002406
2079000 0.000000 0.002405
2080000 0.000000 0.002404
2081000 0.000000 0.002403
2082000 0.000000 0.002402
2083000 0.000000 0.002400
2084000 0.000000 0.002399
2085000 0.000000 0.002398
2086000 0.000000 0.002397
2087000 0.000000 0.002396
2088000 0.000000 0.002395
2089000 0.000000 0.002393
2090000 0.000000 0.002392
2091000 0.000000 0.002391
2092000 0.000000 0.002390
2093000 0.000000 0.002389
2094000 0.000000 0.002388
2095000 0.000000 0.002387
2096000 0.000000 0.002385
2097000 0.000000 0.002384
2098000 0.000000 0.002383
2099000 0.000000 0.002382
2100000 0.000000 0.002381
2101000 0.000000 0.002380
2102000 0.000000 0.002379
2103000 0.000000 0.002378
2104000 0.000000 0.002376
2105000 0.000000 0.002375
2106000 0.000000 0.002374
2107000 0.000000 0.002373
2108000 0.000000 0.002372
2109000 0.000000 0.002371
2110000 0.000000 0.002370
2111000 0.000000 0.002369
2112000 0.000000 0.002367
2113000 0.000000 0.002366
2114000 0.000000 0.002365
2115000 0.000000 0.002364
2116000 0.000000 0.002363
2117000 0.000000 0.002362
2118000 0.000000 0.002361
2119000 0.000000 0.002360
2120000 0.000000 0.002358
2121000 0.000000 0.002357
2122000 0.000000 0.002356
2123000 0.000000 0.002355
2124000 0.000000 0.002354
2125000 0.000000 0.002353
2126000 0.000000 0.002352
2127000 0.000000 0.002351
2128000 0.000000 0.002350
2129000 0.000000 0.002349
2130000 0.000000 0.002347
2131000 0.000000 0.002346
2132000 0.000000 0.002345
2133000 0.000000 0.002344
2134000 0.000000 0.002343
2135000 0.000000 0.002342
2136000 0.000000 0.002341
2137000 0.000000 0.002340
2138000 0.000000 0.002339
2139000 0.000000 0.002338
2140000 0.000000 0.002336
2141000 0.000000 0.002335
2142000 0.000000 0.002334
2143000 0.000000 0.002333
2144000 0.000000 0.002332
2145000 0.000000 0.002331
2146000 0.000000 0.002330
2147000 0.000000 0.002329
2148000 0.000000 0.002328
2149000 0.000000 0.002327
2150000 0.000000 0.002326
2151000 0.000000 0.002325
2152000 0.000000 0.002323
2153000 0.000000 0.002322
2154000 0.000000 0.002321
2155000 0.000000 0.002320
2156000 0.000000 0.002319
2157000 0.000000 0.002318
2158000 0.000000 0.002317
2159000 0.000000 0.002316
2160000 0.000000 0.002315
2161000 0.000000 0.002314
2162000 0.000000 0.002313
2163000 0.000000 0.002312
2164000 0.000000 0.002311
2165000 0.000000 0.002309
2166000 0.000000 0.002308
2167000 0.000000 0.002307
2168000 0.000000 0.002306
2169000 0.000000 0.002305
2170000 0.000000 0.002304
2171000 0.000000 0.002303
2172000 0.000000 0.002302
2173000 0.000000 0.002301
2174000 0.000000 0.002300
2175000 0.000000 0.002299
2176000 0.000000 0.002298
2177000 0.000000 0.002297
2178000 0.000000 0.002296
2179000 0.000000 0.002295
2180000 0.000000 0.002294
2181000 0.000000 0.002293
2182000 0.000000 0.002291
2183000 0.000000 0.002290
2184000 0.000000 0.002289
2185000 0.000000 0.002288
2186000 0.000000 0.002287
2187000 0.000000 0.002286
2188000 0.000000 0.002285
2189000 0.000000 0.002284
2190000 0.000000 0.002283
2191000 0.000000 0.002282
2192000 0.000000 0.002281
2193000 0.000000 0.002280
2194000 0.000000 0.002279
2195000 0.000000 0.002278
2196000 0.000000 0.002277
2197000 0.000000 0.002276
2198000 0.000000 0.002275
2199000 0.000000 0.002274
2200000 0.000000 0.002273
2201000 0.000000 0.002272
2202000 0.000000 0.002271
2203000 0.000000 0.002270
2204000 0.000000 0.002269
2205000 0.000000 0.002268
2206000 0.000000 0.002267
2207000 0.000000 0.002266
2208000 0.000000 0.002264
2209000 0.000000 0.002263
2210000 0.000000 0.002262
2211000 0.000000 0.002261
2212000 0.000000 0.002260
2213000 0.000000 0.002259
2214000 0.000000 0.002258
2215000 0.000000 0.002257
2216000 0.000000 0.002256
2217000 0.000000 0.002255
2218000 0.000000 0.002254
2219000 0.000000 0.002253
2220000 0.000000 0.002252
2221000 0.000000 0.002251
2222000 0.000000 0.002250
2223000 0.000000 0.002249
2224000 0.000000 0.002248
2225000 0.000000 0.002247
2226000 0.000000 0.002246
2227000 0.000000 0.002245
2228000 0.000000 0.002244
2229000 0.000000 0.002243
2230000 0.000000 0.002242
2231000 0.000000 0.002241
2232000 0.000000 0.002240
2233000 0.000000 0.002239
2234000 0.000000 0.002238
2235000 0.000000 0.002237
2236000 0.000000 0.002236
2237000 0.000000 0.002235
2238000 0.000000 0.002234
2239000 0.000000 0.002233
2240000 0.000000 0.002232
2241000 0.000000 0.002231
2242000 0.000000 0.002230
2243000 0.000000 0.002229
2244000 0.000000 0.002228
2245000 0.000000 0.002227
2246000 0.000000 0.002226
2247000 0.000000 0.002225
2248000 0.000000 0.002224
2249000 0.000000 0.002223
2250000 0.000000 0.002222
2251000 0.000000 0.002221
2252000 0.000000 0.002220
2253000 0.000000 0.002219
2254000 0.000000 0.002218
2255000 0.000000 0.002217
2256000 0.000000 0.002216
2257000 0.000000 0.002215
2258000 0.000000 0.002214
2259000 0.000000 0.002213
2260000 0.000000 0.002212
2261000 0.000000 0.002211
2262000 0.000000 0.002210
2263000 0.000000 0.002209
2264000 0.000000 0.002208
2265000 0.000000 0.002208
2266000 0.000000 0.002207
2267000 0.000000 0.002206
2268000 0.000000 0.002205
2269000 0.000000 0.002204
2270000 0.000000 0.002203
2271000 0.000000 0.002202
2272000 0.000000 0.002201
2273000 0.000000 0.002200
2274000 0.000000 0.002199
2275000 0.000000 0.002198
2276000 0.000000 0.002197
2277000 0.000000 0.002196
2278000 0.000000 0.002195
2279000 0.000000 0.002194
2280000 0.000000 0.002193
2281000 0.000000 0.002192
2282000 0.000000 0.002191
2283000 0.000000 0.002190
2284000 0.000000 0.002189
2285000 0.000000 0.002188
2286000 0.000000 0.002187
2287000 0.000000 0.002186
2288000 0.000000 0.002185
2289000 0.000000 0.002184
2290000 0.000000 0.002183
2291000 0.000000 0.002182
2292000 0.000000 0.002182
2293000 0.000000 0.002181
2294000 0.000000 0.002180
2295000 0.000000 0.002179
2296000 0.000000 0.002178
2297000 0.000000 0.002177
2298000 0.000000 0.002176
2299000 0.000000 0.002175
2300000 0.000000 0.002174
2301000 0.000000 0.002173
2302000 0.000000 0.002172
2303000 0.000000 0.002171
2304000 0.000000 0.002170
2305000 0.000000 0.002169
2306000 0.000000 0.002168
2307000 0.000000 0.002167
2308000 0.000000 0.002166
2309000 0.000000 0.002165
2310000 0.000000 0.002165
2311000 0.000000 0.002164
2312000 0.000000 0.002163
2313000 0.000000 0.002162
2314000 0.000000 0.002161
2315000 0.000000 0.002160
2316000 0.000000 0.002159
2317000 0.000000 0.002158
2318000 0.000000 0.002157
2319000 0.000000 0.002156
2320000 0.000000 0.002155
2321000 0.000000 0.002154
2322000 0.000000 0.002153
2323000 0.000000 0.002152
2324000 0.000000 0.002151
2325000 0.000000 0.002151
2326000 0.000000 0.002150
2327000 0.000000 0.002149
2328000 0.000000 0.002148
2329000 0.000000 0.002147
2330000 0.000000 0.002146
2331000 0.000000 0.002145
2332000 0.000000 0.002144
2333000 0.000000 0.002143
2334000 0.000000 0.002142
2335000 0.000000 0.002141
2336000 0.000000 0.002140
2337000 0.000000 0.002139
2338000 0.000000 0.002139
2339000 0.000000 0.002138
2340000 0.000000 0.002137
2341000 0.000000 0.002136
2342000 0.000000 0.002135
2343000 0.000000 0.002134
2344000 0.000000 0.002133
2345000 0.000000 0.002132
2346000 0.000000 0.002131
2347000 0.000000 0.002130
2348000 0.000000 0.002129
2349000 0.000000 0.002129
2350000 0.000000 0.002128
2351000 0.000000 0.002127
2352000 0.000000 0.002126
2353000 0.000000 0.002125
2354000 0.000000 0.002124
2355000 0.000000 0.002123
2356000 0.000000 0.002122
2357000 0.000000 0.002121
2358000 0.000000 0.002120
2359000 0.000000 0.002120
2360000 0.000000 0.002119
2361000 0.000000 0.002118
2362000 0.000000 0.002117
2363000 0.000000 0.002116
2364000 0.000000 0.002115
2365000 0.000000 0.002114
2366000 0.000000 0.002113
2367000 0.000000 0.002112
2368000 0.000000 0.002111
2369000 0.000000 0.002111
2370000 0.000000 0.002110
2371000 0.000000 0.002109
2372000 0.000000 0.002108
2373000 0.000000 0.002107
2374000 0.000000 0.002106
2375000 0.000000 0.002105
2376000 0.000000 0.002104
2377000 0.000000 0.002103
2378000 0.000000 0.002103
2379000 0.000000 0.002102
2380000 0.000000 0.002101
2381000 0.000000 0.002100
2382000 0.000000 0.002099
2383000 0.000000 0.002098
2384000 0.000000 0.002097
2385000 0.000000 0.002096
2386000 0.000000 0.002096
2387000 0.000000 0.002095
2388000 0.000000 0.002094
2389000 0.000000 0.002093
2390000 0.000000 0.002092
2391000 0.000000 0.002091
2392000 0.000000 0.002090
2393000 0.000000 0.002089
2394000 0.000000 0.002089
2395000 0.000000 0.002088
2396000 0.000000 0.002087
2397000 0.000000 0.002086
2398000 0.000000 0.002085
2399000 0.000000 0.002084
2400000 0.000000 0.002083
2401000 0.000000 0.002082
2402000 0.000000 0.002082
2403000 0.000000 0.002081
2404000 0.000000 0.002080
2405000 0.000000 0.002079
2406000 0.000000 0.002078
2407000 0.000000 0.002077
2408000 0.000000 0.002076
2409000 0.000000 0.002076
2410000 0.000000 0.002075
2411000 0.000000 0.002074
2412000 0.000000 0.002073
2413000 0.000000 0.002072
2414000 0.000000 0.002071
2415000 0.000000 0.002070
2416000 0.000000 0.002070
2417000 0.000000 0.002069
2418000 0.000000 0.002068
2419000 0.000000 0.002067
2420000 0.000000 0.002066
2421000 0.000000 0.002065
2422000 0.000000 0.002064
2423000 0.000000 0.002064
2424000 0.000000 0.002063
2425000 0.000000 0.002062
2426000 0.000000 0.002061
2427000 0.000000 0.002060
2428000 0.000000 0.002059
2429000 0.000000 0.002058
2430000 0.000000 0.002058
2431000 0.000000 0.002057
2432000 0.000000 0.002056
2433000 0.000000 0.002055
2434000 0.000000 0.002054
2435000 0.000000 0.002053
2436000 0.000000 0.002053
2437000 0.000000 0.002052
2438000 0.000000 0.002051
2439000 0.000000 0.002050
2440000 0.000000 0.002049
2441000 0.000000 0.002048
2442000 0.000000 0.002048
2443000 0.000000 0.002047
2444000 0.000000 0.002046
2445000 0.000000 0.002045
2446000 0.000000 0.002044
2447000 0.000000 0.002043
2448000 0.000000 0.002042
2449000 0.000000 0.002042
2450000 0.000000 0.002041
2451000 0.000000 0.002040
2452000 0.000000 0.002039
2453000 0.000000 0.002038
2454000 0.000000 0.002037
2455000 0.000000 0.002037
2456000 0.000000 0.002036
2457000 0.000000 0.002035
2458000 0.000000 0.002034
2459000 0.000000 0.002033
2460000 0.000000 0.002033
2461000 0.000000 0.002032
2462000 0.000000 0.002031
2463000 0.000000 0.002030
2464000 0.000000 0.002029
2465000 0.000000 0.002028
2466000 0.000000 0.002028
2467000 0.000000 0.002027
2468000 0.000000 0.002026
2469000 0.000000 0.002025
2470000 0.000000 0.002024
2471000 0.000000 0.002023
2472000 0.000000 0.002023
2473000 0.000000 0.002022
2474000 0.000000 0.002021
2475000 0.000000 0.002020
2476000 0.000000 0.002019
2477000 0.000000 0.002019
2478000 0.000000 0.002018
2479000 0.000000 0.002017
2480000 0.000000 0.002016
2481000 0.000000 0.002015
2482000 0.000000 0.002015
2483000 0.000000 0.002014
2484000 0.000000 0.002013
2485000 0.000000 0.002012
2486000 0.000000 0.002011
2487000 0.000000 0.002010
2488000 0.000000 0.002010
2489000 0.000000 0.002009
2490000 0.000000 0.002008
2491000 0.000000 0.002007
2492000 0.000000 0.002006
2493000 0.000000 0.002006
2494000 0.000000 0.002005
2495000 0.000000 0.002004
2496000 0.000000 0.002003
2497000 0.000000 0.002002
2498000 0.000000 0.002002
2499000 0.000000 0.002001
2500000 0.000000 0.002000
2501000 0.000000 0.001999
2502000 0.000000 0.001998
2503000 0.000000 0.001998
2504000 0.000000 0.001997
2505000 0.000000 0.001996
2506000 0.000000 0.001995
2507000 0.000000 0.001994
2508000 0.000000 0.001994
2509000 0.000000 0.001993
2510000 0.000000 0.001992
2511000 0.000000 0.001991
2512000 0.000000 0.001990
2513000 0.000000 0.001990
2514000 0.000000 0.001989
2515000 0.000000 0.001988
2516000 0.000000 0.001987
2517000 0.000000 0.001986
2518000 0.000000 0.001986
2519000 0.000000 0.001985
2520000 0.000000 0.001984
2521000 0.000000 0.001983
2522000 0.000000 0.001983
2523000 0.000000 0.001982
2524000 0.000000 0.001981
2525000 0.000000 0.001980
2526000 0.000000 0.001979
2527000 0.000000 0.001979
2528000 0.000000 0.001978
2529000 0.000000 0.001977
2530000 0.000000 0.001976
2531000 0.000000 0.001976
2532000 0.000000 0.001975
2533000 0.000000 0.001974
2534000 0.000000 0.001973
2535000 0.000000 0.001972
2536000 0.000000 0.001972
2537000 0.000000 0.001971
2538000 0.000000 0.001970
2539000 0.000000 0.001969
2540000 0.000000 0.001969
2541000 0.000000 0.001968
2542000 0.000000 0.001967
2543000 0.000000 0.001966
2544000 0.000000 0.001965
2545000 0.000000 0.001965
2546000 0.000000 0.001964
2547000 0.000000 0.001963
2548000 0.000000 0.001962
2549000 0.000000 0.001962
2550000 0.000000 0.001961
2551000 0.000000 0.001960
2552000 0.000000 0.001959
2553000 0.000000 0.001958
2554000 0.000000 0.001958
2555000 0.000000 0.001957
2556000 0.000000 0.001956
2557000 0.000000 0.001955
2558000 0.000000 0.001955
2559000 0.000000 0.001954
2560000 0.000000 0.001953
2561000 0.000000 0.001952
2562000 0.000000 0.001952
2563000 0.000000 0.001951
2564000 0.000000 0.001950
2565000 0.000000 0.001949
2566000 0.000000 0.001949
2567000 0.000000 0.001948
2568000 0.000000 0.001947
2569000 0.000000 0.001946
2570000 0.000000 0.001946
2571000 0.000000 0.001945
2572000 0.000000 0.001944
2573000 0.000000 0.001943
2574000 0.000000 0.001943
2575000 0.000000 0.001942
2576000 0.000000 0.001941
2577000 0.000000 0.001940
2578000 0.000000 0.001939
2579000 0.000000 0.001939
2580000 0.000000 0.001938
2581000 0.000000 0.001937
2582000 0.000000 0.001936
2583000 0.000000 0.001936
2584000 0.000000 0.001935
2585000 0.000000 0.001934
2586000 0.000000 0.001933
2587000 0.000000 0.001933
2588000 0.000000 0.001932
2589000 0.000000 0.001931
2590000 0.000000 0.001931
2591000 0.000000 0.001930
2592000 0.000000 0.001929
2593000 0.000000 0.001928
2594000 0.000000 0.001928
2595000 0.000000 0.001927
2596000 0.000000 0.001926
2597000 0.000000 0.001925
2598000 0.000000 0.001925
2599000 0.000000 0.001924
2600000 0.000000 0.001923
2601000 0.000000 0.001922
2602000 0.000000 0.001922
2603000 0.000000 0.001921
2604000 0.000000 0.001920
2605000 0.000000 0.001919
2606000 0.000000 0.001919
2607000 0.000000 0.001918
2608000 0.000000 0.001917
2609000 0.000000 0.001916
2610000 0.000000 0.001916
2611000 0.000000 0.001915
2612000 0.000000 0.001914
2613000 0.000000 0.001914
2614000 0.000000 0.001913
2615000 0.000000 0.001912
2616000 0.000000 0.001911
2617000 0.000000 0.001911
2618000 0.000000 0.001910
2619000 0.000000 0.001909
2620000 0.000000 0.001908
2621000 0.000000 0.001908
2622000 0.000000 0.001907
2623000 0.000000 0.001906
2624000 0.000000 0.001905
2625000 0.000000 0.001905
2626000 0.000000 0.001904
2627000 0.000000 0.001903
2628000 0.000000 0.001903
2629000 0.000000 0.001902
2630000 0.000000 0.001901
2631000 0.000000 0.001900
2632000 0.000000 0.001900
2633000 0.000000 0.001899
2634000 0.000000 0.001898
2635000 0.000000 0.001898
2636000 0.000000 0.001897
2637000 0.000000 0.001896
2638000 0.000000 0.001895
2639000 0.000000 0.001895
2640000 0.000000 0.001894
2641000 0.000000 0.001893
2642000 0.000000 0.001893
2643000 0.000000 0.001892
2644000 0.000000 0.001891
2645000 0.000000 0.001890
2646000 0.000000 0.001890
2647000 0.000000 0.001889
2648000 0.000000 0.001888
2649000 0.000000 0.001888
2650000 0.000000 0.001887
2651000 0.000000 0.001886
2652000 0.000000 0.001885
2653000 0.000000 0.001885
2654000 0.000000 0.001884
2655000 0.000000 0.001883
2656000 0.000000 0.001883
2657000 0.000000 0.001882
2658000 0.000000 0.001881
2659000 0.000000 0.001880
2660000 0.000000 0.001880
2661000 0.000000 0.001879
2662000 0.000000 0.001878
2663000 0.000000 0.001878
2664000 0.000000 0.001877
2665000 0.000000 0.001876
2666000 0.000000 0.001875
2667000 0.000000 0.001875
2668000 0.000000 0.001874
2669000 0.000000 0.001873
2670000 0.000000 0.001873
2671000 0.000000 0.001872
2672000 0.000000 0.001871
2673000 0.000000 0.001871
2674000 0.000000 0.001870
2675000 0.000000 0.001869
2676000 0.000000 0.001868
2677000 0.000000 0.001868
2678000 0.000000 0.001867
2679000 0.000000 0.001866
2680000 0.000000 0.001866
2681000 0.000000 0.001865
2682000 0.000000 0.001864
2683000 0.000000 0.001864
2684000 0.000000 0.001863
2685000 0.000000 0.001862
2686000 0.000000 0.001862
2687000 0.000000 0.001861
2688000 0.000000 0.001860
2689000 0.000000 0.001859
2690000 0.000000 0.001859
2691000 0.000000 0.001858
2692000 0.000000 0.001857
2693000 0.000000 0.001857
2694000 0.000000 0.001856
2695000 0.000000 0.001855
2696000 0.000000 0.001855
2697000 0.000000 0.001854
2698000 0.000000 0.001853
2699000 0.000000 0.001853
2700000 0.000000 0.001852
2701000 0.000000 0.001851
2702000 0.000000 0.001850
2703000 0.000000 0.001850
2704000 0.000000 0.001849
2705000 0.000000 0.001848
2706000 0.000000 0.001848
2707000 0.000000 0.001847
2708000 0.000000 0.001846
2709000 0.000000 0.001846
2710000 0.000000 0.001845
2711000 0.000000 0.001844
2712000 0.000000 0.001844
2713000 0.000000 0.001843
2714000 0.000000 0.001842
2715000 0.000000 0.001842
2716000 0.000000 0.001841
2717000 0.000000 0.001840
2718000 0.000000 0.001840
2719000 0.000000 0.001839
2720000 0.000000 0.001838
2721000 0.000000 0.001838
2722000 0.000000 0.001837
2723000 0.000000 0.001836
2724000 0.000000 0.001836
2725000 0.000000 0.001835
2726000 0.000000 0.001834
2727000 0.000000 0.001834
2728000 0.000000 0.001833
2729000 0.000000 0.001832
2730000 0.000000 0.001832
2731000 0.000000 0.001831
2732000 0.000000 0.001830
2733000 0.000000 0.001829
2734000 0.000000 0.001829
2735000 0.000000 0.001828
2736000 0.000000 0.001827
2737000 0.000000 0.001827
2738000 0.000000 0.001826
2739000 0.000000 0.001825
2740000 0.000000 0.001825
2741000 0.000000 0.001824
2742000 0.000000 0.001823
2743000 0.000000 0.001823
2744000 0.000000 0.001822
2745000 0.000000 0.001821
2746000 0.000000 0.001821
2747000 0.000000 0.001820
2748000 0.000000 0.001820
2749000 0.000000 0.001819
2750000 0.000000 0.001818
2751000 0.000000 0.001818
2752000 0.000000 0.001817
2753000 0.000000 0.001816
2754000 0.000000 0.001816
2755000 0.000000 0.001815
2756000 0.000000 0.001814
2757000 0.000000 0.001814
2758000 0.000000 0.001813
2759000 0.000000 0.001812
2760000 0.000000 0.001812
2761000 0.000000 0.001811
2762000 0.000000 0.001810
2763000 0.000000 0.001810
2764000 0.000000 0.001809
2765000 0.000000 0.001808
2766000 0.000000 0.001808
2767000 0.000000 0.001807
2768000 0.000000 0.001806
2769000 0.000000 0.001806
2770000 0.000000 0.001805
2771000 0.000000 0.001804
2772000 0.000000 0.001804
2773000 0.000000 0.001803
2774000 0.000000 0.001802
2775000 0.000000 0.001802
2776000 0.000000 0.001801
2777000 0.000000 0.001801
2778000 0.000000 0.001800
2779000 0.000000 0.001799
2780000 0.000000 0.001799
2781000 0.000000 0.001798
2782000 0.000000 0.001797
2783000 0.000000 0.001797
2784000 0.000000 0.001796
2785000 0.000000 0.001795
2786000 0.000000 0.001795
2787000 0.000000 0.001794
2788000 0.000000 0.001793
2789000 0.000000 0.001793
2790000 0.000000 0.001792
2791000 0.000000 0.001791
2792000 0.000000 0.001791
2793000 0.000000 0.001790
2794000 0.000000 0.001790
2795000 0.000000 0.001789
2796000 0.000000 0.001788
2797000 0.000000 0.001788
2798000 0.000000 0.001787
2799000 0.000000 0.001786
2800000 0.000000 0.001786
2801000 0.000000 0.001785
2802000 0.000000 0.001784
2803000 0.000000 0.001784
2804000 0.000000 0.001783
2805000 0.000000 0.001783
2806000 0.000000 0.001782
2807000 0.000000 0.001781
2808000 0.000000 0.001781
2809000 0.000000 0.001780
2810000 0.000000 0.001779
2811000 0.000000 0.001779
2812000 0.000000 0.001778
2813000 0.000000 0.001777
2814000 0.000000 0.001777
2815000 0.000000 0.001776
2816000 0.000000 0.001776
2817000 0.000000 0.001775
2818000 0.000000 0.001774
2819000 0.000000 0.001774
2820000 0.000000 0.001773
2821000 0.000000 0.001772
2822000 0.000000 0.001772
2823000 0.000000 0.001771
2824000 0.000000 0.001771
2825000 0.000000 0.001770
2826000 0.000000 0.001769
2827000 0.000000 0.001769
2828000 0.000000 0.001768
2829000 0.000000 0.001767
2830000 0.000000 0.001767
2831000 0.000000 0.001766
2832000 0.000000 0.001766
2833000 0.000000 0.001765
2834000 0.000000 0.001764
2835000 0.000000 0.001764
2836000 0.000000 0.001763
2837000 0.000000 0.001762
2838000 0.000000 0.001762
2839000 0.000000 0.001761
2840000 0.000000 0.001761
2841000 0.000000 0.001760
2842000 0.000000 0.001759
2843000 0.000000 0.001759
2844000 0.000000 0.001758
2845000 0.000000 0.001757
2846000 0.000000 0.001757
2847000 0.000000 0.001756
2848000 0.000000 0.001756
2849000 0.000000 0.001755
2850000 0.000000 0.001754
2851000 0.000000 0.001754
2852000 0.000000 0.001753
2853000 0.000000 0.001753
2854000 0.000000 0.001752
2855000 0.000000 0.001751
2856000 0.000000 0.001751
2857000 0.000000 0.001750
2858000 0.000000 0.001749
2859000 0.000000 0.001749
2860000 0.000000 0.001748
2861000 0.000000 0.001748
2862000 0.000000 0.001747
2863000 0.000000 0.001746
2864000 0.000000 0.001746
2865000 0.000000 0.001745
2866000 0.000000 0.001745
2867000 0.000000 0.001744
2868000 0.000000 0.001743
2869000 0.000000 0.001743
2870000 0.000000 0.001742
2871000 0.000000 0.001742
2872000 0.000000 0.001741
2873000 0.000000 0.001740
2874000 0.000000 0.001740
2875000 0.000000 0.001739
2876000 0.000000 0.001739
2877000 0.000000 0.001738
2878000 0.000000 0.001737
2879000 0.000000 0.001737
2880000 0.000000 0.001736
2881000 0.000000 0.001736
2882000 0.000000 0.001735
2883000 0.000000 0.001734
2884000 0.000000 0.001734
2885000 0.000000 0.001733
2886000 0.000000 0.001733
2887000 0.000000 0.001732
2888000 0.000000 0.001731
2889000 0.000000 0.001731
2890000 0.000000 0.001730
2891000 0.000000 0.001730
2892000 0.000000 0.001729
2893000 0.000000 0.001728
2894000 0.000000 0.001728
2895000 0.000000 0.001727
2896000 0.000000 0.001727
2897000 0.000000 0.001726
2898000 0.000000 0.001725
2899000 0.000000 0.001725
2900000 0.000000 0.001724
2901000 0.000000 0.001724
2902000 0.000000 0.001723
2903000 0.000000 0.001722
2904000 0.000000 0.001722
2905000 0.000000 0.001721
2906000 0.000000 0.001721
2907000 0.000000 0.001720
2908000 0.000000 0.001719
2909000 0.000000 0.001719
2910000 0.000000 0.001718
2911000 0.000000 0.001718
2912000 0.000000 0.001717
2913000 0.000000 0.001716
2914000 0.000000 0.001716
2915000 0.000000 0.001715
2916000 0.000000 0.001715
2917000 0.000000 0.001714
2918000 0.000000 0.001714
2919000 0.000000 0.001713
2920000 0.000000 0.001712
2921000 0.000000 0.001712
2922000 0.000000 0.001711
2923000 0.000000 0.001711
2924000 0.000000 0.001710
2925000 0.000000 0.001709
2926000 0.000000 0.001709
2927000 0.000000 0.001708
2928000 0.000000 0.001708
2929000 0.000000 0.001707
2930000 0.000000 0.001706
2931000 0.000000 0.001706
2932000 0.000000 0.001705
2933000 0.000000 0.001705
2934000 0.000000 0.001704
2935000 0.000000 0.001704
2936000 0.000000 0.001703
2937000 0.000000 0.001702
2938000 0.000000 0.001702
2939000 0.000000 0.001701
2940000 0.000000 0.001701
2941000 0.000000 0.001700
2942000 0.000000 0.001700
2943000 0.000000 0.001699
2944000 0.000000 0.001698
2945000 0.000000 0.001698
2946000 0.000000 0.001697
2947000 0.000000 0.001697
2948000 0.000000 0.001696
2949000 0.000000 0.001695
2950000 0.000000 0.001695
2951000 0.000000 0.001694
2952000 0.000000 0.001694
2953000 0.000000 0.001693
2954000 0.000000 0.001693
2955000 0.000000 0.001692
2956000 0.000000 0.001691
2957000 0.000000 0.001691
2958000 0.000000 0.001690
2959000 0.000000 0.001690
2960000 0.000000 0.001689
2961000 0.000000 0.001689
2962000 0.000000 0.001688
2963000 0.000000 0.001687
2964000 0.000000 0.001687
2965000 0.000000 0.001686
2966000 0.000000 0.001686
2967000 0.000000 0.001685
2968000 0.000000 0.001685
2969000 0.000000 0.001684
2970000 0.000000 0.001684
2971000 0.000000 0.001683
2972000 0.000000 0.001682
2973000 0.000000 0.001682
2974000 0.000000 0.001681
2975000 0.000000 0.001681
2976000 0.000000 0.001680
2977000 0.000000 0.001680
2978000 0.000000 0.001679
2979000 0.000000 0.001678
2980000 0.000000 0.001678
2981000 0.000000 0.001677
2982000 0.000000 0.001677
2983000 0.000000 0.001676
2984000 0.000000 0.001676
2985000 0.000000 0.001675
2986000 0.000000 0.001674
2987000 0.000000 0.001674
2988000 0.000000 0.001673
2989000 0.000000 0.001673
2990000 0.000000 0.001672
2991000 0.000000 0.001672
2992000 0.000000 0.001671
2993000 0.000000 0.001671
2994000 0.000000 0.001670
2995000 0.000000 0.001669
2996000 0.000000 0.001669
2997000 0.000000 0.001668
2998000 0.000000 0.001668
2999000 0.000000 0.001667
3000000 0.000000 0.001667
