# 3.677989298078146e-07 2191873 0
  18.78391401711658
  19.46740961604863
  19.44549542737811
  19.41352265835013
  19.42504123964887
  19.41332834140105
  19.40855001317393
  19.40822537020245
    19.414085699225
  19.39687913898971
  19.40326064010653
  19.37895909389214
  19.40283941114492
  19.38834749662668
  19.37331389154446
  19.38601671066243
  19.35298121949954
  19.33005370826351
  19.31439773675933
  19.33532797977682
  19.30826751985631
   19.3239974558433
  19.30179568699517
   19.3098996208156
  19.29197948541566
  19.27649575140633
  19.25828740430464
   19.2570906405355
  19.23769654158504
   19.2213227494319
  19.19997724641833
   19.1983894659824
  19.16964781866079
  19.14546498353278
  19.12270794976837
  19.13023452597361
  19.09995803288408
  19.04759932382039
  18.99528653333966
  18.96945615267554
  18.88441248467866
  18.72132860931233
  18.54690720683421
  18.29733113730853
  17.96593001637873
  17.60804211958893
  17.17129924731564
  16.66968318181396
  16.17289466529143
  15.68653570639094
  15.33533431009025
  15.02108419237772
  14.68754810911436
  14.31608389172723
  13.86167836352561
  13.38834349706895
  12.74808752710192
  11.95816701738717
  11.06475626596384
   10.0623729936198
   9.00734935474328
   7.93768489089508
  6.871188378245571
  5.829874111619109
  4.629686292387623
  3.519784736294866
  2.452343564176286
   1.52882862471971
  0.707406267541078
 0.1383867976467615
                  0
0.08939536934294812
  0.463526805284333
  1.184416632526138
  2.096823549212698
  3.168209371491039
  4.278319014919363
  5.324042639076656
  6.387504447259426
  7.483462798553538
  8.620187108337037
  9.705327901586433
  10.71401095535477
  11.66728062355067
  12.49614378873256
  13.15345025704088
   13.6826736582507
   14.0955896794011
  14.45796112258862
  14.86155817164323
  15.20222370074909
  15.58516064949719
    16.057447419602
  16.56702803506735
  17.08528695456745
  17.51149796499396
   17.8751560293469
  18.16440858688668
  18.43089664671675
  18.59883353308864
  18.74584426934344
  18.83421986291041
  18.88610676486515
  18.94566525530282
    18.986760841662
  18.99103173310844
  19.02738837365638
  19.05950164485479
  19.09078943009948
  19.09566187038159
  19.11225262850676
  19.10764008214728
  19.14048862617253
  19.14124642955397
  19.10745876891476
  19.14366427182834
  19.14775764638227
  19.14969587733256
    19.155098899864
  19.13330409529204
  19.15533273126782
  19.15588669902802
  19.19028199127113
  19.16458257394384
  19.15845886224909
  19.15749282974674
  19.17915709721555
  19.16795860227034
  19.18334693649237
  19.16371250735655
  19.14249190894538
  19.16991530371764
   19.1505556878003
  19.17210155468454
  19.17681462422001
  19.19327105829164
  19.17593239154943
  19.16189587527492
  19.18760974410817
  19.14890082895472
  18.50816449830076
