1000 62.241596 62.241596
2000 62.172556 62.207076
3000 62.323725 62.245959
4000 62.653666 62.347886
5000 62.864894 62.451287
6000 63.502184 62.626437
7000 63.074045 62.690381
8000 62.637769 62.683804
9000 63.420249 62.765631
10000 63.167862 62.805855
11000 63.628348 62.880627
12000 63.223349 62.909187
13000 62.984061 62.914946
14000 62.659596 62.896707
15000 62.438344 62.866150
16000 62.460283 62.840783
17000 61.959785 62.788960
18000 63.045633 62.803219
19000 62.814228 62.803799
20000 62.893122 62.808265
21000 63.810978 62.856013
22000 62.702705 62.849044
23000 62.732531 62.843979
24000 61.939498 62.806292
25000 61.768485 62.764780
26000 62.211787 62.743511
27000 61.580603 62.700440
28000 61.568785 62.660024
29000 61.742730 62.628393
30000 60.177655 62.546702
31000 62.124392 62.533079
32000 61.510461 62.501122
33000 61.917184 62.483427
34000 62.106630 62.472345
35000 61.582431 62.446919
36000 62.947637 62.460827
37000 63.013131 62.475755
38000 62.379413 62.473219
39000 62.611542 62.476766
40000 62.633167 62.480676
41000 62.996627 62.493260
42000 63.019745 62.505796
43000 62.463277 62.504807
44000 62.887265 62.513499
45000 61.976663 62.501569
46000 62.133810 62.493575
47000 62.531538 62.494382
48000 62.347823 62.491329
49000 62.000978 62.481322
50000 61.750807 62.466711
51000 61.387370 62.445548
52000 61.280317 62.423140
53000 61.808718 62.411547
54000 61.725735 62.398847
55000 60.372661 62.362007
56000 60.750155 62.333224
57000 61.307914 62.315236
58000 61.553973 62.302111
59000 62.452752 62.304664
60000 62.749436 62.312077
61000 62.138454 62.309230
62000 62.450151 62.311503
63000 62.464009 62.313924
64000 62.272278 62.313273
65000 62.652271 62.318489
66000 62.199457 62.316685
67000 62.111457 62.313622
68000 62.453962 62.315686
69000 63.547039 62.333532
70000 64.464746 62.363978
71000 64.640068 62.396035
72000 63.593350 62.412665
73000 64.262208 62.438001
74000 64.271772 62.462781
75000 64.161224 62.485427
76000 64.374796 62.510287
77000 64.275648 62.533214
78000 63.253826 62.542453
79000 63.401753 62.553330
80000 63.659755 62.567160
81000 63.509206 62.578791
82000 63.575717 62.590948
83000 64.341918 62.612044
84000 64.047971 62.629139
85000 64.433686 62.650369
86000 64.298225 62.669530
87000 64.023666 62.685094
88000 63.718042 62.696833
89000 65.035508 62.723110
90000 64.909835 62.747407
91000 65.295299 62.775406
92000 65.382207 62.803740
93000 64.602582 62.823083
94000 65.446468 62.850991
95000 66.256993 62.886844
96000 65.858364 62.917797
97000 65.912341 62.948669
98000 66.372187 62.983602
99000 66.320501 63.017309
100000 66.669639 63.053832
101000 66.209449 63.085076
102000 65.598824 63.109720
103000 65.830984 63.136140
104000 66.336188 63.166910
105000 66.188153 63.195684
106000 65.601997 63.218385
107000 65.946277 63.243879
108000 64.891372 63.259134
109000 65.737146 63.281868
110000 66.159819 63.308031
111000 65.887993 63.331274
112000 65.488173 63.350532
113000 65.183629 63.366754
114000 65.565010 63.386037
115000 65.301802 63.402696
116000 65.292086 63.418984
117000 66.781178 63.447720
118000 65.969307 63.469090
119000 66.277346 63.492688
120000 66.093589 63.514363
121000 66.460322 63.538709
122000 65.325844 63.553358
123000 64.839274 63.563813
124000 64.672595 63.572754
125000 64.279320 63.578407
126000 64.627894 63.586736
127000 65.166904 63.599178
128000 64.287254 63.604554
129000 64.844547 63.614166
130000 65.381773 63.627763
131000 64.865364 63.637211
132000 64.124692 63.640904
133000 64.093308 63.644305
134000 63.770136 63.645244
135000 63.849202 63.646755
136000 64.728310 63.654708
137000 65.522184 63.668339
138000 65.084381 63.678600
139000 64.987931 63.688020
140000 65.320083 63.699677
141000 66.370249 63.718618
142000 67.414687 63.744646
143000 67.098000 63.768096
144000 66.372719 63.786184
145000 66.061691 63.801877
146000 65.885969 63.816152
147000 65.398429 63.826915
148000 65.868975 63.840713
149000 66.033363 63.855429
150000 65.423415 63.865882
151000 65.173572 63.874542
152000 64.909125 63.881349
153000 63.746002 63.880464
154000 64.699847 63.885785
155000 63.612832 63.884024
156000 64.196783 63.886029
157000 64.468652 63.889740
158000 63.398758 63.886632
159000 63.884195 63.886617
160000 64.276527 63.889054
161000 64.638091 63.893706
162000 64.260085 63.895968
163000 64.115174 63.897313
164000 64.605505 63.901631
165000 63.541854 63.899450
166000 64.070736 63.900482
167000 63.459559 63.897842
168000 64.274786 63.900086
169000 63.765477 63.899289
170000 63.794036 63.898670
171000 63.651696 63.897226
172000 64.473995 63.900579
173000 64.673832 63.905049
174000 63.661071 63.903647
175000 64.064395 63.904565
176000 63.535485 63.902468
177000 62.848291 63.896512
178000 63.452673 63.894019
179000 62.823498 63.888038
180000 63.962041 63.888449
181000 63.002182 63.883553
182000 63.341333 63.880574
183000 63.478335 63.878376
184000 62.243893 63.869493
185000 63.431462 63.867125
186000 63.819902 63.866871
187000 63.158057 63.863081
188000 63.481179 63.861049
189000 62.589475 63.854321
190000 64.111546 63.855675
191000 63.895322 63.855883
192000 63.289898 63.852935
193000 62.766074 63.847303
194000 62.813274 63.841973
195000 63.089374 63.838114
196000 62.574999 63.831669
197000 62.936938 63.827128
198000 63.022895 63.823066
199000 63.787756 63.822888
200000 63.336918 63.820459
201000 64.420273 63.823443
202000 64.412593 63.826359
203000 64.172946 63.828067
204000 63.863806 63.828242
205000 63.643638 63.827341
206000 63.019034 63.823417
207000 63.886753 63.823723
208000 64.082851 63.824969
209000 64.169626 63.826618
210000 63.132745 63.823314
211000 63.132751 63.820041
212000 62.874305 63.815580
213000 63.788726 63.815454
214000 63.921637 63.815950
215000 63.576322 63.814836
216000 63.568311 63.813695
217000 62.462263 63.807467
218000 62.536090 63.801635
219000 62.699352 63.796601
220000 61.316039 63.785326
221000 61.712548 63.775947
222000 61.686772 63.766536
223000 61.755967 63.757520
224000 61.513185 63.747501
225000 61.086503 63.735674
226000 61.095487 63.723992
227000 61.253684 63.713110
228000 61.507347 63.703435
229000 61.046500 63.691833
230000 61.445637 63.682067
231000 61.487107 63.672565
232000 59.906136 63.656330
233000 59.577785 63.638826
234000 59.586423 63.621508
235000 60.042459 63.606278
236000 60.958497 63.595058
237000 60.254813 63.580965
238000 60.178063 63.566667
239000 60.320069 63.553083
240000 60.683252 63.541125
241000 61.318815 63.531904
242000 60.611678 63.519837
243000 59.564052 63.503558
244000 60.216406 63.490086
245000 60.225279 63.476760
246000 60.402531 63.464263
247000 60.743703 63.453249
248000 60.497953 63.441332
249000 60.278983 63.428632
250000 60.814160 63.418174
251000 61.481103 63.410457
252000 62.419829 63.406526
253000 61.020930 63.397097
254000 60.614932 63.386143
255000 61.299878 63.377962
256000 61.752846 63.371614
257000 61.578791 63.364638
258000 61.264700 63.356498
259000 60.557022 63.345690
260000 61.501163 63.338595
261000 60.835370 63.329004
262000 61.233162 63.321005
263000 60.879098 63.311720
264000 59.980980 63.299104
265000 61.457477 63.292154
266000 61.130443 63.284027
267000 61.841810 63.278626
268000 61.079397 63.270420
269000 60.919318 63.261680
270000 61.050805 63.253491
271000 59.819677 63.240820
272000 60.306264 63.230031
273000 60.014681 63.218254
274000 59.572272 63.204947
275000 60.114016 63.193707
276000 60.735511 63.184801
277000 60.022208 63.173384
278000 61.309930 63.166680
279000 61.626573 63.161160
280000 61.465629 63.155105
281000 61.653157 63.149760
282000 62.087232 63.145992
283000 62.109326 63.142329
284000 61.668069 63.137138
285000 60.576449 63.128153
286000 60.835883 63.120138
287000 61.634189 63.114961
288000 61.981232 63.111024
289000 62.585592 63.109206
290000 61.589354 63.103965
291000 62.112425 63.100558
292000 61.974345 63.096701
293000 62.124158 63.093382
294000 61.036025 63.086384
295000 60.839315 63.078767
296000 61.315692 63.072810
297000 61.179642 63.066436
298000 60.622650 63.058235
299000 61.492041 63.052997
300000 61.563688 63.048033
301000 61.140573 63.041696
302000 61.585765 63.036875
303000 61.260859 63.031013
304000 61.743253 63.026777
305000 61.744193 63.022572
306000 61.347198 63.017097
307000 61.641067 63.012615
308000 62.294371 63.010283
309000 62.628351 63.009047
310000 62.744357 63.008193
311000 61.146195 63.002206
312000 61.080422 62.996046
313000 60.690339 62.988680
314000 59.948341 62.978997
315000 60.748912 62.971918
316000 60.873955 62.965278
317000 61.386802 62.960299
318000 61.415690 62.955442
319000 61.374048 62.950484
320000 61.064057 62.944589
321000 60.768650 62.937811
322000 60.761320 62.931051
323000 61.772699 62.927465
324000 61.597279 62.923360
325000 60.814375 62.916870
326000 60.968188 62.910893
327000 61.031154 62.905144
328000 61.036265 62.899447
329000 61.583988 62.895448
330000 61.340384 62.890736
331000 60.889657 62.884690
332000 61.329738 62.880007
333000 60.289025 62.872226
334000 61.586880 62.868378
335000 61.813875 62.865230
336000 61.116812 62.860026
337000 62.319451 62.858422
338000 62.639180 62.857774
339000 61.768299 62.854560
340000 62.065387 62.852239
341000 62.547627 62.851346
342000 62.366477 62.849928
343000 61.815030 62.846911
344000 62.407101 62.845632
345000 62.668448 62.845118
346000 62.405781 62.843849
347000 62.531185 62.842948
348000 62.834428 62.842923
349000 62.347351 62.841503
350000 62.716070 62.841145
351000 63.066487 62.841787
352000 62.620711 62.841159
353000 63.262691 62.842353
354000 62.792031 62.842211
355000 62.584954 62.841486
356000 63.813173 62.844216
357000 64.055748 62.847609
358000 64.088348 62.851075
359000 63.532444 62.852973
360000 63.630118 62.855132
361000 63.198147 62.856082
362000 63.369002 62.857499
363000 62.310250 62.855991
364000 61.808348 62.853113
365000 62.560105 62.852310
366000 62.239901 62.850637
367000 62.188572 62.848833
368000 62.924210 62.849038
369000 62.405572 62.847836
370000 62.299470 62.846354
371000 62.756107 62.846111
372000 62.013117 62.843871
373000 61.587723 62.840504
374000 62.696468 62.840119
375000 62.722167 62.839804
376000 63.044310 62.840348
377000 62.931432 62.840590
378000 62.691067 62.840194
379000 63.322037 62.841465
380000 62.905465 62.841634
381000 62.539369 62.840841
382000 62.221354 62.839219
383000 62.882008 62.839331
384000 63.038468 62.839849
385000 62.295605 62.838435
386000 61.985700 62.836226
387000 61.958265 62.833958
388000 61.988562 62.831779
389000 62.948479 62.832079
390000 62.560786 62.831383
391000 61.628456 62.828307
392000 62.480275 62.827419
393000 62.677816 62.827038
394000 62.922673 62.827281
395000 63.024769 62.827781
396000 62.794599 62.827697
397000 63.577814 62.829587
398000 63.547742 62.831391
399000 63.376253 62.832757
400000 63.207232 62.833693
401000 64.000267 62.836602
402000 63.924671 62.839309
403000 62.667418 62.838882
404000 64.153567 62.842136
405000 64.175034 62.845427
406000 63.317041 62.846589
407000 63.837264 62.849023
408000 64.279430 62.852529
409000 65.087183 62.857993
410000 66.278456 62.866335
411000 65.465595 62.872659
412000 65.602998 62.879286
413000 65.846633 62.886471
414000 66.318800 62.894762
415000 65.743466 62.901626
416000 65.817873 62.908637
417000 65.997912 62.916045
418000 65.185925 62.921475
419000 65.757559 62.928244
420000 66.251249 62.936156
421000 65.626624 62.942546
422000 65.130806 62.947732
423000 64.627273 62.951702
424000 64.588356 62.955562
425000 63.796406 62.957541
426000 64.630794 62.961469
427000 65.679868 62.967835
428000 65.546773 62.973861
429000 64.895394 62.978340
430000 64.912237 62.982837
431000 64.740730 62.986916
432000 64.175930 62.989668
433000 64.332016 62.992768
434000 64.549450 62.996355
435000 64.755175 63.000398
436000 63.093886 63.000613
437000 63.633860 63.002062
438000 63.382663 63.002931
439000 63.394537 63.003823
440000 63.671648 63.005341
441000 63.508638 63.006482
442000 64.600166 63.010087
443000 64.151286 63.012664
444000 64.176780 63.015285
445000 64.159262 63.017856
446000 63.869030 63.019765
447000 64.740508 63.023614
448000 64.516617 63.026947
449000 63.924424 63.028946
450000 64.712699 63.032687
451000 64.482739 63.035902
452000 65.429004 63.041197
453000 65.310167 63.046206
454000 65.478886 63.051564
455000 65.088338 63.056040
456000 66.259213 63.063065
457000 65.789173 63.069030
458000 65.352929 63.074017
459000 64.702236 63.077564
460000 64.732433 63.081162
461000 64.623461 63.084507
462000 65.297060 63.089296
463000 64.517687 63.092381
464000 64.439938 63.095286
465000 64.864447 63.099090
466000 66.114748 63.105562
467000 66.569600 63.112979
468000 65.748676 63.118611
469000 66.177055 63.125132
470000 67.734907 63.134940
471000 67.135313 63.143434
472000 66.564978 63.150683
473000 66.475309 63.157712
474000 66.248422 63.164232
475000 65.728784 63.169631
476000 65.569071 63.174672
477000 65.846723 63.180274
478000 66.040898 63.186258
479000 65.804094 63.191723
480000 65.153185 63.195810
481000 66.948356 63.203611
482000 66.912583 63.211306
483000 68.377583 63.222003
484000 67.431727 63.230700
485000 67.862425 63.240250
486000 68.231058 63.250519
487000 69.037694 63.262403
488000 69.055963 63.274275
489000 69.783368 63.287586
490000 69.770665 63.300817
491000 70.162920 63.314792
492000 69.983881 63.328347
493000 69.678312 63.341228
494000 69.875196 63.354454
495000 68.651276 63.365155
496000 69.254417 63.377029
497000 69.146903 63.388638
498000 70.306270 63.402529
499000 70.931123 63.417616
500000 70.371590 63.431524
501000 71.432458 63.447494
502000 70.604575 63.461751
503000 70.552403 63.475848
504000 70.815008 63.490410
505000 69.395553 63.502103
506000 69.633901 63.514221
507000 70.037287 63.527087
508000 68.900606 63.537665
509000 69.539464 63.549456
510000 68.890161 63.559928
511000 70.012528 63.572556
512000 70.561200 63.586205
513000 70.894654 63.600452
514000 71.445052 63.615714
515000 71.788840 63.631584
516000 70.311791 63.644530
517000 70.550546 63.657888
518000 70.461309 63.671022
519000 69.132128 63.681544
520000 69.651315 63.693025
521000 70.453894 63.706001
522000 70.095854 63.718242
523000 70.681767 63.731557
524000 70.346401 63.744181
525000 70.409457 63.756877
526000 69.870060 63.768499
527000 69.886212 63.780107
528000 70.625517 63.793072
529000 69.218326 63.803328
530000 69.964185 63.814952
531000 70.356831 63.827272
532000 70.213626 63.839276
533000 70.432696 63.851647
534000 70.020653 63.863199
535000 68.896603 63.872607
536000 70.104407 63.884234
537000 69.829818 63.895306
538000 69.603054 63.905915
539000 69.645169 63.916563
540000 69.653141 63.927186
541000 69.838667 63.938113
542000 68.093171 63.945779
543000 67.682877 63.952662
544000 67.976669 63.960059
545000 68.510767 63.968409
546000 68.170182 63.976104
547000 68.637257 63.984625
548000 68.792572 63.993399
549000 69.748809 64.003882
550000 69.534801 64.013939
551000 69.848997 64.024529
552000 69.045975 64.033625
553000 68.964982 64.042543
554000 69.053034 64.051587
555000 69.280057 64.061008
556000 70.501881 64.072592
557000 69.782295 64.082843
558000 71.024036 64.095282
559000 70.433631 64.106621
560000 71.311289 64.119487
561000 72.083289 64.133682
562000 71.664734 64.147083
563000 71.353289 64.159882
564000 71.320927 64.172579
565000 70.813359 64.184333
566000 70.451508 64.195406
567000 70.965810 64.207346
568000 70.304803 64.218081
569000 70.361188 64.228878
570000 70.079283 64.239141
571000 70.474339 64.250061
572000 70.223593 64.260504
573000 69.801954 64.270175
574000 69.924656 64.280026
575000 70.010891 64.289993
576000 69.133189 64.298401
577000 69.032438 64.306606
578000 69.164117 64.315010
579000 68.757385 64.322683
580000 68.470009 64.329833
581000 68.309746 64.336683
582000 67.007902 64.341273
583000 67.726961 64.347080
584000 67.921984 64.353202
585000 68.216993 64.359806
586000 68.621342 64.367079
587000 68.731241 64.374513
588000 68.099710 64.380849
589000 68.125751 64.387207
590000 68.332800 64.393894
591000 69.259664 64.402127
592000 69.392497 64.410557
593000 70.064596 64.420092
594000 68.570131 64.427078
595000 68.516278 64.433951
596000 69.252584 64.442036
597000 68.811686 64.449355
598000 69.016091 64.456992
599000 68.762639 64.464180
600000 68.280432 64.470540
601000 68.004526 64.476421
602000 67.786384 64.481919
603000 68.069891 64.487869
604000 67.748908 64.493268
605000 68.656134 64.500149
606000 68.685588 64.507056
607000 69.443555 64.515188
608000 69.917586 64.524074
609000 69.535792 64.532303
610000 69.795295 64.540931
611000 71.056087 64.551594
612000 70.545211 64.561388
613000 70.095180 64.570415
614000 69.463646 64.578384
615000 69.774110 64.586833
616000 70.069504 64.595733
617000 70.485711 64.605279
618000 70.763675 64.615244
619000 70.235774 64.624324
620000 70.296480 64.633473
621000 71.024899 64.643765
622000 71.065370 64.654089
623000 70.814692 64.663978
624000 71.782288 64.675385
625000 70.477630 64.684669
626000 71.577954 64.695681
627000 70.586389 64.705076
628000 69.585352 64.712847
629000 69.728836 64.720821
630000 69.712748 64.728745
631000 69.575678 64.736426
632000 69.466004 64.743910
633000 69.825567 64.751938
634000 70.161894 64.760471
635000 69.369596 64.767729
636000 70.907336 64.777383
637000 71.128681 64.787354
638000 70.477053 64.796272
639000 69.531402 64.803682
640000 68.874657 64.810043
641000 69.396056 64.817197
642000 68.983079 64.823686
643000 68.680257 64.829684
644000 68.578572 64.835505
645000 68.371695 64.840988
646000 67.574066 64.845218
647000 67.329131 64.849057
648000 67.080556 64.852501
649000 66.144292 64.854492
650000 66.122770 64.856443
651000 66.519574 64.858997
652000 66.805617 64.861983
653000 66.960174 64.865196
654000 67.288945 64.868902
655000 66.918558 64.872032
656000 67.335274 64.875786
657000 67.120919 64.879204
658000 66.908699 64.882288
659000 67.533814 64.886312
660000 67.455718 64.890205
661000 66.385971 64.892468
662000 67.458264 64.896343
663000 68.691462 64.902068
664000 68.227874 64.907076
665000 68.954720 64.913163
666000 68.894654 64.919141
667000 69.807467 64.926470
668000 69.910841 64.933932
669000 69.747560 64.941127
670000 69.249530 64.947557
671000 69.494234 64.954333
672000 69.963775 64.961788
673000 68.891018 64.967626
674000 69.039633 64.973668
675000 69.353717 64.980157
676000 71.442806 64.989717
677000 70.998605 64.998593
678000 70.396347 65.006554
679000 70.945403 65.015300
680000 70.428097 65.023260
681000 69.683170 65.030103
682000 69.593876 65.036795
683000 68.719781 65.042187
684000 68.884069 65.047804
685000 68.612349 65.053008
686000 67.757892 65.056951
687000 67.450091 65.060434
688000 67.744035 65.064335
689000 67.732080 65.068207
690000 68.375696 65.073000
691000 69.205863 65.078981
692000 67.913976 65.083078
693000 68.499799 65.088008
694000 69.076645 65.093756
695000 68.644502 65.098865
696000 69.281054 65.104873
697000 69.168156 65.110703
698000 69.287845 65.116688
699000 68.756838 65.121895
700000 68.477784 65.126689
701000 68.412169 65.131376
702000 68.710187 65.136474
703000 68.947807 65.141896
704000 69.809559 65.148526
705000 71.975865 65.158210
706000 70.586808 65.165899
707000 70.602068 65.173588
708000 70.828722 65.181576
709000 70.449568 65.189006
710000 71.502307 65.197898
711000 70.522509 65.205387
712000 71.302385 65.213950
713000 69.945825 65.220587
714000 69.552941 65.226654
715000 70.881301 65.234563
716000 70.595716 65.242051
717000 69.729680 65.248310
718000 69.875978 65.254755
719000 70.553487 65.262124
720000 70.872325 65.269916
721000 71.304313 65.278286
722000 71.186585 65.286469
723000 70.662880 65.293905
724000 71.029199 65.301827
725000 69.924531 65.308203
726000 70.184809 65.314920
727000 69.977430 65.321334
728000 70.102407 65.327901
729000 69.540241 65.333679
730000 70.179219 65.340317
731000 70.143604 65.346888
732000 69.741472 65.352891
733000 69.808459 65.358970
734000 70.240278 65.365620
735000 70.190911 65.372185
736000 69.176306 65.377354
737000 69.026333 65.382305
738000 68.683050 65.386777
739000 69.104175 65.391808
740000 67.851390 65.395132
741000 67.714837 65.398262
742000 67.125784 65.400590
743000 67.937584 65.404005
744000 67.987353 65.407477
745000 66.869983 65.409440
746000 67.325133 65.412008
747000 67.997954 65.415470
748000 67.589186 65.418376
749000 66.991039 65.420476
750000 67.405690 65.423123
751000 67.167582 65.425445
752000 67.785012 65.428583
753000 66.806559 65.430413
754000 67.144806 65.432687
755000 66.425056 65.434001
756000 67.796794 65.437127
757000 66.559932 65.438610
758000 65.953284 65.439289
759000 65.999157 65.440026
760000 66.711536 65.441699
761000 66.256407 65.442770
762000 66.200152 65.443764
763000 66.471992 65.445112
764000 66.740817 65.446808
765000 66.501242 65.448186
766000 66.240427 65.449220
767000 65.840003 65.449730
768000 65.991678 65.450435
769000 66.873117 65.452285
770000 66.342999 65.453442
771000 67.069497 65.455538
772000 67.183427 65.457776
773000 66.682289 65.459360
774000 67.663720 65.462208
775000 67.863733 65.465307
776000 68.137357 65.468751
777000 67.787821 65.471735
778000 67.836762 65.474775
779000 66.440211 65.476014
780000 66.646095 65.477515
781000 66.492214 65.478814
782000 67.385959 65.481253
783000 66.889684 65.483051
784000 66.166081 65.483923
785000 66.838396 65.485648
786000 67.181939 65.487806
787000 66.873249 65.489567
788000 67.766551 65.492456
789000 68.046057 65.495693
790000 67.033914 65.497640
791000 66.707400 65.499169
792000 66.753210 65.500753
793000 67.354764 65.503090
794000 67.343167 65.505408
795000 67.689379 65.508155
796000 68.796122 65.512286
797000 68.019019 65.515431
798000 67.299817 65.517667
799000 67.944942 65.520705
800000 68.297539 65.524176
801000 69.414112 65.529032
802000 68.025277 65.532145
803000 68.330636 65.535630
804000 68.755146 65.539634
805000 69.102800 65.544061
806000 69.866760 65.549424
807000 69.172556 65.553913
808000 70.239387 65.559712
809000 69.486552 65.564566
810000 69.631518 65.569587
811000 69.027337 65.573851
812000 69.535011 65.578729
813000 69.275965 65.583277
814000 67.470685 65.585595
815000 68.226757 65.588836
816000 67.977863 65.591764
817000 67.919399 65.594613
818000 66.396788 65.595593
819000 66.688343 65.596928
820000 66.837738 65.598441
821000 66.364703 65.599374
822000 66.873304 65.600924
823000 66.799765 65.602380
824000 66.704182 65.603718
825000 66.214692 65.604458
826000 65.308335 65.604100
827000 65.842688 65.604388
828000 65.840138 65.604673
829000 66.033955 65.605191
830000 66.465132 65.606227
831000 65.799912 65.606460
832000 65.551071 65.606393
833000 65.837595 65.606671
834000 65.882698 65.607002
835000 67.895408 65.609742
836000 66.132834 65.610368
837000 66.325377 65.611222
838000 66.119734 65.611829
839000 65.893043 65.612164
840000 67.401771 65.614295
841000 66.903044 65.615827
842000 66.124790 65.616432
843000 67.758947 65.618973
844000 67.130785 65.620765
845000 66.522105 65.621831
846000 68.312170 65.625011
847000 67.498852 65.627224
848000 68.072081 65.630107
849000 67.719289 65.632567
850000 68.513710 65.635957
851000 69.855904 65.640916
852000 68.520906 65.644296
853000 68.220704 65.647317
854000 67.671230 65.649686
855000 68.394909 65.652897
856000 67.110139 65.654600
857000 67.153009 65.656348
858000 68.306739 65.659437
859000 67.976515 65.662135
860000 67.706524 65.664512
861000 67.752151 65.666936
862000 68.130266 65.669794
863000 66.901820 65.671222
864000 68.026678 65.673948
865000 68.773792 65.677532
866000 68.723074 65.681048
867000 69.448859 65.685394
868000 69.410847 65.689686
869000 69.803772 65.694420
870000 70.689066 65.700161
871000 69.420017 65.704432
872000 69.322073 65.708581
873000 69.667822 65.713116
874000 69.896987 65.717903
875000 69.276970 65.721971
876000 70.726728 65.727684
877000 71.042057 65.733743
878000 71.298602 65.740082
879000 70.981412 65.746044
880000 71.005578 65.752021
881000 70.980992 65.757956
882000 70.458923 65.763286
883000 71.500835 65.769784
884000 71.119777 65.775836
885000 71.209208 65.781976
886000 70.942661 65.787800
887000 70.634088 65.793264
888000 71.007894 65.799136
889000 69.157328 65.802914
890000 69.694619 65.807286
891000 68.970078 65.810836
892000 68.918391 65.814320
893000 68.642884 65.817487
894000 68.448476 65.820430
895000 69.184676 65.824189
896000 68.861142 65.827579
897000 68.557057 65.830622
898000 69.807931 65.835051
899000 69.889642 65.839561
900000 70.169193 65.844372
901000 70.650524 65.849706
902000 71.175017 65.855610
903000 70.335109 65.860570
904000 71.114289 65.866382
905000 71.184374 65.872258
906000 70.493540 65.877359
907000 70.544612 65.882505
908000 70.262276 65.887328
909000 70.052927 65.891911
910000 69.747521 65.896148
911000 71.761489 65.902586
912000 71.920104 65.909184
913000 71.131804 65.914905
914000 72.184275 65.921764
915000 71.930404 65.928331
916000 70.458515 65.933276
917000 70.432141 65.938183
918000 71.357490 65.944086
919000 72.392913 65.951103
920000 73.008962 65.958775
921000 71.289780 65.964563
922000 71.114224 65.970148
923000 71.050509 65.975652
924000 71.195200 65.981301
925000 71.388958 65.987147
926000 71.038313 65.992602
927000 71.373706 65.998407
928000 70.209566 66.002945
929000 69.591305 66.006808
930000 69.832380 66.010921
931000 70.450246 66.015689
932000 69.196361 66.019102
933000 70.300475 66.023691
934000 69.671248 66.027596
935000 69.884515 66.031721
936000 69.421222 66.035343
937000 69.003754 66.038511
938000 68.841276 66.041499
939000 69.227337 66.044891
940000 68.612414 66.047623
941000 69.737086 66.051544
942000 69.859889 66.055586
943000 69.438230 66.059174
944000 69.642122 66.062969
945000 69.721850 66.066841
946000 70.002642 66.071001
947000 69.909092 66.075054
948000 69.961162 66.079154
949000 68.701020 66.081916
950000 69.606483 66.085626
951000 69.715047 66.089443
952000 70.581745 66.094162
953000 70.012011 66.098273
954000 69.300572 66.101629
955000 69.274900 66.104952
956000 69.604813 66.108613
957000 70.024615 66.112705
958000 70.481338 66.117265
959000 70.746317 66.122092
960000 69.739603 66.125860
961000 69.764971 66.129647
962000 70.220224 66.133899
963000 70.100087 66.138018
964000 69.941461 66.141963
965000 70.169199 66.146137
966000 70.175198 66.150308
967000 69.115343 66.153374
968000 69.403143 66.156731
969000 71.283498 66.162022
970000 70.371588 66.166362
971000 71.139889 66.171484
972000 70.708286 66.176151
973000 70.603515 66.180701
974000 70.815613 66.185460
975000 70.534851 66.189921
976000 70.384798 66.194219
977000 70.283477 66.198404
978000 70.048624 66.202341
979000 69.838082 66.206055
980000 69.206761 66.209117
981000 68.508135 66.211461
982000 69.370745 66.214678
983000 69.338842 66.217856
984000 68.909589 66.220591
985000 69.022514 66.223436
986000 69.920979 66.227186
987000 69.545817 66.230548
988000 68.838743 66.233188
989000 68.627353 66.235609
990000 69.147980 66.238551
991000 69.553736 66.241896
992000 69.931726 66.245616
993000 70.224235 66.249622
994000 69.447896 66.252840
995000 70.545709 66.257154
996000 69.204773 66.260114
997000 68.713487 66.262575
998000 68.398530 66.264715
999000 67.509265 66.265961
1000000 68.315138 66.268010
1001000 68.064230 66.269804
1002000 68.868213 66.272397
1003000 67.735298 66.273856
1004000 67.589452 66.275166
1005000 67.065210 66.275952
1006000 66.698609 66.276373
1007000 67.440131 66.277528
1008000 67.290933 66.278534
1009000 68.176353 66.280415
1010000 67.454579 66.281577
1011000 66.848147 66.282137
1012000 67.516278 66.283357
1013000 67.556961 66.284614
1014000 67.084300 66.285403
1015000 67.430156 66.286531
1016000 67.274293 66.287503
1017000 67.185773 66.288386
1018000 67.305480 66.289385
1019000 67.821661 66.290889
1020000 68.186198 66.292747
1021000 67.940439 66.294361
1022000 68.261704 66.296286
1023000 68.275204 66.298220
1024000 68.484578 66.300355
1025000 67.816962 66.301835
1026000 67.138108 66.302650
1027000 67.624089 66.303937
1028000 67.766587 66.305360
1029000 67.072080 66.306105
1030000 67.796641 66.307552
1031000 66.763620 66.307994
1032000 66.732110 66.308405
1033000 66.620806 66.308708
1034000 66.853369 66.309234
1035000 66.212774 66.309141
1036000 66.193856 66.309030
1037000 67.299111 66.309985
1038000 66.549599 66.310216
1039000 66.998764 66.310878
1040000 66.933146 66.311477
1041000 67.247198 66.312375
1042000 67.692053 66.313700
1043000 68.520004 66.315815
1044000 67.860704 66.317295
1045000 68.850996 66.319719
1046000 70.030562 66.323267
1047000 70.174957 66.326946
1048000 68.106327 66.328644
1049000 67.962225 66.330201
1050000 68.681265 66.332440
1051000 69.134292 66.335106
1052000 69.000453 66.337639
1053000 68.377363 66.339576
1054000 68.214787 66.341356
1055000 69.062416 66.343935
1056000 68.272263 66.345761
1057000 67.763502 66.347102
1058000 68.342659 66.348988
1059000 68.839488 66.351340
1060000 68.298191 66.353177
1061000 68.450576 66.355154
1062000 69.171182 66.357805
1063000 68.848036 66.360148
1064000 69.097877 66.362721
1065000 68.546585 66.364771
1066000 68.168743 66.366464
1067000 67.539347 66.367563
1068000 67.949771 66.369044
1069000 67.790911 66.370375
1070000 68.280768 66.372160
1071000 68.465205 66.374114
1072000 68.912655 66.376482
1073000 68.539053 66.378498
1074000 67.517553 66.379558
1075000 68.344165 66.381386
1076000 68.905487 66.383732
1077000 68.709199 66.385891
1078000 68.880665 66.388205
1079000 69.766295 66.391336
1080000 69.283524 66.394014
1081000 69.781554 66.397148
1082000 71.157383 66.401547
1083000 70.213468 66.405067
1084000 70.869593 66.409185
1085000 71.086826 66.413497
1086000 71.122107 66.417832
1087000 71.038209 66.422083
1088000 72.154096 66.427351
1089000 73.044422 66.433428
1090000 73.582199 66.439986
1091000 73.724019 66.446663
1092000 73.366066 66.452999
1093000 73.700572 66.459630
1094000 73.104238 66.465704
1095000 73.303921 66.471949
1096000 72.892493 66.477807
1097000 72.472297 66.483271
1098000 72.553015 66.488799
1099000 72.509982 66.494278
1100000 72.754461 66.499969
1101000 72.866394 66.505751
1102000 72.341120 66.511047
1103000 71.857812 66.515894
1104000 71.718010 66.520606
1105000 72.010057 66.525574
1106000 71.516800 66.530087
1107000 72.411309 66.535400
1108000 72.843638 66.541093
1109000 71.957617 66.545977
1110000 72.601472 66.551433
1111000 72.393913 66.556691
1112000 71.916459 66.561511
1113000 71.377992 66.565839
1114000 71.644031 66.570397
1115000 70.804538 66.574195
1116000 71.934593 66.578998
1117000 72.623294 66.584409
1118000 72.417241 66.589626
1119000 72.756635 66.595137
1120000 72.891047 66.600759
1121000 73.194795 66.606641
1122000 73.474394 66.612762
1123000 71.931914 66.617499
1124000 72.869098 66.623061
1125000 72.157576 66.627980
1126000 73.006219 66.633645
1127000 73.880099 66.640074
1128000 73.049548 66.645757
1129000 72.634957 66.651062
1130000 72.323638 66.656081
1131000 72.696869 66.661423
1132000 74.146663 66.668035
1133000 72.672201 66.673334
1134000 73.842550 66.679656
1135000 73.356483 66.685539
1136000 72.643450 66.690784
1137000 72.398707 66.695804
1138000 72.821690 66.701187
1139000 72.922822 66.706649
1140000 72.912458 66.712093
1141000 72.471407 66.717141
1142000 71.997066 66.721764
1143000 72.861596 66.727136
1144000 72.095831 66.731829
1145000 72.850255 66.737172
1146000 72.803934 66.742466
1147000 73.379506 66.748252
1148000 72.493003 66.753257
1149000 71.843094 66.757686
1150000 71.257766 66.761600
1151000 71.416162 66.765643
1152000 71.198773 66.769492
1153000 71.092156 66.773241
1154000 71.182081 66.777061
1155000 71.975776 66.781562
1156000 71.762361 66.785871
1157000 71.355759 66.789821
1158000 71.512579 66.793899
1159000 71.772733 66.798195
1160000 72.895667 66.803451
1161000 72.254406 66.808146
1162000 72.072450 66.812677
1163000 72.411763 66.817491
1164000 71.741290 66.821721
1165000 72.107913 66.826259
1166000 72.820626 66.831400
1167000 72.388312 66.836161
1168000 71.537438 66.840186
1169000 72.383224 66.844928
1170000 71.625428 66.849014
1171000 73.099244 66.854351
1172000 71.589585 66.858392
1173000 72.149277 66.862902
1174000 73.494583 66.868551
1175000 73.927988 66.874559
1176000 73.664312 66.880333
1177000 73.714761 66.886139
1178000 75.805704 66.893711
1179000 74.834372 66.900446
1180000 74.660280 66.907022
1181000 73.451237 66.912564
1182000 74.525778 66.919005
1183000 75.178659 66.925987
1184000 75.061119 66.932857
1185000 74.824198 66.939517
1186000 75.169402 66.946456
1187000 75.243777 66.953446
1188000 75.144312 66.960341
1189000 73.941175 66.966212
1190000 75.104037 66.973051
1191000 75.121963 66.979893
1192000 75.355792 66.986919
1193000 75.028795 66.993660
1194000 75.917680 67.001134
1195000 74.880372 67.007728
1196000 74.188935 67.013732
1197000 75.169349 67.020546
1198000 74.932295 67.027150
1199000 74.884447 67.033703
1200000 76.124773 67.041279
1201000 75.714168 67.048500
1202000 76.436510 67.056310
1203000 77.076895 67.064640
1204000 76.675345 67.072622
1205000 76.857259 67.080742
1206000 76.247670 67.088344
1207000 77.136573 67.096669
1208000 77.255090 67.105078
1209000 76.938860 67.113212
1210000 76.242058 67.120756
1211000 75.569929 67.127733
1212000 75.560806 67.134691
1213000 75.461149 67.141556
1214000 76.509364 67.149272
1215000 76.178731 67.156704
1216000 77.036778 67.164829
1217000 75.986476 67.172077
1218000 75.988501 67.179316
1219000 75.134710 67.185842
1220000 75.462277 67.192626
1221000 75.324991 67.199286
1222000 75.585790 67.206149
1223000 76.101441 67.213423
1224000 75.975854 67.220581
1225000 76.037181 67.227779
1226000 76.621663 67.235441
1227000 75.793316 67.242416
1228000 76.113523 67.249640
1229000 74.922055 67.255882
1230000 74.924261 67.262117
1231000 74.569005 67.268053
1232000 74.983740 67.274315
1233000 75.221663 67.280761
1234000 74.741905 67.286807
1235000 74.321295 67.292503
1236000 73.633279 67.297633
1237000 74.119437 67.303148
1238000 73.466350 67.308126
1239000 73.637842 67.313235
1240000 73.377446 67.318126
1241000 73.336226 67.322975
1242000 74.014528 67.328363
1243000 73.907604 67.333656
1244000 74.342532 67.339290
1245000 73.233693 67.344024
1246000 74.398739 67.349686
1247000 73.802584 67.354861
1248000 74.282759 67.360412
1249000 74.812789 67.366379
1250000 74.752153 67.372287
1251000 75.274476 67.378604
1252000 75.400918 67.385012
1253000 74.506202 67.390695
1254000 75.417738 67.397096
1255000 74.892217 67.403068
1256000 76.016312 67.409926
1257000 75.103727 67.416047
1258000 73.686788 67.421032
1259000 73.078747 67.425525
1260000 72.996385 67.429947
1261000 73.679292 67.434903
1262000 73.645243 67.439824
1263000 72.969593 67.444202
1264000 72.333465 67.448070
1265000 73.552518 67.452896
1266000 74.056614 67.458112
1267000 74.359523 67.463559
1268000 74.502700 67.469110
1269000 74.705140 67.474812
1270000 73.695537 67.479711
1271000 73.691404 67.484598
1272000 73.783366 67.489550
1273000 73.754998 67.494472
1274000 74.748431 67.500165
1275000 73.838057 67.505136
1276000 73.694727 67.509987
1277000 74.645397 67.515575
1278000 74.608464 67.521125
1279000 73.594074 67.525873
1280000 73.834608 67.530802
1281000 73.941535 67.535806
1282000 74.905216 67.541554
1283000 75.384795 67.547668
1284000 74.500564 67.553083
1285000 75.312126 67.559121
1286000 74.634575 67.564623
1287000 75.532519 67.570814
1288000 75.027709 67.576603
1289000 73.959363 67.581555
1290000 73.953245 67.586494
1291000 74.657161 67.591971
1292000 75.432606 67.598040
1293000 75.217562 67.603933
1294000 75.445549 67.609993
1295000 75.180869 67.615839
1296000 75.214346 67.621702
1297000 75.467179 67.627751
1298000 73.827474 67.632527
1299000 73.788389 67.637266
1300000 75.315808 67.643173
1301000 74.813636 67.648684
1302000 75.105799 67.654412
1303000 74.736562 67.659847
1304000 73.610263 67.664410
1305000 74.056535 67.669308
1306000 73.280566 67.673605
1307000 73.270420 67.677887
1308000 74.017868 67.682734
1309000 75.141668 67.688432
1310000 75.004576 67.694017
1311000 74.365856 67.699106
1312000 75.378877 67.704960
1313000 74.708900 67.710294
1314000 74.375090 67.715366
1315000 74.426050 67.720469
1316000 75.103069 67.726079
1317000 76.104289 67.732441
1318000 75.957223 67.738681
1319000 75.926873 67.744889
1320000 75.726727 67.750936
1321000 76.439256 67.757513
1322000 76.105364 67.763828
1323000 75.686286 67.769816
1324000 76.171229 67.776161
1325000 75.954282 67.782333
1326000 75.483313 67.788141
1327000 75.506736 67.793958
1328000 74.605120 67.799087
1329000 73.726797 67.803547
1330000 74.109478 67.808288
1331000 74.438919 67.813270
1332000 75.235503 67.818842
1333000 75.058546 67.824273
1334000 75.325111 67.829896
1335000 74.727185 67.835063
1336000 74.693569 67.840196
1337000 75.345502 67.845810
1338000 75.197387 67.851304
1339000 74.061323 67.855942
1340000 75.498762 67.861646
1341000 75.035553 67.866995
1342000 75.311709 67.872543
1343000 74.958474 67.877819
1344000 75.534189 67.883516
1345000 75.017244 67.888820
1346000 75.477980 67.894458
1347000 74.665270 67.899484
1348000 74.402920 67.904309
1349000 73.474239 67.908438
1350000 74.115623 67.913036
1351000 74.045887 67.917575
1352000 74.790291 67.922659
1353000 75.361557 67.928157
1354000 74.665684 67.933133
1355000 73.930024 67.937558
1356000 74.359115 67.942294
1357000 75.209417 67.947649
1358000 76.097480 67.953651
1359000 75.357892 67.959099
1360000 76.813889 67.965610
1361000 75.844177 67.971399
1362000 77.048031 67.978063
1363000 76.764303 67.984509
1364000 77.211364 67.991274
1365000 77.089284 67.997939
1366000 76.682807 68.004297
1367000 77.236448 68.011050
1368000 77.167515 68.017744
1369000 77.422254 68.024613
1370000 77.697580 68.031674
1371000 77.790669 68.038792
1372000 78.007326 68.046058
1373000 78.852694 68.053929
1374000 79.567598 68.062308
1375000 78.346124 68.069787
1376000 79.532907 68.078118
1377000 78.546884 68.085721
1378000 78.496407 68.093276
1379000 77.697013 68.100240
1380000 78.088583 68.107478
1381000 77.204768 68.114065
1382000 75.580450 68.119468
1383000 75.385774 68.124722
1384000 75.790384 68.130261
1385000 75.051259 68.135258
1386000 75.086514 68.140273
1387000 75.963441 68.145914
1388000 76.296549 68.151786
1389000 74.838288 68.156600
1390000 75.168711 68.161644
1391000 75.201520 68.166705
1392000 75.426451 68.171921
1393000 75.541058 68.177211
1394000 75.324690 68.182338
1395000 75.741703 68.187757
1396000 74.440962 68.192236
1397000 74.192077 68.196531
1398000 75.007341 68.201403
1399000 75.811847 68.206843
1400000 75.218729 68.211851
1401000 74.190707 68.216119
1402000 74.226760 68.220406
1403000 73.604335 68.224244
1404000 73.111906 68.227725
1405000 73.133623 68.231217
1406000 72.818053 68.234479
1407000 72.231320 68.237320
1408000 72.321081 68.240220
1409000 72.413471 68.243182
1410000 71.607233 68.245568
1411000 71.467748 68.247851
1412000 72.493843 68.250858
1413000 74.514343 68.255291
1414000 73.610686 68.259079
1415000 73.737069 68.262950
1416000 73.590914 68.266713
1417000 73.946800 68.270721
1418000 73.453942 68.274376
1419000 73.972190 68.278392
1420000 74.644166 68.282875
1421000 74.736269 68.287416
1422000 75.898548 68.292769
1423000 75.354837 68.297731
1424000 74.465259 68.302063
1425000 75.154483 68.306871
1426000 74.477000 68.311198
1427000 74.626523 68.315624
1428000 73.959959 68.319576
1429000 75.114534 68.324331
1430000 75.569694 68.329398
1431000 75.407265 68.334344
1432000 74.925180 68.338947
1433000 75.904340 68.344226
1434000 77.164533 68.350377
1435000 76.985305 68.356394
1436000 76.318366 68.361939
1437000 76.109239 68.367330
1438000 76.615585 68.373066
1439000 76.403264 68.378647
1440000 75.562900 68.383636
1441000 75.446727 68.388537
1442000 76.349871 68.394058
1443000 75.347251 68.398877
1444000 75.675772 68.403916
1445000 74.852827 68.408379
1446000 75.405068 68.413218
1447000 74.458645 68.417396
1448000 74.187521 68.421381
1449000 74.626963 68.425663
1450000 74.135467 68.429601
1451000 75.123672 68.434214
1452000 74.354338 68.438292
1453000 73.929880 68.442071
1454000 74.368273 68.446147
1455000 74.712255 68.450453
1456000 75.189988 68.455082
1457000 74.675596 68.459352
1458000 75.190668 68.463968
1459000 74.738065 68.468269
1460000 74.727219 68.472556
1461000 75.294414 68.477225
1462000 75.107256 68.481760
1463000 75.324562 68.486437
1464000 74.308946 68.490414
1465000 74.951276 68.494824
1466000 75.255783 68.499436
1467000 75.680692 68.504331
1468000 75.317589 68.508973
1469000 74.916193 68.513334
1470000 74.992501 68.517742
1471000 75.697676 68.522623
1472000 76.438389 68.528000
1473000 76.478430 68.533398
1474000 76.344406 68.538697
1475000 75.835519 68.543644
1476000 76.305117 68.548903
1477000 75.988202 68.553939
1478000 75.154615 68.558405
1479000 75.197729 68.562894
1480000 75.210186 68.567386
1481000 75.550362 68.572101
1482000 76.487911 68.577442
1483000 76.881853 68.583042
1484000 77.188653 68.588841
1485000 76.597326 68.594234
1486000 77.393350 68.600155
1487000 77.077933 68.605856
1488000 75.969778 68.610805
1489000 76.021408 68.615782
1490000 75.844639 68.620634
1491000 76.154950 68.625687
1492000 76.021982 68.630644
1493000 76.895505 68.636180
1494000 76.360513 68.641350
1495000 76.290163 68.646466
1496000 76.555685 68.651753
1497000 76.530022 68.657016
1498000 76.590005 68.662312
1499000 76.923771 68.667823
1500000 76.629922 68.673131
1501000 77.328166 68.678897
1502000 77.117170 68.684515
1503000 76.233992 68.689538
1504000 75.969244 68.694378
1505000 77.464815 68.700206
1506000 76.796808 68.705582
1507000 75.566091 68.710135
1508000 76.257035 68.715139
1509000 76.010898 68.719974
1510000 74.819899 68.724014
1511000 75.079558 68.728220
1512000 75.321133 68.732580
1513000 74.176349 68.736178
1514000 75.243474 68.740476
1515000 74.866739 68.744520
1516000 74.274119 68.748168
1517000 74.255217 68.751798
1518000 73.996366 68.755253
1519000 73.908541 68.758645
1520000 75.320263 68.762962
1521000 75.875397 68.767638
1522000 75.673447 68.772176
1523000 76.718743 68.777393
1524000 76.757680 68.782630
1525000 76.855908 68.787924
1526000 76.689251 68.793101
1527000 75.584128 68.797549
1528000 77.010128 68.802924
1529000 77.478095 68.808597
1530000 77.010396 68.813958
1531000 76.823566 68.819190
1532000 76.760624 68.824373
1533000 77.220124 68.829850
1534000 76.604778 68.834918
1535000 76.188239 68.839709
1536000 77.611143 68.845419
1537000 77.477300 68.851035
1538000 78.791972 68.857499
1539000 77.819211 68.863322
1540000 78.548074 68.869611
1541000 78.496996 68.875858
1542000 77.804920 68.881649
1543000 78.395304 68.887815
1544000 77.176351 68.893183
1545000 78.534213 68.899423
1546000 78.552480 68.905667
1547000 78.818600 68.912075
1548000 78.217285 68.918086
1549000 77.969558 68.923929
1550000 78.113245 68.929858
1551000 78.080462 68.935758
1552000 77.505193 68.941279
1553000 78.465032 68.947412
1554000 77.584539 68.952970
1555000 76.952828 68.958114
1556000 77.105002 68.963350
1557000 76.679990 68.968306
1558000 75.222742 68.972321
1559000 76.179066 68.976943
1560000 75.980981 68.981433
1561000 75.812138 68.985809
1562000 76.628467 68.990702
1563000 77.231236 68.995974
1564000 76.187933 69.000572
1565000 76.473964 69.005348
1566000 75.993003 69.009810
1567000 77.118312 69.014984
1568000 77.042401 69.020104
1569000 76.985857 69.025181
1570000 76.811172 69.030140
1571000 76.911661 69.035157
1572000 76.161034 69.039690
1573000 76.501990 69.044434
1574000 75.916144 69.048800
1575000 75.081141 69.052630
1576000 76.426331 69.057309
1577000 75.741859 69.061547
1578000 76.743633 69.066416
1579000 75.946394 69.070773
1580000 76.648883 69.075569
1581000 75.961892 69.079925
1582000 76.513409 69.084623
1583000 75.909070 69.088935
1584000 75.538301 69.093006
1585000 75.809115 69.097243
1586000 75.675736 69.101391
1587000 74.231302 69.104624
1588000 73.336586 69.107289
1589000 73.109322 69.109807
1590000 73.835317 69.112779
1591000 73.872322 69.115771
1592000 73.821885 69.118727
1593000 73.037708 69.121187
1594000 74.054211 69.124282
1595000 73.473712 69.127009
1596000 73.777668 69.129923
1597000 73.945738 69.132938
1598000 74.345640 69.136200
1599000 73.921464 69.139193
1600000 74.914919 69.142803
1601000 74.280510 69.146012
1602000 73.152168 69.148512
1603000 73.950980 69.151508
1604000 74.136360 69.154616
1605000 73.951400 69.157605
1606000 74.278450 69.160793
1607000 72.495558 69.162869
1608000 73.260999 69.165417
1609000 72.990928 69.167795
1610000 73.245364 69.170327
1611000 72.249686 69.172239
1612000 72.839235 69.174514
1613000 72.629431 69.176656
1614000 74.151491 69.179738
1615000 74.012606 69.182730
1616000 74.154658 69.185807
1617000 73.488358 69.188468
1618000 74.658395 69.191849
1619000 74.556193 69.195162
1620000 73.497340 69.197818
1621000 73.019650 69.200175
1622000 73.496043 69.202824
1623000 73.000689 69.205164
1624000 73.948568 69.208085
1625000 73.199153 69.210541
1626000 72.497850 69.212562
1627000 73.140375 69.214976
1628000 73.063787 69.217341
1629000 71.559765 69.218779
1630000 72.238685 69.220631
1631000 72.753573 69.222797
1632000 72.732221 69.224948
1633000 72.671851 69.227059
1634000 74.366297 69.230204
1635000 73.378615 69.232741
1636000 73.495853 69.235347
1637000 74.096563 69.238316
1638000 74.018053 69.241234
1639000 73.943527 69.244103
1640000 73.531933 69.246718
1641000 73.810093 69.249499
1642000 72.855602 69.251695
1643000 73.292259 69.254154
1644000 73.355073 69.256649
1645000 72.070332 69.258359
1646000 72.622328 69.260403
1647000 72.994455 69.262670
1648000 72.786478 69.264808
1649000 73.109727 69.267140
1650000 73.766106 69.269867
1651000 73.260404 69.272284
1652000 73.468760 69.274824
1653000 74.236867 69.277826
1654000 73.387187 69.280310
1655000 73.513062 69.282868
1656000 73.925815 69.285672
1657000 73.292365 69.288090
1658000 72.604275 69.290090
1659000 72.742904 69.292171
1660000 72.142867 69.293888
1661000 72.135984 69.295599
1662000 72.383615 69.297457
1663000 71.636011 69.298864
1664000 71.682409 69.300296
1665000 72.681718 69.302327
1666000 72.331760 69.304145
1667000 73.059623 69.306398
1668000 70.349225 69.307023
1669000 71.491983 69.308332
1670000 70.717196 69.309176
1671000 72.041128 69.310811
1672000 71.302290 69.312002
1673000 72.092040 69.313664
1674000 72.809737 69.315752
1675000 73.638063 69.318333
1676000 72.802955 69.320412
1677000 72.318322 69.322199
1678000 73.536668 69.324711
1679000 73.075714 69.326945
1680000 75.030593 69.330340
1681000 74.017900 69.333129
1682000 74.729831 69.336337
1683000 74.309384 69.339292
1684000 75.745078 69.343096
1685000 75.914919 69.346996
1686000 74.582544 69.350101
1687000 76.448378 69.354309
1688000 78.510218 69.359733
1689000 77.621354 69.364625
1690000 76.985849 69.369134
1691000 77.585580 69.373993
1692000 78.287020 69.379261
1693000 78.728635 69.384783
1694000 78.394604 69.390102
1695000 77.730722 69.395023
1696000 77.199133 69.399624
1697000 76.796762 69.403983
1698000 75.856041 69.407783
1699000 75.515400 69.411378
1700000 75.073767 69.414709
1701000 75.261229 69.418146
1702000 74.685869 69.421241
1703000 73.992477 69.423925
1704000 74.969406 69.427179
1705000 73.422982 69.429523
1706000 74.757329 69.432646
1707000 73.538571 69.435051
1708000 73.001692 69.437139
1709000 73.984691 69.439800
1710000 73.187006 69.441992
1711000 74.102977 69.444716
1712000 73.939895 69.447342
1713000 73.741029 69.449848
1714000 73.279391 69.452082
1715000 72.793071 69.454030
1716000 72.531745 69.455824
1717000 72.999780 69.457888
1718000 72.572280 69.459701
1719000 73.317013 69.461945
1720000 73.179197 69.464106
1721000 73.364441 69.466372
1722000 72.825448 69.468323
1723000 73.456635 69.470638
1724000 73.199277 69.472800
1725000 73.589603 69.475187
1726000 73.706984 69.477639
1727000 75.265049 69.480990
1728000 76.416822 69.485004
1729000 75.929103 69.488731
1730000 75.712691 69.492328
1731000 75.098413 69.495567
1732000 73.743552 69.498020
1733000 75.640039 69.501564
1734000 76.022169 69.505324
1735000 74.631769 69.508279
1736000 75.423972 69.511687
1737000 75.492959 69.515130
1738000 75.264641 69.518438
1739000 75.766442 69.522031
1740000 74.876533 69.525108
1741000 75.165547 69.528348
1742000 75.298010 69.531660
1743000 75.896069 69.535312
1744000 75.311898 69.538624
1745000 75.992694 69.542323
1746000 76.177913 69.546123
1747000 75.435527 69.549494
1748000 75.838302 69.553092
1749000 75.497598 69.556491
1750000 76.192762 69.560283
1751000 77.352935 69.564733
1752000 77.229454 69.569108
1753000 77.616245 69.573699
1754000 77.890938 69.578441
1755000 77.624761 69.583025
1756000 76.985706 69.587241
1757000 77.792945 69.591911
1758000 77.716116 69.596533
1759000 76.573266 69.600499
1760000 76.236483 69.604269
1761000 76.027344 69.607917
1762000 75.929601 69.611504
1763000 75.507633 69.614849
1764000 75.137247 69.617979
1765000 75.225506 69.621157
1766000 75.439918 69.624451
1767000 75.573278 69.627818
1768000 75.507808 69.631144
1769000 74.352261 69.633813
1770000 74.664126 69.636655
1771000 76.315105 69.640426
1772000 75.048133 69.643477
1773000 75.359627 69.646701
1774000 75.856884 69.650202
1775000 75.671556 69.653594
1776000 75.023684 69.656618
1777000 75.373659 69.659835
1778000 74.582328 69.662604
1779000 75.197830 69.665715
1780000 74.345097 69.668344
1781000 74.237344 69.670910
1782000 74.641396 69.673699
1783000 73.084619 69.675612
1784000 73.052719 69.677505
1785000 72.982246 69.679356
1786000 72.092042 69.680707
1787000 71.245512 69.681583
1788000 71.586888 69.682648
1789000 72.793172 69.684387
1790000 71.394861 69.685343
1791000 71.694195 69.686464
1792000 71.104692 69.687256
1793000 72.022529 69.688558
1794000 71.142845 69.689369
1795000 71.569234 69.690416
1796000 71.776087 69.691577
1797000 71.974100 69.692848
1798000 73.145965 69.694768
1799000 71.382431 69.695706
1800000 72.335277 69.697173
1801000 72.622889 69.698797
1802000 72.180920 69.700175
1803000 72.410542 69.701678
1804000 72.403825 69.703176
1805000 71.759875 69.704315
1806000 71.889996 69.705525
1807000 71.774161 69.706670
1808000 72.725986 69.708340
1809000 73.367395 69.710363
1810000 73.624553 69.712525
1811000 73.496248 69.714615
1812000 72.360793 69.716075
1813000 72.008243 69.717339
1814000 72.008286 69.718602
1815000 71.443478 69.719553
1816000 72.210208 69.720924
1817000 72.760952 69.722597
1818000 73.922830 69.724908
1819000 73.401137 69.726929
1820000 74.291696 69.729437
1821000 74.449723 69.732029
1822000 73.319519 69.733998
1823000 73.725448 69.736187
1824000 73.547391 69.738277
1825000 73.558563 69.740370
1826000 73.233734 69.742283
1827000 73.917098 69.744568
1828000 74.813845 69.747341
1829000 75.090751 69.750263
1830000 74.111530 69.752646
1831000 74.762571 69.755382
1832000 74.894003 69.758187
1833000 74.546962 69.760800
1834000 74.228401 69.763236
1835000 73.760050 69.765414
1836000 73.254416 69.767314
1837000 74.262857 69.769761
1838000 74.761831 69.772477
1839000 74.378879 69.774982
1840000 74.048351 69.777305
1841000 74.645663 69.779949
1842000 76.181507 69.783424
1843000 75.845083 69.786713
1844000 76.612735 69.790415
1845000 75.113245 69.793300
1846000 75.998142 69.796661
1847000 75.188185 69.799581
1848000 76.842921 69.803392
1849000 77.370865 69.807485
1850000 77.330209 69.811551
1851000 78.193351 69.816079
1852000 77.995285 69.820496
1853000 79.285828 69.825604
1854000 79.885009 69.831029
1855000 79.867089 69.836440
1856000 79.736026 69.841774
1857000 80.493009 69.847509
1858000 80.797301 69.853403
1859000 80.435632 69.859095
1860000 81.208484 69.865197
1861000 81.571213 69.871487
1862000 81.966454 69.877983
1863000 82.058628 69.884521
1864000 81.712938 69.890867
1865000 80.455653 69.896531
1866000 81.069788 69.902519
1867000 79.954465 69.907903
1868000 79.778592 69.913187
1869000 80.062136 69.918617
1870000 78.731145 69.923330
1871000 80.111881 69.928776
1872000 79.705804 69.933998
1873000 80.080111 69.939415
1874000 80.351227 69.944971
1875000 80.473511 69.950587
1876000 79.669623 69.955767
1877000 80.413659 69.961339
1878000 79.127893 69.966220
1879000 79.823320 69.971466
1880000 78.945315 69.976239
1881000 79.016307 69.981045
1882000 78.710407 69.985683
1883000 78.187825 69.990039
1884000 77.676693 69.994119
1885000 77.993404 69.998363
1886000 78.698986 70.002976
1887000 78.232005 70.007337
1888000 77.741973 70.011434
1889000 78.245095 70.015793
1890000 77.405632 70.019703
1891000 76.723425 70.023248
1892000 76.612052 70.026730
1893000 75.983444 70.029877
1894000 75.682973 70.032862
1895000 76.321024 70.036180
1896000 76.730417 70.039711
1897000 76.006784 70.042856
1898000 76.660899 70.046343
1899000 76.994111 70.050002
1900000 77.934977 70.054152
1901000 77.180113 70.057900
1902000 78.420286 70.062297
1903000 77.923335 70.066428
1904000 77.431240 70.070296
1905000 78.269613 70.074600
1906000 79.171749 70.079373
1907000 78.573036 70.083827
1908000 78.501408 70.088238
1909000 79.394910 70.093114
1910000 78.388095 70.097456
1911000 77.909482 70.101544
1912000 77.233326 70.105274
1913000 76.545453 70.108641
1914000 75.585358 70.111502
1915000 76.748829 70.114968
1916000 76.424057 70.118261
1917000 76.895827 70.121797
1918000 77.841213 70.125821
1919000 75.873522 70.128816
1920000 76.497409 70.132133
1921000 76.072027 70.135226
1922000 75.498928 70.138016
1923000 75.251440 70.140675
1924000 75.524144 70.143473
1925000 75.159327 70.146079
1926000 75.542039 70.148881
1927000 76.132990 70.151986
1928000 76.167403 70.155106
1929000 77.474230 70.158900
1930000 77.569061 70.162740
1931000 77.790805 70.166690
1932000 77.656479 70.170567
1933000 77.395404 70.174304
1934000 76.836599 70.177749
1935000 77.658519 70.181615
1936000 78.638067 70.185983
1937000 78.131639 70.190085
1938000 77.286810 70.193747
1939000 77.054162 70.197285
1940000 77.506332 70.201053
1941000 78.334442 70.205243
1942000 77.076053 70.208781
1943000 77.681507 70.212627
1944000 77.808878 70.216535
1945000 78.154965 70.220616
1946000 77.969041 70.224598
1947000 78.228747 70.228709
1948000 79.073142 70.233249
1949000 77.644241 70.237052
1950000 77.089530 70.240566
1951000 76.842021 70.243949
1952000 77.520879 70.247677
1953000 77.663419 70.251474
1954000 77.211719 70.255036
1955000 77.937367 70.258966
1956000 77.477356 70.262656
1957000 76.152517 70.265666
1958000 76.389774 70.268794
1959000 76.354359 70.271900
1960000 76.713591 70.275187
1961000 76.726920 70.278477
1962000 75.957189 70.281371
1963000 75.849753 70.284208
1964000 75.238163 70.286730
1965000 75.718136 70.289494
1966000 74.778058 70.291777
1967000 74.563639 70.293949
1968000 74.750935 70.296214
1969000 75.101584 70.298654
1970000 74.682571 70.300880
1971000 75.463615 70.303499
1972000 75.520707 70.306145
1973000 75.220615 70.308636
1974000 74.281496 70.310648
1975000 74.966070 70.313005
1976000 74.532850 70.315141
1977000 74.606302 70.317311
1978000 75.834664 70.320101
1979000 75.832415 70.322886
1980000 75.920071 70.325713
1981000 75.879255 70.328517
1982000 75.418650 70.331085
1983000 75.767753 70.333826
1984000 76.951158 70.337162
1985000 77.157803 70.340598
1986000 75.997095 70.343446
1987000 75.897386 70.346241
1988000 76.710321 70.349442
1989000 75.374226 70.351969
1990000 75.998200 70.354806
1991000 75.773802 70.357528
1992000 75.175542 70.359946
1993000 75.047926 70.362299
1994000 76.455128 70.365354
1995000 76.157383 70.368257
1996000 76.227095 70.371193
1997000 75.145896 70.373584
1998000 75.998025 70.376399
1999000 75.411220 70.378917
2000000 75.926557 70.381691
2001000 73.314792 70.383157
2002000 74.482162 70.385204
2003000 74.410870 70.387214
2004000 76.129339 70.390080
2005000 75.248477 70.392503
2006000 75.910067 70.395253
2007000 75.974061 70.398033
2008000 75.246930 70.400448
2009000 74.736283 70.402606
2010000 75.997405 70.405389
2011000 74.851803 70.407600
2012000 75.372259 70.410068
2013000 74.971381 70.412334
2014000 75.150250 70.414686
2015000 75.731687 70.417325
2016000 75.344744 70.419769
2017000 77.155570 70.423109
2018000 76.606246 70.426173
2019000 75.636617 70.428754
2020000 76.087022 70.431555
2021000 76.354530 70.434485
2022000 76.790107 70.437629
2023000 76.395726 70.440574
2024000 76.999660 70.443814
2025000 76.424582 70.446768
2026000 76.680521 70.449845
2027000 77.437615 70.453292
2028000 77.521015 70.456777
2029000 77.964075 70.460477
2030000 77.184370 70.463789
2031000 77.724857 70.467365
2032000 78.121937 70.471132
2033000 76.617294 70.474155
2034000 77.274787 70.477498
2035000 78.259061 70.481322
2036000 79.674312 70.485837
2037000 79.808094 70.490414
2038000 79.970745 70.495066
2039000 80.219967 70.499835
2040000 79.743574 70.504366
2041000 79.654425 70.508849
2042000 80.895780 70.513936
2043000 80.835574 70.518988
2044000 80.669347 70.523954
2045000 80.478802 70.528822
2046000 78.425983 70.532682
2047000 79.970378 70.537292
2048000 79.394120 70.541617
2049000 78.272594 70.545390
2050000 79.108254 70.549567
2051000 78.742849 70.553562
2052000 79.784413 70.558060
2053000 79.026671 70.562185
2054000 79.454751 70.566515
2055000 79.461727 70.570843
2056000 78.436633 70.574669
2057000 79.927806 70.579216
2058000 79.994966 70.583791
2059000 80.075891 70.588401
2060000 80.441622 70.593184
2061000 79.541869 70.597526
2062000 79.396031 70.601793
2063000 80.403561 70.606544
2064000 80.419346 70.611299
2065000 79.985374 70.615838
2066000 80.080279 70.620419
2067000 79.524223 70.624727
2068000 79.271137 70.628908
2069000 79.958773 70.633417
2070000 79.552562 70.637726
2071000 79.453035 70.641983
2072000 79.476692 70.646246
2073000 80.008068 70.650763
2074000 80.653741 70.655586
2075000 80.616612 70.660386
2076000 81.051178 70.665391
2077000 81.820983 70.670762
2078000 83.143724 70.676765
2079000 82.837958 70.682614
2080000 84.221182 70.689123
2081000 83.435032 70.695248
2082000 84.242735 70.701755
2083000 84.988438 70.708614
2084000 84.397707 70.715182
2085000 84.501957 70.721795
2086000 83.211525 70.727782
2087000 83.706323 70.734001
2088000 83.183987 70.739964
2089000 82.869926 70.745770
2090000 84.139853 70.752179
2091000 83.275697 70.758168
2092000 84.605247 70.764787
2093000 84.685241 70.771438
2094000 85.602137 70.778520
2095000 85.852640 70.785716
2096000 85.096254 70.792543
2097000 84.581794 70.799119
2098000 83.933512 70.805379
2099000 84.029216 70.811680
2100000 84.174405 70.818043
2101000 84.251280 70.824436
2102000 84.357697 70.830875
2103000 84.133905 70.837200
2104000 83.302194 70.843125
2105000 85.313703 70.849999
2106000 83.630876 70.856068
2107000 82.860255 70.861765
2108000 83.679481 70.867846
2109000 84.019349 70.874082
2110000 82.729523 70.879700
2111000 83.327797 70.885597
2112000 83.418996 70.891532
2113000 83.745064 70.897615
2114000 83.648759 70.903646
2115000 85.480554 70.910539
2116000 86.295309 70.917809
2117000 85.729124 70.924806
2118000 85.426269 70.931652
2119000 85.400489 70.938481
2120000 85.587426 70.945390
2121000 85.295430 70.952156
2122000 85.167023 70.958855
2123000 86.501830 70.966176
2124000 84.976785 70.972773
2125000 86.646931 70.980149
2126000 85.898413 70.987166
2127000 85.127576 70.993814
2128000 85.856486 71.000798
2129000 86.564328 71.008108
2130000 85.742067 71.015026
2131000 85.665165 71.021900
2132000 87.401216 71.029583
2133000 85.586076 71.036407
2134000 86.047441 71.043442
2135000 85.647460 71.050282
2136000 85.142677 71.056880
2137000 85.085356 71.063444
2138000 85.945661 71.070405
2139000 85.463707 71.077134
2140000 87.000609 71.084575
2141000 87.279681 71.092139
2142000 86.541044 71.099351
2143000 87.424972 71.106970
2144000 85.970199 71.113902
2145000 85.802656 71.120750
2146000 85.470393 71.127437
2147000 85.535509 71.134147
2148000 86.107986 71.141118
2149000 85.772019 71.147927
2150000 84.631088 71.154198
2151000 85.268550 71.160760
2152000 85.383163 71.167369
2153000 85.993173 71.174255
2154000 85.608611 71.180956
2155000 86.002092 71.187833
2156000 84.629889 71.194068
2157000 84.877781 71.200412
2158000 84.260234 71.206464
2159000 85.077151 71.212888
2160000 84.106094 71.218858
2161000 83.321031 71.224458
2162000 85.204001 71.230924
2163000 86.468100 71.237968
2164000 85.864946 71.244728
2165000 86.454068 71.251753
2166000 87.166108 71.259100
2167000 86.077713 71.265938
2168000 86.511774 71.272970
2169000 85.940524 71.279733
2170000 87.991229 71.287434
2171000 88.105612 71.295181
2172000 89.189507 71.303419
2173000 87.642310 71.310938
2174000 87.931672 71.318584
2175000 89.236368 71.326822
2176000 89.553015 71.335198
2177000 88.555183 71.343108
2178000 87.795338 71.350662
2179000 88.492354 71.358528
2180000 89.200734 71.366713
2181000 89.029732 71.374811
2182000 88.416428 71.382621
2183000 88.691622 71.390550
2184000 89.441582 71.398816
2185000 90.480245 71.407549
2186000 90.307083 71.416194
2187000 90.798301 71.425057
2188000 88.632611 71.432921
2189000 88.192785 71.440578
2190000 89.066035 71.448626
2191000 89.383219 71.456811
2192000 88.916834 71.464777
2193000 88.304089 71.472455
2194000 88.541081 71.480235
2195000 87.470064 71.487520
2196000 87.673603 71.494890
2197000 89.603823 71.503133
2198000 89.176312 71.511173
2199000 89.295773 71.519261
2200000 88.335838 71.526905
2201000 88.110404 71.534440
2202000 88.384266 71.542092
2203000 86.930062 71.549077
2204000 88.699917 71.556858
2205000 87.859422 71.564252
2206000 88.256745 71.571819
2207000 88.324858 71.579409
2208000 88.452168 71.587051
2209000 88.570548 71.594739
2210000 88.036308 71.602179
2211000 88.375598 71.609765
2212000 88.426938 71.617368
2213000 88.725475 71.625099
2214000 88.634045 71.632781
2215000 89.342727 71.640777
2216000 88.984397 71.648603
2217000 89.519536 71.656664
2218000 89.256199 71.664599
2219000 88.876200 71.672355
2220000 89.066470 71.680191
2221000 89.365626 71.688153
2222000 90.071284 71.696427
2223000 88.782699 71.704113
2224000 89.424938 71.712081
2225000 89.601072 71.720121
2226000 89.367143 71.728049
2227000 89.591178 71.736070
2228000 88.901564 71.743774
2229000 89.698495 71.751829
2230000 89.410888 71.759748
2231000 88.085388 71.767066
2232000 87.849863 71.774271
2233000 88.228078 71.781640
2234000 87.621819 71.788730
2235000 88.494927 71.796205
2236000 86.189223 71.802642
2237000 86.722506 71.809312
2238000 86.403898 71.815833
2239000 86.725992 71.822492
2240000 85.693978 71.828685
2241000 85.871297 71.834951
2242000 86.713177 71.841587
2243000 85.681331 71.847757
2244000 86.649870 71.854354
2245000 85.034987 71.860225
2246000 83.941392 71.865604
2247000 84.455343 71.871207
2248000 84.503720 71.876826
2249000 84.580986 71.882475
2250000 84.564939 71.888111
2251000 84.433990 71.893685
2252000 84.785647 71.899410
2253000 85.019296 71.905233
2254000 83.850764 71.910533
2255000 85.226867 71.916438
2256000 85.274116 71.922359
2257000 85.783438 71.928500
2258000 84.988863 71.934284
2259000 85.021532 71.940078
2260000 86.212195 71.946393
2261000 86.016218 71.952616
2262000 87.326096 71.959412
2263000 85.332725 71.965322
2264000 86.376174 71.971687
2265000 86.953185 71.978301
2266000 87.177299 71.985008
2267000 86.347830 71.991344
2268000 85.927066 71.997489
2269000 85.888683 72.003611
2270000 87.493675 72.010435
2271000 87.150216 72.017101
2272000 86.287970 72.023382
2273000 87.501885 72.030192
2274000 86.793697 72.036684
2275000 86.721876 72.043139
2276000 86.311621 72.049409
2277000 86.076208 72.055569
2278000 86.437991 72.061882
2279000 86.236301 72.068102
2280000 85.892127 72.074165
2281000 86.169832 72.080345
2282000 86.160125 72.086515
2283000 84.846553 72.092104
2284000 84.121884 72.097371
2285000 84.072223 72.102611
2286000 83.668637 72.107671
2287000 84.451649 72.113068
2288000 84.886635 72.118651
2289000 83.452868 72.123603
2290000 82.700413 72.128221
2291000 82.241843 72.132636
2292000 82.119043 72.136993
2293000 81.855395 72.141231
2294000 82.448651 72.145725
2295000 82.658179 72.150305
2296000 81.679940 72.154456
2297000 81.541771 72.158542
2298000 81.982988 72.162818
2299000 82.729149 72.167414
2300000 82.158017 72.171757
2301000 81.763893 72.175926
2302000 83.025765 72.180639
2303000 83.505267 72.185557
2304000 83.296384 72.190379
2305000 83.341948 72.195217
2306000 84.491217 72.200549
2307000 85.358469 72.206253
2308000 85.258275 72.211908
2309000 84.616591 72.217280
2310000 84.692931 72.222681
2311000 84.824802 72.228134
2312000 85.736372 72.233977
2313000 84.261523 72.239177
2314000 84.374793 72.244421
2315000 85.739284 72.250250
2316000 85.240759 72.255859
2317000 84.956619 72.261341
2318000 86.258168 72.267379
2319000 86.496409 72.273515
2320000 83.925252 72.278537
2321000 83.617624 72.283423
2322000 83.937105 72.288442
2323000 83.323876 72.293192
2324000 84.260634 72.298342
2325000 84.379962 72.303538
2326000 83.763207 72.308465
2327000 83.140231 72.313120
2328000 83.447534 72.317903
2329000 83.798710 72.322832
2330000 83.754635 72.327738
2331000 82.942689 72.332292
2332000 82.038267 72.336454
2333000 81.906176 72.340556
2334000 82.267320 72.344809
2335000 81.837321 72.348875
2336000 83.219049 72.353528
2337000 82.925612 72.358052
2338000 83.456818 72.362799
2339000 83.502748 72.367562
2340000 83.450735 72.372298
2341000 82.468300 72.376611
2342000 83.586354 72.381397
2343000 84.381662 72.386519
2344000 83.886541 72.391425
2345000 84.182109 72.396453
2346000 82.997302 72.400972
2347000 83.407793 72.405661
2348000 83.536224 72.410402
2349000 83.378984 72.415071
2350000 82.135887 72.419208
2351000 82.205476 72.423370
2352000 82.180864 72.427519
2353000 81.913804 72.431551
2354000 82.592223 72.435867
2355000 82.109040 72.439974
2356000 81.972259 72.444020
2357000 81.244116 72.447754
2358000 81.471463 72.451581
2359000 80.629237 72.455047
2360000 80.659951 72.458524
2361000 80.772232 72.462045
2362000 81.902356 72.466042
2363000 81.375665 72.469813
2364000 81.651703 72.473697
2365000 81.955383 72.477706
2366000 82.134406 72.481787
2367000 82.581043 72.486054
2368000 82.363783 72.490225
2369000 82.519423 72.494459
2370000 82.161072 72.498537
2371000 82.863311 72.502909
2372000 82.245229 72.507016
2373000 82.081645 72.511051
2374000 81.025933 72.514638
2375000 81.440674 72.518396
2376000 82.510711 72.522602
2377000 81.259352 72.526277
2378000 80.601516 72.529673
2379000 82.188525 72.533733
2380000 83.267754 72.538243
2381000 82.687619 72.542506
2382000 82.728014 72.546782
2383000 81.593913 72.550578
2384000 81.139524 72.554181
2385000 81.042475 72.557740
2386000 82.206650 72.561784
2387000 81.387039 72.565481
2388000 83.032067 72.569864
2389000 82.289234 72.573933
2390000 82.425247 72.578054
2391000 83.052024 72.582435
2392000 81.639741 72.586222
2393000 82.377796 72.590313
2394000 82.583240 72.594487
2395000 83.189544 72.598911
2396000 83.746568 72.603564
2397000 83.478813 72.608101
2398000 83.575559 72.612675
2399000 83.307498 72.617133
2400000 83.711909 72.621755
2401000 82.643436 72.625929
2402000 82.394468 72.629996
2403000 82.890567 72.634266
2404000 82.834983 72.638509
2405000 83.356247 72.642966
2406000 82.981425 72.647263
2407000 82.230184 72.651244
2408000 82.047965 72.655146
2409000 83.353830 72.659587
2410000 83.357042 72.664026
2411000 83.197442 72.668395
2412000 82.073805 72.672294
2413000 81.903718 72.676120
2414000 82.386984 72.680143
2415000 82.379860 72.684159
2416000 81.901323 72.687974
2417000 82.922976 72.692209
2418000 83.210379 72.696559
2419000 82.212223 72.700493
2420000 81.604664 72.704172
2421000 83.343216 72.708567
2422000 81.677731 72.712270
2423000 80.510518 72.715488
2424000 80.447450 72.718678
2425000 80.089057 72.721717
2426000 80.613077 72.724970
2427000 80.959324 72.728363
2428000 82.004318 72.732183
2429000 82.064500 72.736025
2430000 81.418094 72.739598
2431000 80.115390 72.742632
2432000 80.499423 72.745822
2433000 81.524844 72.749430
2434000 81.537605 72.753041
2435000 81.056840 72.756451
2436000 82.729878 72.760545
2437000 82.694304 72.764621
2438000 82.058910 72.768434
2439000 82.345040 72.772360
2440000 82.531537 72.776360
2441000 82.235377 72.780235
2442000 81.556748 72.783829
2443000 81.782723 72.787512
2444000 82.256462 72.791387
2445000 82.242538 72.795252
2446000 82.835648 72.799357
2447000 82.453864 72.803302
2448000 81.913669 72.807024
2449000 81.447663 72.810552
2450000 82.117735 72.814351
2451000 83.437263 72.818685
2452000 84.102603 72.823287
2453000 82.885631 72.827389
2454000 82.884553 72.831487
2455000 84.220161 72.836126
2456000 83.152545 72.840327
2457000 82.341579 72.844194
2458000 83.017823 72.848333
2459000 82.438252 72.852233
2460000 82.797195 72.856275
2461000 81.970341 72.859979
2462000 80.882585 72.863237
2463000 81.609321 72.866788
2464000 81.956153 72.870477
2465000 80.996401 72.873774
2466000 80.874039 72.877018
2467000 81.343199 72.880450
2468000 80.158093 72.883399
2469000 81.230633 72.886779
2470000 80.662073 72.889927
2471000 80.087287 72.892840
2472000 81.677395 72.896394
2473000 80.682296 72.899542
2474000 82.331896 72.903355
2475000 81.769820 72.906937
2476000 82.102914 72.910651
2477000 81.005926 72.913919
2478000 81.790647 72.917501
2479000 81.699049 72.921044
2480000 81.620620 72.924552
2481000 82.919377 72.928580
2482000 83.198715 72.932718
2483000 81.841428 72.936306
2484000 82.832161 72.940290
2485000 83.366813 72.944486
2486000 83.401287 72.948692
2487000 84.311366 72.953261
2488000 83.354839 72.957441
2489000 83.722724 72.961767
2490000 83.389177 72.965954
2491000 82.464737 72.969768
2492000 84.858218 72.974538
2493000 85.366051 72.979509
2494000 84.862970 72.984273
2495000 84.324440 72.988819
2496000 84.234079 72.993324
2497000 85.133813 72.998186
2498000 84.008024 73.002593
2499000 83.992304 73.006991
2500000 83.846342 73.011327
2501000 84.085574 73.015755
2502000 83.888916 73.020101
2503000 84.493882 73.024685
2504000 83.828947 73.028999
2505000 84.291993 73.033496
2506000 83.933895 73.037845
2507000 84.119239 73.042265
2508000 83.864779 73.046581
2509000 83.638924 73.050802
2510000 83.270488 73.054874
2511000 83.696744 73.059112
2512000 83.238487 73.063164
2513000 83.779885 73.067429
2514000 83.494481 73.071576
2515000 82.002153 73.075127
2516000 83.340257 73.079207
2517000 82.367859 73.082898
2518000 83.342737 73.086972
2519000 84.267716 73.091411
2520000 84.303410 73.095860
2521000 85.680308 73.100852
2522000 84.896775 73.105529
2523000 84.767755 73.110152
2524000 85.274242 73.114971
2525000 85.144861 73.119735
2526000 85.082375 73.124471
2527000 85.185036 73.129244
2528000 84.419471 73.133710
2529000 84.929384 73.138374
2530000 85.278822 73.143173
2531000 84.801443 73.147779
2532000 83.847820 73.152005
2533000 84.239677 73.156382
2534000 84.119416 73.160708
2535000 84.729403 73.165272
2536000 84.744958 73.169838
2537000 84.425785 73.174275
2538000 84.899995 73.178895
2539000 84.891929 73.183508
2540000 86.631386 73.188802
2541000 87.049342 73.194257
2542000 86.607876 73.199534
2543000 86.255541 73.204668
2544000 86.680803 73.209965
2545000 86.639379 73.215242
2546000 87.222094 73.220744
2547000 88.562129 73.226767
2548000 87.268562 73.232278
2549000 86.718661 73.237569
2550000 87.230553 73.243056
2551000 86.725572 73.248341
2552000 86.561487 73.253558
2553000 86.279900 73.258660
2554000 87.778545 73.264346
2555000 88.903004 73.270466
2556000 89.128688 73.276671
2557000 89.781695 73.283126
2558000 89.746660 73.289562
2559000 89.436480 73.295872
2560000 89.074357 73.302035
2561000 89.455969 73.308343
2562000 89.064226 73.314493
2563000 90.723811 73.321285
2564000 89.442274 73.327573
2565000 89.040003 73.333698
2566000 90.495138 73.340386
2567000 90.507144 73.347074
2568000 90.382981 73.353708
2569000 89.137952 73.359852
2570000 90.350913 73.366463
2571000 91.096032 73.373359
2572000 90.080799 73.379855
2573000 91.260222 73.386804
2574000 90.731029 73.393542
2575000 89.925251 73.399962
2576000 89.533760 73.406226
2577000 90.128069 73.412714
2578000 90.077103 73.419179
2579000 90.796712 73.425917
2580000 90.276194 73.432448
2581000 90.070477 73.438894
2582000 90.691123 73.445576
2583000 91.641139 73.452620
2584000 91.478711 73.459596
2585000 90.874322 73.466333
2586000 91.134738 73.473165
2587000 90.285475 73.479664
2588000 91.392413 73.486586
2589000 92.151968 73.493795
2590000 93.775896 73.501626
2591000 92.553750 73.508979
2592000 92.663914 73.516369
2593000 91.859867 73.523443
2594000 92.924634 73.530923
2595000 91.327675 73.537781
2596000 93.256762 73.545377
2597000 93.081705 73.552899
2598000 92.972704 73.560374
2599000 93.657986 73.568107
2600000 93.286696 73.575691
2601000 93.684365 73.583422
2602000 92.537541 73.590707
2603000 92.598924 73.598009
2604000 92.900865 73.605422
2605000 92.483521 73.612669
2606000 92.516593 73.619923
2607000 93.454154 73.627531
2608000 92.430465 73.634741
2609000 92.037158 73.641794
2610000 91.839630 73.648766
2611000 90.776632 73.655326
2612000 91.052693 73.661987
2613000 91.580997 73.668845
2614000 91.863945 73.675805
2615000 92.317413 73.682934
2616000 92.803552 73.690243
2617000 90.419676 73.696636
2618000 90.649664 73.703111
2619000 89.772859 73.709247
2620000 89.777129 73.715380
2621000 90.924332 73.721946
2622000 91.551686 73.728746
2623000 93.337013 73.736221
2624000 91.847412 73.743123
2625000 92.933372 73.750434
2626000 91.782593 73.757301
2627000 92.925329 73.764597
2628000 92.716864 73.771809
2629000 92.923161 73.779093
2630000 92.928458 73.786375
2631000 94.443687 73.794226
2632000 92.548212 73.801351
2633000 92.733145 73.808542
2634000 92.172080 73.815513
2635000 93.035042 73.822807
2636000 91.208444 73.829403
2637000 91.641339 73.836157
2638000 92.163363 73.843105
2639000 92.932897 73.850339
2640000 91.798217 73.857137
2641000 92.789432 73.864306
2642000 92.265512 73.871270
2643000 94.670549 73.879140
2644000 93.485837 73.886556
2645000 93.853671 73.894105
2646000 92.770822 73.901239
2647000 93.661694 73.908704
2648000 94.033980 73.916304
2649000 92.652045 73.923377
2650000 93.595570 73.930800
2651000 93.623520 73.938229
2652000 93.877074 73.945747
2653000 94.971026 73.953672
2654000 94.063659 73.961249
2655000 94.006319 73.968799
2656000 95.095603 73.976754
2657000 93.781404 73.984207
2658000 93.187090 73.991432
2659000 92.868814 73.998531
2660000 93.758955 74.005960
2661000 93.920599 74.013444
2662000 93.184881 74.020646
2663000 93.993356 74.028146
2664000 93.281981 74.035373
2665000 93.095213 74.042525
2666000 93.230394 74.049723
2667000 93.043693 74.056844
2668000 93.355614 74.064078
2669000 94.998721 74.071922
2670000 94.727878 74.079658
2671000 96.365744 74.088002
2672000 95.036352 74.095842
2673000 96.369278 74.104174
2674000 96.884490 74.112693
2675000 95.760505 74.120786
2676000 97.376955 74.129477
2677000 98.510473 74.138584
2678000 97.037612 74.147135
2679000 95.280966 74.155024
2680000 97.975489 74.163912
2681000 97.521364 74.172624
2682000 96.987873 74.181131
2683000 98.833733 74.190320
2684000 98.665527 74.199438
2685000 99.399484 74.208824
2686000 99.139537 74.218106
2687000 97.226872 74.226669
2688000 97.578223 74.235356
2689000 98.625995 74.244427
2690000 98.070388 74.253284
2691000 98.174607 74.262173
2692000 98.886297 74.271320
2693000 97.887852 74.280090
2694000 97.625188 74.288755
2695000 96.292886 74.296920
2696000 96.770854 74.305256
2697000 98.050727 74.314061
2698000 97.183259 74.322537
2699000 96.712186 74.330833
2700000 97.576628 74.339442
2701000 97.464340 74.348004
2702000 98.423230 74.356914
2703000 97.577125 74.365504
2704000 99.305346 74.374728
2705000 98.976018 74.383823
2706000 96.982891 74.392174
2707000 96.755405 74.400435
2708000 96.815815 74.408713
2709000 97.301985 74.417164
2710000 96.950251 74.425478
2711000 97.180122 74.433872
2712000 95.845840 74.441767
2713000 95.397499 74.449491
2714000 95.655563 74.457305
2715000 95.738734 74.465143
2716000 97.032585 74.473452
2717000 95.522541 74.481200
2718000 95.281115 74.488852
2719000 93.989986 74.496024
2720000 95.465857 74.503734
2721000 94.558232 74.511104
2722000 95.307796 74.518744
2723000 94.862193 74.526215
2724000 94.765640 74.533645
2725000 95.163107 74.541216
2726000 95.802830 74.549015
2727000 94.450556 74.556313
2728000 94.849335 74.563752
2729000 93.574689 74.570718
2730000 93.895152 74.577797
2731000 92.093249 74.584210
2732000 93.282323 74.591055
2733000 91.897207 74.597387
2734000 91.772950 74.603669
2735000 92.767184 74.610310
2736000 92.687621 74.616917
2737000 93.048497 74.623652
2738000 92.925712 74.630336
2739000 93.575419 74.637253
2740000 93.584091 74.644168
2741000 92.648413 74.650736
2742000 92.625551 74.657292
2743000 93.091790 74.664012
2744000 93.294475 74.670802
2745000 92.787790 74.677402
2746000 91.960771 74.683696
2747000 90.210632 74.689348
2748000 88.150643 74.694247
2749000 89.725161 74.699714
2750000 88.621060 74.704777
2751000 89.672325 74.710218
2752000 90.527131 74.715965
2753000 89.453409 74.721318
2754000 89.655991 74.726741
2755000 89.060955 74.731944
2756000 88.367210 74.736892
2757000 87.371178 74.741474
2758000 87.795066 74.746207
2759000 87.228804 74.750732
2760000 87.829650 74.755470
2761000 84.879734 74.759137
2762000 86.305963 74.763318
2763000 86.529323 74.767576
2764000 85.482931 74.771453
2765000 85.367002 74.775285
2766000 85.407934 74.779129
2767000 86.319496 74.783300
2768000 86.149525 74.787406
2769000 86.261357 74.791550
2770000 86.532782 74.795788
2771000 86.669604 74.800073
2772000 86.910933 74.804442
2773000 86.633756 74.808708
2774000 87.302173 74.813212
2775000 88.050397 74.817982
2776000 87.558833 74.822572
2777000 87.777079 74.827237
2778000 86.504389 74.831440
2779000 88.520704 74.836366
2780000 87.924735 74.841074
2781000 87.434618 74.845603
2782000 86.139081 74.849662
2783000 86.893591 74.853990
2784000 86.574324 74.858200
2785000 87.919187 74.862890
2786000 88.905637 74.867930
2787000 86.569299 74.872129
2788000 88.364920 74.876968
2789000 87.492582 74.881491
2790000 88.130783 74.886240
2791000 88.188439 74.891006
2792000 87.664631 74.895582
2793000 87.581711 74.900124
2794000 90.130016 74.905575
2795000 90.635504 74.911202
2796000 90.579603 74.916806
2797000 90.267614 74.922295
2798000 91.023453 74.928049
2799000 88.848071 74.933022
2800000 89.403019 74.938190
2801000 89.700242 74.943460
2802000 89.544691 74.948671
2803000 90.118003 74.954083
2804000 89.286364 74.959195
2805000 88.933154 74.964176
2806000 88.906511 74.969145
2807000 88.719740 74.974044
2808000 88.555398 74.978881
2809000 89.134957 74.983920
2810000 88.954535 74.988892
2811000 89.473207 74.994045
2812000 87.829989 74.998609
2813000 86.787344 75.002800
2814000 86.979739 75.007056
2815000 87.080891 75.011345
2816000 88.093774 75.015991
2817000 89.611171 75.021172
2818000 89.159994 75.026190
2819000 90.028559 75.031511
2820000 91.137417 75.037223
2821000 91.603669 75.043095
2822000 92.294133 75.049208
2823000 91.501220 75.055036
2824000 92.007252 75.061039
2825000 93.183714 75.067454
2826000 92.231978 75.073528
2827000 92.642201 75.079743
2828000 92.691408 75.085970
2829000 93.204957 75.092375
2830000 92.449865 75.098508
2831000 92.957425 75.104817
2832000 91.728103 75.110687
2833000 92.669237 75.116884
2834000 93.693957 75.123439
2835000 95.254502 75.130540
2836000 94.372498 75.137325
2837000 93.467644 75.143786
2838000 93.633282 75.150301
2839000 94.106908 75.156979
2840000 93.046848 75.163278
2841000 93.415341 75.169702
2842000 92.578296 75.175828
2843000 94.081466 75.182478
2844000 92.955341 75.188727
2845000 93.565806 75.195186
2846000 93.296961 75.201547
2847000 94.069131 75.208174
2848000 95.205894 75.215196
2849000 93.529207 75.221624
2850000 92.823268 75.227800
2851000 93.213335 75.234108
2852000 93.376907 75.240470
2853000 92.632264 75.246566
2854000 93.613311 75.253001
2855000 92.606625 75.259080
2856000 91.906272 75.264908
2857000 93.895115 75.271429
2858000 92.718938 75.277534
2859000 93.972042 75.284073
2860000 94.031502 75.290628
2861000 95.407612 75.297659
2862000 97.552316 75.305435
2863000 95.236872 75.312397
2864000 94.907534 75.319239
2865000 95.356936 75.326233
2866000 95.449992 75.333254
2867000 95.267975 75.340208
2868000 95.372412 75.347192
2869000 95.872843 75.354347
2870000 96.417944 75.361686
2871000 94.544933 75.368368
2872000 94.700343 75.375099
2873000 93.843894 75.381527
2874000 93.579809 75.387859
2875000 93.634076 75.394206
2876000 92.984935 75.400322
2877000 92.243368 75.406177
2878000 92.386096 75.412076
2879000 91.403052 75.417631
2880000 92.008445 75.423391
2881000 90.087400 75.428481
2882000 89.730328 75.433444
2883000 90.133579 75.438543
2884000 91.043834 75.443954
2885000 91.485177 75.449514
2886000 90.903122 75.454869
2887000 90.818338 75.460190
2888000 89.700180 75.465121
2889000 90.986353 75.470494
2890000 90.784619 75.475793
2891000 91.903673 75.481475
2892000 90.717119 75.486743
2893000 91.767531 75.492371
2894000 90.676132 75.497617
2895000 90.578258 75.502827
2896000 90.773360 75.508100
2897000 90.728648 75.513354
2898000 91.950034 75.519025
2899000 92.948243 75.525037
2900000 93.438078 75.531214
2901000 94.676747 75.537814
2902000 95.117011 75.544561
2903000 95.215402 75.551337
2904000 95.248901 75.558120
2905000 96.285858 75.565255
2906000 95.110503 75.571981
2907000 96.017321 75.579014
2908000 95.214363 75.585766
2909000 95.505908 75.592614
2910000 95.475961 75.599447
2911000 96.174906 75.606515
2912000 96.190903 75.613584
2913000 96.632224 75.620799
2914000 96.389365 75.627926
2915000 97.495312 75.635428
2916000 97.292799 75.642855
2917000 97.143877 75.650226
2918000 97.690948 75.657779
2919000 98.309744 75.665539
2920000 99.250470 75.673616
2921000 98.893055 75.681566
2922000 98.986261 75.689541
2923000 99.489012 75.697683
2924000 99.648851 75.705875
2925000 100.055877 75.714199
2926000 100.690738 75.722735
2927000 100.532222 75.731211
2928000 99.527923 75.739339
2929000 98.670984 75.747168
2930000 100.131934 75.755490
2931000 98.999613 75.763421
2932000 99.285156 75.771443
2933000 98.967277 75.779352
2934000 100.010892 75.787611
2935000 99.998968 75.795860
2936000 99.632986 75.803979
2937000 100.480550 75.812381
2938000 99.913585 75.820584
2939000 100.550289 75.828998
2940000 103.018407 75.838246
2941000 103.576186 75.847678
2942000 103.115422 75.856946
2943000 102.318185 75.865938
2944000 103.246228 75.875238
2945000 103.640939 75.884666
2946000 103.927503 75.894185
2947000 104.141715 75.903770
2948000 104.052167 75.913319
2949000 105.690416 75.923416
2950000 104.638001 75.933150
2951000 104.377965 75.942789
2952000 103.534386 75.952135
2953000 102.409541 75.961095
2954000 104.673153 75.970815
2955000 103.297872 75.980062
2956000 104.588765 75.989741
2957000 104.613844 75.999421
2958000 104.778804 76.009150
2959000 104.567725 76.018801
2960000 104.439947 76.028403
2961000 104.188298 76.037913
2962000 106.148407 76.048079
2963000 105.542975 76.058033
2964000 107.319439 76.068580
2965000 107.720316 76.079256
2966000 107.687690 76.089913
2967000 106.577394 76.100188
2968000 106.669408 76.110488
2969000 105.150865 76.120269
2970000 103.822796 76.129596
2971000 103.463547 76.138797
2972000 104.357520 76.148291
2973000 103.900174 76.157626
2974000 104.364403 76.167110
2975000 104.434437 76.176612
2976000 103.464404 76.185781
2977000 100.493425 76.193947
2978000 101.850388 76.202562
2979000 102.026725 76.211231
2980000 101.271259 76.219640
2981000 102.201871 76.228356
2982000 101.060940 76.236683
2983000 101.373874 76.245110
2984000 102.756445 76.253995
2985000 102.420185 76.262761
2986000 102.992372 76.271712
2987000 102.693007 76.280558
2988000 101.657810 76.289051
2989000 101.156066 76.297370
2990000 101.861752 76.305920
2991000 102.575221 76.314703
2992000 103.245871 76.323704
2993000 103.247545 76.332700
2994000 104.701377 76.342175
2995000 105.750436 76.351994
2996000 105.343088 76.361671
2997000 103.633666 76.370770
2998000 104.301510 76.380087
2999000 104.760210 76.389550
3000000 104.974720 76.399078
