1000 179.000000 179.000000
2000 175.000000 177.000000
3000 174.000000 176.000000
4000 177.000000 176.250000
5000 175.000000 176.000000
6000 183.000000 177.166667
7000 180.000000 177.571429
8000 176.000000 177.375000
9000 178.000000 177.444444
10000 178.000000 177.500000
11000 178.000000 177.545455
12000 174.000000 177.250000
13000 174.000000 177.000000
14000 175.000000 176.857143
15000 172.000000 176.533333
16000 177.000000 176.562500
17000 176.000000 176.529412
18000 175.000000 176.444444
19000 176.000000 176.421053
20000 178.000000 176.500000
21000 181.000000 176.714286
22000 178.000000 176.772727
23000 181.000000 176.956522
24000 178.000000 177.000000
25000 182.000000 177.200000
26000 179.000000 177.269231
27000 180.000000 177.370370
28000 181.000000 177.500000
29000 180.000000 177.586207
30000 175.000000 177.500000
31000 174.000000 177.387097
32000 180.000000 177.468750
33000 178.000000 177.484848
34000 176.000000 177.441176
35000 180.000000 177.514286
36000 179.000000 177.555556
37000 179.000000 177.594595
38000 179.000000 177.631579
39000 181.000000 177.717949
40000 180.000000 177.775000
41000 181.000000 177.853659
42000 180.000000 177.904762
43000 175.000000 177.837209
44000 182.000000 177.931818
45000 179.000000 177.955556
46000 181.000000 178.021739
47000 175.000000 177.957447
48000 180.000000 178.000000
49000 182.000000 178.081633
50000 179.000000 178.100000
51000 180.000000 178.137255
52000 178.000000 178.134615
53000 183.000000 178.226415
54000 179.000000 178.240741
55000 179.000000 178.254545
56000 184.000000 178.357143
57000 181.000000 178.403509
58000 177.000000 178.379310
59000 182.000000 178.440678
60000 180.000000 178.466667
61000 178.000000 178.459016
62000 180.000000 178.483871
63000 182.000000 178.539683
64000 186.000000 178.656250
65000 180.000000 178.676923
66000 182.000000 178.727273
67000 177.000000 178.701493
68000 185.000000 178.794118
69000 183.000000 178.855072
70000 182.000000 178.900000
71000 178.000000 178.887324
72000 182.000000 178.930556
73000 184.000000 179.000000
74000 184.000000 179.067568
75000 178.000000 179.053333
76000 180.000000 179.065789
77000 181.000000 179.090909
78000 182.000000 179.128205
79000 175.000000 179.075949
80000 182.000000 179.112500
81000 180.000000 179.123457
82000 178.000000 179.109756
83000 179.000000 179.108434
84000 174.000000 179.047619
85000 179.000000 179.047059
86000 182.000000 179.081395
87000 183.000000 179.126437
88000 182.000000 179.159091
89000 177.000000 179.134831
90000 179.000000 179.133333
91000 182.000000 179.164835
92000 181.000000 179.184783
93000 177.000000 179.161290
94000 178.000000 179.148936
95000 182.000000 179.178947
96000 175.000000 179.135417
97000 178.000000 179.123711
98000 179.000000 179.122449
99000 176.000000 179.090909
100000 180.000000 179.100000
101000 179.000000 179.099010
102000 176.000000 179.068627
103000 180.000000 179.077670
104000 175.000000 179.038462
105000 177.000000 179.019048
106000 179.000000 179.018868
107000 180.000000 179.028037
108000 177.000000 179.009259
109000 179.000000 179.009174
110000 180.000000 179.018182
111000 184.000000 179.063063
112000 181.000000 179.080357
113000 180.000000 179.088496
114000 178.000000 179.078947
115000 177.000000 179.060870
116000 184.000000 179.103448
117000 179.000000 179.102564
118000 178.000000 179.093220
119000 183.000000 179.126050
120000 184.000000 179.166667
121000 183.000000 179.198347
122000 176.000000 179.172131
123000 181.000000 179.186992
124000 181.000000 179.201613
125000 181.000000 179.216000
126000 177.000000 179.198413
127000 182.000000 179.220472
128000 186.000000 179.273438
129000 186.000000 179.325581
130000 183.000000 179.353846
131000 187.000000 179.412214
132000 184.000000 179.446970
133000 183.000000 179.473684
134000 182.000000 179.492537
135000 183.000000 179.518519
136000 180.000000 179.522059
137000 185.000000 179.562044
138000 186.000000 179.608696
139000 183.000000 179.633094
140000 180.000000 179.635714
141000 183.000000 179.659574
142000 178.000000 179.647887
143000 179.000000 179.643357
144000 180.000000 179.645833
145000 175.000000 179.613793
146000 182.000000 179.630137
147000 179.000000 179.625850
148000 181.000000 179.635135
149000 175.000000 179.604027
150000 178.000000 179.593333
151000 175.000000 179.562914
152000 181.000000 179.572368
153000 175.000000 179.542484
154000 178.000000 179.532468
155000 179.000000 179.529032
156000 177.000000 179.512821
157000 178.000000 179.503185
158000 174.000000 179.468354
159000 178.000000 179.459119
160000 178.000000 179.450000
161000 180.000000 179.453416
162000 176.000000 179.432099
163000 181.000000 179.441718
164000 182.000000 179.457317
165000 181.000000 179.466667
166000 185.000000 179.500000
167000 182.000000 179.514970
168000 179.000000 179.511905
169000 180.000000 179.514793
170000 178.000000 179.505882
171000 185.000000 179.538012
172000 180.000000 179.540698
173000 181.000000 179.549133
174000 183.000000 179.568966
175000 179.000000 179.565714
176000 179.000000 179.562500
177000 185.000000 179.593220
178000 178.000000 179.584270
179000 174.000000 179.553073
180000 180.000000 179.555556
181000 175.000000 179.530387
182000 174.000000 179.500000
183000 177.000000 179.486339
184000 179.000000 179.483696
185000 180.000000 179.486486
186000 183.000000 179.505376
187000 181.000000 179.513369
188000 180.000000 179.515957
189000 179.000000 179.513228
190000 178.000000 179.505263
191000 182.000000 179.518325
192000 180.000000 179.520833
193000 182.000000 179.533679
194000 178.000000 179.525773
195000 178.000000 179.517949
196000 183.000000 179.535714
197000 186.000000 179.568528
198000 183.000000 179.585859
199000 178.000000 179.577889
200000 180.000000 179.580000
201000 183.000000 179.597015
202000 183.000000 179.613861
203000 179.000000 179.610837
204000 182.000000 179.622549
205000 186.000000 179.653659
206000 178.000000 179.645631
207000 182.000000 179.657005
208000 183.000000 179.673077
209000 182.000000 179.684211
210000 182.000000 179.695238
211000 181.000000 179.701422
212000 183.000000 179.716981
213000 178.000000 179.708920
214000 178.000000 179.700935
215000 181.000000 179.706977
216000 178.000000 179.699074
217000 178.000000 179.691244
218000 180.000000 179.692661
219000 182.000000 179.703196
220000 177.000000 179.690909
221000 179.000000 179.687783
222000 181.000000 179.693694
223000 183.000000 179.708520
224000 179.000000 179.705357
225000 179.000000 179.702222
226000 178.000000 179.694690
227000 174.000000 179.669604
228000 176.000000 179.653509
229000 178.000000 179.646288
230000 176.000000 179.630435
231000 179.000000 179.627706
232000 176.000000 179.612069
233000 178.000000 179.605150
234000 174.000000 179.581197
235000 175.000000 179.561702
236000 181.000000 179.567797
237000 177.000000 179.556962
238000 177.000000 179.546218
239000 176.000000 179.531381
240000 179.000000 179.529167
241000 179.000000 179.526971
242000 178.000000 179.520661
243000 178.000000 179.514403
244000 180.000000 179.516393
245000 179.000000 179.514286
246000 180.000000 179.516260
247000 187.000000 179.546559
248000 180.000000 179.548387
249000 179.000000 179.546185
250000 185.000000 179.568000
251000 179.000000 179.565737
252000 178.000000 179.559524
253000 176.000000 179.545455
254000 173.000000 179.519685
255000 177.000000 179.509804
256000 176.000000 179.496094
257000 171.000000 179.463035
258000 175.000000 179.445736
259000 173.000000 179.420849
260000 174.000000 179.400000
261000 174.000000 179.379310
262000 177.000000 179.370229
263000 178.000000 179.365019
264000 175.000000 179.348485
265000 170.000000 179.313208
266000 177.000000 179.304511
267000 178.000000 179.299625
268000 175.000000 179.283582
269000 174.000000 179.263941
270000 179.000000 179.262963
271000 178.000000 179.258303
272000 177.000000 179.250000
273000 172.000000 179.223443
274000 172.000000 179.197080
275000 178.000000 179.192727
276000 173.000000 179.170290
277000 174.000000 179.151625
278000 168.000000 179.111511
279000 171.000000 179.082437
280000 174.000000 179.064286
281000 175.000000 179.049822
282000 174.000000 179.031915
283000 173.000000 179.010601
284000 169.000000 178.975352
285000 173.000000 178.954386
286000 175.000000 178.940559
287000 168.000000 178.902439
288000 170.000000 178.871528
289000 173.000000 178.851211
290000 169.000000 178.817241
291000 176.000000 178.807560
292000 166.000000 178.763699
293000 168.000000 178.726962
294000 163.000000 178.673469
295000 173.000000 178.654237
296000 171.000000 178.628378
297000 171.000000 178.602694
298000 171.000000 178.577181
299000 166.000000 178.535117
300000 173.000000 178.516667
301000 170.000000 178.488372
302000 171.000000 178.463576
303000 175.000000 178.452145
304000 173.000000 178.434211
305000 174.000000 178.419672
306000 171.000000 178.395425
307000 171.000000 178.371336
308000 175.000000 178.360390
309000 175.000000 178.349515
310000 174.000000 178.335484
311000 174.000000 178.321543
312000 174.000000 178.307692
313000 171.000000 178.284345
314000 173.000000 178.267516
315000 170.000000 178.241270
316000 172.000000 178.221519
317000 175.000000 178.211356
318000 177.000000 178.207547
319000 174.000000 178.194357
320000 172.000000 178.175000
321000 176.000000 178.168224
322000 177.000000 178.164596
323000 174.000000 178.151703
324000 177.000000 178.148148
325000 174.000000 178.135385
326000 173.000000 178.119632
327000 174.000000 178.107034
328000 170.000000 178.082317
329000 173.000000 178.066869
330000 174.000000 178.054545
331000 178.000000 178.054381
332000 172.000000 178.036145
333000 180.000000 178.042042
334000 175.000000 178.032934
335000 177.000000 178.029851
336000 174.000000 178.017857
337000 170.000000 177.994065
338000 169.000000 177.967456
339000 175.000000 177.958702
340000 170.000000 177.935294
341000 176.000000 177.929619
342000 172.000000 177.912281
343000 169.000000 177.886297
344000 175.000000 177.877907
345000 172.000000 177.860870
346000 174.000000 177.849711
347000 173.000000 177.835735
348000 177.000000 177.833333
349000 177.000000 177.830946
350000 178.000000 177.831429
351000 177.000000 177.829060
352000 177.000000 177.826705
353000 178.000000 177.827195
354000 176.000000 177.822034
355000 178.000000 177.822535
356000 178.000000 177.823034
357000 176.000000 177.817927
358000 173.000000 177.804469
359000 172.000000 177.788301
360000 177.000000 177.786111
361000 177.000000 177.783934
362000 175.000000 177.776243
363000 177.000000 177.774105
364000 174.000000 177.763736
365000 177.000000 177.761644
366000 177.000000 177.759563
367000 174.000000 177.749319
368000 172.000000 177.733696
369000 174.000000 177.723577
370000 172.000000 177.708108
371000 177.000000 177.706199
372000 177.000000 177.704301
373000 177.000000 177.702413
374000 173.000000 177.689840
375000 171.000000 177.672000
376000 175.000000 177.664894
377000 175.000000 177.657825
378000 173.000000 177.645503
379000 172.000000 177.630607
380000 178.000000 177.631579
381000 175.000000 177.624672
382000 176.000000 177.620419
383000 176.000000 177.616188
384000 176.000000 177.611979
385000 175.000000 177.605195
386000 174.000000 177.595855
387000 175.000000 177.589147
388000 175.000000 177.582474
389000 176.000000 177.578406
390000 175.000000 177.571795
391000 179.000000 177.575448
392000 178.000000 177.576531
393000 175.000000 177.569975
394000 178.000000 177.571066
395000 173.000000 177.559494
396000 177.000000 177.558081
397000 174.000000 177.549118
398000 171.000000 177.532663
399000 176.000000 177.528822
400000 172.000000 177.515000
401000 179.000000 177.518703
402000 175.000000 177.512438
403000 171.000000 177.496278
404000 173.000000 177.485149
405000 177.000000 177.483951
406000 175.000000 177.477833
407000 177.000000 177.476658
408000 182.000000 177.487745
409000 174.000000 177.479218
410000 172.000000 177.465854
411000 169.000000 177.445255
412000 172.000000 177.432039
413000 171.000000 177.416465
414000 175.000000 177.410628
415000 171.000000 177.395181
416000 180.000000 177.401442
417000 174.000000 177.393285
418000 178.000000 177.394737
419000 178.000000 177.396181
420000 175.000000 177.390476
421000 176.000000 177.387173
422000 176.000000 177.383886
423000 173.000000 177.373522
424000 172.000000 177.360849
425000 172.000000 177.348235
426000 178.000000 177.349765
427000 170.000000 177.332553
428000 174.000000 177.324766
429000 173.000000 177.314685
430000 174.000000 177.306977
431000 173.000000 177.296984
432000 174.000000 177.289352
433000 178.000000 177.290993
434000 175.000000 177.285714
435000 172.000000 177.273563
436000 179.000000 177.277523
437000 176.000000 177.274600
438000 180.000000 177.280822
439000 172.000000 177.268793
440000 173.000000 177.259091
441000 176.000000 177.256236
442000 177.000000 177.255656
443000 173.000000 177.246050
444000 173.000000 177.236486
445000 174.000000 177.229213
446000 173.000000 177.219731
447000 173.000000 177.210291
448000 172.000000 177.198661
449000 169.000000 177.180401
450000 173.000000 177.171111
451000 176.000000 177.168514
452000 175.000000 177.163717
453000 175.000000 177.158940
454000 173.000000 177.149780
455000 171.000000 177.136264
456000 172.000000 177.125000
457000 173.000000 177.115974
458000 171.000000 177.102620
459000 171.000000 177.089325
460000 174.000000 177.082609
461000 171.000000 177.069414
462000 175.000000 177.064935
463000 172.000000 177.053996
464000 172.000000 177.043103
465000 170.000000 177.027957
466000 172.000000 177.017167
467000 170.000000 177.002141
468000 172.000000 176.991453
469000 172.000000 176.980810
470000 171.000000 176.968085
471000 174.000000 176.961783
472000 171.000000 176.949153
473000 167.000000 176.928118
474000 162.000000 176.896624
475000 161.000000 176.863158
476000 167.000000 176.842437
477000 164.000000 176.815514
478000 166.000000 176.792887
479000 166.000000 176.770355
480000 167.000000 176.750000
481000 169.000000 176.733888
482000 167.000000 176.713693
483000 161.000000 176.681159
484000 166.000000 176.659091
485000 165.000000 176.635052
486000 170.000000 176.621399
487000 166.000000 176.599589
488000 168.000000 176.581967
489000 170.000000 176.568507
490000 171.000000 176.557143
491000 165.000000 176.533605
492000 168.000000 176.516260
493000 164.000000 176.490872
494000 171.000000 176.479757
495000 169.000000 176.464646
496000 165.000000 176.441532
497000 159.000000 176.406439
498000 174.000000 176.401606
499000 166.000000 176.380762
500000 166.000000 176.360000
501000 171.000000 176.349301
502000 169.000000 176.334661
503000 173.000000 176.328032
504000 168.000000 176.311508
505000 171.000000 176.300990
506000 169.000000 176.286561
507000 170.000000 176.274162
508000 173.000000 176.267717
509000 171.000000 176.257367
510000 168.000000 176.241176
511000 170.000000 176.228963
512000 174.000000 176.224609
513000 173.000000 176.218324
514000 172.000000 176.210117
515000 170.000000 176.198058
516000 169.000000 176.184109
517000 168.000000 176.168279
518000 168.000000 176.152510
519000 167.000000 176.134875
520000 168.000000 176.119231
521000 169.000000 176.105566
522000 167.000000 176.088123
523000 166.000000 176.068834
524000 165.000000 176.047710
525000 167.000000 176.030476
526000 167.000000 176.013308
527000 164.000000 175.990512
528000 170.000000 175.979167
529000 171.000000 175.969754
530000 168.000000 175.954717
531000 164.000000 175.932203
532000 167.000000 175.915414
533000 173.000000 175.909944
534000 166.000000 175.891386
535000 170.000000 175.880374
536000 167.000000 175.863806
537000 166.000000 175.845438
538000 169.000000 175.832714
539000 166.000000 175.814471
540000 165.000000 175.794444
541000 165.000000 175.774492
542000 163.000000 175.750923
543000 166.000000 175.732965
544000 168.000000 175.718750
545000 169.000000 175.706422
546000 166.000000 175.688645
547000 168.000000 175.674589
548000 172.000000 175.667883
549000 160.000000 175.639344
550000 165.000000 175.620000
551000 172.000000 175.613430
552000 162.000000 175.588768
553000 168.000000 175.575045
554000 170.000000 175.564982
555000 166.000000 175.547748
556000 163.000000 175.525180
557000 165.000000 175.506284
558000 169.000000 175.494624
559000 167.000000 175.479428
560000 163.000000 175.457143
561000 164.000000 175.436720
562000 167.000000 175.421708
563000 161.000000 175.396092
564000 164.000000 175.375887
565000 168.000000 175.362832
566000 164.000000 175.342756
567000 161.000000 175.317460
568000 165.000000 175.299296
569000 166.000000 175.282953
570000 169.000000 175.271930
571000 164.000000 175.252189
572000 165.000000 175.234266
573000 162.000000 175.211169
574000 167.000000 175.196864
575000 163.000000 175.175652
576000 161.000000 175.151042
577000 166.000000 175.135182
578000 167.000000 175.121107
579000 163.000000 175.100173
580000 164.000000 175.081034
581000 163.000000 175.060241
582000 164.000000 175.041237
583000 167.000000 175.027444
584000 164.000000 175.008562
585000 167.000000 174.994872
586000 162.000000 174.972696
587000 167.000000 174.959114
588000 170.000000 174.950680
589000 167.000000 174.937182
590000 165.000000 174.920339
591000 169.000000 174.910321
592000 173.000000 174.907095
593000 167.000000 174.893761
594000 163.000000 174.873737
595000 168.000000 174.862185
596000 171.000000 174.855705
597000 170.000000 174.847571
598000 166.000000 174.832776
599000 165.000000 174.816361
600000 170.000000 174.808333
601000 164.000000 174.790349
602000 168.000000 174.779070
603000 165.000000 174.762852
604000 167.000000 174.750000
605000 165.000000 174.733884
606000 166.000000 174.719472
607000 164.000000 174.701812
608000 164.000000 174.684211
609000 167.000000 174.671593
610000 168.000000 174.660656
611000 167.000000 174.648118
612000 167.000000 174.635621
613000 168.000000 174.624796
614000 165.000000 174.609121
615000 165.000000 174.593496
616000 167.000000 174.581169
617000 164.000000 174.564019
618000 166.000000 174.550162
619000 165.000000 174.534733
620000 165.000000 174.519355
621000 167.000000 174.507246
622000 168.000000 174.496785
623000 168.000000 174.486356
624000 164.000000 174.469551
625000 167.000000 174.457600
626000 163.000000 174.439297
627000 169.000000 174.430622
628000 171.000000 174.425159
629000 166.000000 174.411765
630000 171.000000 174.406349
631000 167.000000 174.394612
632000 170.000000 174.387658
633000 166.000000 174.374408
634000 166.000000 174.361199
635000 165.000000 174.346457
636000 164.000000 174.330189
637000 161.000000 174.309262
638000 165.000000 174.294671
639000 168.000000 174.284820
640000 166.000000 174.271875
641000 166.000000 174.258970
642000 168.000000 174.249221
643000 159.000000 174.225505
644000 166.000000 174.212733
645000 169.000000 174.204651
646000 169.000000 174.196594
647000 172.000000 174.193199
648000 170.000000 174.186728
649000 163.000000 174.169492
650000 167.000000 174.158462
651000 167.000000 174.147465
652000 165.000000 174.133436
653000 165.000000 174.119449
654000 166.000000 174.107034
655000 169.000000 174.099237
656000 171.000000 174.094512
657000 171.000000 174.089802
658000 172.000000 174.086626
659000 170.000000 174.080425
660000 174.000000 174.080303
661000 160.000000 174.059002
662000 167.000000 174.048338
663000 163.000000 174.031674
664000 165.000000 174.018072
665000 168.000000 174.009023
666000 170.000000 174.003003
667000 165.000000 173.989505
668000 165.000000 173.976048
669000 168.000000 173.967115
670000 167.000000 173.956716
671000 169.000000 173.949329
672000 166.000000 173.937500
673000 170.000000 173.931649
674000 169.000000 173.924332
675000 168.000000 173.915556
676000 169.000000 173.908284
677000 173.000000 173.906942
678000 165.000000 173.893805
679000 166.000000 173.882180
680000 171.000000 173.877941
681000 169.000000 173.870778
682000 169.000000 173.863636
683000 170.000000 173.857980
684000 172.000000 173.855263
685000 173.000000 173.854015
686000 169.000000 173.846939
687000 170.000000 173.841339
688000 169.000000 173.834302
689000 171.000000 173.830189
690000 169.000000 173.823188
691000 172.000000 173.820550
692000 171.000000 173.816474
693000 171.000000 173.812410
694000 171.000000 173.808357
695000 172.000000 173.805755
696000 172.000000 173.803161
697000 172.000000 173.800574
698000 167.000000 173.790831
699000 169.000000 173.783977
700000 161.000000 173.765714
701000 164.000000 173.751783
702000 163.000000 173.736467
703000 170.000000 173.731152
704000 171.000000 173.727273
705000 172.000000 173.724823
706000 170.000000 173.719547
707000 168.000000 173.711457
708000 169.000000 173.704802
709000 166.000000 173.693935
710000 167.000000 173.684507
711000 172.000000 173.682138
712000 165.000000 173.669944
713000 168.000000 173.661992
714000 160.000000 173.642857
715000 165.000000 173.630769
716000 169.000000 173.624302
717000 167.000000 173.615063
718000 169.000000 173.608635
719000 169.000000 173.602225
720000 168.000000 173.594444
721000 169.000000 173.588072
722000 173.000000 173.587258
723000 170.000000 173.582296
724000 162.000000 173.566298
725000 173.000000 173.565517
726000 169.000000 173.559229
727000 169.000000 173.552957
728000 169.000000 173.546703
729000 170.000000 173.541838
730000 170.000000 173.536986
731000 168.000000 173.529412
732000 172.000000 173.527322
733000 169.000000 173.521146
734000 169.000000 173.514986
735000 167.000000 173.506122
736000 168.000000 173.498641
737000 170.000000 173.493894
738000 171.000000 173.490515
739000 172.000000 173.488498
740000 173.000000 173.487838
741000 172.000000 173.485830
742000 172.000000 173.483827
743000 170.000000 173.479139
744000 173.000000 173.478495
745000 167.000000 173.469799
746000 169.000000 173.463807
747000 170.000000 173.459170
748000 169.000000 173.453209
749000 172.000000 173.451268
750000 167.000000 173.442667
751000 168.000000 173.435419
752000 168.000000 173.428191
753000 166.000000 173.418327
754000 169.000000 173.412467
755000 166.000000 173.402649
756000 171.000000 173.399471
757000 165.000000 173.388375
758000 166.000000 173.378628
759000 167.000000 173.370224
760000 171.000000 173.367105
761000 172.000000 173.365309
762000 163.000000 173.351706
763000 169.000000 173.346003
764000 169.000000 173.340314
765000 173.000000 173.339869
766000 170.000000 173.335509
767000 166.000000 173.325945
768000 169.000000 173.320312
769000 167.000000 173.312094
770000 171.000000 173.309091
771000 173.000000 173.308690
772000 171.000000 173.305699
773000 171.000000 173.302717
774000 169.000000 173.297158
775000 175.000000 173.299355
776000 166.000000 173.289948
777000 170.000000 173.285714
778000 166.000000 173.276350
779000 166.000000 173.267009
780000 167.000000 173.258974
781000 169.000000 173.253521
782000 171.000000 173.250639
783000 171.000000 173.247765
784000 168.000000 173.241071
785000 165.000000 173.230573
786000 174.000000 173.231552
787000 172.000000 173.229987
788000 167.000000 173.222081
789000 169.000000 173.216730
790000 171.000000 173.213924
791000 173.000000 173.213654
792000 169.000000 173.208333
793000 167.000000 173.200504
794000 168.000000 173.193955
795000 169.000000 173.188679
796000 168.000000 173.182161
797000 170.000000 173.178168
798000 168.000000 173.171679
799000 168.000000 173.165207
800000 166.000000 173.156250
801000 161.000000 173.141074
802000 168.000000 173.134663
803000 164.000000 173.123288
804000 167.000000 173.115672
805000 172.000000 173.114286
806000 168.000000 173.107940
807000 169.000000 173.102850
808000 168.000000 173.096535
809000 171.000000 173.093943
810000 171.000000 173.091358
811000 171.000000 173.088779
812000 168.000000 173.082512
813000 167.000000 173.075031
814000 167.000000 173.067568
815000 173.000000 173.067485
816000 169.000000 173.062500
817000 169.000000 173.057528
818000 175.000000 173.059902
819000 165.000000 173.050061
820000 171.000000 173.047561
821000 166.000000 173.038977
822000 168.000000 173.032847
823000 167.000000 173.025516
824000 167.000000 173.018204
825000 164.000000 173.007273
826000 169.000000 173.002421
827000 170.000000 172.998791
828000 168.000000 172.992754
829000 170.000000 172.989144
830000 173.000000 172.989157
831000 166.000000 172.980746
832000 165.000000 172.971154
833000 167.000000 172.963986
834000 169.000000 172.959233
835000 166.000000 172.950898
836000 169.000000 172.946172
837000 169.000000 172.941458
838000 169.000000 172.936754
839000 169.000000 172.932062
840000 170.000000 172.928571
841000 171.000000 172.926278
842000 167.000000 172.919240
843000 170.000000 172.915777
844000 168.000000 172.909953
845000 168.000000 172.904142
846000 173.000000 172.904255
847000 170.000000 172.900826
848000 172.000000 172.899764
849000 169.000000 172.895171
850000 170.000000 172.891765
851000 167.000000 172.884841
852000 168.000000 172.879108
853000 170.000000 172.875733
854000 169.000000 172.871194
855000 167.000000 172.864327
856000 171.000000 172.862150
857000 172.000000 172.861144
858000 175.000000 172.863636
859000 171.000000 172.861467
860000 169.000000 172.856977
861000 162.000000 172.844367
862000 167.000000 172.837587
863000 170.000000 172.834299
864000 168.000000 172.828704
865000 168.000000 172.823121
866000 172.000000 172.822171
867000 171.000000 172.820069
868000 170.000000 172.816820
869000 174.000000 172.818182
870000 173.000000 172.818391
871000 166.000000 172.810563
872000 167.000000 172.803899
873000 169.000000 172.799542
874000 171.000000 172.797483
875000 171.000000 172.795429
876000 170.000000 172.792237
877000 170.000000 172.789054
878000 169.000000 172.784738
879000 162.000000 172.772469
880000 165.000000 172.763636
881000 171.000000 172.761635
882000 173.000000 172.761905
883000 165.000000 172.753114
884000 168.000000 172.747738
885000 171.000000 172.745763
886000 170.000000 172.742664
887000 170.000000 172.739572
888000 171.000000 172.737613
889000 169.000000 172.733408
890000 170.000000 172.730337
891000 174.000000 172.731762
892000 172.000000 172.730942
893000 173.000000 172.731243
894000 171.000000 172.729306
895000 166.000000 172.721788
896000 171.000000 172.719866
897000 169.000000 172.715719
898000 168.000000 172.710468
899000 171.000000 172.708565
900000 169.000000 172.704444
901000 170.000000 172.701443
902000 169.000000 172.697339
903000 165.000000 172.688815
904000 168.000000 172.683628
905000 169.000000 172.679558
906000 171.000000 172.677704
907000 171.000000 172.675854
908000 173.000000 172.676211
909000 178.000000 172.682068
910000 174.000000 172.683516
911000 173.000000 172.683864
912000 173.000000 172.684211
913000 173.000000 172.684556
914000 174.000000 172.685996
915000 173.000000 172.686339
916000 174.000000 172.687773
917000 172.000000 172.687023
918000 171.000000 172.685185
919000 170.000000 172.682263
920000 168.000000 172.677174
921000 171.000000 172.675353
922000 171.000000 172.673536
923000 176.000000 172.677140
924000 172.000000 172.676407
925000 174.000000 172.677838
926000 171.000000 172.676026
927000 169.000000 172.672060
928000 164.000000 172.662716
929000 174.000000 172.664155
930000 171.000000 172.662366
931000 170.000000 172.659506
932000 169.000000 172.655579
933000 172.000000 172.654877
934000 170.000000 172.652034
935000 168.000000 172.647059
936000 171.000000 172.645299
937000 167.000000 172.639274
938000 172.000000 172.638593
939000 172.000000 172.637913
940000 163.000000 172.627660
941000 165.000000 172.619554
942000 170.000000 172.616773
943000 168.000000 172.611877
944000 170.000000 172.609110
945000 167.000000 172.603175
946000 167.000000 172.597252
947000 168.000000 172.592397
948000 165.000000 172.584388
949000 168.000000 172.579557
950000 164.000000 172.570526
951000 169.000000 172.566772
952000 174.000000 172.568277
953000 171.000000 172.566632
954000 170.000000 172.563941
955000 169.000000 172.560209
956000 167.000000 172.554393
957000 165.000000 172.546499
958000 165.000000 172.538622
959000 169.000000 172.534932
960000 170.000000 172.532292
961000 174.000000 172.533819
962000 171.000000 172.532225
963000 169.000000 172.528557
964000 169.000000 172.524896
965000 169.000000 172.521244
966000 167.000000 172.515528
967000 164.000000 172.506722
968000 162.000000 172.495868
969000 170.000000 172.493292
970000 167.000000 172.487629
971000 166.000000 172.480947
972000 166.000000 172.474280
973000 166.000000 172.467626
974000 171.000000 172.466119
975000 168.000000 172.461538
976000 166.000000 172.454918
977000 169.000000 172.451382
978000 168.000000 172.446830
979000 168.000000 172.442288
980000 171.000000 172.440816
981000 172.000000 172.440367
982000 171.000000 172.438900
983000 167.000000 172.433367
984000 168.000000 172.428862
985000 173.000000 172.429442
986000 171.000000 172.427992
987000 171.000000 172.426545
988000 172.000000 172.426113
989000 170.000000 172.423660
990000 171.000000 172.422222
991000 171.000000 172.420787
992000 173.000000 172.421371
993000 173.000000 172.421954
994000 172.000000 172.421529
995000 172.000000 172.421106
996000 169.000000 172.417671
997000 168.000000 172.413240
998000 172.000000 172.412826
999000 170.000000 172.410410
1000000 170.000000 172.408000
1001000 170.000000 172.405594
1002000 170.000000 172.403194
1003000 168.000000 172.398804
1004000 165.000000 172.391434
1005000 171.000000 172.390050
1006000 170.000000 172.387674
1007000 168.000000 172.383317
1008000 170.000000 172.380952
1009000 169.000000 172.377602
1010000 170.000000 172.375248
1011000 172.000000 172.374876
1012000 170.000000 172.372530
1013000 166.000000 172.366239
1014000 172.000000 172.365878
1015000 175.000000 172.368473
1016000 169.000000 172.365157
1017000 169.000000 172.361849
1018000 169.000000 172.358546
1019000 169.000000 172.355250
1020000 161.000000 172.344118
1021000 170.000000 172.341822
1022000 167.000000 172.336595
1023000 169.000000 172.333333
1024000 171.000000 172.332031
1025000 169.000000 172.328780
1026000 171.000000 172.327485
1027000 167.000000 172.322298
1028000 169.000000 172.319066
1029000 168.000000 172.314869
1030000 172.000000 172.314563
1031000 165.000000 172.307468
1032000 173.000000 172.308140
1033000 172.000000 172.307841
1034000 167.000000 172.302708
1035000 170.000000 172.300483
1036000 173.000000 172.301158
1037000 171.000000 172.299904
1038000 169.000000 172.296724
1039000 170.000000 172.294514
1040000 168.000000 172.290385
1041000 168.000000 172.286263
1042000 167.000000 172.281190
1043000 167.000000 172.276127
1044000 172.000000 172.275862
1045000 174.000000 172.277512
1046000 173.000000 172.278203
1047000 170.000000 172.276027
1048000 170.000000 172.273855
1049000 172.000000 172.273594
1050000 168.000000 172.269524
1051000 168.000000 172.265461
1052000 170.000000 172.263308
1053000 172.000000 172.263058
1054000 169.000000 172.259962
1055000 168.000000 172.255924
1056000 169.000000 172.252841
1057000 169.000000 172.249763
1058000 170.000000 172.247637
1059000 167.000000 172.242682
1060000 173.000000 172.243396
1061000 171.000000 172.242224
1062000 170.000000 172.240113
1063000 168.000000 172.236124
1064000 171.000000 172.234962
1065000 174.000000 172.236620
1066000 170.000000 172.234522
1067000 171.000000 172.233365
1068000 175.000000 172.235955
1069000 173.000000 172.236670
1070000 171.000000 172.235514
1071000 166.000000 172.229692
1072000 169.000000 172.226679
1073000 172.000000 172.226468
1074000 168.000000 172.222533
1075000 168.000000 172.218605
1076000 173.000000 172.219331
1077000 170.000000 172.217270
1078000 170.000000 172.215213
1079000 170.000000 172.213160
1080000 168.000000 172.209259
1081000 172.000000 172.209066
1082000 174.000000 172.210721
1083000 173.000000 172.211450
1084000 171.000000 172.210332
1085000 169.000000 172.207373
1086000 171.000000 172.206262
1087000 168.000000 172.202392
1088000 169.000000 172.199449
1089000 173.000000 172.200184
1090000 169.000000 172.197248
1091000 171.000000 172.196150
1092000 173.000000 172.196886
1093000 169.000000 172.193962
1094000 167.000000 172.189214
1095000 169.000000 172.186301
1096000 171.000000 172.185219
1097000 170.000000 172.183227
1098000 170.000000 172.181239
1099000 169.000000 172.178344
1100000 171.000000 172.177273
1101000 173.000000 172.178020
1102000 167.000000 172.173321
1103000 167.000000 172.168631
1104000 173.000000 172.169384
1105000 170.000000 172.167421
1106000 173.000000 172.168174
1107000 171.000000 172.167118
1108000 174.000000 172.168773
1109000 175.000000 172.171326
1110000 172.000000 172.171171
1111000 171.000000 172.170117
1112000 170.000000 172.168165
1113000 169.000000 172.165319
1114000 173.000000 172.166068
1115000 172.000000 172.165919
1116000 168.000000 172.162186
1117000 168.000000 172.158460
1118000 171.000000 172.157424
1119000 172.000000 172.157283
1120000 173.000000 172.158036
1121000 167.000000 172.153434
1122000 171.000000 172.152406
1123000 168.000000 172.148709
1124000 171.000000 172.147687
1125000 174.000000 172.149333
1126000 175.000000 172.151865
1127000 171.000000 172.150843
1128000 170.000000 172.148936
1129000 169.000000 172.146147
1130000 173.000000 172.146903
1131000 173.000000 172.147657
1132000 171.000000 172.146643
1133000 169.000000 172.143866
1134000 172.000000 172.143739
1135000 174.000000 172.145374
1136000 170.000000 172.143486
1137000 170.000000 172.141601
1138000 172.000000 172.141476
1139000 172.000000 172.141352
1140000 167.000000 172.136842
1141000 165.000000 172.130587
1142000 170.000000 172.128722
1143000 168.000000 172.125109
1144000 165.000000 172.118881
1145000 166.000000 172.113537
1146000 169.000000 172.110820
1147000 164.000000 172.103749
1148000 167.000000 172.099303
1149000 167.000000 172.094865
1150000 169.000000 172.092174
1151000 166.000000 172.086881
1152000 161.000000 172.077257
1153000 166.000000 172.071986
1154000 171.000000 172.071057
1155000 171.000000 172.070130
1156000 168.000000 172.066609
1157000 169.000000 172.063959
1158000 175.000000 172.066494
1159000 172.000000 172.066437
1160000 173.000000 172.067241
1161000 174.000000 172.068906
1162000 169.000000 172.066265
1163000 172.000000 172.066208
1164000 171.000000 172.065292
1165000 172.000000 172.065236
1166000 171.000000 172.064322
1167000 169.000000 172.061697
1168000 165.000000 172.055651
1169000 165.000000 172.049615
1170000 163.000000 172.041880
1171000 167.000000 172.037575
1172000 169.000000 172.034983
1173000 171.000000 172.034101
1174000 171.000000 172.033220
1175000 169.000000 172.030638
1176000 169.000000 172.028061
1177000 174.000000 172.029737
1178000 176.000000 172.033107
1179000 170.000000 172.031383
1180000 171.000000 172.030508
1181000 171.000000 172.029636
1182000 168.000000 172.026227
1183000 169.000000 172.023669
1184000 168.000000 172.020270
1185000 175.000000 172.022785
1186000 169.000000 172.020236
1187000 168.000000 172.016849
1188000 167.000000 172.012626
1189000 169.000000 172.010093
1190000 172.000000 172.010084
1191000 168.000000 172.006717
1192000 171.000000 172.005872
1193000 169.000000 172.003353
1194000 168.000000 172.000000
1195000 163.000000 171.992469
1196000 167.000000 171.988294
1197000 169.000000 171.985798
1198000 169.000000 171.983306
1199000 166.000000 171.978315
1200000 165.000000 171.972500
1201000 166.000000 171.967527
1202000 168.000000 171.964226
1203000 164.000000 171.957606
1204000 168.000000 171.954319
1205000 163.000000 171.946888
1206000 164.000000 171.940299
1207000 164.000000 171.933720
1208000 166.000000 171.928808
1209000 166.000000 171.923904
1210000 165.000000 171.918182
1211000 170.000000 171.916598
1212000 168.000000 171.913366
1213000 165.000000 171.907667
1214000 166.000000 171.902801
1215000 164.000000 171.896296
1216000 172.000000 171.896382
1217000 167.000000 171.892358
1218000 170.000000 171.890805
1219000 169.000000 171.888433
1220000 171.000000 171.887705
1221000 170.000000 171.886159
1222000 172.000000 171.886252
1223000 166.000000 171.881439
1224000 168.000000 171.878268
1225000 164.000000 171.871837
1226000 169.000000 171.869494
1227000 170.000000 171.867971
1228000 164.000000 171.861564
1229000 167.000000 171.857608
1230000 165.000000 171.852033
1231000 163.000000 171.844842
1232000 164.000000 171.838474
1233000 167.000000 171.834550
1234000 169.000000 171.832253
1235000 169.000000 171.829960
1236000 167.000000 171.826052
1237000 167.000000 171.822150
1238000 171.000000 171.821486
1239000 167.000000 171.817595
1240000 169.000000 171.815323
1241000 169.000000 171.813054
1242000 174.000000 171.814815
1243000 171.000000 171.814159
1244000 170.000000 171.812701
1245000 170.000000 171.811245
1246000 170.000000 171.809791
1247000 169.000000 171.807538
1248000 171.000000 171.806891
1249000 171.000000 171.806245
1250000 170.000000 171.804800
1251000 165.000000 171.799361
1252000 169.000000 171.797125
1253000 169.000000 171.794892
1254000 169.000000 171.792663
1255000 166.000000 171.788048
1256000 168.000000 171.785032
1257000 168.000000 171.782021
1258000 170.000000 171.780604
1259000 171.000000 171.779984
1260000 166.000000 171.775397
1261000 170.000000 171.773989
1262000 171.000000 171.773376
1263000 172.000000 171.773555
1264000 171.000000 171.772943
1265000 169.000000 171.770751
1266000 169.000000 171.768562
1267000 167.000000 171.764799
1268000 171.000000 171.764196
1269000 168.000000 171.761229
1270000 168.000000 171.758268
1271000 168.000000 171.755311
1272000 167.000000 171.751572
1273000 165.000000 171.746269
1274000 164.000000 171.740188
1275000 169.000000 171.738039
1276000 167.000000 171.734326
1277000 166.000000 171.729836
1278000 168.000000 171.726917
1279000 164.000000 171.720876
1280000 168.000000 171.717969
1281000 167.000000 171.714286
1282000 166.000000 171.709828
1283000 168.000000 171.706937
1284000 167.000000 171.703271
1285000 167.000000 171.699611
1286000 167.000000 171.695956
1287000 169.000000 171.693862
1288000 168.000000 171.690994
1289000 166.000000 171.686579
1290000 165.000000 171.681395
1291000 170.000000 171.680093
1292000 168.000000 171.677245
1293000 171.000000 171.676721
1294000 172.000000 171.676971
1295000 169.000000 171.674903
1296000 173.000000 171.675926
1297000 171.000000 171.675405
1298000 170.000000 171.674114
1299000 169.000000 171.672055
1300000 168.000000 171.669231
1301000 172.000000 171.669485
1302000 165.000000 171.664363
1303000 171.000000 171.663853
1304000 166.000000 171.659509
1305000 164.000000 171.653640
1306000 168.000000 171.650842
1307000 166.000000 171.646519
1308000 172.000000 171.646789
1309000 171.000000 171.646295
1310000 170.000000 171.645038
1311000 168.000000 171.642258
1312000 164.000000 171.636433
1313000 165.000000 171.631379
1314000 167.000000 171.627854
1315000 169.000000 171.625856
1316000 166.000000 171.621581
1317000 168.000000 171.618831
1318000 169.000000 171.616844
1319000 169.000000 171.614860
1320000 167.000000 171.611364
1321000 165.000000 171.606359
1322000 168.000000 171.603631
1323000 170.000000 171.602419
1324000 162.000000 171.595166
1325000 164.000000 171.589434
1326000 165.000000 171.584465
1327000 164.000000 171.578749
1328000 168.000000 171.576054
1329000 171.000000 171.575621
1330000 162.000000 171.568421
1331000 168.000000 171.565740
1332000 168.000000 171.563063
1333000 167.000000 171.559640
1334000 167.000000 171.556222
1335000 171.000000 171.555805
1336000 167.000000 171.552395
1337000 171.000000 171.551982
1338000 166.000000 171.547833
1339000 167.000000 171.544436
1340000 168.000000 171.541791
1341000 169.000000 171.539896
1342000 167.000000 171.536513
1343000 166.000000 171.532390
1344000 168.000000 171.529762
1345000 162.000000 171.522677
1346000 164.000000 171.517088
1347000 170.000000 171.515961
1348000 169.000000 171.514095
1349000 169.000000 171.512231
1350000 170.000000 171.511111
1351000 167.000000 171.507772
1352000 163.000000 171.501479
1353000 166.000000 171.497413
1354000 163.000000 171.491137
1355000 162.000000 171.484133
1356000 164.000000 171.478614
1357000 168.000000 171.476050
1358000 162.000000 171.469072
1359000 167.000000 171.465784
1360000 165.000000 171.461029
1361000 162.000000 171.454078
1362000 165.000000 171.449339
1363000 166.000000 171.445341
1364000 171.000000 171.445015
1365000 163.000000 171.438828
1366000 165.000000 171.434114
1367000 166.000000 171.430139
1368000 166.000000 171.426170
1369000 161.000000 171.418554
1370000 169.000000 171.416788
1371000 164.000000 171.411379
1372000 168.000000 171.408892
1373000 171.000000 171.408594
1374000 164.000000 171.403202
1375000 162.000000 171.396364
1376000 165.000000 171.391715
1377000 166.000000 171.387800
1378000 167.000000 171.384615
1379000 168.000000 171.382161
1380000 170.000000 171.381159
1381000 168.000000 171.378711
1382000 170.000000 171.377713
1383000 164.000000 171.372379
1384000 166.000000 171.368497
1385000 169.000000 171.366787
1386000 168.000000 171.364358
1387000 167.000000 171.361211
1388000 167.000000 171.358069
1389000 167.000000 171.354932
1390000 166.000000 171.351079
1391000 167.000000 171.347951
1392000 169.000000 171.346264
1393000 165.000000 171.341709
1394000 164.000000 171.336442
1395000 163.000000 171.330466
1396000 165.000000 171.325931
1397000 159.000000 171.317108
1398000 155.000000 171.305436
1399000 165.000000 171.300929
1400000 164.000000 171.295714
1401000 164.000000 171.290507
1402000 164.000000 171.285307
1403000 163.000000 171.279401
1404000 165.000000 171.274929
1405000 165.000000 171.270463
1406000 162.000000 171.263869
1407000 163.000000 171.257996
1408000 166.000000 171.254261
1409000 162.000000 171.247693
1410000 167.000000 171.244681
1411000 168.000000 171.242381
1412000 170.000000 171.241501
1413000 168.000000 171.239207
1414000 168.000000 171.236917
1415000 162.000000 171.230389
1416000 169.000000 171.228814
1417000 161.000000 171.221595
1418000 160.000000 171.213681
1419000 165.000000 171.209302
1420000 167.000000 171.206338
1421000 167.000000 171.203378
1422000 168.000000 171.201125
1423000 168.000000 171.198876
1424000 163.000000 171.193118
1425000 168.000000 171.190877
1426000 169.000000 171.189341
1427000 165.000000 171.185004
1428000 165.000000 171.180672
1429000 169.000000 171.179146
1430000 167.000000 171.176224
1431000 168.000000 171.174004
1432000 171.000000 171.173883
1433000 170.000000 171.173064
1434000 169.000000 171.171548
1435000 166.000000 171.167944
1436000 165.000000 171.163649
1437000 164.000000 171.158664
1438000 169.000000 171.157163
1439000 166.000000 171.153579
1440000 165.000000 171.149306
1441000 167.000000 171.146426
1442000 165.000000 171.142164
1443000 170.000000 171.141372
1444000 168.000000 171.139197
1445000 168.000000 171.137024
1446000 165.000000 171.132780
1447000 170.000000 171.131997
1448000 166.000000 171.128453
1449000 170.000000 171.127674
1450000 170.000000 171.126897
1451000 169.000000 171.125431
1452000 167.000000 171.122590
1453000 169.000000 171.121129
1454000 169.000000 171.119670
1455000 168.000000 171.117526
1456000 165.000000 171.113324
1457000 166.000000 171.109815
1458000 167.000000 171.106996
1459000 162.000000 171.100754
1460000 165.000000 171.096575
1461000 167.000000 171.093771
1462000 167.000000 171.090971
1463000 167.000000 171.088175
1464000 164.000000 171.083333
1465000 165.000000 171.079181
1466000 168.000000 171.077080
1467000 167.000000 171.074301
1468000 169.000000 171.072888
1469000 167.000000 171.070116
1470000 166.000000 171.066667
1471000 162.000000 171.060503
1472000 165.000000 171.056386
1473000 165.000000 171.052274
1474000 167.000000 171.049525
1475000 166.000000 171.046102
1476000 165.000000 171.042005
1477000 163.000000 171.036561
1478000 166.000000 171.033153
1479000 162.000000 171.027045
1480000 166.000000 171.023649
1481000 163.000000 171.018231
1482000 164.000000 171.013495
1483000 162.000000 171.007417
1484000 166.000000 171.004043
1485000 159.000000 170.995960
1486000 162.000000 170.989906
1487000 162.000000 170.983860
1488000 165.000000 170.979839
1489000 162.000000 170.973808
1490000 171.000000 170.973826
1491000 167.000000 170.971160
1492000 164.000000 170.966488
1493000 169.000000 170.965171
1494000 167.000000 170.962517
1495000 165.000000 170.958528
1496000 169.000000 170.957219
1497000 164.000000 170.952572
1498000 166.000000 170.949266
1499000 163.000000 170.943963
1500000 166.000000 170.940667
1501000 170.000000 170.940040
1502000 173.000000 170.941411
1503000 171.000000 170.941450
1504000 173.000000 170.942819
1505000 164.000000 170.938206
1506000 169.000000 170.936919
1507000 166.000000 170.933643
1508000 166.000000 170.930371
1509000 166.000000 170.927104
1510000 168.000000 170.925166
1511000 165.000000 170.921244
1512000 170.000000 170.920635
1513000 169.000000 170.919365
1514000 169.000000 170.918098
1515000 167.000000 170.915512
1516000 168.000000 170.913588
1517000 167.000000 170.911009
1518000 162.000000 170.905138
1519000 161.000000 170.898618
1520000 164.000000 170.894079
1521000 161.000000 170.887574
1522000 165.000000 170.883706
1523000 167.000000 170.881156
1524000 166.000000 170.877953
1525000 166.000000 170.874754
1526000 168.000000 170.872870
1527000 167.000000 170.870334
1528000 168.000000 170.868455
1529000 168.000000 170.866579
1530000 167.000000 170.864052
1531000 164.000000 170.859569
1532000 165.000000 170.855744
1533000 167.000000 170.853229
1534000 167.000000 170.850717
1535000 168.000000 170.848860
1536000 165.000000 170.845052
1537000 162.000000 170.839297
1538000 167.000000 170.836801
1539000 169.000000 170.835608
1540000 170.000000 170.835065
1541000 169.000000 170.833874
1542000 169.000000 170.832685
1543000 167.000000 170.830201
1544000 168.000000 170.828368
1545000 166.000000 170.825243
1546000 172.000000 170.826003
1547000 167.000000 170.823529
1548000 167.000000 170.821059
1549000 166.000000 170.817947
1550000 166.000000 170.814839
1551000 164.000000 170.810445
1552000 167.000000 170.807990
1553000 166.000000 170.804894
1554000 165.000000 170.801158
1555000 163.000000 170.796141
1556000 165.000000 170.792416
1557000 167.000000 170.789981
1558000 165.000000 170.786264
1559000 165.000000 170.782553
1560000 166.000000 170.779487
1561000 167.000000 170.777066
1562000 167.000000 170.774648
1563000 168.000000 170.772873
1564000 165.000000 170.769182
1565000 163.000000 170.764217
1566000 168.000000 170.762452
1567000 169.000000 170.761327
1568000 170.000000 170.760842
1569000 169.000000 170.759720
1570000 172.000000 170.760510
1571000 170.000000 170.760025
1572000 168.000000 170.758270
1573000 168.000000 170.756516
1574000 170.000000 170.756036
1575000 162.000000 170.750476
1576000 164.000000 170.746193
1577000 168.000000 170.744451
1578000 168.000000 170.742712
1579000 168.000000 170.740975
1580000 165.000000 170.737342
1581000 166.000000 170.734345
1582000 170.000000 170.733881
1583000 167.000000 170.731522
1584000 168.000000 170.729798
1585000 169.000000 170.728707
1586000 170.000000 170.728247
1587000 167.000000 170.725898
1588000 171.000000 170.726071
1589000 169.000000 170.724984
1590000 173.000000 170.726415
1591000 170.000000 170.725959
1592000 168.000000 170.724246
1593000 171.000000 170.724419
1594000 172.000000 170.725220
1595000 172.000000 170.726019
1596000 170.000000 170.725564
1597000 171.000000 170.725736
1598000 167.000000 170.723404
1599000 167.000000 170.721076
1600000 164.000000 170.716875
1601000 165.000000 170.713304
1602000 163.000000 170.708489
1603000 164.000000 170.704304
1604000 166.000000 170.701372
1605000 165.000000 170.697819
1606000 170.000000 170.697385
1607000 167.000000 170.695084
1608000 167.000000 170.692786
1609000 168.000000 170.691112
1610000 167.000000 170.688820
1611000 164.000000 170.684668
1612000 170.000000 170.684243
1613000 172.000000 170.685059
1614000 172.000000 170.685874
1615000 170.000000 170.685449
1616000 169.000000 170.684406
1617000 170.000000 170.683983
1618000 170.000000 170.683560
1619000 169.000000 170.682520
1620000 168.000000 170.680864
1621000 170.000000 170.680444
1622000 171.000000 170.680641
1623000 171.000000 170.680838
1624000 170.000000 170.680419
1625000 171.000000 170.680615
1626000 169.000000 170.679582
1627000 167.000000 170.677320
1628000 171.000000 170.677518
1629000 167.000000 170.675261
1630000 165.000000 170.671779
1631000 168.000000 170.670141
1632000 168.000000 170.668505
1633000 169.000000 170.667483
1634000 170.000000 170.667075
1635000 167.000000 170.664832
1636000 169.000000 170.663814
1637000 172.000000 170.664630
1638000 171.000000 170.664835
1639000 168.000000 170.663209
1640000 168.000000 170.661585
1641000 166.000000 170.658745
1642000 167.000000 170.656516
1643000 166.000000 170.653682
1644000 171.000000 170.653893
1645000 168.000000 170.652280
1646000 166.000000 170.649453
1647000 162.000000 170.644202
1648000 163.000000 170.639563
1649000 166.000000 170.636750
1650000 166.000000 170.633939
1651000 167.000000 170.631738
1652000 165.000000 170.628329
1653000 168.000000 170.626739
1654000 165.000000 170.623337
1655000 163.000000 170.618731
1656000 164.000000 170.614734
1657000 164.000000 170.610742
1658000 166.000000 170.607961
1659000 170.000000 170.607595
1660000 166.000000 170.604819
1661000 166.000000 170.602047
1662000 166.000000 170.599278
1663000 166.000000 170.596512
1664000 168.000000 170.594952
1665000 164.000000 170.590991
1666000 162.000000 170.585834
1667000 167.000000 170.583683
1668000 164.000000 170.579736
1669000 165.000000 170.576393
1670000 160.000000 170.570060
1671000 163.000000 170.565530
1672000 166.000000 170.562799
1673000 162.000000 170.557681
1674000 164.000000 170.553763
1675000 167.000000 170.551642
1676000 162.000000 170.546539
1677000 167.000000 170.544425
1678000 163.000000 170.539928
1679000 169.000000 170.539011
1680000 169.000000 170.538095
1681000 165.000000 170.534801
1682000 164.000000 170.530916
1683000 162.000000 170.525847
1684000 162.000000 170.520784
1685000 163.000000 170.516320
1686000 161.000000 170.510676
1687000 167.000000 170.508595
1688000 167.000000 170.506517
1689000 165.000000 170.503256
1690000 164.000000 170.499408
1691000 168.000000 170.497930
1692000 167.000000 170.495863
1693000 171.000000 170.496161
1694000 164.000000 170.492326
1695000 161.000000 170.486726
1696000 167.000000 170.484670
1697000 168.000000 170.483206
1698000 164.000000 170.479388
1699000 166.000000 170.476751
1700000 168.000000 170.475294
1701000 169.000000 170.474427
1702000 167.000000 170.472385
1703000 167.000000 170.470346
1704000 166.000000 170.467723
1705000 169.000000 170.466862
1706000 166.000000 170.464244
1707000 164.000000 170.460457
1708000 162.000000 170.455504
1709000 161.000000 170.449971
1710000 159.000000 170.443275
1711000 165.000000 170.440094
1712000 163.000000 170.435748
1713000 166.000000 170.433158
1714000 165.000000 170.429988
1715000 164.000000 170.426239
1716000 167.000000 170.424242
1717000 164.000000 170.420501
1718000 163.000000 170.416182
1719000 168.000000 170.414776
1720000 168.000000 170.413372
1721000 166.000000 170.410808
1722000 170.000000 170.410569
1723000 168.000000 170.409170
1724000 164.000000 170.405452
1725000 165.000000 170.402319
1726000 163.000000 170.398030
1727000 165.000000 170.394904
1728000 167.000000 170.392940
1729000 168.000000 170.391556
1730000 167.000000 170.389595
1731000 166.000000 170.387060
1732000 166.000000 170.384527
1733000 171.000000 170.384882
1734000 168.000000 170.383506
1735000 164.000000 170.379827
1736000 162.000000 170.375000
1737000 166.000000 170.372481
1738000 171.000000 170.372842
1739000 165.000000 170.369753
1740000 167.000000 170.367816
1741000 164.000000 170.364159
1742000 161.000000 170.358783
1743000 168.000000 170.357430
1744000 164.000000 170.353784
1745000 165.000000 170.350716
1746000 167.000000 170.348797
1747000 166.000000 170.346308
1748000 169.000000 170.345538
1749000 164.000000 170.341910
1750000 161.000000 170.336571
1751000 162.000000 170.331810
1752000 165.000000 170.328767
1753000 161.000000 170.323446
1754000 167.000000 170.321551
1755000 166.000000 170.319088
1756000 166.000000 170.316629
1757000 167.000000 170.314741
1758000 171.000000 170.315131
1759000 167.000000 170.313246
1760000 168.000000 170.311932
1761000 163.000000 170.307780
1762000 161.000000 170.302497
1763000 160.000000 170.296653
1764000 161.000000 170.291383
1765000 165.000000 170.288385
1766000 162.000000 170.283692
1767000 160.000000 170.277872
1768000 159.000000 170.271493
1769000 168.000000 170.270209
1770000 167.000000 170.268362
1771000 166.000000 170.265951
1772000 166.000000 170.263544
1773000 163.000000 170.259447
1774000 165.000000 170.256483
1775000 162.000000 170.251831
1776000 164.000000 170.248311
1777000 164.000000 170.244795
1778000 163.000000 170.240720
1779000 164.000000 170.237212
1780000 162.000000 170.232584
1781000 165.000000 170.229646
1782000 169.000000 170.228956
1783000 165.000000 170.226024
1784000 158.000000 170.219170
1785000 163.000000 170.215126
1786000 169.000000 170.214446
1787000 168.000000 170.213206
1788000 166.000000 170.210850
1789000 166.000000 170.208496
1790000 162.000000 170.203911
1791000 169.000000 170.203238
1792000 167.000000 170.201451
1793000 165.000000 170.198550
1794000 166.000000 170.196210
1795000 166.000000 170.193872
1796000 173.000000 170.195434
1797000 166.000000 170.193100
1798000 166.000000 170.190768
1799000 168.000000 170.189550
1800000 166.000000 170.187222
1801000 168.000000 170.186008
1802000 168.000000 170.184795
1803000 171.000000 170.185247
1804000 167.000000 170.183481
1805000 162.000000 170.178947
1806000 167.000000 170.177187
1807000 165.000000 170.174322
1808000 164.000000 170.170907
1809000 164.000000 170.167496
1810000 167.000000 170.165746
1811000 165.000000 170.162893
1812000 167.000000 170.161148
1813000 167.000000 170.159404
1814000 163.000000 170.155458
1815000 162.000000 170.150964
1816000 170.000000 170.150881
1817000 167.000000 170.149147
1818000 165.000000 170.146315
1819000 167.000000 170.144585
1820000 168.000000 170.143407
1821000 161.000000 170.138386
1822000 164.000000 170.135016
1823000 171.000000 170.135491
1824000 172.000000 170.136513
1825000 171.000000 170.136986
1826000 167.000000 170.135268
1827000 171.000000 170.135742
1828000 169.000000 170.135120
1829000 172.000000 170.136140
1830000 171.000000 170.136612
1831000 169.000000 170.135991
1832000 172.000000 170.137009
1833000 169.000000 170.136388
1834000 168.000000 170.135224
1835000 168.000000 170.134060
1836000 170.000000 170.133987
1837000 171.000000 170.134458
1838000 167.000000 170.132753
1839000 165.000000 170.129962
1840000 171.000000 170.130435
1841000 166.000000 170.128191
1842000 168.000000 170.127036
1843000 170.000000 170.126967
1844000 169.000000 170.126356
1845000 167.000000 170.124661
1846000 166.000000 170.122427
1847000 169.000000 170.121819
1848000 166.000000 170.119589
1849000 164.000000 170.116279
1850000 165.000000 170.113514
1851000 164.000000 170.110211
1852000 167.000000 170.108531
1853000 167.000000 170.106854
1854000 169.000000 170.106257
1855000 170.000000 170.106199
1856000 165.000000 170.103448
1857000 168.000000 170.102316
1858000 170.000000 170.102260
1859000 164.000000 170.098978
1860000 172.000000 170.100000
1861000 167.000000 170.098334
1862000 169.000000 170.097744
1863000 169.000000 170.097155
1864000 170.000000 170.097103
1865000 171.000000 170.097587
1866000 171.000000 170.098071
1867000 169.000000 170.097483
1868000 173.000000 170.099036
1869000 168.000000 170.097913
1870000 167.000000 170.096257
1871000 166.000000 170.094067
1872000 169.000000 170.093483
1873000 170.000000 170.093433
1874000 170.000000 170.093383
1875000 164.000000 170.090133
1876000 170.000000 170.090085
1877000 166.000000 170.087906
1878000 172.000000 170.088924
1879000 169.000000 170.088345
1880000 166.000000 170.086170
1881000 165.000000 170.083466
1882000 165.000000 170.080765
1883000 168.000000 170.079660
1884000 167.000000 170.078025
1885000 166.000000 170.075862
1886000 169.000000 170.075292
1887000 168.000000 170.074192
1888000 167.000000 170.072564
1889000 169.000000 170.071996
1890000 167.000000 170.070370
1891000 167.000000 170.068747
1892000 167.000000 170.067125
1893000 168.000000 170.066033
1894000 166.000000 170.063886
1895000 165.000000 170.061214
1896000 172.000000 170.062236
1897000 171.000000 170.062731
1898000 168.000000 170.061644
1899000 169.000000 170.061085
1900000 167.000000 170.059474
1901000 167.000000 170.057864
1902000 171.000000 170.058360
1903000 169.000000 170.057803
1904000 164.000000 170.054622
1905000 166.000000 170.052493
1906000 167.000000 170.050892
1907000 167.000000 170.049292
1908000 168.000000 170.048218
1909000 166.000000 170.046097
1910000 168.000000 170.045026
1911000 163.000000 170.041340
1912000 168.000000 170.040272
1913000 169.000000 170.039728
1914000 166.000000 170.037618
1915000 165.000000 170.034987
1916000 165.000000 170.032359
1917000 168.000000 170.031299
1918000 166.000000 170.029197
1919000 167.000000 170.027619
1920000 164.000000 170.024479
1921000 165.000000 170.021864
1922000 166.000000 170.019771
1923000 168.000000 170.018721
1924000 164.000000 170.015593
1925000 168.000000 170.014545
1926000 164.000000 170.011423
1927000 167.000000 170.009860
1928000 166.000000 170.007780
1929000 165.000000 170.005184
1930000 167.000000 170.003627
1931000 170.000000 170.003625
1932000 166.000000 170.001553
1933000 169.000000 170.001035
1934000 169.000000 170.000517
1935000 163.000000 169.996899
1936000 167.000000 169.995351
1937000 168.000000 169.994321
1938000 167.000000 169.992776
1939000 161.000000 169.988138
1940000 164.000000 169.985052
1941000 170.000000 169.985059
1942000 170.000000 169.985067
1943000 163.000000 169.981472
1944000 164.000000 169.978395
1945000 163.000000 169.974807
1946000 163.000000 169.971223
1947000 167.000000 169.969697
1948000 167.000000 169.968172
1949000 168.000000 169.967163
1950000 164.000000 169.964103
1951000 168.000000 169.963096
1952000 168.000000 169.962090
1953000 168.000000 169.961086
1954000 166.000000 169.959058
1955000 167.000000 169.957545
1956000 167.000000 169.956033
1957000 164.000000 169.952989
1958000 164.000000 169.949949
1959000 165.000000 169.947422
1960000 164.000000 169.944388
1961000 168.000000 169.943396
1962000 167.000000 169.941896
1963000 169.000000 169.941416
1964000 164.000000 169.938391
1965000 163.000000 169.934860
1966000 169.000000 169.934385
1967000 164.000000 169.931368
1968000 164.000000 169.928354
1969000 167.000000 169.926866
1970000 162.000000 169.922843
1971000 165.000000 169.920345
1972000 167.000000 169.918864
1973000 161.000000 169.914344
1974000 163.000000 169.910841
1975000 167.000000 169.909367
1976000 171.000000 169.909919
1977000 165.000000 169.907436
1978000 162.000000 169.903438
1979000 165.000000 169.900960
1980000 169.000000 169.900505
1981000 165.000000 169.898031
1982000 162.000000 169.894046
1983000 168.000000 169.893091
1984000 164.000000 169.890121
1985000 166.000000 169.888161
1986000 162.000000 169.884189
1987000 167.000000 169.882738
1988000 162.000000 169.878773
1989000 165.000000 169.876320
1990000 163.000000 169.872864
1991000 161.000000 169.868408
1992000 164.000000 169.865462
1993000 162.000000 169.861515
1994000 165.000000 169.859077
1995000 165.000000 169.856642
1996000 171.000000 169.857214
1997000 169.000000 169.856785
1998000 164.000000 169.853854
1999000 166.000000 169.851926
2000000 170.000000 169.852000
