1000 0.000000 0.000000
2000 0.000000 0.000000
3000 0.000000 0.000000
4000 0.000000 0.000000
5000 0.000000 0.000000
6000 0.000000 0.000000
7000 0.000000 0.000000
8000 0.000000 0.000000
9000 0.000000 0.000000
10000 0.000000 0.000000
11000 0.000000 0.000000
12000 0.000000 0.000000
13000 0.000000 0.000000
14000 0.000000 0.000000
15000 0.000000 0.000000
16000 0.000000 0.000000
17000 0.000000 0.000000
18000 0.000000 0.000000
19000 0.000000 0.000000
20000 0.000000 0.000000
21000 0.000000 0.000000
22000 0.000000 0.000000
23000 0.000000 0.000000
24000 0.000000 0.000000
25000 0.000000 0.000000
26000 0.000000 0.000000
27000 0.000000 0.000000
28000 0.000000 0.000000
29000 0.000000 0.000000
30000 0.000000 0.000000
31000 0.000000 0.000000
32000 0.000000 0.000000
33000 0.000000 0.000000
34000 0.000000 0.000000
35000 0.000000 0.000000
36000 0.000000 0.000000
37000 0.000000 0.000000
38000 0.000000 0.000000
39000 0.000000 0.000000
40000 0.000000 0.000000
41000 0.000000 0.000000
42000 0.000000 0.000000
43000 0.000000 0.000000
44000 0.000000 0.000000
45000 0.000000 0.000000
46000 0.000000 0.000000
47000 0.000000 0.000000
48000 0.000000 0.000000
49000 0.000000 0.000000
50000 0.000000 0.000000
51000 0.000000 0.000000
52000 0.000000 0.000000
53000 0.000000 0.000000
54000 0.000000 0.000000
55000 0.000000 0.000000
56000 0.000000 0.000000
57000 0.000000 0.000000
58000 0.000000 0.000000
59000 0.000000 0.000000
60000 0.000000 0.000000
61000 0.000000 0.000000
62000 0.000000 0.000000
63000 0.000000 0.000000
64000 0.000000 0.000000
65000 0.000000 0.000000
66000 0.000000 0.000000
67000 0.000000 0.000000
68000 0.000000 0.000000
69000 0.000000 0.000000
70000 0.000000 0.000000
71000 0.000000 0.000000
72000 0.000000 0.000000
73000 0.000000 0.000000
74000 0.000000 0.000000
75000 0.000000 0.000000
76000 0.000000 0.000000
77000 0.000000 0.000000
78000 0.000000 0.000000
79000 0.000000 0.000000
80000 0.000000 0.000000
81000 0.000000 0.000000
82000 0.000000 0.000000
83000 0.000000 0.000000
84000 0.000000 0.000000
85000 0.000000 0.000000
86000 0.000000 0.000000
87000 0.000000 0.000000
88000 0.000000 0.000000
89000 0.000000 0.000000
90000 0.000000 0.000000
91000 0.000000 0.000000
92000 0.000000 0.000000
93000 0.000000 0.000000
94000 0.000000 0.000000
95000 0.000000 0.000000
96000 0.000000 0.000000
97000 0.000000 0.000000
98000 0.000000 0.000000
99000 0.000000 0.000000
100000 0.000000 0.000000
101000 0.000000 0.000000
102000 0.000000 0.000000
103000 0.000000 0.000000
104000 0.000000 0.000000
105000 0.000000 0.000000
106000 0.000000 0.000000
107000 0.000000 0.000000
108000 0.000000 0.000000
109000 0.000000 0.000000
110000 0.000000 0.000000
111000 0.000000 0.000000
112000 0.000000 0.000000
113000 0.000000 0.000000
114000 0.000000 0.000000
115000 0.000000 0.000000
116000 0.000000 0.000000
117000 0.000000 0.000000
118000 0.000000 0.000000
119000 0.000000 0.000000
120000 0.000000 0.000000
121000 0.000000 0.000000
122000 0.000000 0.000000
123000 0.000000 0.000000
124000 0.000000 0.000000
125000 0.000000 0.000000
126000 0.000000 0.000000
127000 0.000000 0.000000
128000 0.000000 0.000000
129000 0.000000 0.000000
130000 0.000000 0.000000
131000 0.000000 0.000000
132000 0.000000 0.000000
133000 0.000000 0.000000
134000 0.000000 0.000000
135000 0.000000 0.000000
136000 0.000000 0.000000
137000 0.000000 0.000000
138000 0.000000 0.000000
139000 0.000000 0.000000
140000 0.000000 0.000000
141000 0.000000 0.000000
142000 0.000000 0.000000
143000 0.000000 0.000000
144000 0.000000 0.000000
145000 0.000000 0.000000
146000 0.000000 0.000000
147000 0.000000 0.000000
148000 0.000000 0.000000
149000 0.000000 0.000000
150000 0.000000 0.000000
151000 0.000000 0.000000
152000 0.000000 0.000000
153000 0.000000 0.000000
154000 0.000000 0.000000
155000 0.000000 0.000000
156000 0.000000 0.000000
157000 0.000000 0.000000
158000 0.000000 0.000000
159000 0.000000 0.000000
160000 0.000000 0.000000
161000 0.000000 0.000000
162000 0.000000 0.000000
163000 0.000000 0.000000
164000 0.000000 0.000000
165000 0.000000 0.000000
166000 0.000000 0.000000
167000 0.000000 0.000000
168000 0.000000 0.000000
169000 0.000000 0.000000
170000 0.000000 0.000000
171000 0.000000 0.000000
172000 0.000000 0.000000
173000 0.000000 0.000000
174000 0.000000 0.000000
175000 0.000000 0.000000
176000 0.000000 0.000000
177000 0.000000 0.000000
178000 0.000000 0.000000
179000 0.000000 0.000000
180000 0.000000 0.000000
181000 0.000000 0.000000
182000 0.000000 0.000000
183000 0.000000 0.000000
184000 0.000000 0.000000
185000 0.000000 0.000000
186000 0.000000 0.000000
187000 0.000000 0.000000
188000 0.000000 0.000000
189000 0.000000 0.000000
190000 0.000000 0.000000
191000 0.000000 0.000000
192000 0.000000 0.000000
193000 0.000000 0.000000
194000 0.000000 0.000000
195000 0.000000 0.000000
196000 0.000000 0.000000
197000 0.000000 0.000000
198000 0.000000 0.000000
199000 0.000000 0.000000
200000 0.000000 0.000000
201000 0.000000 0.000000
202000 0.000000 0.000000
203000 0.000000 0.000000
204000 0.000000 0.000000
205000 0.000000 0.000000
206000 0.000000 0.000000
207000 0.000000 0.000000
208000 0.000000 0.000000
209000 0.000000 0.000000
210000 0.000000 0.000000
211000 0.000000 0.000000
212000 0.000000 0.000000
213000 0.000000 0.000000
214000 0.000000 0.000000
215000 0.000000 0.000000
216000 0.000000 0.000000
217000 0.000000 0.000000
218000 0.000000 0.000000
219000 0.000000 0.000000
220000 0.000000 0.000000
221000 0.000000 0.000000
222000 0.000000 0.000000
223000 0.000000 0.000000
224000 0.000000 0.000000
225000 0.000000 0.000000
226000 0.000000 0.000000
227000 0.000000 0.000000
228000 0.000000 0.000000
229000 0.000000 0.000000
230000 0.000000 0.000000
231000 0.000000 0.000000
232000 0.000000 0.000000
233000 0.000000 0.000000
234000 0.000000 0.000000
235000 0.000000 0.000000
236000 0.000000 0.000000
237000 0.000000 0.000000
238000 0.000000 0.000000
239000 0.000000 0.000000
240000 0.000000 0.000000
241000 0.000000 0.000000
242000 0.000000 0.000000
243000 0.000000 0.000000
244000 0.000000 0.000000
245000 0.000000 0.000000
246000 0.000000 0.000000
247000 0.000000 0.000000
248000 0.000000 0.000000
249000 0.000000 0.000000
250000 0.000000 0.000000
251000 0.000000 0.000000
252000 0.000000 0.000000
253000 0.000000 0.000000
254000 0.000000 0.000000
255000 0.000000 0.000000
256000 0.000000 0.000000
257000 0.000000 0.000000
258000 0.000000 0.000000
259000 0.000000 0.000000
260000 0.000000 0.000000
261000 0.000000 0.000000
262000 0.000000 0.000000
263000 0.000000 0.000000
264000 0.000000 0.000000
265000 0.000000 0.000000
266000 0.000000 0.000000
267000 0.000000 0.000000
268000 0.000000 0.000000
269000 0.000000 0.000000
270000 0.000000 0.000000
271000 0.000000 0.000000
272000 0.000000 0.000000
273000 0.000000 0.000000
274000 0.000000 0.000000
275000 0.000000 0.000000
276000 0.000000 0.000000
277000 0.000000 0.000000
278000 0.000000 0.000000
279000 0.000000 0.000000
280000 0.000000 0.000000
281000 0.000000 0.000000
282000 0.000000 0.000000
283000 0.000000 0.000000
284000 0.000000 0.000000
285000 0.000000 0.000000
286000 0.000000 0.000000
287000 0.000000 0.000000
288000 0.000000 0.000000
289000 0.000000 0.000000
290000 0.000000 0.000000
291000 0.000000 0.000000
292000 0.000000 0.000000
293000 0.000000 0.000000
294000 0.000000 0.000000
295000 0.000000 0.000000
296000 0.000000 0.000000
297000 0.000000 0.000000
298000 0.000000 0.000000
299000 0.000000 0.000000
300000 0.000000 0.000000
301000 0.000000 0.000000
302000 0.000000 0.000000
303000 0.000000 0.000000
304000 0.000000 0.000000
305000 0.000000 0.000000
306000 0.000000 0.000000
307000 0.000000 0.000000
308000 0.000000 0.000000
309000 0.000000 0.000000
310000 0.000000 0.000000
311000 0.000000 0.000000
312000 0.000000 0.000000
313000 0.000000 0.000000
314000 0.000000 0.000000
315000 0.000000 0.000000
316000 0.000000 0.000000
317000 0.000000 0.000000
318000 0.000000 0.000000
319000 0.000000 0.000000
320000 0.000000 0.000000
321000 0.000000 0.000000
322000 0.000000 0.000000
323000 0.000000 0.000000
324000 0.000000 0.000000
325000 0.000000 0.000000
326000 0.000000 0.000000
327000 0.000000 0.000000
328000 0.000000 0.000000
329000 0.000000 0.000000
330000 0.000000 0.000000
331000 0.000000 0.000000
332000 0.000000 0.000000
333000 0.000000 0.000000
334000 0.000000 0.000000
335000 0.000000 0.000000
336000 0.000000 0.000000
337000 0.000000 0.000000
338000 0.000000 0.000000
339000 0.000000 0.000000
340000 0.000000 0.000000
341000 0.000000 0.000000
342000 0.000000 0.000000
343000 0.000000 0.000000
344000 0.000000 0.000000
345000 0.000000 0.000000
346000 0.000000 0.000000
347000 0.000000 0.000000
348000 0.000000 0.000000
349000 0.000000 0.000000
350000 0.000000 0.000000
351000 0.000000 0.000000
352000 0.000000 0.000000
353000 0.000000 0.000000
354000 0.000000 0.000000
355000 0.000000 0.000000
356000 0.000000 0.000000
357000 0.000000 0.000000
358000 0.000000 0.000000
359000 0.000000 0.000000
360000 0.000000 0.000000
361000 0.000000 0.000000
362000 0.000000 0.000000
363000 0.000000 0.000000
364000 0.000000 0.000000
365000 0.000000 0.000000
366000 0.000000 0.000000
367000 0.000000 0.000000
368000 0.000000 0.000000
369000 0.000000 0.000000
370000 0.000000 0.000000
371000 0.000000 0.000000
372000 0.000000 0.000000
373000 0.000000 0.000000
374000 0.000000 0.000000
375000 0.000000 0.000000
376000 0.000000 0.000000
377000 0.000000 0.000000
378000 0.000000 0.000000
379000 0.000000 0.000000
380000 0.000000 0.000000
381000 0.000000 0.000000
382000 0.000000 0.000000
383000 0.000000 0.000000
384000 0.000000 0.000000
385000 0.000000 0.000000
386000 0.000000 0.000000
387000 0.000000 0.000000
388000 0.000000 0.000000
389000 0.000000 0.000000
390000 0.000000 0.000000
391000 0.000000 0.000000
392000 0.000000 0.000000
393000 0.000000 0.000000
394000 0.000000 0.000000
395000 0.000000 0.000000
396000 0.000000 0.000000
397000 0.000000 0.000000
398000 0.000000 0.000000
399000 0.000000 0.000000
400000 0.000000 0.000000
401000 0.000000 0.000000
402000 0.000000 0.000000
403000 0.000000 0.000000
404000 0.000000 0.000000
405000 0.000000 0.000000
406000 0.000000 0.000000
407000 0.000000 0.000000
408000 0.000000 0.000000
409000 0.000000 0.000000
410000 0.000000 0.000000
411000 0.000000 0.000000
412000 0.000000 0.000000
413000 0.000000 0.000000
414000 0.000000 0.000000
415000 0.000000 0.000000
416000 0.000000 0.000000
417000 0.000000 0.000000
418000 0.000000 0.000000
419000 0.000000 0.000000
420000 0.000000 0.000000
421000 0.000000 0.000000
422000 0.000000 0.000000
423000 0.000000 0.000000
424000 0.000000 0.000000
425000 0.000000 0.000000
426000 0.000000 0.000000
427000 0.000000 0.000000
428000 0.000000 0.000000
429000 0.000000 0.000000
430000 0.000000 0.000000
431000 0.000000 0.000000
432000 0.000000 0.000000
433000 0.000000 0.000000
434000 0.000000 0.000000
435000 0.000000 0.000000
436000 0.000000 0.000000
437000 0.000000 0.000000
438000 0.000000 0.000000
439000 0.000000 0.000000
440000 0.000000 0.000000
441000 0.000000 0.000000
442000 0.000000 0.000000
443000 0.000000 0.000000
444000 0.000000 0.000000
445000 0.000000 0.000000
446000 0.000000 0.000000
447000 0.000000 0.000000
448000 0.000000 0.000000
449000 0.000000 0.000000
450000 0.000000 0.000000
451000 0.000000 0.000000
452000 0.000000 0.000000
453000 0.000000 0.000000
454000 0.000000 0.000000
455000 0.000000 0.000000
456000 0.000000 0.000000
457000 0.000000 0.000000
458000 0.000000 0.000000
459000 0.000000 0.000000
460000 0.000000 0.000000
461000 0.000000 0.000000
462000 0.000000 0.000000
463000 0.000000 0.000000
464000 0.000000 0.000000
465000 0.000000 0.000000
466000 0.000000 0.000000
467000 0.000000 0.000000
468000 0.000000 0.000000
469000 0.000000 0.000000
470000 0.000000 0.000000
471000 0.000000 0.000000
472000 0.000000 0.000000
473000 0.000000 0.000000
474000 0.000000 0.000000
475000 0.000000 0.000000
476000 0.000000 0.000000
477000 0.000000 0.000000
478000 0.000000 0.000000
479000 0.000000 0.000000
480000 0.000000 0.000000
481000 0.000000 0.000000
482000 0.000000 0.000000
483000 0.000000 0.000000
484000 0.000000 0.000000
485000 0.000000 0.000000
486000 0.000000 0.000000
487000 0.000000 0.000000
488000 0.000000 0.000000
489000 0.000000 0.000000
490000 0.000000 0.000000
491000 0.000000 0.000000
492000 0.000000 0.000000
493000 0.000000 0.000000
494000 0.000000 0.000000
495000 0.000000 0.000000
496000 0.000000 0.000000
497000 0.000000 0.000000
498000 0.000000 0.000000
499000 0.000000 0.000000
500000 0.000000 0.000000
501000 0.000000 0.000000
502000 0.000000 0.000000
503000 0.000000 0.000000
504000 0.000000 0.000000
505000 0.000000 0.000000
506000 0.000000 0.000000
507000 0.000000 0.000000
508000 0.000000 0.000000
509000 0.000000 0.000000
510000 0.000000 0.000000
511000 0.000000 0.000000
512000 0.000000 0.000000
513000 0.000000 0.000000
514000 0.000000 0.000000
515000 0.000000 0.000000
516000 0.000000 0.000000
517000 0.000000 0.000000
518000 0.000000 0.000000
519000 0.000000 0.000000
520000 0.000000 0.000000
521000 0.000000 0.000000
522000 0.000000 0.000000
523000 0.000000 0.000000
524000 0.000000 0.000000
525000 0.000000 0.000000
526000 0.000000 0.000000
527000 0.000000 0.000000
528000 0.000000 0.000000
529000 0.000000 0.000000
530000 0.000000 0.000000
531000 0.000000 0.000000
532000 0.000000 0.000000
533000 0.000000 0.000000
534000 0.000000 0.000000
535000 0.000000 0.000000
536000 0.000000 0.000000
537000 0.000000 0.000000
538000 0.000000 0.000000
539000 0.000000 0.000000
540000 0.000000 0.000000
541000 0.000000 0.000000
542000 0.000000 0.000000
543000 0.000000 0.000000
544000 0.000000 0.000000
545000 0.000000 0.000000
546000 0.000000 0.000000
547000 0.000000 0.000000
548000 0.000000 0.000000
549000 0.000000 0.000000
550000 0.000000 0.000000
551000 0.000000 0.000000
552000 0.000000 0.000000
553000 0.000000 0.000000
554000 0.000000 0.000000
555000 0.000000 0.000000
556000 0.000000 0.000000
557000 0.000000 0.000000
558000 0.000000 0.000000
559000 0.000000 0.000000
560000 0.000000 0.000000
561000 0.000000 0.000000
562000 0.000000 0.000000
563000 0.000000 0.000000
564000 0.000000 0.000000
565000 0.000000 0.000000
566000 0.000000 0.000000
567000 0.000000 0.000000
568000 0.000000 0.000000
569000 0.000000 0.000000
570000 0.000000 0.000000
571000 0.000000 0.000000
572000 0.000000 0.000000
573000 0.000000 0.000000
574000 0.000000 0.000000
575000 0.000000 0.000000
576000 0.000000 0.000000
577000 0.000000 0.000000
578000 0.000000 0.000000
579000 0.000000 0.000000
580000 0.000000 0.000000
581000 0.000000 0.000000
582000 0.000000 0.000000
583000 0.000000 0.000000
584000 0.000000 0.000000
585000 0.000000 0.000000
586000 0.000000 0.000000
587000 0.000000 0.000000
588000 0.000000 0.000000
589000 0.000000 0.000000
590000 0.000000 0.000000
591000 0.000000 0.000000
592000 0.000000 0.000000
593000 0.000000 0.000000
594000 0.000000 0.000000
595000 0.000000 0.000000
596000 0.000000 0.000000
597000 0.000000 0.000000
598000 0.000000 0.000000
599000 0.000000 0.000000
600000 0.000000 0.000000
601000 0.000000 0.000000
602000 0.000000 0.000000
603000 0.000000 0.000000
604000 0.000000 0.000000
605000 0.000000 0.000000
606000 0.000000 0.000000
607000 0.000000 0.000000
608000 0.000000 0.000000
609000 0.000000 0.000000
610000 0.000000 0.000000
611000 0.000000 0.000000
612000 0.000000 0.000000
613000 0.000000 0.000000
614000 0.000000 0.000000
615000 0.000000 0.000000
616000 0.000000 0.000000
617000 0.000000 0.000000
618000 0.000000 0.000000
619000 0.000000 0.000000
620000 0.000000 0.000000
621000 0.000000 0.000000
622000 0.000000 0.000000
623000 0.000000 0.000000
624000 0.000000 0.000000
625000 0.000000 0.000000
626000 0.000000 0.000000
627000 0.000000 0.000000
628000 0.000000 0.000000
629000 0.000000 0.000000
630000 0.000000 0.000000
631000 0.000000 0.000000
632000 0.000000 0.000000
633000 0.000000 0.000000
634000 0.000000 0.000000
635000 0.000000 0.000000
636000 0.000000 0.000000
637000 0.000000 0.000000
638000 0.000000 0.000000
639000 0.000000 0.000000
640000 0.000000 0.000000
641000 0.000000 0.000000
642000 0.000000 0.000000
643000 0.000000 0.000000
644000 0.000000 0.000000
645000 0.000000 0.000000
646000 0.000000 0.000000
647000 0.000000 0.000000
648000 0.000000 0.000000
649000 0.000000 0.000000
650000 0.000000 0.000000
651000 0.000000 0.000000
652000 0.000000 0.000000
653000 0.000000 0.000000
654000 0.000000 0.000000
655000 0.000000 0.000000
656000 0.000000 0.000000
657000 0.000000 0.000000
658000 0.000000 0.000000
659000 0.000000 0.000000
660000 0.000000 0.000000
661000 0.000000 0.000000
662000 0.000000 0.000000
663000 0.000000 0.000000
664000 0.000000 0.000000
665000 0.000000 0.000000
666000 0.000000 0.000000
667000 0.000000 0.000000
668000 0.000000 0.000000
669000 0.000000 0.000000
670000 0.000000 0.000000
671000 0.000000 0.000000
672000 0.000000 0.000000
673000 0.000000 0.000000
674000 0.000000 0.000000
675000 0.000000 0.000000
676000 0.000000 0.000000
677000 0.000000 0.000000
678000 0.000000 0.000000
679000 0.000000 0.000000
680000 0.000000 0.000000
681000 0.000000 0.000000
682000 0.000000 0.000000
683000 0.000000 0.000000
684000 0.000000 0.000000
685000 0.000000 0.000000
686000 0.000000 0.000000
687000 0.000000 0.000000
688000 0.000000 0.000000
689000 0.000000 0.000000
690000 0.000000 0.000000
691000 0.000000 0.000000
692000 0.000000 0.000000
693000 0.000000 0.000000
694000 0.000000 0.000000
695000 0.000000 0.000000
696000 0.000000 0.000000
697000 0.000000 0.000000
698000 0.000000 0.000000
699000 0.000000 0.000000
700000 0.000000 0.000000
701000 0.000000 0.000000
702000 0.000000 0.000000
703000 0.000000 0.000000
704000 0.000000 0.000000
705000 0.000000 0.000000
706000 0.000000 0.000000
707000 0.000000 0.000000
708000 0.000000 0.000000
709000 0.000000 0.000000
710000 0.000000 0.000000
711000 0.000000 0.000000
712000 0.000000 0.000000
713000 0.000000 0.000000
714000 0.000000 0.000000
715000 0.000000 0.000000
716000 0.000000 0.000000
717000 0.000000 0.000000
718000 0.000000 0.000000
719000 0.000000 0.000000
720000 0.000000 0.000000
721000 0.000000 0.000000
722000 0.000000 0.000000
723000 0.000000 0.000000
724000 0.000000 0.000000
725000 0.000000 0.000000
726000 0.000000 0.000000
727000 0.000000 0.000000
728000 0.000000 0.000000
729000 0.000000 0.000000
730000 0.000000 0.000000
731000 0.000000 0.000000
732000 0.000000 0.000000
733000 0.000000 0.000000
734000 0.000000 0.000000
735000 0.000000 0.000000
736000 0.000000 0.000000
737000 0.000000 0.000000
738000 0.000000 0.000000
739000 0.000000 0.000000
740000 0.000000 0.000000
741000 0.000000 0.000000
742000 0.000000 0.000000
743000 0.000000 0.000000
744000 0.000000 0.000000
745000 0.000000 0.000000
746000 0.000000 0.000000
747000 0.000000 0.000000
748000 0.000000 0.000000
749000 0.000000 0.000000
750000 0.000000 0.000000
751000 0.000000 0.000000
752000 0.000000 0.000000
753000 0.000000 0.000000
754000 0.000000 0.000000
755000 0.000000 0.000000
756000 0.000000 0.000000
757000 0.000000 0.000000
758000 0.000000 0.000000
759000 0.000000 0.000000
760000 0.000000 0.000000
761000 0.000000 0.000000
762000 0.000000 0.000000
763000 0.000000 0.000000
764000 0.000000 0.000000
765000 0.000000 0.000000
766000 0.000000 0.000000
767000 0.000000 0.000000
768000 0.000000 0.000000
769000 0.000000 0.000000
770000 0.000000 0.000000
771000 0.000000 0.000000
772000 0.000000 0.000000
773000 0.000000 0.000000
774000 0.000000 0.000000
775000 0.000000 0.000000
776000 0.000000 0.000000
777000 0.000000 0.000000
778000 0.000000 0.000000
779000 0.000000 0.000000
780000 0.000000 0.000000
781000 0.000000 0.000000
782000 0.000000 0.000000
783000 0.000000 0.000000
784000 0.000000 0.000000
785000 0.000000 0.000000
786000 0.000000 0.000000
787000 0.000000 0.000000
788000 0.000000 0.000000
789000 0.000000 0.000000
790000 0.000000 0.000000
791000 0.000000 0.000000
792000 0.000000 0.000000
793000 0.000000 0.000000
794000 0.000000 0.000000
795000 0.000000 0.000000
796000 0.000000 0.000000
797000 0.000000 0.000000
798000 0.000000 0.000000
799000 0.000000 0.000000
800000 0.000000 0.000000
801000 0.000000 0.000000
802000 0.000000 0.000000
803000 0.000000 0.000000
804000 0.000000 0.000000
805000 0.000000 0.000000
806000 0.000000 0.000000
807000 0.000000 0.000000
808000 0.000000 0.000000
809000 0.000000 0.000000
810000 0.000000 0.000000
811000 0.000000 0.000000
812000 0.000000 0.000000
813000 0.000000 0.000000
814000 0.000000 0.000000
815000 0.000000 0.000000
816000 0.000000 0.000000
817000 0.000000 0.000000
818000 0.000000 0.000000
819000 0.000000 0.000000
820000 0.000000 0.000000
821000 0.000000 0.000000
822000 0.000000 0.000000
823000 0.000000 0.000000
824000 0.000000 0.000000
825000 0.000000 0.000000
826000 0.000000 0.000000
827000 0.000000 0.000000
828000 0.000000 0.000000
829000 0.000000 0.000000
830000 0.000000 0.000000
831000 0.000000 0.000000
832000 0.000000 0.000000
833000 0.000000 0.000000
834000 0.000000 0.000000
835000 0.000000 0.000000
836000 0.000000 0.000000
837000 0.000000 0.000000
838000 0.000000 0.000000
839000 0.000000 0.000000
840000 0.000000 0.000000
841000 0.000000 0.000000
842000 0.000000 0.000000
843000 0.000000 0.000000
844000 0.000000 0.000000
845000 0.000000 0.000000
846000 0.000000 0.000000
847000 0.000000 0.000000
848000 0.000000 0.000000
849000 0.000000 0.000000
850000 0.000000 0.000000
851000 0.000000 0.000000
852000 0.000000 0.000000
853000 0.000000 0.000000
854000 0.000000 0.000000
855000 0.000000 0.000000
856000 0.000000 0.000000
857000 0.000000 0.000000
858000 0.000000 0.000000
859000 0.000000 0.000000
860000 0.000000 0.000000
861000 0.000000 0.000000
862000 0.000000 0.000000
863000 0.000000 0.000000
864000 0.000000 0.000000
865000 0.000000 0.000000
866000 0.000000 0.000000
867000 0.000000 0.000000
868000 0.000000 0.000000
869000 0.000000 0.000000
870000 0.000000 0.000000
871000 0.000000 0.000000
872000 0.000000 0.000000
873000 0.000000 0.000000
874000 0.000000 0.000000
875000 0.000000 0.000000
876000 0.000000 0.000000
877000 0.000000 0.000000
878000 0.000000 0.000000
879000 0.000000 0.000000
880000 0.000000 0.000000
881000 0.000000 0.000000
882000 0.000000 0.000000
883000 0.000000 0.000000
884000 0.000000 0.000000
885000 0.000000 0.000000
886000 0.000000 0.000000
887000 0.000000 0.000000
888000 0.000000 0.000000
889000 0.000000 0.000000
890000 0.000000 0.000000
891000 0.000000 0.000000
892000 0.000000 0.000000
893000 0.000000 0.000000
894000 0.000000 0.000000
895000 0.000000 0.000000
896000 0.000000 0.000000
897000 0.000000 0.000000
898000 0.000000 0.000000
899000 0.000000 0.000000
900000 0.000000 0.000000
901000 0.000000 0.000000
902000 0.000000 0.000000
903000 0.000000 0.000000
904000 0.000000 0.000000
905000 0.000000 0.000000
906000 0.000000 0.000000
907000 0.000000 0.000000
908000 0.000000 0.000000
909000 0.000000 0.000000
910000 0.000000 0.000000
911000 0.000000 0.000000
912000 0.000000 0.000000
913000 0.000000 0.000000
914000 0.000000 0.000000
915000 0.000000 0.000000
916000 0.000000 0.000000
917000 0.000000 0.000000
918000 0.000000 0.000000
919000 0.000000 0.000000
920000 0.000000 0.000000
921000 0.000000 0.000000
922000 0.000000 0.000000
923000 0.000000 0.000000
924000 0.000000 0.000000
925000 0.000000 0.000000
926000 0.000000 0.000000
927000 0.000000 0.000000
928000 0.000000 0.000000
929000 0.000000 0.000000
930000 0.000000 0.000000
931000 0.000000 0.000000
932000 0.000000 0.000000
933000 0.000000 0.000000
934000 0.000000 0.000000
935000 0.000000 0.000000
936000 0.000000 0.000000
937000 0.000000 0.000000
938000 0.000000 0.000000
939000 0.000000 0.000000
940000 0.000000 0.000000
941000 0.000000 0.000000
942000 0.000000 0.000000
943000 0.000000 0.000000
944000 0.000000 0.000000
945000 0.000000 0.000000
946000 0.000000 0.000000
947000 0.000000 0.000000
948000 0.000000 0.000000
949000 0.000000 0.000000
950000 0.000000 0.000000
951000 0.000000 0.000000
952000 0.000000 0.000000
953000 0.000000 0.000000
954000 0.000000 0.000000
955000 0.000000 0.000000
956000 0.000000 0.000000
957000 0.000000 0.000000
958000 0.000000 0.000000
959000 0.000000 0.000000
960000 0.000000 0.000000
961000 0.000000 0.000000
962000 0.000000 0.000000
963000 0.000000 0.000000
964000 0.000000 0.000000
965000 0.000000 0.000000
966000 0.000000 0.000000
967000 0.000000 0.000000
968000 0.000000 0.000000
969000 0.000000 0.000000
970000 0.000000 0.000000
971000 0.000000 0.000000
972000 0.000000 0.000000
973000 0.000000 0.000000
974000 0.000000 0.000000
975000 0.000000 0.000000
976000 0.000000 0.000000
977000 0.000000 0.000000
978000 0.000000 0.000000
979000 0.000000 0.000000
980000 0.000000 0.000000
981000 0.000000 0.000000
982000 0.000000 0.000000
983000 0.000000 0.000000
984000 0.000000 0.000000
985000 0.000000 0.000000
986000 0.000000 0.000000
987000 0.000000 0.000000
988000 0.000000 0.000000
989000 0.000000 0.000000
990000 0.000000 0.000000
991000 0.000000 0.000000
992000 0.000000 0.000000
993000 0.000000 0.000000
994000 0.000000 0.000000
995000 0.000000 0.000000
996000 0.000000 0.000000
997000 0.000000 0.000000
998000 0.000000 0.000000
999000 0.000000 0.000000
1000000 0.000000 0.000000
1001000 0.000000 0.000000
1002000 0.000000 0.000000
1003000 0.000000 0.000000
1004000 0.000000 0.000000
1005000 0.000000 0.000000
1006000 0.000000 0.000000
1007000 0.000000 0.000000
1008000 0.000000 0.000000
1009000 0.000000 0.000000
1010000 0.000000 0.000000
1011000 0.000000 0.000000
1012000 0.000000 0.000000
1013000 0.000000 0.000000
1014000 0.000000 0.000000
1015000 0.000000 0.000000
1016000 0.000000 0.000000
1017000 0.000000 0.000000
1018000 0.000000 0.000000
1019000 0.000000 0.000000
1020000 0.000000 0.000000
1021000 0.000000 0.000000
1022000 0.000000 0.000000
1023000 0.000000 0.000000
1024000 0.000000 0.000000
1025000 0.000000 0.000000
1026000 0.000000 0.000000
1027000 0.000000 0.000000
1028000 0.000000 0.000000
1029000 0.000000 0.000000
1030000 0.000000 0.000000
1031000 0.000000 0.000000
1032000 0.000000 0.000000
1033000 0.000000 0.000000
1034000 0.000000 0.000000
1035000 0.000000 0.000000
1036000 0.000000 0.000000
1037000 0.000000 0.000000
1038000 0.000000 0.000000
1039000 0.000000 0.000000
1040000 0.000000 0.000000
1041000 0.000000 0.000000
1042000 0.000000 0.000000
1043000 0.000000 0.000000
1044000 0.000000 0.000000
1045000 0.000000 0.000000
1046000 0.000000 0.000000
1047000 0.000000 0.000000
1048000 0.000000 0.000000
1049000 0.000000 0.000000
1050000 0.000000 0.000000
1051000 0.000000 0.000000
1052000 0.000000 0.000000
1053000 0.000000 0.000000
1054000 0.000000 0.000000
1055000 0.000000 0.000000
1056000 0.000000 0.000000
1057000 0.000000 0.000000
1058000 0.000000 0.000000
1059000 0.000000 0.000000
1060000 0.000000 0.000000
1061000 0.000000 0.000000
1062000 0.000000 0.000000
1063000 0.000000 0.000000
1064000 0.000000 0.000000
1065000 0.000000 0.000000
1066000 0.000000 0.000000
1067000 0.000000 0.000000
1068000 0.000000 0.000000
1069000 0.000000 0.000000
1070000 0.000000 0.000000
1071000 0.000000 0.000000
1072000 0.000000 0.000000
1073000 0.000000 0.000000
1074000 0.000000 0.000000
1075000 0.000000 0.000000
1076000 0.000000 0.000000
1077000 0.000000 0.000000
1078000 0.000000 0.000000
1079000 0.000000 0.000000
1080000 0.000000 0.000000
1081000 0.000000 0.000000
1082000 0.000000 0.000000
1083000 0.000000 0.000000
1084000 0.000000 0.000000
1085000 0.000000 0.000000
1086000 0.000000 0.000000
1087000 0.000000 0.000000
1088000 0.000000 0.000000
1089000 0.000000 0.000000
1090000 1.000000 0.000917
1091000 0.000000 0.000917
1092000 0.000000 0.000916
1093000 0.000000 0.000915
1094000 0.000000 0.000914
1095000 0.000000 0.000913
1096000 0.000000 0.000912
1097000 0.000000 0.000912
1098000 0.000000 0.000911
1099000 0.000000 0.000910
1100000 0.000000 0.000909
1101000 0.000000 0.000908
1102000 0.000000 0.000907
1103000 0.000000 0.000907
1104000 0.000000 0.000906
1105000 0.000000 0.000905
1106000 0.000000 0.000904
1107000 0.000000 0.000903
1108000 0.000000 0.000903
1109000 0.000000 0.000902
1110000 0.000000 0.000901
1111000 0.000000 0.000900
1112000 0.000000 0.000899
1113000 0.000000 0.000898
1114000 0.000000 0.000898
1115000 0.000000 0.000897
1116000 0.000000 0.000896
1117000 0.000000 0.000895
1118000 0.000000 0.000894
1119000 0.000000 0.000894
1120000 0.000000 0.000893
1121000 0.000000 0.000892
1122000 0.000000 0.000891
1123000 0.000000 0.000890
1124000 0.000000 0.000890
1125000 0.000000 0.000889
1126000 0.000000 0.000888
1127000 0.000000 0.000887
1128000 0.000000 0.000887
1129000 0.000000 0.000886
1130000 0.000000 0.000885
1131000 0.000000 0.000884
1132000 0.000000 0.000883
1133000 0.000000 0.000883
1134000 0.000000 0.000882
1135000 0.000000 0.000881
1136000 0.000000 0.000880
1137000 0.000000 0.000880
1138000 0.000000 0.000879
1139000 0.000000 0.000878
1140000 0.000000 0.000877
1141000 0.000000 0.000876
1142000 0.000000 0.000876
1143000 0.000000 0.000875
1144000 0.000000 0.000874
1145000 0.000000 0.000873
1146000 0.000000 0.000873
1147000 0.000000 0.000872
1148000 0.000000 0.000871
1149000 0.000000 0.000870
1150000 0.000000 0.000870
1151000 0.000000 0.000869
1152000 0.000000 0.000868
1153000 0.000000 0.000867
1154000 0.000000 0.000867
1155000 0.000000 0.000866
1156000 0.000000 0.000865
1157000 0.000000 0.000864
1158000 0.000000 0.000864
1159000 0.000000 0.000863
1160000 0.000000 0.000862
1161000 0.000000 0.000861
1162000 0.000000 0.000861
1163000 0.000000 0.000860
1164000 0.000000 0.000859
1165000 0.000000 0.000858
1166000 0.000000 0.000858
1167000 0.000000 0.000857
1168000 0.000000 0.000856
1169000 0.000000 0.000855
1170000 0.000000 0.000855
1171000 0.000000 0.000854
1172000 0.000000 0.000853
1173000 0.000000 0.000853
1174000 0.000000 0.000852
1175000 0.000000 0.000851
1176000 0.000000 0.000850
1177000 0.000000 0.000850
1178000 0.000000 0.000849
1179000 0.000000 0.000848
1180000 0.000000 0.000847
1181000 0.000000 0.000847
1182000 0.000000 0.000846
1183000 0.000000 0.000845
1184000 0.000000 0.000845
1185000 0.000000 0.000844
1186000 0.000000 0.000843
1187000 0.000000 0.000842
1188000 0.000000 0.000842
1189000 0.000000 0.000841
1190000 0.000000 0.000840
1191000 0.000000 0.000840
1192000 0.000000 0.000839
1193000 0.000000 0.000838
1194000 0.000000 0.000838
1195000 0.000000 0.000837
1196000 0.000000 0.000836
1197000 0.000000 0.000835
1198000 0.000000 0.000835
1199000 0.000000 0.000834
1200000 0.000000 0.000833
1201000 0.000000 0.000833
1202000 0.000000 0.000832
1203000 0.000000 0.000831
1204000 0.000000 0.000831
1205000 0.000000 0.000830
1206000 0.000000 0.000829
1207000 0.000000 0.000829
1208000 0.000000 0.000828
1209000 0.000000 0.000827
1210000 0.000000 0.000826
1211000 0.000000 0.000826
1212000 0.000000 0.000825
1213000 0.000000 0.000824
1214000 0.000000 0.000824
1215000 0.000000 0.000823
1216000 0.000000 0.000822
1217000 0.000000 0.000822
1218000 0.000000 0.000821
1219000 0.000000 0.000820
1220000 0.000000 0.000820
1221000 0.000000 0.000819
1222000 0.000000 0.000818
1223000 0.000000 0.000818
1224000 0.000000 0.000817
1225000 0.000000 0.000816
1226000 0.000000 0.000816
1227000 0.000000 0.000815
1228000 0.000000 0.000814
1229000 0.000000 0.000814
1230000 0.000000 0.000813
1231000 0.000000 0.000812
1232000 0.000000 0.000812
1233000 0.000000 0.000811
1234000 0.000000 0.000810
1235000 0.000000 0.000810
1236000 0.000000 0.000809
1237000 0.000000 0.000808
1238000 0.000000 0.000808
1239000 0.000000 0.000807
1240000 0.000000 0.000806
1241000 0.000000 0.000806
1242000 0.000000 0.000805
1243000 0.000000 0.000805
1244000 0.000000 0.000804
1245000 0.000000 0.000803
1246000 0.000000 0.000803
1247000 0.000000 0.000802
1248000 0.000000 0.000801
1249000 0.000000 0.000801
1250000 0.000000 0.000800
1251000 0.000000 0.000799
1252000 0.000000 0.000799
1253000 0.000000 0.000798
1254000 0.000000 0.000797
1255000 0.000000 0.000797
1256000 0.000000 0.000796
1257000 0.000000 0.000796
1258000 0.000000 0.000795
1259000 0.000000 0.000794
1260000 0.000000 0.000794
1261000 0.000000 0.000793
1262000 0.000000 0.000792
1263000 0.000000 0.000792
1264000 0.000000 0.000791
1265000 0.000000 0.000791
1266000 0.000000 0.000790
1267000 0.000000 0.000789
1268000 0.000000 0.000789
1269000 0.000000 0.000788
1270000 0.000000 0.000787
1271000 0.000000 0.000787
1272000 0.000000 0.000786
1273000 0.000000 0.000786
1274000 0.000000 0.000785
1275000 0.000000 0.000784
1276000 0.000000 0.000784
1277000 0.000000 0.000783
1278000 0.000000 0.000782
1279000 0.000000 0.000782
1280000 0.000000 0.000781
1281000 0.000000 0.000781
1282000 0.000000 0.000780
1283000 0.000000 0.000779
1284000 0.000000 0.000779
1285000 0.000000 0.000778
1286000 0.000000 0.000778
1287000 0.000000 0.000777
1288000 0.000000 0.000776
1289000 0.000000 0.000776
1290000 0.000000 0.000775
1291000 0.000000 0.000775
1292000 0.000000 0.000774
1293000 0.000000 0.000773
1294000 0.000000 0.000773
1295000 0.000000 0.000772
1296000 0.000000 0.000772
1297000 0.000000 0.000771
1298000 0.000000 0.000770
1299000 0.000000 0.000770
1300000 0.000000 0.000769
1301000 0.000000 0.000769
1302000 0.000000 0.000768
1303000 0.000000 0.000767
1304000 0.000000 0.000767
1305000 0.000000 0.000766
1306000 0.000000 0.000766
1307000 0.000000 0.000765
1308000 0.000000 0.000765
1309000 0.000000 0.000764
1310000 0.000000 0.000763
1311000 0.000000 0.000763
1312000 0.000000 0.000762
1313000 0.000000 0.000762
1314000 0.000000 0.000761
1315000 0.000000 0.000760
1316000 0.000000 0.000760
1317000 0.000000 0.000759
1318000 0.000000 0.000759
1319000 0.000000 0.000758
1320000 0.000000 0.000758
1321000 0.000000 0.000757
1322000 0.000000 0.000756
1323000 0.000000 0.000756
1324000 0.000000 0.000755
1325000 0.000000 0.000755
1326000 0.000000 0.000754
1327000 0.000000 0.000754
1328000 0.000000 0.000753
1329000 0.000000 0.000752
1330000 0.000000 0.000752
1331000 0.000000 0.000751
1332000 0.000000 0.000751
1333000 0.000000 0.000750
1334000 0.000000 0.000750
1335000 0.000000 0.000749
1336000 0.000000 0.000749
1337000 0.000000 0.000748
1338000 0.000000 0.000747
1339000 0.000000 0.000747
1340000 0.000000 0.000746
1341000 0.000000 0.000746
1342000 0.000000 0.000745
1343000 0.000000 0.000745
1344000 0.000000 0.000744
1345000 0.000000 0.000743
1346000 0.000000 0.000743
1347000 0.000000 0.000742
1348000 0.000000 0.000742
1349000 0.000000 0.000741
1350000 0.000000 0.000741
1351000 0.000000 0.000740
1352000 0.000000 0.000740
1353000 0.000000 0.000739
1354000 0.000000 0.000739
1355000 0.000000 0.000738
1356000 0.000000 0.000737
1357000 0.000000 0.000737
1358000 0.000000 0.000736
1359000 0.000000 0.000736
1360000 0.000000 0.000735
1361000 0.000000 0.000735
1362000 0.000000 0.000734
1363000 0.000000 0.000734
1364000 0.000000 0.000733
1365000 0.000000 0.000733
1366000 0.000000 0.000732
1367000 0.000000 0.000732
1368000 0.000000 0.000731
1369000 0.000000 0.000730
1370000 0.000000 0.000730
1371000 0.000000 0.000729
1372000 0.000000 0.000729
1373000 0.000000 0.000728
1374000 0.000000 0.000728
1375000 0.000000 0.000727
1376000 0.000000 0.000727
1377000 0.000000 0.000726
1378000 0.000000 0.000726
1379000 0.000000 0.000725
1380000 0.000000 0.000725
1381000 0.000000 0.000724
1382000 0.000000 0.000724
1383000 0.000000 0.000723
1384000 0.000000 0.000723
1385000 0.000000 0.000722
1386000 0.000000 0.000722
1387000 0.000000 0.000721
1388000 0.000000 0.000720
1389000 0.000000 0.000720
1390000 0.000000 0.000719
1391000 0.000000 0.000719
1392000 0.000000 0.000718
1393000 0.000000 0.000718
1394000 0.000000 0.000717
1395000 0.000000 0.000717
1396000 0.000000 0.000716
1397000 0.000000 0.000716
1398000 0.000000 0.000715
1399000 0.000000 0.000715
1400000 0.000000 0.000714
1401000 0.000000 0.000714
1402000 0.000000 0.000713
1403000 0.000000 0.000713
1404000 0.000000 0.000712
1405000 0.000000 0.000712
1406000 0.000000 0.000711
1407000 0.000000 0.000711
1408000 0.000000 0.000710
1409000 0.000000 0.000710
1410000 0.000000 0.000709
1411000 0.000000 0.000709
1412000 0.000000 0.000708
1413000 0.000000 0.000708
1414000 0.000000 0.000707
1415000 0.000000 0.000707
1416000 0.000000 0.000706
1417000 0.000000 0.000706
1418000 0.000000 0.000705
1419000 0.000000 0.000705
1420000 0.000000 0.000704
1421000 0.000000 0.000704
1422000 0.000000 0.000703
1423000 0.000000 0.000703
1424000 0.000000 0.000702
1425000 0.000000 0.000702
1426000 0.000000 0.000701
1427000 0.000000 0.000701
1428000 0.000000 0.000700
1429000 0.000000 0.000700
1430000 0.000000 0.000699
1431000 0.000000 0.000699
1432000 0.000000 0.000698
1433000 0.000000 0.000698
1434000 0.000000 0.000697
1435000 0.000000 0.000697
1436000 0.000000 0.000696
1437000 0.000000 0.000696
1438000 0.000000 0.000695
1439000 0.000000 0.000695
1440000 0.000000 0.000694
1441000 0.000000 0.000694
1442000 0.000000 0.000693
1443000 0.000000 0.000693
1444000 0.000000 0.000693
1445000 0.000000 0.000692
1446000 0.000000 0.000692
1447000 0.000000 0.000691
1448000 0.000000 0.000691
1449000 0.000000 0.000690
1450000 0.000000 0.000690
1451000 0.000000 0.000689
1452000 0.000000 0.000689
1453000 0.000000 0.000688
1454000 0.000000 0.000688
1455000 0.000000 0.000687
1456000 0.000000 0.000687
1457000 0.000000 0.000686
1458000 0.000000 0.000686
1459000 0.000000 0.000685
1460000 0.000000 0.000685
1461000 0.000000 0.000684
1462000 0.000000 0.000684
1463000 0.000000 0.000684
1464000 0.000000 0.000683
1465000 0.000000 0.000683
1466000 0.000000 0.000682
1467000 0.000000 0.000682
1468000 0.000000 0.000681
1469000 0.000000 0.000681
1470000 0.000000 0.000680
1471000 0.000000 0.000680
1472000 0.000000 0.000679
1473000 0.000000 0.000679
1474000 0.000000 0.000678
1475000 0.000000 0.000678
1476000 0.000000 0.000678
1477000 0.000000 0.000677
1478000 0.000000 0.000677
1479000 0.000000 0.000676
1480000 0.000000 0.000676
1481000 0.000000 0.000675
1482000 0.000000 0.000675
1483000 0.000000 0.000674
1484000 0.000000 0.000674
1485000 0.000000 0.000673
1486000 0.000000 0.000673
1487000 0.000000 0.000672
1488000 0.000000 0.000672
1489000 0.000000 0.000672
1490000 0.000000 0.000671
1491000 0.000000 0.000671
1492000 0.000000 0.000670
1493000 0.000000 0.000670
1494000 0.000000 0.000669
1495000 0.000000 0.000669
1496000 0.000000 0.000668
1497000 0.000000 0.000668
1498000 0.000000 0.000668
1499000 0.000000 0.000667
1500000 0.000000 0.000667
1501000 0.000000 0.000666
1502000 0.000000 0.000666
1503000 0.000000 0.000665
1504000 0.000000 0.000665
1505000 0.000000 0.000664
1506000 0.000000 0.000664
1507000 0.000000 0.000664
1508000 0.000000 0.000663
1509000 0.000000 0.000663
1510000 0.000000 0.000662
1511000 0.000000 0.000662
1512000 0.000000 0.000661
1513000 0.000000 0.000661
1514000 0.000000 0.000661
1515000 0.000000 0.000660
1516000 0.000000 0.000660
1517000 0.000000 0.000659
1518000 0.000000 0.000659
1519000 0.000000 0.000658
1520000 0.000000 0.000658
1521000 0.000000 0.000657
1522000 0.000000 0.000657
1523000 0.000000 0.000657
1524000 0.000000 0.000656
1525000 0.000000 0.000656
1526000 0.000000 0.000655
1527000 0.000000 0.000655
1528000 0.000000 0.000654
1529000 0.000000 0.000654
1530000 0.000000 0.000654
1531000 0.000000 0.000653
1532000 0.000000 0.000653
1533000 0.000000 0.000652
1534000 0.000000 0.000652
1535000 0.000000 0.000651
1536000 0.000000 0.000651
1537000 0.000000 0.000651
1538000 0.000000 0.000650
1539000 0.000000 0.000650
1540000 0.000000 0.000649
1541000 0.000000 0.000649
1542000 0.000000 0.000649
1543000 0.000000 0.000648
1544000 0.000000 0.000648
1545000 0.000000 0.000647
1546000 0.000000 0.000647
1547000 0.000000 0.000646
1548000 0.000000 0.000646
1549000 0.000000 0.000646
1550000 0.000000 0.000645
1551000 0.000000 0.000645
1552000 0.000000 0.000644
1553000 0.000000 0.000644
1554000 0.000000 0.000644
1555000 0.000000 0.000643
1556000 0.000000 0.000643
1557000 0.000000 0.000642
1558000 0.000000 0.000642
1559000 0.000000 0.000641
1560000 0.000000 0.000641
1561000 0.000000 0.000641
1562000 0.000000 0.000640
1563000 0.000000 0.000640
1564000 0.000000 0.000639
1565000 0.000000 0.000639
1566000 0.000000 0.000639
1567000 0.000000 0.000638
1568000 0.000000 0.000638
1569000 0.000000 0.000637
1570000 0.000000 0.000637
1571000 0.000000 0.000637
1572000 0.000000 0.000636
1573000 0.000000 0.000636
1574000 0.000000 0.000635
1575000 0.000000 0.000635
1576000 0.000000 0.000635
1577000 0.000000 0.000634
1578000 0.000000 0.000634
1579000 0.000000 0.000633
1580000 0.000000 0.000633
1581000 0.000000 0.000633
1582000 0.000000 0.000632
1583000 0.000000 0.000632
1584000 0.000000 0.000631
1585000 0.000000 0.000631
1586000 0.000000 0.000631
1587000 0.000000 0.000630
1588000 0.000000 0.000630
1589000 0.000000 0.000629
1590000 0.000000 0.000629
1591000 0.000000 0.000629
1592000 0.000000 0.000628
1593000 0.000000 0.000628
1594000 0.000000 0.000627
1595000 0.000000 0.000627
1596000 0.000000 0.000627
1597000 0.000000 0.000626
1598000 0.000000 0.000626
1599000 0.000000 0.000625
1600000 0.000000 0.000625
1601000 0.000000 0.000625
1602000 0.000000 0.000624
1603000 0.000000 0.000624
1604000 0.000000 0.000623
1605000 0.000000 0.000623
1606000 0.000000 0.000623
1607000 0.000000 0.000622
1608000 0.000000 0.000622
1609000 0.000000 0.000622
1610000 0.000000 0.000621
1611000 0.000000 0.000621
1612000 0.000000 0.000620
1613000 0.000000 0.000620
1614000 0.000000 0.000620
1615000 0.000000 0.000619
1616000 0.000000 0.000619
1617000 0.000000 0.000618
1618000 0.000000 0.000618
1619000 0.000000 0.000618
1620000 0.000000 0.000617
1621000 0.000000 0.000617
1622000 0.000000 0.000617
1623000 0.000000 0.000616
1624000 0.000000 0.000616
1625000 0.000000 0.000615
1626000 0.000000 0.000615
1627000 0.000000 0.000615
1628000 0.000000 0.000614
1629000 0.000000 0.000614
1630000 0.000000 0.000613
1631000 0.000000 0.000613
1632000 0.000000 0.000613
1633000 0.000000 0.000612
1634000 0.000000 0.000612
1635000 0.000000 0.000612
1636000 0.000000 0.000611
1637000 0.000000 0.000611
1638000 0.000000 0.000611
1639000 0.000000 0.000610
1640000 0.000000 0.000610
1641000 0.000000 0.000609
1642000 0.000000 0.000609
1643000 0.000000 0.000609
1644000 0.000000 0.000608
1645000 0.000000 0.000608
1646000 0.000000 0.000608
1647000 0.000000 0.000607
1648000 0.000000 0.000607
1649000 0.000000 0.000606
1650000 0.000000 0.000606
1651000 0.000000 0.000606
1652000 0.000000 0.000605
1653000 0.000000 0.000605
1654000 0.000000 0.000605
1655000 0.000000 0.000604
1656000 0.000000 0.000604
1657000 0.000000 0.000604
1658000 0.000000 0.000603
1659000 0.000000 0.000603
1660000 0.000000 0.000602
1661000 0.000000 0.000602
1662000 0.000000 0.000602
1663000 0.000000 0.000601
1664000 0.000000 0.000601
1665000 0.000000 0.000601
1666000 0.000000 0.000600
1667000 0.000000 0.000600
1668000 0.000000 0.000600
1669000 0.000000 0.000599
1670000 0.000000 0.000599
1671000 0.000000 0.000598
1672000 0.000000 0.000598
1673000 0.000000 0.000598
1674000 0.000000 0.000597
1675000 0.000000 0.000597
1676000 0.000000 0.000597
1677000 0.000000 0.000596
1678000 0.000000 0.000596
1679000 0.000000 0.000596
1680000 0.000000 0.000595
1681000 0.000000 0.000595
1682000 0.000000 0.000595
1683000 0.000000 0.000594
1684000 0.000000 0.000594
1685000 0.000000 0.000593
1686000 0.000000 0.000593
1687000 0.000000 0.000593
1688000 0.000000 0.000592
1689000 0.000000 0.000592
1690000 0.000000 0.000592
1691000 0.000000 0.000591
1692000 0.000000 0.000591
1693000 0.000000 0.000591
1694000 0.000000 0.000590
1695000 0.000000 0.000590
1696000 0.000000 0.000590
1697000 0.000000 0.000589
1698000 0.000000 0.000589
1699000 0.000000 0.000589
1700000 0.000000 0.000588
1701000 0.000000 0.000588
1702000 0.000000 0.000588
1703000 0.000000 0.000587
1704000 0.000000 0.000587
1705000 0.000000 0.000587
1706000 0.000000 0.000586
1707000 0.000000 0.000586
1708000 0.000000 0.000585
1709000 0.000000 0.000585
1710000 0.000000 0.000585
1711000 0.000000 0.000584
1712000 0.000000 0.000584
1713000 0.000000 0.000584
1714000 0.000000 0.000583
1715000 0.000000 0.000583
1716000 0.000000 0.000583
1717000 0.000000 0.000582
1718000 0.000000 0.000582
1719000 0.000000 0.000582
1720000 0.000000 0.000581
1721000 0.000000 0.000581
1722000 0.000000 0.000581
1723000 0.000000 0.000580
1724000 0.000000 0.000580
1725000 0.000000 0.000580
1726000 0.000000 0.000579
1727000 0.000000 0.000579
1728000 0.000000 0.000579
1729000 0.000000 0.000578
1730000 0.000000 0.000578
1731000 0.000000 0.000578
1732000 0.000000 0.000577
1733000 0.000000 0.000577
1734000 0.000000 0.000577
1735000 0.000000 0.000576
1736000 0.000000 0.000576
1737000 0.000000 0.000576
1738000 0.000000 0.000575
1739000 0.000000 0.000575
1740000 0.000000 0.000575
1741000 0.000000 0.000574
1742000 0.000000 0.000574
1743000 0.000000 0.000574
1744000 0.000000 0.000573
1745000 0.000000 0.000573
1746000 0.000000 0.000573
1747000 0.000000 0.000572
1748000 0.000000 0.000572
1749000 0.000000 0.000572
1750000 0.000000 0.000571
1751000 0.000000 0.000571
1752000 0.000000 0.000571
1753000 0.000000 0.000570
1754000 0.000000 0.000570
1755000 0.000000 0.000570
1756000 0.000000 0.000569
1757000 0.000000 0.000569
1758000 0.000000 0.000569
1759000 0.000000 0.000569
1760000 0.000000 0.000568
1761000 0.000000 0.000568
1762000 0.000000 0.000568
1763000 0.000000 0.000567
1764000 0.000000 0.000567
1765000 0.000000 0.000567
1766000 0.000000 0.000566
1767000 0.000000 0.000566
1768000 0.000000 0.000566
1769000 0.000000 0.000565
1770000 0.000000 0.000565
1771000 0.000000 0.000565
1772000 0.000000 0.000564
1773000 0.000000 0.000564
1774000 0.000000 0.000564
1775000 0.000000 0.000563
1776000 0.000000 0.000563
1777000 0.000000 0.000563
1778000 0.000000 0.000562
1779000 0.000000 0.000562
1780000 0.000000 0.000562
1781000 0.000000 0.000561
1782000 0.000000 0.000561
1783000 0.000000 0.000561
1784000 0.000000 0.000561
1785000 0.000000 0.000560
1786000 0.000000 0.000560
1787000 0.000000 0.000560
1788000 0.000000 0.000559
1789000 0.000000 0.000559
1790000 0.000000 0.000559
1791000 0.000000 0.000558
1792000 0.000000 0.000558
1793000 0.000000 0.000558
1794000 0.000000 0.000557
1795000 0.000000 0.000557
1796000 0.000000 0.000557
1797000 0.000000 0.000556
1798000 0.000000 0.000556
1799000 0.000000 0.000556
1800000 0.000000 0.000556
1801000 0.000000 0.000555
1802000 0.000000 0.000555
1803000 0.000000 0.000555
1804000 0.000000 0.000554
1805000 0.000000 0.000554
1806000 0.000000 0.000554
1807000 0.000000 0.000553
1808000 0.000000 0.000553
1809000 0.000000 0.000553
1810000 0.000000 0.000552
1811000 0.000000 0.000552
1812000 0.000000 0.000552
1813000 0.000000 0.000552
1814000 0.000000 0.000551
1815000 0.000000 0.000551
1816000 0.000000 0.000551
1817000 0.000000 0.000550
1818000 0.000000 0.000550
1819000 0.000000 0.000550
1820000 0.000000 0.000549
1821000 0.000000 0.000549
1822000 0.000000 0.000549
1823000 0.000000 0.000549
1824000 0.000000 0.000548
1825000 0.000000 0.000548
1826000 0.000000 0.000548
1827000 0.000000 0.000547
1828000 0.000000 0.000547
1829000 0.000000 0.000547
1830000 0.000000 0.000546
1831000 0.000000 0.000546
1832000 0.000000 0.000546
1833000 0.000000 0.000546
1834000 0.000000 0.000545
1835000 0.000000 0.000545
1836000 0.000000 0.000545
1837000 0.000000 0.000544
1838000 0.000000 0.000544
1839000 0.000000 0.000544
1840000 0.000000 0.000543
1841000 0.000000 0.000543
1842000 0.000000 0.000543
1843000 0.000000 0.000543
1844000 0.000000 0.000542
1845000 0.000000 0.000542
1846000 0.000000 0.000542
1847000 0.000000 0.000541
1848000 0.000000 0.000541
1849000 0.000000 0.000541
1850000 0.000000 0.000541
1851000 0.000000 0.000540
1852000 0.000000 0.000540
1853000 0.000000 0.000540
1854000 0.000000 0.000539
1855000 0.000000 0.000539
1856000 0.000000 0.000539
1857000 0.000000 0.000539
1858000 0.000000 0.000538
1859000 0.000000 0.000538
1860000 0.000000 0.000538
1861000 0.000000 0.000537
1862000 0.000000 0.000537
1863000 0.000000 0.000537
1864000 0.000000 0.000536
1865000 0.000000 0.000536
1866000 0.000000 0.000536
1867000 0.000000 0.000536
1868000 0.000000 0.000535
1869000 0.000000 0.000535
1870000 0.000000 0.000535
1871000 0.000000 0.000534
1872000 0.000000 0.000534
1873000 0.000000 0.000534
1874000 0.000000 0.000534
1875000 0.000000 0.000533
1876000 0.000000 0.000533
1877000 0.000000 0.000533
1878000 0.000000 0.000532
1879000 0.000000 0.000532
1880000 0.000000 0.000532
1881000 0.000000 0.000532
1882000 0.000000 0.000531
1883000 0.000000 0.000531
1884000 0.000000 0.000531
1885000 0.000000 0.000531
1886000 0.000000 0.000530
1887000 0.000000 0.000530
1888000 0.000000 0.000530
1889000 0.000000 0.000529
1890000 0.000000 0.000529
1891000 0.000000 0.000529
1892000 0.000000 0.000529
1893000 0.000000 0.000528
1894000 0.000000 0.000528
1895000 0.000000 0.000528
1896000 0.000000 0.000527
1897000 0.000000 0.000527
1898000 0.000000 0.000527
1899000 0.000000 0.000527
1900000 0.000000 0.000526
1901000 0.000000 0.000526
1902000 0.000000 0.000526
1903000 0.000000 0.000525
1904000 0.000000 0.000525
1905000 0.000000 0.000525
1906000 0.000000 0.000525
1907000 0.000000 0.000524
1908000 0.000000 0.000524
1909000 0.000000 0.000524
1910000 0.000000 0.000524
1911000 0.000000 0.000523
1912000 0.000000 0.000523
1913000 0.000000 0.000523
1914000 0.000000 0.000522
1915000 0.000000 0.000522
1916000 0.000000 0.000522
1917000 0.000000 0.000522
1918000 0.000000 0.000521
1919000 0.000000 0.000521
1920000 0.000000 0.000521
1921000 0.000000 0.000521
1922000 0.000000 0.000520
1923000 0.000000 0.000520
1924000 0.000000 0.000520
1925000 0.000000 0.000519
1926000 0.000000 0.000519
1927000 0.000000 0.000519
1928000 0.000000 0.000519
1929000 0.000000 0.000518
1930000 0.000000 0.000518
1931000 0.000000 0.000518
1932000 0.000000 0.000518
1933000 0.000000 0.000517
1934000 0.000000 0.000517
1935000 0.000000 0.000517
1936000 0.000000 0.000517
1937000 0.000000 0.000516
1938000 0.000000 0.000516
1939000 0.000000 0.000516
1940000 0.000000 0.000515
1941000 0.000000 0.000515
1942000 0.000000 0.000515
1943000 0.000000 0.000515
1944000 0.000000 0.000514
1945000 0.000000 0.000514
1946000 0.000000 0.000514
1947000 0.000000 0.000514
1948000 0.000000 0.000513
1949000 0.000000 0.000513
1950000 0.000000 0.000513
1951000 0.000000 0.000513
1952000 0.000000 0.000512
1953000 0.000000 0.000512
1954000 0.000000 0.000512
1955000 0.000000 0.000512
1956000 0.000000 0.000511
1957000 0.000000 0.000511
1958000 0.000000 0.000511
1959000 0.000000 0.000510
1960000 0.000000 0.000510
1961000 0.000000 0.000510
1962000 0.000000 0.000510
1963000 0.000000 0.000509
1964000 0.000000 0.000509
1965000 0.000000 0.000509
1966000 0.000000 0.000509
1967000 0.000000 0.000508
1968000 0.000000 0.000508
1969000 0.000000 0.000508
1970000 0.000000 0.000508
1971000 0.000000 0.000507
1972000 0.000000 0.000507
1973000 0.000000 0.000507
1974000 0.000000 0.000507
1975000 0.000000 0.000506
1976000 0.000000 0.000506
1977000 0.000000 0.000506
1978000 0.000000 0.000506
1979000 0.000000 0.000505
1980000 0.000000 0.000505
1981000 0.000000 0.000505
1982000 0.000000 0.000505
1983000 0.000000 0.000504
1984000 0.000000 0.000504
1985000 0.000000 0.000504
1986000 0.000000 0.000504
1987000 0.000000 0.000503
1988000 0.000000 0.000503
1989000 0.000000 0.000503
1990000 0.000000 0.000503
1991000 0.000000 0.000502
1992000 0.000000 0.000502
1993000 0.000000 0.000502
1994000 0.000000 0.000502
1995000 0.000000 0.000501
1996000 0.000000 0.000501
1997000 0.000000 0.000501
1998000 0.000000 0.000501
1999000 0.000000 0.000500
2000000 0.000000 0.000500
2001000 0.000000 0.000500
2002000 0.000000 0.000500
2003000 0.000000 0.000499
2004000 0.000000 0.000499
2005000 0.000000 0.000499
2006000 0.000000 0.000499
2007000 0.000000 0.000498
2008000 0.000000 0.000498
2009000 0.000000 0.000498
2010000 0.000000 0.000498
2011000 0.000000 0.000497
2012000 0.000000 0.000497
2013000 0.000000 0.000497
2014000 0.000000 0.000497
2015000 0.000000 0.000496
2016000 0.000000 0.000496
2017000 0.000000 0.000496
2018000 0.000000 0.000496
2019000 0.000000 0.000495
2020000 0.000000 0.000495
2021000 0.000000 0.000495
2022000 0.000000 0.000495
2023000 0.000000 0.000494
2024000 0.000000 0.000494
2025000 0.000000 0.000494
2026000 0.000000 0.000494
2027000 0.000000 0.000493
2028000 0.000000 0.000493
2029000 0.000000 0.000493
2030000 0.000000 0.000493
2031000 0.000000 0.000492
2032000 0.000000 0.000492
2033000 0.000000 0.000492
2034000 0.000000 0.000492
2035000 0.000000 0.000491
2036000 0.000000 0.000491
2037000 0.000000 0.000491
2038000 0.000000 0.000491
2039000 0.000000 0.000490
2040000 0.000000 0.000490
2041000 0.000000 0.000490
2042000 0.000000 0.000490
2043000 0.000000 0.000489
2044000 0.000000 0.000489
2045000 0.000000 0.000489
2046000 0.000000 0.000489
2047000 0.000000 0.000489
2048000 0.000000 0.000488
2049000 0.000000 0.000488
2050000 0.000000 0.000488
2051000 0.000000 0.000488
2052000 0.000000 0.000487
2053000 0.000000 0.000487
2054000 0.000000 0.000487
2055000 0.000000 0.000487
2056000 0.000000 0.000486
2057000 0.000000 0.000486
2058000 0.000000 0.000486
2059000 0.000000 0.000486
2060000 0.000000 0.000485
2061000 0.000000 0.000485
2062000 0.000000 0.000485
2063000 0.000000 0.000485
2064000 0.000000 0.000484
2065000 0.000000 0.000484
2066000 0.000000 0.000484
2067000 0.000000 0.000484
2068000 0.000000 0.000484
2069000 0.000000 0.000483
2070000 0.000000 0.000483
2071000 0.000000 0.000483
2072000 0.000000 0.000483
2073000 0.000000 0.000482
2074000 0.000000 0.000482
2075000 0.000000 0.000482
2076000 0.000000 0.000482
2077000 0.000000 0.000481
2078000 0.000000 0.000481
2079000 0.000000 0.000481
2080000 0.000000 0.000481
2081000 0.000000 0.000481
2082000 0.000000 0.000480
2083000 0.000000 0.000480
2084000 0.000000 0.000480
2085000 0.000000 0.000480
2086000 0.000000 0.000479
2087000 0.000000 0.000479
2088000 0.000000 0.000479
2089000 0.000000 0.000479
2090000 0.000000 0.000478
2091000 0.000000 0.000478
2092000 0.000000 0.000478
2093000 0.000000 0.000478
2094000 0.000000 0.000478
2095000 0.000000 0.000477
2096000 0.000000 0.000477
2097000 0.000000 0.000477
2098000 0.000000 0.000477
2099000 0.000000 0.000476
2100000 0.000000 0.000476
2101000 0.000000 0.000476
2102000 0.000000 0.000476
2103000 0.000000 0.000476
2104000 0.000000 0.000475
2105000 0.000000 0.000475
2106000 0.000000 0.000475
2107000 0.000000 0.000475
2108000 0.000000 0.000474
2109000 0.000000 0.000474
2110000 0.000000 0.000474
2111000 0.000000 0.000474
2112000 0.000000 0.000473
2113000 0.000000 0.000473
2114000 0.000000 0.000473
2115000 0.000000 0.000473
2116000 0.000000 0.000473
2117000 0.000000 0.000472
2118000 0.000000 0.000472
2119000 0.000000 0.000472
2120000 0.000000 0.000472
2121000 0.000000 0.000471
2122000 0.000000 0.000471
2123000 0.000000 0.000471
2124000 0.000000 0.000471
2125000 0.000000 0.000471
2126000 0.000000 0.000470
2127000 0.000000 0.000470
2128000 0.000000 0.000470
2129000 0.000000 0.000470
2130000 0.000000 0.000469
2131000 0.000000 0.000469
2132000 0.000000 0.000469
2133000 0.000000 0.000469
2134000 0.000000 0.000469
2135000 0.000000 0.000468
2136000 0.000000 0.000468
2137000 0.000000 0.000468
2138000 0.000000 0.000468
2139000 0.000000 0.000468
2140000 0.000000 0.000467
2141000 0.000000 0.000467
2142000 0.000000 0.000467
2143000 0.000000 0.000467
2144000 0.000000 0.000466
2145000 0.000000 0.000466
2146000 0.000000 0.000466
2147000 0.000000 0.000466
2148000 0.000000 0.000466
2149000 0.000000 0.000465
2150000 0.000000 0.000465
2151000 0.000000 0.000465
2152000 0.000000 0.000465
2153000 0.000000 0.000464
2154000 0.000000 0.000464
2155000 0.000000 0.000464
2156000 0.000000 0.000464
2157000 0.000000 0.000464
2158000 0.000000 0.000463
2159000 0.000000 0.000463
2160000 0.000000 0.000463
2161000 0.000000 0.000463
2162000 0.000000 0.000463
2163000 0.000000 0.000462
2164000 0.000000 0.000462
2165000 0.000000 0.000462
2166000 0.000000 0.000462
2167000 0.000000 0.000461
2168000 0.000000 0.000461
2169000 0.000000 0.000461
2170000 0.000000 0.000461
2171000 0.000000 0.000461
2172000 0.000000 0.000460
2173000 0.000000 0.000460
2174000 0.000000 0.000460
2175000 0.000000 0.000460
2176000 0.000000 0.000460
2177000 0.000000 0.000459
2178000 0.000000 0.000459
2179000 0.000000 0.000459
2180000 0.000000 0.000459
2181000 0.000000 0.000459
2182000 0.000000 0.000458
2183000 0.000000 0.000458
2184000 0.000000 0.000458
2185000 0.000000 0.000458
2186000 0.000000 0.000457
2187000 0.000000 0.000457
2188000 0.000000 0.000457
2189000 0.000000 0.000457
2190000 0.000000 0.000457
2191000 0.000000 0.000456
2192000 0.000000 0.000456
2193000 0.000000 0.000456
2194000 0.000000 0.000456
2195000 0.000000 0.000456
2196000 0.000000 0.000455
2197000 0.000000 0.000455
2198000 0.000000 0.000455
2199000 0.000000 0.000455
2200000 0.000000 0.000455
2201000 0.000000 0.000454
2202000 0.000000 0.000454
2203000 0.000000 0.000454
2204000 0.000000 0.000454
2205000 0.000000 0.000454
2206000 0.000000 0.000453
2207000 0.000000 0.000453
2208000 0.000000 0.000453
2209000 0.000000 0.000453
2210000 0.000000 0.000452
2211000 0.000000 0.000452
2212000 0.000000 0.000452
2213000 0.000000 0.000452
2214000 0.000000 0.000452
2215000 0.000000 0.000451
2216000 0.000000 0.000451
2217000 0.000000 0.000451
2218000 0.000000 0.000451
2219000 0.000000 0.000451
2220000 0.000000 0.000450
2221000 0.000000 0.000450
2222000 0.000000 0.000450
2223000 0.000000 0.000450
2224000 0.000000 0.000450
2225000 0.000000 0.000449
2226000 0.000000 0.000449
2227000 0.000000 0.000449
2228000 0.000000 0.000449
2229000 0.000000 0.000449
2230000 0.000000 0.000448
2231000 0.000000 0.000448
2232000 0.000000 0.000448
2233000 0.000000 0.000448
2234000 0.000000 0.000448
2235000 0.000000 0.000447
2236000 0.000000 0.000447
2237000 0.000000 0.000447
2238000 0.000000 0.000447
2239000 0.000000 0.000447
2240000 0.000000 0.000446
2241000 0.000000 0.000446
2242000 0.000000 0.000446
2243000 0.000000 0.000446
2244000 0.000000 0.000446
2245000 0.000000 0.000445
2246000 0.000000 0.000445
2247000 0.000000 0.000445
2248000 0.000000 0.000445
2249000 0.000000 0.000445
2250000 0.000000 0.000444
2251000 0.000000 0.000444
2252000 0.000000 0.000444
2253000 0.000000 0.000444
2254000 0.000000 0.000444
2255000 0.000000 0.000443
2256000 0.000000 0.000443
2257000 0.000000 0.000443
2258000 0.000000 0.000443
2259000 0.000000 0.000443
2260000 0.000000 0.000442
2261000 0.000000 0.000442
2262000 0.000000 0.000442
2263000 0.000000 0.000442
2264000 0.000000 0.000442
2265000 0.000000 0.000442
2266000 0.000000 0.000441
2267000 0.000000 0.000441
2268000 0.000000 0.000441
2269000 0.000000 0.000441
2270000 0.000000 0.000441
2271000 0.000000 0.000440
2272000 0.000000 0.000440
2273000 0.000000 0.000440
2274000 0.000000 0.000440
2275000 0.000000 0.000440
2276000 0.000000 0.000439
2277000 0.000000 0.000439
2278000 0.000000 0.000439
2279000 0.000000 0.000439
2280000 0.000000 0.000439
2281000 0.000000 0.000438
2282000 0.000000 0.000438
2283000 0.000000 0.000438
2284000 0.000000 0.000438
2285000 0.000000 0.000438
2286000 0.000000 0.000437
2287000 0.000000 0.000437
2288000 0.000000 0.000437
2289000 0.000000 0.000437
2290000 0.000000 0.000437
2291000 0.000000 0.000436
2292000 0.000000 0.000436
2293000 0.000000 0.000436
2294000 0.000000 0.000436
2295000 0.000000 0.000436
2296000 0.000000 0.000436
2297000 0.000000 0.000435
2298000 0.000000 0.000435
2299000 0.000000 0.000435
2300000 0.000000 0.000435
2301000 0.000000 0.000435
2302000 0.000000 0.000434
2303000 0.000000 0.000434
2304000 0.000000 0.000434
2305000 0.000000 0.000434
2306000 0.000000 0.000434
2307000 0.000000 0.000433
2308000 0.000000 0.000433
2309000 0.000000 0.000433
2310000 0.000000 0.000433
2311000 0.000000 0.000433
2312000 0.000000 0.000433
2313000 0.000000 0.000432
2314000 0.000000 0.000432
2315000 0.000000 0.000432
2316000 0.000000 0.000432
2317000 0.000000 0.000432
2318000 0.000000 0.000431
2319000 0.000000 0.000431
2320000 0.000000 0.000431
2321000 0.000000 0.000431
2322000 0.000000 0.000431
2323000 0.000000 0.000430
2324000 0.000000 0.000430
2325000 0.000000 0.000430
2326000 0.000000 0.000430
2327000 0.000000 0.000430
2328000 0.000000 0.000430
2329000 0.000000 0.000429
2330000 0.000000 0.000429
2331000 0.000000 0.000429
2332000 0.000000 0.000429
2333000 0.000000 0.000429
2334000 0.000000 0.000428
2335000 0.000000 0.000428
2336000 0.000000 0.000428
2337000 0.000000 0.000428
2338000 0.000000 0.000428
2339000 0.000000 0.000428
2340000 0.000000 0.000427
2341000 0.000000 0.000427
2342000 0.000000 0.000427
2343000 0.000000 0.000427
2344000 0.000000 0.000427
2345000 0.000000 0.000426
2346000 0.000000 0.000426
2347000 0.000000 0.000426
2348000 0.000000 0.000426
2349000 0.000000 0.000426
2350000 0.000000 0.000426
2351000 0.000000 0.000425
2352000 0.000000 0.000425
2353000 0.000000 0.000425
2354000 0.000000 0.000425
2355000 0.000000 0.000425
2356000 0.000000 0.000424
2357000 0.000000 0.000424
2358000 0.000000 0.000424
2359000 0.000000 0.000424
2360000 0.000000 0.000424
2361000 0.000000 0.000424
2362000 0.000000 0.000423
2363000 0.000000 0.000423
2364000 0.000000 0.000423
2365000 0.000000 0.000423
2366000 0.000000 0.000423
2367000 0.000000 0.000422
2368000 0.000000 0.000422
2369000 0.000000 0.000422
2370000 0.000000 0.000422
2371000 0.000000 0.000422
2372000 0.000000 0.000422
2373000 0.000000 0.000421
2374000 0.000000 0.000421
2375000 0.000000 0.000421
2376000 0.000000 0.000421
2377000 0.000000 0.000421
2378000 0.000000 0.000421
2379000 0.000000 0.000420
2380000 0.000000 0.000420
2381000 0.000000 0.000420
2382000 0.000000 0.000420
2383000 0.000000 0.000420
2384000 0.000000 0.000419
2385000 0.000000 0.000419
2386000 0.000000 0.000419
2387000 0.000000 0.000419
2388000 0.000000 0.000419
2389000 0.000000 0.000419
2390000 0.000000 0.000418
2391000 0.000000 0.000418
2392000 0.000000 0.000418
2393000 0.000000 0.000418
2394000 0.000000 0.000418
2395000 0.000000 0.000418
2396000 0.000000 0.000417
2397000 0.000000 0.000417
2398000 0.000000 0.000417
2399000 0.000000 0.000417
2400000 0.000000 0.000417
2401000 0.000000 0.000416
2402000 0.000000 0.000416
2403000 0.000000 0.000416
2404000 0.000000 0.000416
2405000 0.000000 0.000416
2406000 0.000000 0.000416
2407000 0.000000 0.000415
2408000 0.000000 0.000415
2409000 0.000000 0.000415
2410000 0.000000 0.000415
2411000 0.000000 0.000415
2412000 0.000000 0.000415
2413000 0.000000 0.000414
2414000 0.000000 0.000414
2415000 0.000000 0.000414
2416000 0.000000 0.000414
2417000 0.000000 0.000414
2418000 0.000000 0.000414
2419000 0.000000 0.000413
2420000 0.000000 0.000413
2421000 0.000000 0.000413
2422000 0.000000 0.000413
2423000 0.000000 0.000413
2424000 0.000000 0.000413
2425000 0.000000 0.000412
2426000 0.000000 0.000412
2427000 0.000000 0.000412
2428000 0.000000 0.000412
2429000 0.000000 0.000412
2430000 0.000000 0.000412
2431000 0.000000 0.000411
2432000 0.000000 0.000411
2433000 0.000000 0.000411
2434000 0.000000 0.000411
2435000 0.000000 0.000411
2436000 0.000000 0.000411
2437000 0.000000 0.000410
2438000 0.000000 0.000410
2439000 0.000000 0.000410
2440000 0.000000 0.000410
2441000 0.000000 0.000410
2442000 0.000000 0.000410
2443000 0.000000 0.000409
2444000 0.000000 0.000409
2445000 0.000000 0.000409
2446000 0.000000 0.000409
2447000 0.000000 0.000409
2448000 0.000000 0.000408
2449000 0.000000 0.000408
2450000 0.000000 0.000408
2451000 0.000000 0.000408
2452000 0.000000 0.000408
2453000 0.000000 0.000408
2454000 0.000000 0.000407
2455000 0.000000 0.000407
2456000 0.000000 0.000407
2457000 0.000000 0.000407
2458000 0.000000 0.000407
2459000 0.000000 0.000407
2460000 0.000000 0.000407
2461000 0.000000 0.000406
2462000 0.000000 0.000406
2463000 0.000000 0.000406
2464000 0.000000 0.000406
2465000 0.000000 0.000406
2466000 0.000000 0.000406
2467000 0.000000 0.000405
2468000 0.000000 0.000405
2469000 0.000000 0.000405
2470000 0.000000 0.000405
2471000 0.000000 0.000405
2472000 0.000000 0.000405
2473000 0.000000 0.000404
2474000 0.000000 0.000404
2475000 0.000000 0.000404
2476000 0.000000 0.000404
2477000 0.000000 0.000404
2478000 0.000000 0.000404
2479000 0.000000 0.000403
2480000 0.000000 0.000403
2481000 0.000000 0.000403
2482000 0.000000 0.000403
2483000 0.000000 0.000403
2484000 0.000000 0.000403
2485000 0.000000 0.000402
2486000 0.000000 0.000402
2487000 0.000000 0.000402
2488000 0.000000 0.000402
2489000 0.000000 0.000402
2490000 0.000000 0.000402
2491000 0.000000 0.000401
2492000 0.000000 0.000401
2493000 0.000000 0.000401
2494000 0.000000 0.000401
2495000 0.000000 0.000401
2496000 0.000000 0.000401
2497000 0.000000 0.000400
2498000 0.000000 0.000400
2499000 0.000000 0.000400
2500000 0.000000 0.000400
2501000 0.000000 0.000400
2502000 0.000000 0.000400
2503000 0.000000 0.000400
2504000 0.000000 0.000399
2505000 0.000000 0.000399
2506000 0.000000 0.000399
2507000 0.000000 0.000399
2508000 0.000000 0.000399
2509000 0.000000 0.000399
2510000 0.000000 0.000398
2511000 0.000000 0.000398
2512000 0.000000 0.000398
2513000 0.000000 0.000398
2514000 0.000000 0.000398
2515000 0.000000 0.000398
2516000 0.000000 0.000397
2517000 0.000000 0.000397
2518000 0.000000 0.000397
2519000 0.000000 0.000397
2520000 0.000000 0.000397
2521000 0.000000 0.000397
2522000 0.000000 0.000397
2523000 0.000000 0.000396
2524000 0.000000 0.000396
2525000 0.000000 0.000396
2526000 0.000000 0.000396
2527000 0.000000 0.000396
2528000 0.000000 0.000396
2529000 0.000000 0.000395
2530000 0.000000 0.000395
2531000 0.000000 0.000395
2532000 0.000000 0.000395
2533000 0.000000 0.000395
2534000 0.000000 0.000395
2535000 0.000000 0.000394
2536000 0.000000 0.000394
2537000 0.000000 0.000394
2538000 0.000000 0.000394
2539000 0.000000 0.000394
2540000 0.000000 0.000394
2541000 0.000000 0.000394
2542000 0.000000 0.000393
2543000 0.000000 0.000393
2544000 0.000000 0.000393
2545000 0.000000 0.000393
2546000 0.000000 0.000393
2547000 0.000000 0.000393
2548000 0.000000 0.000392
2549000 0.000000 0.000392
2550000 0.000000 0.000392
2551000 0.000000 0.000392
2552000 0.000000 0.000392
2553000 0.000000 0.000392
2554000 0.000000 0.000392
2555000 0.000000 0.000391
2556000 0.000000 0.000391
2557000 0.000000 0.000391
2558000 0.000000 0.000391
2559000 0.000000 0.000391
2560000 0.000000 0.000391
2561000 0.000000 0.000390
2562000 0.000000 0.000390
2563000 0.000000 0.000390
2564000 0.000000 0.000390
2565000 0.000000 0.000390
2566000 0.000000 0.000390
2567000 0.000000 0.000390
2568000 0.000000 0.000389
2569000 0.000000 0.000389
2570000 0.000000 0.000389
2571000 0.000000 0.000389
2572000 0.000000 0.000389
2573000 0.000000 0.000389
2574000 0.000000 0.000389
2575000 0.000000 0.000388
2576000 0.000000 0.000388
2577000 0.000000 0.000388
2578000 0.000000 0.000388
2579000 0.000000 0.000388
2580000 0.000000 0.000388
2581000 0.000000 0.000387
2582000 0.000000 0.000387
2583000 0.000000 0.000387
2584000 0.000000 0.000387
2585000 0.000000 0.000387
2586000 0.000000 0.000387
2587000 0.000000 0.000387
2588000 0.000000 0.000386
2589000 0.000000 0.000386
2590000 0.000000 0.000386
2591000 0.000000 0.000386
2592000 0.000000 0.000386
2593000 0.000000 0.000386
2594000 0.000000 0.000386
2595000 0.000000 0.000385
2596000 0.000000 0.000385
2597000 0.000000 0.000385
2598000 0.000000 0.000385
2599000 0.000000 0.000385
2600000 0.000000 0.000385
2601000 0.000000 0.000384
2602000 0.000000 0.000384
2603000 0.000000 0.000384
2604000 0.000000 0.000384
2605000 0.000000 0.000384
2606000 0.000000 0.000384
2607000 0.000000 0.000384
2608000 0.000000 0.000383
2609000 0.000000 0.000383
2610000 0.000000 0.000383
2611000 0.000000 0.000383
2612000 0.000000 0.000383
2613000 0.000000 0.000383
2614000 0.000000 0.000383
2615000 0.000000 0.000382
2616000 0.000000 0.000382
2617000 0.000000 0.000382
2618000 0.000000 0.000382
2619000 0.000000 0.000382
2620000 0.000000 0.000382
2621000 0.000000 0.000382
2622000 0.000000 0.000381
2623000 0.000000 0.000381
2624000 0.000000 0.000381
2625000 0.000000 0.000381
2626000 0.000000 0.000381
2627000 0.000000 0.000381
2628000 0.000000 0.000381
2629000 0.000000 0.000380
2630000 0.000000 0.000380
2631000 0.000000 0.000380
2632000 0.000000 0.000380
2633000 0.000000 0.000380
2634000 0.000000 0.000380
2635000 0.000000 0.000380
2636000 0.000000 0.000379
2637000 0.000000 0.000379
2638000 0.000000 0.000379
2639000 0.000000 0.000379
2640000 0.000000 0.000379
2641000 0.000000 0.000379
2642000 0.000000 0.000379
2643000 0.000000 0.000378
2644000 0.000000 0.000378
2645000 0.000000 0.000378
2646000 0.000000 0.000378
2647000 0.000000 0.000378
2648000 0.000000 0.000378
2649000 0.000000 0.000378
2650000 0.000000 0.000377
2651000 0.000000 0.000377
2652000 0.000000 0.000377
2653000 0.000000 0.000377
2654000 0.000000 0.000377
2655000 0.000000 0.000377
2656000 0.000000 0.000377
2657000 0.000000 0.000376
2658000 0.000000 0.000376
2659000 0.000000 0.000376
2660000 0.000000 0.000376
2661000 0.000000 0.000376
2662000 0.000000 0.000376
2663000 0.000000 0.000376
2664000 0.000000 0.000375
2665000 0.000000 0.000375
2666000 0.000000 0.000375
2667000 0.000000 0.000375
2668000 0.000000 0.000375
2669000 0.000000 0.000375
2670000 0.000000 0.000375
2671000 0.000000 0.000374
2672000 0.000000 0.000374
2673000 0.000000 0.000374
2674000 0.000000 0.000374
2675000 0.000000 0.000374
2676000 0.000000 0.000374
2677000 0.000000 0.000374
2678000 0.000000 0.000373
2679000 0.000000 0.000373
2680000 0.000000 0.000373
2681000 0.000000 0.000373
2682000 0.000000 0.000373
2683000 0.000000 0.000373
2684000 0.000000 0.000373
2685000 0.000000 0.000372
2686000 0.000000 0.000372
2687000 0.000000 0.000372
2688000 0.000000 0.000372
2689000 0.000000 0.000372
2690000 0.000000 0.000372
2691000 0.000000 0.000372
2692000 0.000000 0.000371
2693000 0.000000 0.000371
2694000 0.000000 0.000371
2695000 0.000000 0.000371
2696000 0.000000 0.000371
2697000 0.000000 0.000371
2698000 0.000000 0.000371
2699000 0.000000 0.000371
2700000 0.000000 0.000370
2701000 0.000000 0.000370
2702000 0.000000 0.000370
2703000 0.000000 0.000370
2704000 0.000000 0.000370
2705000 0.000000 0.000370
2706000 0.000000 0.000370
2707000 0.000000 0.000369
2708000 0.000000 0.000369
2709000 0.000000 0.000369
2710000 0.000000 0.000369
2711000 0.000000 0.000369
2712000 0.000000 0.000369
2713000 0.000000 0.000369
2714000 0.000000 0.000368
2715000 0.000000 0.000368
2716000 0.000000 0.000368
2717000 0.000000 0.000368
2718000 0.000000 0.000368
2719000 0.000000 0.000368
2720000 0.000000 0.000368
2721000 0.000000 0.000368
2722000 0.000000 0.000367
2723000 0.000000 0.000367
2724000 0.000000 0.000367
2725000 0.000000 0.000367
2726000 0.000000 0.000367
2727000 0.000000 0.000367
2728000 0.000000 0.000367
2729000 0.000000 0.000366
2730000 0.000000 0.000366
2731000 0.000000 0.000366
2732000 0.000000 0.000366
2733000 0.000000 0.000366
2734000 0.000000 0.000366
2735000 0.000000 0.000366
2736000 0.000000 0.000365
2737000 0.000000 0.000365
2738000 0.000000 0.000365
2739000 0.000000 0.000365
2740000 0.000000 0.000365
2741000 0.000000 0.000365
2742000 0.000000 0.000365
2743000 0.000000 0.000365
2744000 0.000000 0.000364
2745000 0.000000 0.000364
2746000 0.000000 0.000364
2747000 0.000000 0.000364
2748000 0.000000 0.000364
2749000 0.000000 0.000364
2750000 0.000000 0.000364
2751000 0.000000 0.000364
2752000 0.000000 0.000363
2753000 0.000000 0.000363
2754000 0.000000 0.000363
2755000 0.000000 0.000363
2756000 0.000000 0.000363
2757000 0.000000 0.000363
2758000 0.000000 0.000363
2759000 0.000000 0.000362
2760000 0.000000 0.000362
2761000 0.000000 0.000362
2762000 0.000000 0.000362
2763000 0.000000 0.000362
2764000 0.000000 0.000362
2765000 0.000000 0.000362
2766000 0.000000 0.000362
2767000 0.000000 0.000361
2768000 0.000000 0.000361
2769000 0.000000 0.000361
2770000 0.000000 0.000361
2771000 0.000000 0.000361
2772000 0.000000 0.000361
2773000 0.000000 0.000361
2774000 0.000000 0.000360
2775000 0.000000 0.000360
2776000 0.000000 0.000360
2777000 0.000000 0.000360
2778000 0.000000 0.000360
2779000 0.000000 0.000360
2780000 0.000000 0.000360
2781000 0.000000 0.000360
2782000 0.000000 0.000359
2783000 0.000000 0.000359
2784000 0.000000 0.000359
2785000 0.000000 0.000359
2786000 0.000000 0.000359
2787000 0.000000 0.000359
2788000 0.000000 0.000359
2789000 0.000000 0.000359
2790000 0.000000 0.000358
2791000 0.000000 0.000358
2792000 0.000000 0.000358
2793000 0.000000 0.000358
2794000 0.000000 0.000358
2795000 0.000000 0.000358
2796000 0.000000 0.000358
2797000 0.000000 0.000358
2798000 0.000000 0.000357
2799000 0.000000 0.000357
2800000 0.000000 0.000357
2801000 0.000000 0.000357
2802000 0.000000 0.000357
2803000 0.000000 0.000357
2804000 0.000000 0.000357
2805000 0.000000 0.000357
2806000 0.000000 0.000356
2807000 0.000000 0.000356
2808000 0.000000 0.000356
2809000 0.000000 0.000356
2810000 0.000000 0.000356
2811000 0.000000 0.000356
2812000 0.000000 0.000356
2813000 0.000000 0.000355
2814000 0.000000 0.000355
2815000 0.000000 0.000355
2816000 0.000000 0.000355
2817000 0.000000 0.000355
2818000 0.000000 0.000355
2819000 0.000000 0.000355
2820000 0.000000 0.000355
2821000 0.000000 0.000354
2822000 0.000000 0.000354
2823000 0.000000 0.000354
2824000 0.000000 0.000354
2825000 0.000000 0.000354
2826000 0.000000 0.000354
2827000 0.000000 0.000354
2828000 0.000000 0.000354
2829000 0.000000 0.000353
2830000 0.000000 0.000353
2831000 0.000000 0.000353
2832000 0.000000 0.000353
2833000 0.000000 0.000353
2834000 0.000000 0.000353
2835000 0.000000 0.000353
2836000 0.000000 0.000353
2837000 0.000000 0.000352
2838000 0.000000 0.000352
2839000 0.000000 0.000352
2840000 0.000000 0.000352
2841000 0.000000 0.000352
2842000 0.000000 0.000352
2843000 0.000000 0.000352
2844000 0.000000 0.000352
2845000 0.000000 0.000351
2846000 0.000000 0.000351
2847000 0.000000 0.000351
2848000 0.000000 0.000351
2849000 0.000000 0.000351
2850000 0.000000 0.000351
2851000 0.000000 0.000351
2852000 0.000000 0.000351
2853000 0.000000 0.000351
2854000 0.000000 0.000350
2855000 0.000000 0.000350
2856000 0.000000 0.000350
2857000 0.000000 0.000350
2858000 0.000000 0.000350
2859000 0.000000 0.000350
2860000 0.000000 0.000350
2861000 0.000000 0.000350
2862000 0.000000 0.000349
2863000 0.000000 0.000349
2864000 0.000000 0.000349
2865000 0.000000 0.000349
2866000 0.000000 0.000349
2867000 0.000000 0.000349
2868000 0.000000 0.000349
2869000 0.000000 0.000349
2870000 0.000000 0.000348
2871000 0.000000 0.000348
2872000 0.000000 0.000348
2873000 0.000000 0.000348
2874000 0.000000 0.000348
2875000 0.000000 0.000348
2876000 0.000000 0.000348
2877000 0.000000 0.000348
2878000 0.000000 0.000347
2879000 0.000000 0.000347
2880000 0.000000 0.000347
2881000 0.000000 0.000347
2882000 0.000000 0.000347
2883000 0.000000 0.000347
2884000 0.000000 0.000347
2885000 0.000000 0.000347
2886000 0.000000 0.000347
2887000 0.000000 0.000346
2888000 0.000000 0.000346
2889000 0.000000 0.000346
2890000 0.000000 0.000346
2891000 0.000000 0.000346
2892000 0.000000 0.000346
2893000 0.000000 0.000346
2894000 0.000000 0.000346
2895000 0.000000 0.000345
2896000 0.000000 0.000345
2897000 0.000000 0.000345
2898000 0.000000 0.000345
2899000 0.000000 0.000345
2900000 0.000000 0.000345
2901000 0.000000 0.000345
2902000 0.000000 0.000345
2903000 0.000000 0.000344
2904000 0.000000 0.000344
2905000 0.000000 0.000344
2906000 0.000000 0.000344
2907000 0.000000 0.000344
2908000 0.000000 0.000344
2909000 0.000000 0.000344
2910000 0.000000 0.000344
2911000 0.000000 0.000344
2912000 0.000000 0.000343
2913000 0.000000 0.000343
2914000 0.000000 0.000343
2915000 0.000000 0.000343
2916000 0.000000 0.000343
2917000 0.000000 0.000343
2918000 0.000000 0.000343
2919000 0.000000 0.000343
2920000 0.000000 0.000342
2921000 0.000000 0.000342
2922000 0.000000 0.000342
2923000 0.000000 0.000342
2924000 0.000000 0.000342
2925000 0.000000 0.000342
2926000 0.000000 0.000342
2927000 0.000000 0.000342
2928000 0.000000 0.000342
2929000 0.000000 0.000341
2930000 0.000000 0.000341
2931000 0.000000 0.000341
2932000 0.000000 0.000341
2933000 0.000000 0.000341
2934000 0.000000 0.000341
2935000 0.000000 0.000341
2936000 0.000000 0.000341
2937000 0.000000 0.000340
2938000 0.000000 0.000340
2939000 0.000000 0.000340
2940000 0.000000 0.000340
2941000 0.000000 0.000340
2942000 0.000000 0.000340
2943000 0.000000 0.000340
2944000 0.000000 0.000340
2945000 0.000000 0.000340
2946000 0.000000 0.000339
2947000 0.000000 0.000339
2948000 0.000000 0.000339
2949000 0.000000 0.000339
2950000 0.000000 0.000339
2951000 0.000000 0.000339
2952000 0.000000 0.000339
2953000 0.000000 0.000339
2954000 0.000000 0.000339
2955000 0.000000 0.000338
2956000 0.000000 0.000338
2957000 0.000000 0.000338
2958000 0.000000 0.000338
2959000 0.000000 0.000338
2960000 0.000000 0.000338
2961000 0.000000 0.000338
2962000 0.000000 0.000338
2963000 0.000000 0.000337
2964000 0.000000 0.000337
2965000 0.000000 0.000337
2966000 0.000000 0.000337
2967000 0.000000 0.000337
2968000 0.000000 0.000337
2969000 0.000000 0.000337
2970000 0.000000 0.000337
2971000 0.000000 0.000337
2972000 0.000000 0.000336
2973000 0.000000 0.000336
2974000 0.000000 0.000336
2975000 0.000000 0.000336
2976000 0.000000 0.000336
2977000 0.000000 0.000336
2978000 0.000000 0.000336
2979000 0.000000 0.000336
2980000 0.000000 0.000336
2981000 0.000000 0.000335
2982000 0.000000 0.000335
2983000 0.000000 0.000335
2984000 0.000000 0.000335
2985000 0.000000 0.000335
2986000 0.000000 0.000335
2987000 0.000000 0.000335
2988000 0.000000 0.000335
2989000 0.000000 0.000335
2990000 0.000000 0.000334
2991000 0.000000 0.000334
2992000 0.000000 0.000334
2993000 0.000000 0.000334
2994000 0.000000 0.000334
2995000 0.000000 0.000334
2996000 0.000000 0.000334
2997000 0.000000 0.000334
2998000 0.000000 0.000334
2999000 0.000000 0.000333
3000000 0.000000 0.000333
