# r N rho/M
0 0.008999999999999999 74.72430467789091
0.2 0.02525 166.8287483774596
0.4 0.0455 150.3110505183052
0.6 0.059 129.9392231586814
0.8 0.074 122.2309641577427
1 0.0945 124.8737958152074
1.2 0.105 115.6238850140809
1.4 0.11725 110.6685756563346
1.6 0.13325 110.0491619866163
1.8 0.15925 116.9085948475707
2 0.176 116.2845929284471
2.2 0.21125 126.8859517362316
2.4 0.2385 131.3156979802776
2.6 0.25175 127.9486288012961
2.8 0.272 128.3661090768572
3 0.32975 145.2456231748312
3.2 0.345 142.4651440352068
3.4 0.345 134.0848414449005
3.6 0.3935 144.4380912794948
3.8 0.41725 145.094935404888
4 0.464 153.284236132953
4.2 0.48425 152.3560988246767
4.4 0.5357499999999999 160.8973932371269
4.6 0.523 150.2392344406567
4.8 0.57175 157.3998958495256
5 0.5902500000000001 155.9931385818543
5.2 0.591 150.183991304004
5.4 0.6045 147.9251608275384
5.6 0.6565 154.912409207641
5.8 0.6567499999999999 149.6275595724091
6 0.6985 153.8348260615915
6.2 0.70825 150.9504452741434
6.4 0.74225 153.2532654494671
6.6 0.7837499999999999 156.9181296619669
6.8 0.768 149.2422583038893
7 0.7857499999999999 148.3289267752066
7.2 0.8159999999999999 149.7604605896667
7.4 0.82275 146.9182260931816
7.6 0.8015 139.3572087801291
7.8 0.831 140.7816094457161
8 0.842 139.0790159740802
8.199999999999999 0.85875 138.3860784053547
8.4 0.8675 136.467646598252
8.6 0.89425 137.4041982376636
8.800000000000001 0.9330000000000001 140.1001100235552
9 0.9205 135.1514744831257
9.199999999999999 0.9340000000000001 134.1524330473933
9.4 0.95825 134.707097647104
9.6 1.01925 140.2971961911928
9.800000000000001 1.0175 137.1980209933846
10 1.04825 138.517414246869
10.2 1.0335 133.8905155877341
10.4 1.05675 134.2698247127802
10.6 1.08175 134.8529785595494
10.8 1.10275 134.9251208457965
11 1.0735 128.9581720131074
11.2 1.1075 130.6667884215251
11.4 1.14125 132.2864749597191
11.6 1.18775 135.3027284980045
11.8 1.20875 135.3611341508671
12 1.2225 134.6192375521085
12.2 1.25775 136.2303900482063
12.4 1.2385 131.9817341842758
12.6 1.29675 135.9957123737047
12.8 1.3145 135.7032114741155
13 1.30475 132.6244078875798
13.2 1.343 134.4440498475417
13.4 1.35225 133.3495936121884
13.6 1.39925 135.9552278201284
13.8 1.3935 133.4342722709083
14 1.3855 130.7729736220483
14.2 1.3985 130.1408476395913
14.4 1.4265 130.9027555337988
14.6 1.417 128.2497417338181
14.8 1.41625 126.449673475824
15 1.459 128.5297129413669
15.2 1.46175 127.0776044506262
15.4 1.479 126.9074032918929
15.6 1.493 126.4662713011156
15.8 1.4905 124.656347640859
16 1.48775 122.8710249497849
16.2 1.54125 125.7180337057864
16.4 1.55625 125.3934989917515
16.6 1.60325 127.6240920129606
16.8 1.6235 127.6975355920819
17 1.6125 125.340177872407
17.2 1.668 128.1466047863701
17.4 1.71175 129.9961807375061
17.6 1.767 132.6671459869357
17.8 1.757 130.4341354540868
18 1.81725 133.4079397091038
18.2 1.82625 132.5953657814539
18.4 1.86725 134.0985709891569
18.6 1.88575 133.9709623135503
18.8 1.968 138.3269335609187
19 1.90675 132.6110332334429
19.2 1.95925 134.8429147106179
19.4 1.9815 134.968322919235
19.6 2.01475 135.8327827009443
19.8 2.061 137.5473748998677
20 2.12425 140.3508787092351
20.2 2.111 138.0944957650494
20.4 2.1215 137.4207686595925
20.6 2.16475 138.8609182159399
20.8 2.2055 140.1145485706348
21 2.209 139.000360269989
21.2 2.2765 141.8963742504341
21.4 2.23875 138.2392376903998
21.6 2.28275 139.6510177332768
21.8 2.28425 138.4607388432054
22 2.294 137.7876323232736
22.2 2.3605 140.5045974649874
22.4 2.345 138.3357195704182
22.6 2.31525 135.3720352863974
22.8 2.3835 138.1401152536651
23 2.4235 139.2370113449069
23.2 2.42725 138.2502832021812
23.4 2.38975 134.9510032783394
23.6 2.4815 138.9446347033616
23.8 2.4845 137.9435977514929
24 2.58625 142.3963202941271
24.2 2.5085 136.9740333212855
24.4 2.58625 140.061954387666
24.6 2.60575 139.9707030780215
24.8 2.641 140.7201291807316
25 2.72875 144.2325377061364
25.2 2.716 142.4192615411537
25.4 2.7845 144.8615108309149
25.6 2.84175 146.6848996601627
25.8 2.86825 146.9050756109137
26 2.891 146.9312754178936
26.2 2.967 149.642777246141
26.4 2.9035 145.3307143456207
26.6 2.938 145.9518686020923
26.8 3.0235 149.0783864989653
27 3.03325 148.4512800926819
27.2 2.9925 145.3800318927047
27.4 3.0495 147.0677945153034
27.6 3.06625 146.8040320598036
27.8 3.07 145.9261364823138
28 3.087 145.686095117742
28.2 3.109 145.6837521818754
28.4 3.10375 144.4135344516916
28.6 3.12075 144.1891065565207
28.8 3.04325 139.6319000274213
29 3.0975 141.1408803275333
29.2 3.166 143.274058690638
29.4 3.10225 139.4340902954063
29.6 3.1235 139.4406196299157
29.8 3.07775 136.4760928483557
30 3.1085 136.9207034538173
30.2 3.1145 136.2764767744011
30.4 3.07825 133.8042195656371
30.6 3.1025 133.9768826353636
30.8 3.03425 130.1787655302319
31 3.1095 132.5465328852662
31.2 3.11825 132.0674649982263
31.4 2.995 126.0395034093439
31.6 2.9355 122.7536761153109
31.8 2.81525 116.9847771018477
32 2.578 106.4565627022502
32.2 2.393 98.20335646448822
32.4 2.1855 89.13439178069626
32.6 2.02225 81.97034232067487
32.8 1.76525 71.11674669724961
33 1.6505 66.09081288856815
33.2 1.553 61.81201150666701
33.4 1.40975 55.77443007651004
33.6 1.31525 51.72595740298297
33.8 1.2295 48.0674781487109
34 1.08825 42.29502281229362
34.2 0.9895 38.23219188686151
34.4 0.90325 34.69676881693309
34.6 0.7847499999999999 29.97055120224607
34.8 0.6995 26.56121759190463
35 0.5975 22.55845593335946
35.2 0.52725 19.79308226417992
35.4 0.427 15.93911183244957
35.6 0.3635 13.49254645348906
35.8 0.29625 10.93490053804357
36 0.22875 8.396496411736829
36.2 0.16325 5.959147349186648
36.4 0.1165 4.229256704596681
36.6 0.06975000000000001 2.518271968690755
36.8 0.04025 1.445298562676012
37 0.01775 0.6339224583783586
37.2 0.00775 0.2752949643192403
37.4 0.00175 0.06183095455298445
37.6 0.00025 0.008786009499550222
