1000 0.007214 0.007214
2000 -0.011024 -0.001905
3000 0.007980 0.001390
4000 -0.008999 -0.001207
5000 0.004298 -0.000106
6000 -0.013587 -0.002353
7000 -0.027525 -0.005949
8000 0.005091 -0.004569
9000 0.013099 -0.002606
10000 -0.008682 -0.003214
11000 0.014844 -0.001572
12000 0.031038 0.001146
13000 0.014887 0.002203
14000 0.002965 0.002257
15000 -0.002780 0.001921
16000 0.003775 0.002037
17000 0.026820 0.003495
18000 0.023148 0.004587
19000 -0.017490 0.003425
20000 -0.058248 0.000341
21000 -0.031808 -0.001190
22000 -0.011888 -0.001676
23000 -0.012084 -0.002129
24000 -0.017203 -0.002757
25000 -0.004715 -0.002835
26000 -0.026647 -0.003751
27000 -0.016502 -0.004223
28000 -0.008364 -0.004371
29000 -0.007004 -0.004462
30000 -0.005642 -0.004501
31000 -0.017773 -0.004929
32000 -0.028973 -0.005681
33000 -0.018062 -0.006056
34000 -0.029529 -0.006746
35000 0.000763 -0.006532
36000 -0.001628 -0.006395
37000 -0.000188 -0.006228
38000 0.008138 -0.005850
39000 0.030952 -0.004906
40000 0.057564 -0.003344
41000 0.056991 -0.001873
42000 0.044479 -0.000769
43000 0.050284 0.000418
44000 0.029174 0.001072
45000 0.012973 0.001336
46000 0.030144 0.001963
47000 0.035651 0.002679
48000 0.042149 0.003502
49000 0.042897 0.004306
50000 0.027178 0.004763
51000 0.024474 0.005149
52000 0.054150 0.006092
53000 0.021958 0.006391
54000 0.049308 0.007186
55000 0.036240 0.007714
56000 0.058755 0.008626
57000 0.059065 0.009511
58000 0.081266 0.010748
59000 0.063969 0.011650
60000 0.044198 0.012192
61000 0.074331 0.013211
62000 0.076178 0.014226
63000 0.068567 0.015089
64000 0.035332 0.015405
65000 0.057112 0.016047
66000 0.048483 0.016538
67000 0.073336 0.017386
68000 0.060082 0.018014
69000 0.042080 0.018363
70000 0.059308 0.018948
71000 0.080106 0.019809
72000 0.071393 0.020526
73000 0.077804 0.021310
74000 0.047639 0.021666
75000 0.100438 0.022716
76000 0.098567 0.023714
77000 0.058231 0.024163
78000 0.075395 0.024819
79000 0.060454 0.025270
80000 0.040550 0.025461
81000 0.087425 0.026226
82000 0.054480 0.026571
83000 0.054119 0.026903
84000 0.035698 0.027008
85000 0.060615 0.027403
86000 0.035843 0.027501
87000 0.045352 0.027706
88000 0.024572 0.027671
89000 -0.009322 0.027255
90000 0.046985 0.027474
91000 0.049069 0.027712
92000 0.040173 0.027847
93000 0.056192 0.028152
94000 0.064651 0.028540
95000 0.066691 0.028942
96000 0.060472 0.029270
97000 0.051911 0.029504
98000 0.040421 0.029615
99000 0.023262 0.029551
100000 0.035694 0.029612
101000 0.019896 0.029516
102000 0.067652 0.029890
103000 0.030704 0.029898
104000 0.034326 0.029940
105000 0.056799 0.030196
106000 0.021296 0.030112
107000 0.008290 0.029908
108000 0.046912 0.030066
109000 0.045580 0.030208
110000 0.033145 0.030235
111000 0.040048 0.030323
112000 0.066365 0.030645
113000 0.055124 0.030862
114000 0.032619 0.030877
115000 0.053221 0.031071
116000 0.048626 0.031223
117000 0.055476 0.031430
118000 0.047774 0.031568
119000 0.046018 0.031690
120000 0.037015 0.031734
121000 0.026074 0.031687
122000 0.026258 0.031643
123000 0.062413 0.031893
124000 0.012165 0.031734
125000 0.036176 0.031770
126000 0.052974 0.031938
127000 0.054185 0.032113
128000 0.047418 0.032233
129000 0.041322 0.032303
130000 0.050544 0.032443
131000 0.047389 0.032557
132000 0.039047 0.032607
133000 0.013084 0.032460
134000 0.024588 0.032401
135000 0.066985 0.032657
136000 0.055083 0.032822
137000 0.054263 0.032979
138000 0.041746 0.033042
139000 0.033769 0.033047
140000 0.034300 0.033056
141000 0.018931 0.032956
142000 0.039686 0.033004
143000 0.056099 0.033165
144000 0.037806 0.033197
145000 0.019675 0.033104
146000 0.061166 0.033296
147000 0.073192 0.033568
148000 0.069688 0.033812
149000 0.081607 0.034132
150000 0.080870 0.034444
151000 0.093836 0.034837
152000 0.069254 0.035064
153000 0.058872 0.035219
154000 0.075471 0.035481
155000 0.094949 0.035864
156000 0.070122 0.036084
157000 0.044746 0.036139
158000 0.056234 0.036266
159000 0.028194 0.036216
160000 0.059161 0.036359
161000 0.083552 0.036652
162000 0.079066 0.036914
163000 0.054084 0.037019
164000 0.048059 0.037087
165000 0.070742 0.037291
166000 0.077829 0.037535
167000 0.074591 0.037757
168000 0.082311 0.038022
169000 0.096562 0.038368
170000 0.051676 0.038447
171000 0.052852 0.038531
172000 0.057771 0.038643
173000 0.070891 0.038829
174000 0.038904 0.038830
175000 0.028684 0.038772
176000 0.038573 0.038770
177000 0.038942 0.038771
178000 0.041415 0.038786
179000 0.051188 0.038856
180000 0.035718 0.038838
181000 0.073257 0.039028
182000 0.045504 0.039064
183000 0.068547 0.039225
184000 0.032104 0.039186
185000 0.040186 0.039192
186000 0.058901 0.039298
187000 0.030561 0.039251
188000 0.018684 0.039141
189000 0.030291 0.039095
190000 0.039993 0.039099
191000 0.058178 0.039199
192000 0.075085 0.039386
193000 0.087527 0.039636
194000 0.055610 0.039718
195000 0.072893 0.039888
196000 0.035107 0.039864
197000 0.079660 0.040066
198000 0.074220 0.040238
199000 0.057612 0.040326
200000 0.070586 0.040477
201000 0.065691 0.040602
202000 0.053405 0.040666
203000 0.034060 0.040633
204000 0.056141 0.040709
205000 0.035323 0.040683
206000 0.080532 0.040876
207000 0.075361 0.041043
208000 0.077603 0.041219
209000 0.074862 0.041380
210000 0.050250 0.041422
211000 0.043028 0.041429
212000 0.055696 0.041497
213000 0.057213 0.041571
214000 0.057520 0.041645
215000 0.054896 0.041707
216000 0.024805 0.041628
217000 0.056179 0.041696
218000 0.030454 0.041644
219000 0.040845 0.041640
220000 0.051341 0.041684
221000 0.039959 0.041677
222000 0.035215 0.041647
223000 0.028426 0.041588
224000 0.047945 0.041617
225000 0.055487 0.041678
226000 0.040323 0.041672
227000 0.062713 0.041765
228000 0.046785 0.041787
229000 0.056692 0.041852
230000 0.072818 0.041987
231000 0.050066 0.042022
232000 0.054922 0.042077
233000 0.040169 0.042069
234000 -0.000890 0.041885
235000 0.026732 0.041821
236000 0.019595 0.041727
237000 -0.020313 0.041465
238000 0.006993 0.041320
239000 0.002982 0.041160
240000 -0.009007 0.040951
241000 -0.003929 0.040765
242000 -0.021138 0.040509
243000 0.015980 0.040408
244000 0.006970 0.040271
245000 0.001924 0.040114
246000 0.008084 0.039984
247000 -0.003549 0.039808
248000 -0.004751 0.039628
249000 0.031077 0.039594
250000 0.013774 0.039490
251000 0.036426 0.039478
252000 0.030930 0.039444
253000 0.041579 0.039453
254000 0.038383 0.039449
255000 0.052408 0.039499
256000 0.040725 0.039504
257000 0.021325 0.039433
258000 0.062520 0.039523
259000 0.040341 0.039526
260000 0.019893 0.039451
261000 0.020467 0.039378
262000 0.011499 0.039271
263000 0.006000 0.039145
264000 0.044606 0.039166
265000 0.012625 0.039065
266000 0.017758 0.038985
267000 0.047438 0.039017
268000 0.021107 0.038950
269000 -0.011710 0.038762
270000 0.005311 0.038638
271000 0.011247 0.038537
272000 0.011777 0.038438
273000 0.008861 0.038330
274000 -0.002743 0.038180
275000 0.029433 0.038148
276000 0.017741 0.038074
277000 0.017220 0.037999
278000 0.010815 0.037901
279000 -0.001650 0.037760
280000 0.021925 0.037703
281000 -0.001326 0.037564
282000 -0.002862 0.037421
283000 0.019866 0.037359
284000 0.008783 0.037258
285000 0.010630 0.037165
286000 -0.012652 0.036991
287000 -0.034286 0.036742
288000 -0.004578 0.036599
289000 -0.035842 0.036348
290000 -0.038662 0.036089
291000 -0.022058 0.035890
292000 -0.000402 0.035765
293000 -0.041139 0.035503
294000 -0.043114 0.035235
295000 -0.003482 0.035104
296000 -0.025255 0.034900
297000 -0.048262 0.034620
298000 0.001252 0.034508
299000 -0.037419 0.034268
300000 -0.045994 0.034000
301000 -0.066890 0.033665
302000 -0.057906 0.033362
303000 -0.045471 0.033102
304000 -0.049432 0.032830
305000 -0.067869 0.032500
306000 -0.075171 0.032148
307000 -0.068132 0.031821
308000 -0.061558 0.031518
309000 -0.076915 0.031167
310000 -0.069352 0.030843
311000 -0.073204 0.030509
312000 -0.065759 0.030200
313000 -0.050648 0.029942
314000 -0.073838 0.029611
315000 -0.037522 0.029398
316000 -0.047710 0.029154
317000 -0.053642 0.028893
318000 -0.046863 0.028655
319000 -0.066198 0.028357
320000 -0.042459 0.028136
321000 -0.041606 0.027919
322000 -0.039365 0.027710
323000 -0.049374 0.027471
324000 -0.066495 0.027181
325000 -0.077392 0.026859
326000 -0.035704 0.026667
327000 -0.049395 0.026435
328000 -0.040585 0.026231
329000 -0.015444 0.026104
330000 -0.038384 0.025908
331000 -0.045868 0.025692
332000 -0.058088 0.025439
333000 -0.045929 0.025225
334000 -0.049655 0.025001
335000 -0.060909 0.024744
336000 -0.046123 0.024533
337000 -0.071092 0.024250
338000 -0.052618 0.024022
339000 -0.080085 0.023715
340000 -0.063773 0.023458
341000 -0.035057 0.023286
342000 -0.057366 0.023050
343000 -0.070376 0.022778
344000 -0.049206 0.022569
345000 -0.051127 0.022355
346000 -0.065358 0.022102
347000 -0.056840 0.021874
348000 -0.066215 0.021621
349000 -0.054358 0.021403
350000 -0.031725 0.021251
351000 -0.044567 0.021064
352000 -0.063591 0.020823
353000 -0.062942 0.020586
354000 -0.043429 0.020405
355000 -0.035316 0.020248
356000 -0.039021 0.020082
357000 -0.044736 0.019900
358000 -0.024689 0.019776
359000 -0.023557 0.019655
360000 -0.023270 0.019536
361000 -0.013528 0.019444
362000 0.006368 0.019408
363000 0.016690 0.019401
364000 0.030922 0.019432
365000 -0.009817 0.019352
366000 -0.051490 0.019159
367000 -0.025202 0.019038
368000 -0.016524 0.018941
369000 0.034310 0.018983
370000 0.011013 0.018961
371000 0.022190 0.018970
372000 0.015756 0.018961
373000 0.014830 0.018950
374000 0.042062 0.019012
375000 0.028735 0.019038
376000 0.066991 0.019165
377000 0.060921 0.019276
378000 0.057092 0.019376
379000 0.045224 0.019444
380000 0.053107 0.019533
381000 0.048780 0.019610
382000 0.011312 0.019588
383000 0.038004 0.019636
384000 0.010461 0.019612
385000 0.012041 0.019593
386000 0.026787 0.019611
387000 0.023159 0.019620
388000 -0.012322 0.019538
389000 0.010898 0.019516
390000 -0.018143 0.019419
391000 0.004278 0.019381
392000 0.001269 0.019334
393000 -0.019052 0.019237
394000 -0.006785 0.019171
395000 -0.005152 0.019109
396000 0.009139 0.019084
397000 0.010226 0.019062
398000 -0.007432 0.018995
399000 0.007905 0.018967
400000 -0.022907 0.018863
401000 -0.018768 0.018769
402000 -0.014081 0.018687
403000 -0.017043 0.018598
404000 -0.012419 0.018522
405000 -0.013997 0.018441
406000 0.022762 0.018452
407000 0.003047 0.018414
408000 -0.011260 0.018341
409000 -0.000939 0.018294
410000 0.004933 0.018262
411000 0.007159 0.018235
412000 0.005369 0.018203
413000 0.001997 0.018164
414000 -0.020168 0.018072
415000 -0.026525 0.017964
416000 -0.020897 0.017871
417000 -0.036246 0.017741
418000 -0.050213 0.017578
419000 -0.053386 0.017409
420000 -0.036178 0.017281
421000 -0.020206 0.017192
422000 -0.017386 0.017110
423000 -0.007985 0.017051
424000 -0.049160 0.016895
425000 -0.001012 0.016853
426000 0.021653 0.016864
427000 0.037801 0.016913
428000 0.042483 0.016973
429000 0.004106 0.016943
430000 0.012664 0.016933
431000 0.003445 0.016902
432000 0.008199 0.016881
433000 0.033634 0.016920
434000 0.006729 0.016897
435000 0.009727 0.016880
436000 -0.017661 0.016801
437000 0.014363 0.016795
438000 -0.024947 0.016700
439000 -0.035996 0.016580
440000 -0.035008 0.016463
441000 -0.035676 0.016345
442000 -0.022687 0.016256
443000 -0.026574 0.016160
444000 -0.004851 0.016112
445000 0.009578 0.016098
446000 -0.008083 0.016043
447000 0.014710 0.016040
448000 0.034426 0.016081
449000 0.007429 0.016062
450000 0.018730 0.016068
451000 0.008386 0.016051
452000 -0.022727 0.015965
453000 -0.023099 0.015879
454000 -0.017020 0.015806
455000 0.037999 0.015855
456000 0.039240 0.015907
457000 0.037002 0.015953
458000 0.039606 0.016004
459000 0.045397 0.016068
460000 0.037282 0.016115
461000 0.020441 0.016124
462000 0.030400 0.016155
463000 0.035537 0.016197
464000 0.009412 0.016182
465000 0.016976 0.016184
466000 0.007778 0.016166
467000 0.015313 0.016164
468000 -0.015089 0.016097
469000 0.034014 0.016135
470000 0.034414 0.016174
471000 0.004940 0.016150
472000 0.009445 0.016136
473000 0.042818 0.016193
474000 0.015937 0.016192
475000 0.022231 0.016205
476000 0.005275 0.016182
477000 0.008981 0.016167
478000 -0.004304 0.016124
479000 -0.010261 0.016069
480000 -0.010001 0.016014
481000 -0.007873 0.015965
482000 -0.003811 0.015924
483000 -0.021356 0.015847
484000 -0.021709 0.015769
485000 -0.015622 0.015704
486000 0.001830 0.015676
487000 0.012332 0.015669
488000 0.023573 0.015685
489000 -0.008464 0.015636
490000 0.006306 0.015617
491000 -0.001599 0.015582
492000 -0.008722 0.015532
493000 -0.031482 0.015437
494000 -0.057259 0.015290
495000 -0.040738 0.015176
496000 -0.049701 0.015046
497000 -0.063688 0.014887
498000 -0.075257 0.014706
499000 -0.087443 0.014501
500000 -0.050494 0.014372
501000 -0.075866 0.014191
502000 -0.080181 0.014003
503000 -0.043598 0.013889
504000 -0.073082 0.013716
505000 -0.062863 0.013565
506000 -0.070381 0.013399
507000 -0.054997 0.013264
508000 -0.049895 0.013140
509000 -0.039259 0.013037
510000 -0.069576 0.012875
511000 -0.069219 0.012714
512000 -0.084483 0.012524
513000 -0.051715 0.012399
514000 -0.053276 0.012271
515000 -0.064565 0.012122
516000 -0.071179 0.011960
517000 -0.040251 0.011860
518000 -0.052128 0.011736
519000 -0.056981 0.011604
520000 -0.053576 0.011478
521000 -0.048261 0.011364
522000 -0.036759 0.011271
523000 -0.039449 0.011174
524000 -0.051863 0.011054
525000 -0.058137 0.010922
526000 -0.033538 0.010838
527000 -0.048420 0.010725
528000 -0.026656 0.010655
529000 -0.027431 0.010583
530000 -0.032078 0.010502
531000 -0.049186 0.010390
532000 -0.025313 0.010323
533000 -0.042486 0.010223
534000 -0.054882 0.010102
535000 -0.047174 0.009994
536000 -0.062107 0.009860
537000 -0.081885 0.009689
538000 -0.072132 0.009537
539000 -0.076784 0.009377
540000 -0.065913 0.009237
541000 -0.064669 0.009101
542000 -0.057200 0.008979
543000 -0.063858 0.008844
544000 -0.039796 0.008755
545000 -0.052401 0.008643
546000 -0.035742 0.008561
547000 -0.058040 0.008440
548000 -0.058360 0.008318
549000 -0.043149 0.008224
550000 -0.048612 0.008121
551000 -0.064329 0.007989
552000 -0.052118 0.007880
553000 -0.059497 0.007759
554000 -0.047579 0.007659
555000 -0.033879 0.007584
556000 -0.018192 0.007537
557000 -0.028619 0.007473
558000 -0.060521 0.007351
559000 -0.054680 0.007240
560000 -0.054751 0.007129
561000 -0.043547 0.007039
562000 -0.073466 0.006895
563000 -0.026956 0.006835
564000 -0.017374 0.006792
565000 -0.038713 0.006712
566000 -0.044687 0.006621
567000 -0.028162 0.006560
568000 -0.035939 0.006485
569000 -0.020984 0.006437
570000 -0.020341 0.006390
571000 -0.055074 0.006282
572000 -0.035614 0.006209
573000 -0.021938 0.006160
574000 0.015298 0.006175
575000 0.018140 0.006196
576000 0.024480 0.006228
577000 0.051433 0.006306
578000 0.012394 0.006317
579000 0.004724 0.006314
580000 0.021181 0.006340
581000 0.020817 0.006365
582000 0.004884 0.006362
583000 -0.004502 0.006344
584000 -0.003984 0.006326
585000 -0.033237 0.006258
586000 -0.000150 0.006247
587000 -0.017647 0.006207
588000 0.006668 0.006207
589000 -0.011842 0.006177
590000 -0.015963 0.006139
591000 0.000930 0.006130
592000 0.000666 0.006121
593000 0.009636 0.006127
594000 -0.017700 0.006087
595000 -0.024767 0.006035
596000 -0.011857 0.006005
597000 -0.009538 0.005979
598000 -0.039099 0.005904
599000 -0.020829 0.005859
600000 0.000828 0.005851
601000 -0.004390 0.005834
602000 -0.043923 0.005751
603000 -0.040201 0.005675
604000 -0.034503 0.005608
605000 -0.020883 0.005564
606000 -0.025450 0.005513
607000 -0.014769 0.005480
608000 -0.045108 0.005397
609000 -0.025150 0.005347
610000 0.001794 0.005341
611000 -0.011973 0.005312
612000 -0.005838 0.005294
613000 0.045592 0.005360
614000 0.007049 0.005363
615000 -0.000704 0.005353
616000 0.018243 0.005374
617000 -0.010197 0.005348
618000 0.016011 0.005366
619000 -0.001114 0.005355
620000 0.010538 0.005364
621000 0.030138 0.005403
622000 0.032247 0.005447
623000 0.026441 0.005480
624000 0.031130 0.005521
625000 0.008597 0.005526
626000 0.020164 0.005550
627000 -0.021266 0.005507
628000 -0.025876 0.005457
629000 0.003987 0.005455
630000 0.004119 0.005453
631000 0.016444 0.005470
632000 0.021107 0.005495
633000 0.036559 0.005544
634000 0.036122 0.005592
635000 0.024306 0.005621
636000 0.002341 0.005616
637000 0.018196 0.005636
638000 -0.001564 0.005625
639000 -0.029820 0.005569
640000 -0.011312 0.005543
641000 -0.035494 0.005479
642000 -0.009956 0.005455
643000 -0.002454 0.005443
644000 -0.021208 0.005401
645000 -0.025186 0.005354
646000 0.004807 0.005353
647000 -0.004401 0.005338
648000 -0.016457 0.005304
649000 -0.029162 0.005251
650000 -0.077806 0.005123
651000 -0.077689 0.004996
652000 -0.071903 0.004878
653000 -0.072169 0.004760
654000 -0.065452 0.004653
655000 -0.049705 0.004570
656000 -0.058700 0.004473
657000 -0.056349 0.004381
658000 -0.073825 0.004262
659000 -0.060002 0.004164
660000 -0.060399 0.004067
661000 -0.045068 0.003992
662000 -0.059035 0.003897
663000 -0.045679 0.003822
664000 -0.032132 0.003768
665000 -0.053962 0.003681
666000 -0.019021 0.003647
667000 -0.024312 0.003605
668000 -0.039856 0.003540
669000 -0.021015 0.003504
670000 -0.043484 0.003433
671000 -0.040863 0.003367
672000 -0.000473 0.003362
673000 -0.032235 0.003309
674000 0.001233 0.003306
675000 -0.039035 0.003243
676000 -0.016846 0.003213
677000 -0.015422 0.003186
678000 -0.017797 0.003155
679000 -0.029453 0.003107
680000 -0.028902 0.003060
681000 -0.028449 0.003013
682000 -0.039804 0.002951
683000 -0.018578 0.002919
684000 -0.028272 0.002874
685000 -0.024303 0.002834
686000 -0.049705 0.002757
687000 -0.039982 0.002695
688000 -0.021283 0.002660
689000 -0.012898 0.002638
690000 -0.048013 0.002564
691000 -0.044250 0.002496
692000 -0.047910 0.002424
693000 -0.050944 0.002347
694000 -0.037023 0.002290
695000 -0.031686 0.002241
696000 -0.000596 0.002237
697000 -0.001309 0.002232
698000 -0.047276 0.002161
699000 -0.022492 0.002126
700000 -0.009832 0.002109
701000 -0.012171 0.002088
702000 -0.018425 0.002059
703000 -0.063383 0.001966
704000 -0.017148 0.001939
705000 -0.015462 0.001914
706000 -0.005527 0.001904
707000 0.011920 0.001918
708000 -0.000330 0.001915
709000 -0.046796 0.001846
710000 -0.043211 0.001782
711000 -0.015980 0.001757
712000 -0.026119 0.001718
713000 -0.030248 0.001673
714000 -0.059057 0.001588
715000 -0.044545 0.001524
716000 -0.055394 0.001444
717000 -0.024519 0.001408
718000 -0.000711 0.001405
719000 0.000904 0.001404
720000 0.030031 0.001444
721000 0.003510 0.001447
722000 0.007714 0.001456
723000 -0.013369 0.001435
724000 0.003732 0.001438
725000 -0.009412 0.001423
726000 -0.012015 0.001405
727000 -0.023357 0.001371
728000 0.031717 0.001413
729000 0.010892 0.001426
730000 0.001255 0.001425
731000 0.034942 0.001471
732000 0.050394 0.001538
733000 0.014733 0.001556
734000 0.013906 0.001573
735000 0.004036 0.001576
736000 -0.016280 0.001552
737000 -0.007386 0.001540
738000 0.016674 0.001560
739000 0.005766 0.001566
740000 0.016901 0.001587
741000 0.008109 0.001596
742000 0.015292 0.001614
743000 0.033370 0.001657
744000 0.026304 0.001690
745000 0.041398 0.001743
746000 0.036756 0.001790
747000 0.053377 0.001859
748000 0.011529 0.001872
749000 0.018040 0.001894
750000 0.007165 0.001901
751000 0.017012 0.001921
752000 -0.016535 0.001896
753000 -0.001929 0.001891
754000 0.002245 0.001892
755000 0.021101 0.001917
756000 0.006423 0.001923
757000 0.002547 0.001924
758000 0.016552 0.001943
759000 0.026883 0.001976
760000 0.014561 0.001993
761000 0.011326 0.002005
762000 0.017392 0.002025
763000 0.026624 0.002057
764000 0.007298 0.002064
765000 0.019551 0.002087
766000 0.014377 0.002103
767000 0.005734 0.002108
768000 0.004372 0.002111
769000 0.008043 0.002118
770000 -0.005058 0.002109
771000 0.019726 0.002132
772000 -0.001401 0.002127
773000 0.015568 0.002145
774000 0.031827 0.002183
775000 -0.002345 0.002177
776000 0.029283 0.002212
777000 0.021667 0.002237
778000 0.040667 0.002287
779000 0.034784 0.002328
780000 0.037488 0.002373
781000 0.006033 0.002378
782000 0.011938 0.002390
783000 0.008378 0.002398
784000 0.003673 0.002400
785000 -0.004804 0.002390
786000 0.008687 0.002399
787000 0.008242 0.002406
788000 0.007925 0.002413
789000 0.019410 0.002434
790000 0.003193 0.002435
791000 0.007293 0.002442
792000 -0.002688 0.002435
793000 -0.003828 0.002427
794000 0.019272 0.002448
795000 0.012029 0.002460
796000 -0.018583 0.002434
797000 0.004837 0.002437
798000 0.022870 0.002463
799000 -0.010301 0.002447
800000 -0.001117 0.002442
801000 -0.016560 0.002418
802000 -0.027407 0.002381
803000 -0.015663 0.002359
804000 -0.004230 0.002351
805000 -0.045667 0.002291
806000 -0.023578 0.002259
807000 -0.024226 0.002226
808000 -0.033451 0.002182
809000 -0.017269 0.002158
810000 -0.000667 0.002154
811000 -0.002161 0.002149
812000 -0.001739 0.002144
813000 -0.032478 0.002102
814000 -0.012905 0.002083
815000 -0.033670 0.002039
816000 -0.006007 0.002030
817000 -0.034522 0.001985
818000 -0.028901 0.001947
819000 -0.030980 0.001907
820000 -0.030254 0.001868
821000 -0.056005 0.001797
822000 -0.062098 0.001719
823000 -0.070305 0.001632
824000 -0.042933 0.001578
825000 -0.071041 0.001490
826000 -0.084013 0.001386
827000 -0.066707 0.001304
828000 -0.044480 0.001249
829000 -0.073237 0.001159
830000 -0.052036 0.001095
831000 -0.055428 0.001027
832000 -0.068763 0.000943
833000 -0.051396 0.000880
834000 -0.045427 0.000824
835000 -0.072395 0.000737
836000 -0.061930 0.000662
837000 -0.082434 0.000562
838000 -0.065990 0.000483
839000 -0.056368 0.000415
840000 -0.034418 0.000374
841000 -0.040479 0.000325
842000 -0.035756 0.000282
843000 -0.050122 0.000223
844000 -0.033909 0.000182
845000 -0.048497 0.000125
846000 -0.002215 0.000122
847000 -0.026507 0.000090
848000 -0.020375 0.000066
849000 -0.060189 -0.000005
850000 -0.052554 -0.000067
851000 -0.045022 -0.000119
852000 -0.074380 -0.000207
853000 -0.054367 -0.000270
854000 -0.076168 -0.000359
855000 -0.095300 -0.000470
856000 -0.099406 -0.000586
857000 -0.094360 -0.000695
858000 -0.080678 -0.000788
859000 -0.076127 -0.000876
860000 -0.063672 -0.000949
861000 -0.081286 -0.001042
862000 -0.060571 -0.001111
863000 -0.015506 -0.001128
864000 -0.070142 -0.001208
865000 -0.049987 -0.001264
866000 -0.077115 -0.001352
867000 -0.055899 -0.001415
868000 -0.017491 -0.001433
869000 -0.028035 -0.001464
870000 0.040790 -0.001415
871000 -0.004205 -0.001418
872000 0.023308 -0.001390
873000 0.027111 -0.001357
874000 0.026902 -0.001325
875000 0.036396 -0.001282
876000 0.032950 -0.001243
877000 0.024604 -0.001213
878000 0.006764 -0.001204
879000 0.005310 -0.001197
880000 0.003877 -0.001191
881000 0.022447 -0.001164
882000 0.008647 -0.001153
883000 -0.010851 -0.001164
884000 -0.030267 -0.001197
885000 -0.006993 -0.001204
886000 -0.003307 -0.001206
887000 -0.036696 -0.001246
888000 -0.032277 -0.001281
889000 -0.050005 -0.001336
890000 -0.023114 -0.001360
891000 -0.001521 -0.001361
892000 0.022495 -0.001334
893000 0.013268 -0.001317
894000 -0.008335 -0.001325
895000 -0.025283 -0.001352
896000 0.003137 -0.001347
897000 0.033870 -0.001308
898000 0.012545 -0.001292
899000 0.034477 -0.001253
900000 0.035377 -0.001212
901000 0.027607 -0.001180
902000 0.032799 -0.001142
903000 0.011856 -0.001128
904000 -0.005758 -0.001133
905000 0.017578 -0.001112
906000 0.020777 -0.001088
907000 0.011246 -0.001074
908000 0.021953 -0.001049
909000 0.027289 -0.001018
910000 0.060333 -0.000951
911000 0.012226 -0.000936
912000 0.031397 -0.000901
913000 0.017344 -0.000881
914000 0.019977 -0.000858
915000 -0.006590 -0.000864
916000 0.010705 -0.000851
917000 0.005393 -0.000845
918000 -0.005465 -0.000850
919000 -0.007146 -0.000857
920000 -0.006223 -0.000862
921000 0.013376 -0.000847
922000 -0.005871 -0.000852
923000 -0.027088 -0.000881
924000 -0.029473 -0.000912
925000 -0.009476 -0.000921
926000 0.008907 -0.000910
927000 0.006297 -0.000903
928000 0.016119 -0.000884
929000 0.009414 -0.000873
930000 0.019407 -0.000851
931000 0.019546 -0.000829
932000 0.006890 -0.000821
933000 0.002810 -0.000817
934000 0.012535 -0.000803
935000 -0.028332 -0.000832
936000 0.016224 -0.000814
937000 -0.003291 -0.000817
938000 -0.003454 -0.000820
939000 -0.004833 -0.000824
940000 -0.027200 -0.000852
941000 -0.006872 -0.000858
942000 -0.047575 -0.000908
943000 -0.018519 -0.000927
944000 -0.009445 -0.000936
945000 -0.032717 -0.000969
946000 -0.030972 -0.001001
947000 -0.031918 -0.001034
948000 -0.033252 -0.001068
949000 -0.029300 -0.001097
950000 -0.058469 -0.001158
951000 -0.032281 -0.001191
952000 -0.030819 -0.001222
953000 -0.012378 -0.001233
954000 -0.011140 -0.001244
955000 -0.013945 -0.001257
956000 -0.016637 -0.001273
957000 -0.023135 -0.001296
958000 0.000065 -0.001295
959000 -0.021879 -0.001316
960000 -0.035110 -0.001351
961000 -0.018611 -0.001369
962000 -0.046599 -0.001416
963000 -0.005755 -0.001421
964000 0.007242 -0.001412
965000 0.009595 -0.001400
966000 0.014005 -0.001384
967000 0.012514 -0.001370
968000 0.008170 -0.001360
969000 0.008080 -0.001350
970000 -0.006187 -0.001355
971000 -0.016927 -0.001371
972000 -0.013040 -0.001383
973000 0.006367 -0.001375
974000 0.006346 -0.001368
975000 -0.004169 -0.001370
976000 -0.026557 -0.001396
977000 0.011524 -0.001383
978000 0.006130 -0.001375
979000 0.001595 -0.001372
980000 0.012649 -0.001358
981000 0.033829 -0.001322
982000 0.020433 -0.001300
983000 0.003795 -0.001295
984000 -0.000811 -0.001294
985000 -0.004118 -0.001297
986000 0.001963 -0.001294
987000 -0.018775 -0.001312
988000 0.001591 -0.001309
989000 0.002355 -0.001305
990000 -0.026171 -0.001330
991000 -0.070261 -0.001400
992000 -0.048591 -0.001447
993000 -0.056480 -0.001503
994000 -0.045702 -0.001547
995000 -0.047732 -0.001593
996000 -0.050468 -0.001642
997000 -0.041802 -0.001683
998000 -0.056301 -0.001737
999000 -0.046824 -0.001783
1000000 -0.020930 -0.001802
1001000 -0.020504 -0.001820
1002000 -0.012123 -0.001831
1003000 -0.015797 -0.001845
1004000 0.000300 -0.001843
1005000 -0.033539 -0.001874
1006000 -0.032364 -0.001904
1007000 -0.030113 -0.001932
1008000 -0.023790 -0.001954
1009000 -0.002872 -0.001955
1010000 -0.013510 -0.001966
1011000 -0.021598 -0.001986
1012000 -0.029677 -0.002013
1013000 -0.001457 -0.002013
1014000 -0.027862 -0.002038
1015000 -0.033951 -0.002070
1016000 -0.008563 -0.002076
1017000 -0.008506 -0.002082
1018000 -0.030837 -0.002111
1019000 -0.029706 -0.002138
1020000 -0.027614 -0.002163
1021000 -0.001403 -0.002162
1022000 -0.022340 -0.002182
1023000 0.016583 -0.002163
1024000 -0.020319 -0.002181
1025000 -0.023496 -0.002202
1026000 -0.012069 -0.002211
1027000 -0.001177 -0.002210
1028000 -0.032239 -0.002240
1029000 -0.053661 -0.002290
1030000 -0.038353 -0.002325
1031000 -0.024454 -0.002346
1032000 -0.033981 -0.002377
1033000 -0.053212 -0.002426
1034000 -0.055867 -0.002478
1035000 -0.038280 -0.002512
1036000 -0.048315 -0.002556
1037000 -0.039474 -0.002592
1038000 -0.038245 -0.002626
1039000 -0.044299 -0.002666
1040000 -0.035121 -0.002698
1041000 -0.038463 -0.002732
1042000 -0.039943 -0.002768
1043000 -0.037818 -0.002801
1044000 -0.032197 -0.002830
1045000 -0.044469 -0.002869
1046000 -0.061262 -0.002925
1047000 -0.053835 -0.002974
1048000 -0.041056 -0.003010
1049000 -0.010806 -0.003018
1050000 -0.038801 -0.003052
1051000 -0.055013 -0.003101
1052000 -0.039762 -0.003136
1053000 -0.037772 -0.003169
1054000 -0.028657 -0.003193
1055000 -0.045223 -0.003233
1056000 -0.052408 -0.003279
1057000 -0.049502 -0.003323
1058000 -0.044127 -0.003362
1059000 -0.029162 -0.003386
1060000 -0.004905 -0.003388
1061000 -0.019022 -0.003402
1062000 -0.032084 -0.003429
1063000 -0.019400 -0.003444
1064000 -0.005027 -0.003446
1065000 -0.004463 -0.003447
1066000 -0.017347 -0.003460
1067000 -0.004525 -0.003461
1068000 -0.009186 -0.003466
1069000 -0.029256 -0.003490
1070000 -0.004082 -0.003491
1071000 -0.010876 -0.003498
1072000 -0.004624 -0.003499
1073000 -0.007737 -0.003503
1074000 -0.034229 -0.003531
1075000 -0.042030 -0.003567
1076000 -0.009036 -0.003572
1077000 0.019087 -0.003551
1078000 -0.010567 -0.003558
1079000 0.020190 -0.003536
1080000 0.048404 -0.003488
1081000 0.044568 -0.003443
1082000 0.057094 -0.003387
1083000 0.053786 -0.003334
1084000 0.075773 -0.003261
1085000 0.086871 -0.003178
1086000 0.074252 -0.003107
1087000 0.109228 -0.003004
1088000 0.096619 -0.002912
1089000 0.099173 -0.002818
1090000 0.118475 -0.002707
1091000 0.091919 -0.002620
1092000 0.097326 -0.002529
1093000 0.119144 -0.002418
1094000 0.099072 -0.002325
1095000 0.063621 -0.002265
1096000 0.044553 -0.002222
1097000 0.031715 -0.002191
1098000 0.012871 -0.002177
1099000 0.032870 -0.002145
1100000 0.037953 -0.002109
1101000 0.047164 -0.002064
1102000 0.045321 -0.002021
1103000 0.023905 -0.001998
1104000 -0.001420 -0.001997
1105000 0.000916 -0.001994
1106000 -0.007003 -0.001999
1107000 0.004570 -0.001993
1108000 0.018542 -0.001974
1109000 -0.018539 -0.001989
1110000 0.002188 -0.001986
1111000 -0.013003 -0.001996
1112000 -0.009521 -0.002002
1113000 -0.001991 -0.002002
1114000 -0.007575 -0.002007
1115000 -0.009283 -0.002014
1116000 -0.005170 -0.002017
1117000 -0.000633 -0.002015
1118000 -0.016899 -0.002029
1119000 0.026159 -0.002004
1120000 -0.011132 -0.002012
1121000 0.012520 -0.001999
1122000 0.014511 -0.001984
1123000 0.010922 -0.001973
1124000 -0.006112 -0.001976
1125000 -0.005798 -0.001980
1126000 0.005256 -0.001973
1127000 0.017661 -0.001956
1128000 0.019641 -0.001937
1129000 0.016110 -0.001921
1130000 0.024888 -0.001897
1131000 0.025227 -0.001873
1132000 0.015723 -0.001857
1133000 0.006466 -0.001850
1134000 -0.002999 -0.001851
1135000 0.003312 -0.001846
1136000 0.012667 -0.001834
1137000 0.031294 -0.001805
1138000 0.000699 -0.001802
1139000 0.018492 -0.001785
1140000 -0.009149 -0.001791
1141000 0.000201 -0.001789
1142000 0.036838 -0.001755
1143000 0.008371 -0.001747
1144000 0.005680 -0.001740
1145000 0.016461 -0.001724
1146000 0.037099 -0.001690
1147000 0.027934 -0.001664
1148000 0.032481 -0.001635
1149000 0.043933 -0.001595
1150000 0.079384 -0.001525
1151000 0.056320 -0.001474
1152000 0.027278 -0.001449
1153000 0.010831 -0.001439
1154000 0.003361 -0.001435
1155000 0.003666 -0.001430
1156000 0.010418 -0.001420
1157000 0.012519 -0.001408
1158000 0.000056 -0.001407
1159000 -0.012521 -0.001416
1160000 -0.003981 -0.001418
1161000 0.001503 -0.001416
1162000 -0.018888 -0.001431
1163000 -0.023648 -0.001450
1164000 -0.038019 -0.001482
1165000 -0.034914 -0.001510
1166000 -0.022344 -0.001528
1167000 -0.045795 -0.001566
1168000 -0.059732 -0.001616
1169000 -0.030049 -0.001640
1170000 -0.021281 -0.001657
1171000 -0.005693 -0.001660
1172000 -0.034834 -0.001689
1173000 -0.026927 -0.001710
1174000 -0.018208 -0.001724
1175000 -0.009460 -0.001731
1176000 -0.014508 -0.001742
1177000 -0.019551 -0.001757
1178000 -0.002331 -0.001757
1179000 -0.015377 -0.001769
1180000 -0.022216 -0.001786
1181000 -0.016407 -0.001799
1182000 -0.014035 -0.001809
1183000 -0.007927 -0.001814
1184000 -0.033591 -0.001841
1185000 0.008410 -0.001832
1186000 -0.011674 -0.001841
1187000 0.013806 -0.001827
1188000 -0.001665 -0.001827
1189000 -0.012240 -0.001836
1190000 -0.005907 -0.001839
1191000 -0.026147 -0.001860
1192000 -0.008339 -0.001865
1193000 0.015848 -0.001850
1194000 -0.006990 -0.001855
1195000 -0.019744 -0.001870
1196000 -0.029888 -0.001893
1197000 -0.040297 -0.001925
1198000 -0.020253 -0.001941
1199000 0.030110 -0.001914
1200000 -0.012629 -0.001923
1201000 -0.009180 -0.001929
1202000 -0.012943 -0.001938
1203000 -0.005208 -0.001941
1204000 0.001843 -0.001938
1205000 -0.007725 -0.001942
1206000 0.012743 -0.001930
1207000 0.051875 -0.001886
1208000 0.032707 -0.001857
1209000 0.021472 -0.001838
1210000 0.032528 -0.001809
1211000 0.026341 -0.001786
1212000 0.048249 -0.001745
1213000 0.014754 -0.001731
1214000 0.023682 -0.001710
1215000 0.042195 -0.001674
1216000 0.042806 -0.001637
1217000 0.026281 -0.001614
1218000 0.020140 -0.001597
1219000 -0.005200 -0.001600
1220000 -0.016167 -0.001612
1221000 -0.010432 -0.001619
1222000 -0.007965 -0.001624
1223000 -0.010665 -0.001631
1224000 -0.006775 -0.001636
1225000 0.014257 -0.001623
1226000 0.018042 -0.001607
1227000 0.033467 -0.001578
1228000 0.024888 -0.001556
1229000 0.026501 -0.001534
1230000 -0.021409 -0.001550
1231000 -0.007912 -0.001555
1232000 -0.001944 -0.001555
1233000 -0.011626 -0.001563
1234000 -0.037613 -0.001593
1235000 -0.046842 -0.001629
1236000 -0.043811 -0.001663
1237000 -0.022793 -0.001680
1238000 -0.027811 -0.001702
1239000 -0.012873 -0.001711
1240000 -0.027970 -0.001732
1241000 -0.003729 -0.001733
1242000 -0.012416 -0.001742
1243000 0.002606 -0.001738
1244000 -0.012947 -0.001747
1245000 -0.046298 -0.001783
1246000 -0.020357 -0.001798
1247000 -0.035347 -0.001825
1248000 -0.025611 -0.001844
1249000 -0.017638 -0.001857
1250000 -0.037682 -0.001885
1251000 -0.016328 -0.001897
1252000 -0.024945 -0.001915
1253000 -0.017171 -0.001928
1254000 0.002541 -0.001924
1255000 -0.009797 -0.001930
1256000 -0.023049 -0.001947
1257000 -0.026879 -0.001967
1258000 -0.024796 -0.001985
1259000 -0.011732 -0.001993
1260000 -0.035539 -0.002019
1261000 -0.001106 -0.002019
1262000 -0.016946 -0.002031
1263000 -0.015558 -0.002041
1264000 -0.055341 -0.002083
1265000 -0.040130 -0.002113
1266000 -0.018953 -0.002127
1267000 0.028876 -0.002102
1268000 0.012115 -0.002091
1269000 0.015500 -0.002077
1270000 0.016632 -0.002063
1271000 0.015408 -0.002049
1272000 -0.003645 -0.002050
1273000 -0.001916 -0.002050
1274000 0.031241 -0.002024
1275000 0.024919 -0.002003
1276000 0.004688 -0.001997
1277000 0.024754 -0.001976
1278000 0.011867 -0.001966
1279000 0.023902 -0.001945
1280000 0.017193 -0.001930
1281000 0.033315 -0.001903
1282000 0.002057 -0.001900
1283000 0.028667 -0.001876
1284000 -0.003885 -0.001878
1285000 0.006350 -0.001871
1286000 -0.000164 -0.001870
1287000 0.008610 -0.001862
1288000 -0.007643 -0.001866
1289000 -0.015502 -0.001877
1290000 -0.022734 -0.001893
1291000 -0.014144 -0.001902
1292000 -0.023187 -0.001919
1293000 -0.026253 -0.001938
1294000 -0.053242 -0.001977
1295000 -0.020169 -0.001991
1296000 -0.026831 -0.002011
1297000 -0.015982 -0.002021
1298000 -0.038886 -0.002050
1299000 -0.050331 -0.002087
1300000 -0.039823 -0.002116
1301000 -0.045576 -0.002149
1302000 -0.046997 -0.002184
1303000 -0.031840 -0.002207
1304000 -0.042207 -0.002237
1305000 -0.031659 -0.002260
1306000 -0.022324 -0.002275
1307000 -0.028331 -0.002295
1308000 -0.012613 -0.002303
1309000 -0.027751 -0.002322
1310000 -0.071253 -0.002375
1311000 -0.058838 -0.002418
1312000 -0.049385 -0.002454
1313000 -0.065521 -0.002502
1314000 -0.071323 -0.002554
1315000 -0.048134 -0.002589
1316000 -0.054133 -0.002628
1317000 -0.025117 -0.002645
1318000 -0.045077 -0.002677
1319000 -0.042253 -0.002707
1320000 -0.042394 -0.002737
1321000 -0.016033 -0.002748
1322000 -0.041418 -0.002777
1323000 -0.045707 -0.002809
1324000 -0.076353 -0.002865
1325000 -0.068350 -0.002914
1326000 -0.028957 -0.002934
1327000 -0.031013 -0.002955
1328000 -0.055083 -0.002994
1329000 -0.036349 -0.003019
1330000 -0.036525 -0.003045
1331000 -0.028468 -0.003064
1332000 -0.047554 -0.003097
1333000 -0.042819 -0.003127
1334000 -0.022894 -0.003142
1335000 -0.024914 -0.003158
1336000 0.011432 -0.003147
1337000 0.007032 -0.003139
1338000 0.017726 -0.003124
1339000 0.012507 -0.003112
1340000 0.009537 -0.003103
1341000 0.026041 -0.003081
1342000 -0.002524 -0.003081
1343000 -0.004576 -0.003082
1344000 0.014051 -0.003069
1345000 -0.030192 -0.003089
1346000 -0.042876 -0.003119
1347000 -0.037702 -0.003144
1348000 -0.021276 -0.003158
1349000 0.008423 -0.003149
1350000 -0.003835 -0.003150
1351000 0.000352 -0.003147
1352000 -0.000873 -0.003145
1353000 0.002049 -0.003142
1354000 0.007107 -0.003134
1355000 -0.001393 -0.003133
1356000 -0.011326 -0.003139
1357000 -0.000069 -0.003137
1358000 0.019838 -0.003120
1359000 0.022823 -0.003101
1360000 0.014081 -0.003088
1361000 0.029845 -0.003064
1362000 0.020546 -0.003046
1363000 0.042617 -0.003013
1364000 0.034308 -0.002986
1365000 0.023365 -0.002966
1366000 0.013634 -0.002954
1367000 0.001220 -0.002951
1368000 0.023966 -0.002931
1369000 0.030736 -0.002907
1370000 0.013070 -0.002895
1371000 -0.009195 -0.002900
1372000 -0.017530 -0.002910
1373000 0.001677 -0.002907
1374000 -0.006482 -0.002910
1375000 0.004473 -0.002904
1376000 0.009135 -0.002895
1377000 0.025552 -0.002875
1378000 0.014202 -0.002862
1379000 0.020518 -0.002845
1380000 0.006985 -0.002838
1381000 -0.011726 -0.002845
1382000 0.013927 -0.002833
1383000 0.016894 -0.002818
1384000 0.008746 -0.002810
1385000 0.041655 -0.002778
1386000 0.005371 -0.002772
1387000 0.008421 -0.002764
1388000 0.024865 -0.002744
1389000 0.031958 -0.002719
1390000 0.066859 -0.002669
1391000 0.026566 -0.002648
1392000 0.025055 -0.002628
1393000 0.023714 -0.002609
1394000 0.008736 -0.002601
1395000 -0.003184 -0.002601
1396000 0.038761 -0.002572
1397000 0.015585 -0.002559
1398000 0.010754 -0.002549
1399000 0.011312 -0.002539
1400000 0.011463 -0.002529
1401000 0.024377 -0.002510
1402000 0.018509 -0.002495
1403000 0.010269 -0.002486
1404000 -0.031230 -0.002507
1405000 -0.050781 -0.002541
1406000 -0.035678 -0.002565
1407000 -0.055461 -0.002602
1408000 -0.067570 -0.002648
1409000 -0.070082 -0.002696
1410000 -0.045944 -0.002727
1411000 -0.067205 -0.002772
1412000 -0.055238 -0.002810
1413000 -0.050913 -0.002844
1414000 -0.031142 -0.002864
1415000 -0.056283 -0.002901
1416000 -0.035089 -0.002924
1417000 -0.040798 -0.002951
1418000 -0.069648 -0.002998
1419000 -0.035972 -0.003021
1420000 -0.054629 -0.003058
1421000 -0.040593 -0.003084
1422000 -0.043536 -0.003112
1423000 -0.056099 -0.003150
1424000 -0.058538 -0.003189
1425000 -0.048716 -0.003220
1426000 -0.048910 -0.003253
1427000 -0.065051 -0.003296
1428000 -0.089635 -0.003356
1429000 -0.105316 -0.003428
1430000 -0.073588 -0.003477
1431000 -0.075170 -0.003527
1432000 -0.065263 -0.003570
1433000 -0.077705 -0.003622
1434000 -0.076895 -0.003673
1435000 -0.063106 -0.003714
1436000 -0.057969 -0.003752
1437000 -0.061971 -0.003792
1438000 -0.067455 -0.003837
1439000 -0.081162 -0.003890
1440000 -0.046517 -0.003920
1441000 -0.060035 -0.003959
1442000 -0.081819 -0.004013
1443000 -0.061885 -0.004053
1444000 -0.044737 -0.004081
1445000 -0.032277 -0.004101
1446000 -0.033222 -0.004121
1447000 -0.043664 -0.004148
1448000 -0.042617 -0.004175
1449000 -0.043365 -0.004202
1450000 -0.054352 -0.004236
1451000 -0.051111 -0.004269
1452000 -0.046731 -0.004298
1453000 -0.061583 -0.004337
1454000 -0.034623 -0.004358
1455000 -0.014341 -0.004365
1456000 -0.040108 -0.004390
1457000 -0.037402 -0.004412
1458000 -0.029621 -0.004430
1459000 -0.048794 -0.004460
1460000 -0.039762 -0.004484
1461000 -0.023339 -0.004497
1462000 0.000493 -0.004494
1463000 -0.008923 -0.004497
1464000 -0.025869 -0.004511
1465000 -0.016870 -0.004520
1466000 -0.016034 -0.004528
1467000 0.008282 -0.004519
1468000 -0.010249 -0.004523
1469000 -0.008724 -0.004526
1470000 0.006522 -0.004518
1471000 -0.001288 -0.004516
1472000 -0.023937 -0.004529
1473000 0.005421 -0.004522
1474000 0.024188 -0.004503
1475000 0.004644 -0.004497
1476000 -0.010929 -0.004501
1477000 0.017983 -0.004486
1478000 0.017106 -0.004471
1479000 0.000010 -0.004468
1480000 -0.001153 -0.004466
1481000 0.048800 -0.004430
1482000 0.041450 -0.004399
1483000 0.027285 -0.004378
1484000 0.034813 -0.004351
1485000 0.000095 -0.004348
1486000 -0.014019 -0.004355
1487000 -0.001891 -0.004353
1488000 -0.013280 -0.004359
1489000 0.028818 -0.004337
1490000 0.026776 -0.004316
1491000 0.022808 -0.004298
1492000 0.056856 -0.004257
1493000 0.039718 -0.004227
1494000 -0.019757 -0.004238
1495000 0.019695 -0.004222
1496000 0.045380 -0.004189
1497000 0.050659 -0.004152
1498000 0.040669 -0.004122
1499000 0.043120 -0.004090
1500000 0.039595 -0.004061
1501000 0.078289 -0.004006
1502000 0.060119 -0.003964
1503000 0.061834 -0.003920
1504000 0.040809 -0.003890
1505000 0.054150 -0.003852
1506000 0.060207 -0.003809
1507000 0.032176 -0.003785
1508000 0.056225 -0.003745
1509000 0.034615 -0.003720
1510000 0.049201 -0.003685
1511000 0.052710 -0.003648
1512000 0.006816 -0.003641
1513000 0.008173 -0.003633
1514000 -0.031003 -0.003651
1515000 -0.003979 -0.003651
1516000 -0.026571 -0.003666
1517000 0.003059 -0.003662
1518000 0.019062 -0.003647
1519000 0.030869 -0.003624
1520000 0.034619 -0.003599
1521000 0.025582 -0.003580
1522000 0.014199 -0.003568
1523000 0.005519 -0.003562
1524000 -0.001077 -0.003561
1525000 0.015672 -0.003548
1526000 -0.010102 -0.003552
1527000 -0.028922 -0.003569
1528000 -0.022437 -0.003581
1529000 -0.034089 -0.003601
1530000 -0.027401 -0.003617
1531000 -0.013293 -0.003623
1532000 0.034628 -0.003598
1533000 0.014424 -0.003586
1534000 -0.026019 -0.003601
1535000 -0.018228 -0.003611
1536000 -0.021619 -0.003622
1537000 -0.023328 -0.003635
1538000 0.004867 -0.003630
1539000 -0.001669 -0.003628
1540000 -0.017753 -0.003637
1541000 0.003152 -0.003633
1542000 0.026142 -0.003614
1543000 -0.016753 -0.003622
1544000 -0.001286 -0.003621
1545000 -0.008292 -0.003624
1546000 -0.020558 -0.003635
1547000 0.011377 -0.003625
1548000 -0.028148 -0.003641
1549000 -0.005222 -0.003642
1550000 -0.041296 -0.003666
1551000 -0.000621 -0.003664
1552000 -0.006033 -0.003666
1553000 0.023333 -0.003648
1554000 -0.011787 -0.003654
1555000 -0.015343 -0.003661
1556000 -0.006520 -0.003663
1557000 -0.027530 -0.003678
1558000 -0.010812 -0.003683
1559000 -0.011846 -0.003688
1560000 -0.024063 -0.003701
1561000 -0.011560 -0.003706
1562000 -0.005873 -0.003708
1563000 -0.010854 -0.003712
1564000 -0.026394 -0.003727
1565000 -0.037088 -0.003748
1566000 -0.018710 -0.003758
1567000 -0.047111 -0.003785
1568000 -0.079663 -0.003834
1569000 -0.083114 -0.003884
1570000 -0.054673 -0.003916
1571000 -0.037038 -0.003938
1572000 -0.009541 -0.003941
1573000 -0.006385 -0.003943
1574000 0.017677 -0.003929
1575000 0.011942 -0.003919
1576000 0.005523 -0.003913
1577000 -0.043198 -0.003938
1578000 -0.032222 -0.003956
1579000 -0.021991 -0.003967
1580000 0.000894 -0.003964
1581000 0.011188 -0.003954
1582000 0.014312 -0.003943
1583000 0.023682 -0.003925
1584000 0.010661 -0.003916
1585000 -0.002219 -0.003915
1586000 -0.011534 -0.003920
1587000 -0.007257 -0.003922
1588000 0.010909 -0.003913
1589000 -0.003724 -0.003913
1590000 0.003781 -0.003908
1591000 0.006779 -0.003901
1592000 0.035762 -0.003876
1593000 -0.003046 -0.003876
1594000 0.036641 -0.003850
1595000 0.032925 -0.003827
1596000 0.027041 -0.003808
1597000 0.022852 -0.003791
1598000 0.034083 -0.003767
1599000 0.027974 -0.003748
1600000 0.025231 -0.003729
1601000 0.007586 -0.003722
1602000 0.029937 -0.003701
1603000 0.019383 -0.003687
1604000 0.019687 -0.003672
1605000 0.029951 -0.003651
1606000 0.017402 -0.003638
1607000 0.033006 -0.003616
1608000 0.009049 -0.003608
1609000 0.016457 -0.003595
1610000 -0.002114 -0.003594
1611000 -0.010214 -0.003598
1612000 -0.013739 -0.003605
1613000 -0.014038 -0.003611
1614000 -0.016894 -0.003619
1615000 0.003605 -0.003615
1616000 -0.016365 -0.003623
1617000 -0.014719 -0.003630
1618000 -0.021376 -0.003641
1619000 0.001893 -0.003637
1620000 -0.005728 -0.003638
1621000 0.031410 -0.003617
1622000 0.031049 -0.003595
1623000 0.042510 -0.003567
1624000 0.008548 -0.003560
1625000 0.001881 -0.003556
1626000 0.014447 -0.003545
1627000 -0.028729 -0.003561
1628000 -0.026459 -0.003575
1629000 -0.007444 -0.003577
1630000 0.018681 -0.003563
1631000 0.007553 -0.003557
1632000 0.010965 -0.003548
1633000 -0.031970 -0.003565
1634000 -0.013472 -0.003571
1635000 0.043916 -0.003542
1636000 0.024304 -0.003525
1637000 0.005678 -0.003520
1638000 -0.001464 -0.003518
1639000 0.003321 -0.003514
1640000 0.012048 -0.003505
1641000 0.011969 -0.003495
1642000 -0.005087 -0.003496
1643000 -0.003209 -0.003496
1644000 0.002371 -0.003492
1645000 -0.002943 -0.003492
1646000 0.030705 -0.003471
1647000 -0.008989 -0.003475
1648000 -0.039559 -0.003497
1649000 0.003242 -0.003492
1650000 0.011133 -0.003484
1651000 0.012797 -0.003474
1652000 0.021023 -0.003459
1653000 -0.022219 -0.003470
1654000 -0.004198 -0.003471
1655000 -0.023378 -0.003483
1656000 -0.008179 -0.003486
1657000 0.014403 -0.003475
1658000 -0.009917 -0.003479
1659000 -0.003683 -0.003479
1660000 -0.000202 -0.003477
1661000 -0.007973 -0.003480
1662000 -0.025646 -0.003493
1663000 -0.007813 -0.003495
1664000 -0.007522 -0.003498
1665000 -0.007388 -0.003500
1666000 -0.014753 -0.003507
1667000 -0.018358 -0.003516
1668000 -0.019840 -0.003526
1669000 -0.043055 -0.003549
1670000 -0.033553 -0.003567
1671000 -0.009593 -0.003571
1672000 -0.001222 -0.003569
1673000 -0.002178 -0.003569
1674000 -0.049957 -0.003596
1675000 -0.022299 -0.003608
1676000 -0.039544 -0.003629
1677000 -0.028171 -0.003644
1678000 -0.035282 -0.003662
1679000 -0.032626 -0.003680
1680000 -0.062659 -0.003715
1681000 -0.055195 -0.003745
1682000 -0.040911 -0.003768
1683000 -0.040291 -0.003789
1684000 -0.064461 -0.003825
1685000 -0.067060 -0.003863
1686000 -0.082425 -0.003909
1687000 -0.090239 -0.003961
1688000 -0.075430 -0.004003
1689000 -0.078819 -0.004047
1690000 -0.075198 -0.004089
1691000 -0.047623 -0.004115
1692000 -0.057417 -0.004147
1693000 -0.058682 -0.004179
1694000 -0.057492 -0.004210
1695000 -0.052145 -0.004239
1696000 -0.044945 -0.004263
1697000 -0.040642 -0.004284
1698000 -0.015341 -0.004290
1699000 -0.007951 -0.004293
1700000 -0.004111 -0.004293
1701000 -0.000992 -0.004291
1702000 -0.011240 -0.004295
1703000 0.013120 -0.004284
1704000 0.004330 -0.004279
1705000 0.015833 -0.004268
1706000 -0.049493 -0.004294
1707000 -0.003530 -0.004294
1708000 -0.032355 -0.004310
1709000 -0.047239 -0.004335
1710000 -0.033695 -0.004352
1711000 -0.036795 -0.004371
1712000 -0.055079 -0.004401
1713000 -0.066137 -0.004437
1714000 -0.048730 -0.004463
1715000 -0.048324 -0.004488
1716000 -0.070734 -0.004527
1717000 -0.038390 -0.004547
1718000 -0.062940 -0.004581
1719000 -0.041633 -0.004602
1720000 -0.055971 -0.004632
1721000 -0.076168 -0.004674
1722000 -0.046878 -0.004698
1723000 -0.060693 -0.004731
1724000 -0.090278 -0.004780
1725000 -0.079743 -0.004824
1726000 -0.088777 -0.004872
1727000 -0.062299 -0.004906
1728000 -0.022742 -0.004916
1729000 -0.051519 -0.004943
1730000 -0.034271 -0.004960
1731000 -0.018040 -0.004967
1732000 -0.063144 -0.005001
1733000 -0.086843 -0.005048
1734000 -0.089754 -0.005097
1735000 -0.066808 -0.005133
1736000 -0.062256 -0.005166
1737000 -0.080993 -0.005209
1738000 -0.106617 -0.005268
1739000 -0.063181 -0.005301
1740000 -0.055539 -0.005330
1741000 -0.062110 -0.005362
1742000 -0.065052 -0.005397
1743000 -0.056658 -0.005426
1744000 -0.050741 -0.005452
1745000 -0.055285 -0.005481
1746000 -0.074894 -0.005520
1747000 -0.091205 -0.005569
1748000 -0.079774 -0.005612
1749000 -0.077795 -0.005653
1750000 -0.079023 -0.005695
1751000 -0.073515 -0.005734
1752000 -0.091338 -0.005783
1753000 -0.080165 -0.005825
1754000 -0.069402 -0.005861
1755000 -0.080855 -0.005904
1756000 -0.083598 -0.005948
1757000 -0.043655 -0.005970
1758000 -0.079909 -0.006012
1759000 -0.095761 -0.006063
1760000 -0.040786 -0.006083
1761000 -0.036850 -0.006100
1762000 -0.056265 -0.006129
1763000 -0.050702 -0.006154
1764000 -0.110551 -0.006213
1765000 -0.060804 -0.006244
1766000 -0.075986 -0.006283
1767000 -0.069289 -0.006319
1768000 -0.039859 -0.006338
1769000 -0.066587 -0.006372
1770000 -0.068444 -0.006407
1771000 -0.076986 -0.006447
1772000 -0.070569 -0.006483
1773000 -0.075513 -0.006522
1774000 -0.059373 -0.006552
1775000 -0.075499 -0.006591
1776000 -0.061862 -0.006622
1777000 -0.077491 -0.006662
1778000 -0.062392 -0.006693
1779000 -0.095684 -0.006743
1780000 -0.059679 -0.006773
1781000 -0.047461 -0.006796
1782000 -0.073697 -0.006833
1783000 -0.042222 -0.006853
1784000 -0.052396 -0.006879
1785000 -0.056533 -0.006906
1786000 -0.056923 -0.006934
1787000 -0.065002 -0.006967
1788000 -0.053788 -0.006993
1789000 -0.053189 -0.007019
1790000 -0.055222 -0.007046
1791000 -0.038249 -0.007063
1792000 -0.057093 -0.007091
1793000 -0.027053 -0.007102
1794000 -0.016651 -0.007108
1795000 -0.017885 -0.007114
1796000 -0.062705 -0.007145
1797000 -0.058465 -0.007173
1798000 -0.045515 -0.007195
1799000 -0.043314 -0.007215
1800000 -0.038503 -0.007232
1801000 -0.030756 -0.007245
1802000 -0.021727 -0.007253
1803000 -0.028258 -0.007265
1804000 -0.009934 -0.007266
1805000 -0.007411 -0.007266
1806000 -0.013276 -0.007270
1807000 -0.045352 -0.007291
1808000 -0.031945 -0.007304
1809000 -0.035399 -0.007320
1810000 -0.033025 -0.007334
1811000 0.005765 -0.007327
1812000 -0.015573 -0.007331
1813000 -0.029341 -0.007344
1814000 -0.034177 -0.007358
1815000 -0.022102 -0.007366
1816000 -0.018329 -0.007372
1817000 -0.025125 -0.007382
1818000 -0.012698 -0.007385
1819000 -0.020949 -0.007393
1820000 -0.005573 -0.007392
1821000 -0.043854 -0.007412
1822000 -0.016868 -0.007417
1823000 -0.037050 -0.007433
1824000 -0.057890 -0.007461
1825000 -0.039556 -0.007478
1826000 -0.064048 -0.007509
1827000 -0.052268 -0.007534
1828000 -0.023738 -0.007543
1829000 -0.027563 -0.007554
1830000 -0.010891 -0.007555
1831000 -0.003795 -0.007553
1832000 -0.028737 -0.007565
1833000 -0.039219 -0.007582
1834000 -0.043016 -0.007602
1835000 -0.047377 -0.007623
1836000 -0.040618 -0.007641
1837000 -0.046793 -0.007663
1838000 -0.030462 -0.007675
1839000 -0.038920 -0.007692
1840000 -0.050823 -0.007715
1841000 -0.056846 -0.007742
1842000 -0.058212 -0.007769
1843000 -0.032383 -0.007783
1844000 -0.024645 -0.007792
1845000 -0.022424 -0.007800
1846000 -0.026310 -0.007810
1847000 -0.040721 -0.007828
1848000 -0.022853 -0.007836
1849000 -0.043521 -0.007855
1850000 -0.009080 -0.007856
1851000 -0.015626 -0.007860
1852000 -0.011118 -0.007862
1853000 0.005386 -0.007855
1854000 0.004941 -0.007848
1855000 0.020606 -0.007832
1856000 0.025184 -0.007815
1857000 -0.003667 -0.007812
1858000 0.018107 -0.007798
1859000 0.002777 -0.007793
1860000 -0.009520 -0.007794
1861000 -0.014931 -0.007797
1862000 -0.005555 -0.007796
1863000 0.021330 -0.007781
1864000 0.025759 -0.007763
1865000 0.011681 -0.007752
1866000 0.022487 -0.007736
1867000 0.031297 -0.007715
1868000 0.034676 -0.007692
1869000 -0.002814 -0.007690
1870000 -0.023021 -0.007698
1871000 0.004312 -0.007692
1872000 -0.013338 -0.007695
1873000 -0.032018 -0.007708
1874000 0.012367 -0.007697
1875000 0.009624 -0.007688
1876000 0.008708 -0.007679
1877000 0.006813 -0.007671
1878000 -0.000942 -0.007668
1879000 0.006871 -0.007660
1880000 0.008726 -0.007651
1881000 0.013086 -0.007640
1882000 0.012961 -0.007629
1883000 0.009866 -0.007620
1884000 0.043941 -0.007593
1885000 0.009120 -0.007584
1886000 -0.035184 -0.007598
1887000 0.019740 -0.007584
1888000 0.024865 -0.007567
1889000 0.032233 -0.007546
1890000 0.032910 -0.007524
1891000 0.003266 -0.007518
1892000 0.020288 -0.007504
1893000 0.032631 -0.007483
1894000 0.036745 -0.007459
1895000 0.025064 -0.007442
1896000 0.014455 -0.007430
1897000 0.013135 -0.007420
1898000 -0.023309 -0.007428
1899000 0.004550 -0.007422
1900000 0.018278 -0.007408
1901000 0.015514 -0.007396
1902000 0.044905 -0.007369
1903000 0.007378 -0.007361
1904000 0.004372 -0.007355
1905000 0.009169 -0.007346
1906000 0.000665 -0.007342
1907000 0.005931 -0.007335
1908000 0.005939 -0.007328
1909000 -0.006739 -0.007328
1910000 -0.016100 -0.007332
1911000 -0.008360 -0.007333
1912000 0.017288 -0.007320
1913000 0.008171 -0.007312
1914000 0.026190 -0.007294
1915000 0.041511 -0.007269
1916000 0.025511 -0.007252
1917000 0.049334 -0.007222
1918000 0.030413 -0.007203
1919000 -0.026284 -0.007212
1920000 -0.009668 -0.007214
1921000 -0.020176 -0.007220
1922000 -0.022891 -0.007229
1923000 -0.011839 -0.007231
1924000 -0.016154 -0.007236
1925000 -0.021247 -0.007243
1926000 -0.020720 -0.007250
1927000 -0.004587 -0.007249
1928000 0.005544 -0.007242
1929000 0.041831 -0.007216
1930000 0.008584 -0.007208
1931000 0.021579 -0.007193
1932000 0.000837 -0.007189
1933000 0.011662 -0.007179
1934000 -0.008585 -0.007180
1935000 -0.019916 -0.007187
1936000 0.004933 -0.007181
1937000 0.006304 -0.007174
1938000 0.016270 -0.007161
1939000 0.022125 -0.007146
1940000 0.055293 -0.007114
1941000 0.086105 -0.007066
1942000 0.043244 -0.007040
1943000 0.041950 -0.007015
1944000 0.013561 -0.007004
1945000 0.054729 -0.006973
1946000 0.017056 -0.006960
1947000 0.006464 -0.006953
1948000 0.046373 -0.006926
1949000 0.022033 -0.006911
1950000 0.050808 -0.006882
1951000 0.041533 -0.006857
1952000 0.003908 -0.006851
1953000 0.049961 -0.006822
1954000 0.052086 -0.006792
1955000 0.029571 -0.006773
1956000 0.043815 -0.006748
1957000 0.046577 -0.006720
1958000 0.012539 -0.006711
1959000 0.012648 -0.006701
1960000 0.012611 -0.006691
1961000 -0.000355 -0.006688
1962000 0.005201 -0.006682
1963000 -0.006308 -0.006681
1964000 0.024567 -0.006665
1965000 0.021727 -0.006651
1966000 0.031299 -0.006632
1967000 0.030575 -0.006613
1968000 0.045706 -0.006586
1969000 0.007615 -0.006579
1970000 -0.002833 -0.006577
1971000 0.021341 -0.006563
1972000 0.037298 -0.006541
1973000 0.016867 -0.006529
1974000 0.008530 -0.006521
1975000 0.020920 -0.006507
1976000 0.025641 -0.006491
1977000 0.020225 -0.006477
1978000 0.036465 -0.006456
1979000 -0.010854 -0.006458
1980000 -0.030860 -0.006470
1981000 -0.005992 -0.006470
1982000 -0.013515 -0.006474
1983000 -0.016192 -0.006479
1984000 -0.032964 -0.006492
1985000 0.013201 -0.006482
1986000 0.034829 -0.006461
1987000 0.054173 -0.006431
1988000 -0.014450 -0.006435
1989000 0.005051 -0.006429
1990000 0.029101 -0.006411
1991000 0.011194 -0.006402
1992000 0.008840 -0.006395
1993000 0.019244 -0.006382
1994000 0.001706 -0.006378
1995000 0.003190 -0.006373
1996000 -0.003269 -0.006371
1997000 -0.005719 -0.006371
1998000 -0.020127 -0.006378
1999000 -0.031045 -0.006390
2000000 -0.022628 -0.006398
2001000 -0.015971 -0.006403
2002000 -0.005414 -0.006403
2003000 -0.001205 -0.006400
2004000 -0.022683 -0.006408
2005000 0.004889 -0.006402
2006000 -0.000573 -0.006400
2007000 0.018077 -0.006387
2008000 -0.020423 -0.006394
2009000 -0.002266 -0.006392
2010000 -0.000908 -0.006390
2011000 -0.024469 -0.006399
2012000 -0.001050 -0.006396
2013000 0.007209 -0.006389
2014000 0.000589 -0.006386
2015000 -0.008992 -0.006387
2016000 -0.021526 -0.006394
2017000 -0.037103 -0.006410
2018000 -0.011821 -0.006412
2019000 -0.030966 -0.006425
2020000 -0.003543 -0.006423
2021000 -0.007452 -0.006424
2022000 -0.026847 -0.006434
2023000 -0.066500 -0.006463
2024000 -0.029393 -0.006475
2025000 -0.029716 -0.006486
2026000 -0.041519 -0.006504
2027000 -0.019907 -0.006510
2028000 -0.034915 -0.006524
2029000 -0.050763 -0.006546
2030000 -0.035129 -0.006560
2031000 -0.028598 -0.006571
2032000 -0.018695 -0.006577
2033000 -0.029099 -0.006588
2034000 -0.029676 -0.006599
2035000 -0.030957 -0.006611
2036000 -0.033389 -0.006624
2037000 -0.041885 -0.006642
2038000 -0.053697 -0.006665
2039000 -0.044685 -0.006683
2040000 -0.046487 -0.006703
2041000 -0.028758 -0.006714
2042000 -0.038313 -0.006729
2043000 -0.043115 -0.006747
2044000 -0.033238 -0.006760
2045000 -0.016535 -0.006765
2046000 -0.055719 -0.006789
2047000 -0.056212 -0.006813
2048000 -0.024421 -0.006821
2049000 -0.049088 -0.006842
2050000 -0.062880 -0.006869
2051000 -0.072896 -0.006902
2052000 -0.072416 -0.006934
2053000 -0.079039 -0.006969
2054000 -0.072006 -0.007000
2055000 -0.071323 -0.007032
2056000 -0.035826 -0.007046
2057000 -0.038649 -0.007061
2058000 -0.065227 -0.007089
2059000 -0.075973 -0.007123
2060000 -0.079555 -0.007158
2061000 -0.070024 -0.007188
2062000 -0.027153 -0.007198
2063000 -0.075150 -0.007231
2064000 -0.064716 -0.007259
2065000 -0.066660 -0.007288
2066000 -0.034126 -0.007301
2067000 -0.053629 -0.007323
2068000 -0.054646 -0.007346
2069000 -0.038330 -0.007361
2070000 -0.025397 -0.007370
2071000 -0.024576 -0.007378
2072000 -0.015062 -0.007382
2073000 -0.009678 -0.007383
2074000 0.000254 -0.007379
2075000 0.013140 -0.007369
2076000 0.021734 -0.007355
2077000 0.003429 -0.007350
2078000 -0.001555 -0.007347
2079000 -0.014662 -0.007351
2080000 -0.035478 -0.007364
2081000 -0.033991 -0.007377
2082000 -0.054360 -0.007400
2083000 -0.020639 -0.007406
2084000 -0.015791 -0.007410
2085000 -0.001503 -0.007407
2086000 0.019299 -0.007394
2087000 0.018437 -0.007382
2088000 -0.005343 -0.007381
2089000 0.000458 -0.007377
2090000 -0.017275 -0.007382
2091000 -0.008572 -0.007382
2092000 -0.022731 -0.007390
2093000 -0.048446 -0.007409
2094000 -0.012552 -0.007412
2095000 -0.020426 -0.007418
2096000 -0.021580 -0.007425
2097000 -0.002764 -0.007423
2098000 -0.031222 -0.007434
2099000 -0.052376 -0.007455
2100000 -0.026394 -0.007464
2101000 0.000722 -0.007461
2102000 -0.038944 -0.007475
2103000 -0.019297 -0.007481
2104000 -0.037354 -0.007495
2105000 -0.050078 -0.007516
2106000 -0.031933 -0.007527
2107000 -0.034955 -0.007540
2108000 -0.035242 -0.007553
2109000 -0.015695 -0.007557
2110000 -0.009903 -0.007558
2111000 -0.043405 -0.007575
2112000 -0.041760 -0.007591
2113000 -0.035516 -0.007605
2114000 -0.006898 -0.007604
2115000 0.018416 -0.007592
2116000 0.010256 -0.007584
2117000 -0.006246 -0.007583
2118000 -0.019094 -0.007588
2119000 0.000268 -0.007585
2120000 0.012144 -0.007575
2121000 0.005496 -0.007569
2122000 -0.002572 -0.007567
2123000 0.015981 -0.007556
2124000 -0.013466 -0.007559
2125000 0.014628 -0.007548
2126000 0.030728 -0.007530
2127000 -0.015447 -0.007534
2128000 -0.042357 -0.007550
2129000 -0.025958 -0.007559
2130000 -0.005028 -0.007558
2131000 -0.007392 -0.007558
2132000 -0.055655 -0.007580
2133000 -0.012258 -0.007582
2134000 -0.025104 -0.007591
2135000 -0.049043 -0.007610
2136000 -0.058982 -0.007634
2137000 -0.082809 -0.007669
2138000 -0.081133 -0.007704
2139000 -0.059015 -0.007728
2140000 -0.052826 -0.007749
2141000 -0.061385 -0.007774
2142000 -0.079618 -0.007807
2143000 -0.100091 -0.007850
2144000 -0.082459 -0.007885
2145000 -0.068616 -0.007913
2146000 -0.046776 -0.007931
2147000 -0.050818 -0.007951
2148000 -0.063240 -0.007977
2149000 -0.062814 -0.008003
2150000 -0.041204 -0.008018
2151000 -0.046272 -0.008036
2152000 -0.046320 -0.008054
2153000 -0.062039 -0.008079
2154000 -0.048782 -0.008098
2155000 -0.026731 -0.008106
2156000 -0.048096 -0.008125
2157000 -0.016282 -0.008129
2158000 -0.013420 -0.008131
2159000 -0.008586 -0.008131
2160000 -0.030058 -0.008141
2161000 -0.039884 -0.008156
2162000 0.000360 -0.008152
2163000 -0.029326 -0.008162
2164000 -0.034645 -0.008174
2165000 -0.044341 -0.008191
2166000 -0.061911 -0.008216
2167000 -0.048947 -0.008235
2168000 -0.029700 -0.008244
2169000 -0.031429 -0.008255
2170000 -0.026265 -0.008263
2171000 -0.032842 -0.008275
2172000 -0.032846 -0.008286
2173000 -0.053300 -0.008307
2174000 -0.053469 -0.008328
2175000 -0.056812 -0.008350
2176000 -0.040952 -0.008365
2177000 -0.046181 -0.008382
2178000 -0.021280 -0.008388
2179000 -0.021913 -0.008394
2180000 -0.017815 -0.008399
2181000 -0.032045 -0.008410
2182000 -0.045398 -0.008426
2183000 -0.054679 -0.008448
2184000 -0.043104 -0.008464
2185000 -0.045831 -0.008481
2186000 -0.033679 -0.008492
2187000 -0.017153 -0.008496
2188000 -0.010811 -0.008497
2189000 -0.035241 -0.008509
2190000 0.012463 -0.008500
2191000 -0.025934 -0.008508
2192000 -0.029277 -0.008517
2193000 -0.041398 -0.008532
2194000 -0.068692 -0.008560
2195000 -0.049552 -0.008578
2196000 -0.052538 -0.008598
2197000 -0.065307 -0.008624
2198000 -0.051596 -0.008644
2199000 -0.072097 -0.008673
2200000 -0.061111 -0.008696
2201000 -0.035595 -0.008709
2202000 -0.052506 -0.008729
2203000 -0.026877 -0.008737
2204000 -0.033453 -0.008748
2205000 -0.036477 -0.008761
2206000 -0.054437 -0.008781
2207000 -0.031949 -0.008792
2208000 -0.037610 -0.008805
2209000 -0.077466 -0.008836
2210000 -0.066367 -0.008862
2211000 -0.011862 -0.008863
2212000 -0.039714 -0.008877
2213000 0.006464 -0.008870
2214000 -0.002666 -0.008867
2215000 0.005610 -0.008861
2216000 -0.027252 -0.008869
2217000 -0.038148 -0.008882
2218000 -0.050806 -0.008901
2219000 -0.059637 -0.008924
2220000 -0.029618 -0.008934
2221000 -0.025844 -0.008941
2222000 -0.026058 -0.008949
2223000 -0.040832 -0.008963
2224000 -0.026870 -0.008971
2225000 -0.031260 -0.008981
2226000 0.004260 -0.008975
2227000 -0.031466 -0.008985
2228000 -0.012542 -0.008987
2229000 -0.003372 -0.008984
2230000 -0.002960 -0.008982
2231000 -0.026832 -0.008990
2232000 -0.015494 -0.008993
2233000 -0.015581 -0.008996
2234000 -0.005350 -0.008994
2235000 -0.009824 -0.008994
2236000 -0.005325 -0.008993
2237000 -0.008839 -0.008993
2238000 -0.007792 -0.008992
2239000 -0.012476 -0.008994
2240000 -0.028840 -0.009003
2241000 -0.000766 -0.008999
2242000 -0.016275 -0.009002
2243000 -0.008541 -0.009002
2244000 -0.013490 -0.009004
2245000 0.003411 -0.008998
2246000 0.008295 -0.008991
2247000 0.011894 -0.008981
2248000 0.007899 -0.008974
2249000 0.003029 -0.008969
2250000 0.008047 -0.008961
2251000 0.012281 -0.008952
2252000 0.019660 -0.008939
2253000 0.013403 -0.008929
2254000 0.019042 -0.008917
2255000 0.008107 -0.008909
2256000 -0.002549 -0.008906
2257000 0.026999 -0.008890
2258000 0.043091 -0.008867
2259000 -0.010610 -0.008868
2260000 -0.013339 -0.008870
2261000 -0.019847 -0.008875
2262000 0.003097 -0.008870
2263000 0.000743 -0.008865
2264000 -0.019594 -0.008870
2265000 0.002018 -0.008865
2266000 -0.025232 -0.008872
2267000 -0.045037 -0.008888
2268000 0.001810 -0.008884
2269000 -0.039428 -0.008897
2270000 -0.016977 -0.008901
2271000 -0.010090 -0.008901
2272000 -0.023723 -0.008908
2273000 -0.018791 -0.008912
2274000 -0.014363 -0.008915
2275000 0.006779 -0.008908
2276000 -0.024999 -0.008915
2277000 0.013951 -0.008905
2278000 0.021115 -0.008891
2279000 0.003974 -0.008886
2280000 0.007164 -0.008879
2281000 0.005473 -0.008872
2282000 -0.008949 -0.008873
2283000 -0.029212 -0.008881
2284000 -0.038106 -0.008894
2285000 -0.046401 -0.008911
2286000 -0.066792 -0.008936
2287000 -0.015358 -0.008939
2288000 -0.029616 -0.008948
2289000 -0.021060 -0.008953
2290000 -0.037993 -0.008966
2291000 -0.018504 -0.008970
2292000 -0.038005 -0.008983
2293000 -0.023535 -0.008989
2294000 -0.029221 -0.008998
2295000 -0.006376 -0.008997
2296000 -0.030163 -0.009006
2297000 0.004142 -0.009000
2298000 0.015494 -0.008989
2299000 -0.002354 -0.008987
2300000 0.007923 -0.008979
2301000 0.012696 -0.008970
2302000 -0.002275 -0.008967
2303000 0.012687 -0.008957
2304000 0.016877 -0.008946
2305000 0.007766 -0.008939
2306000 -0.007430 -0.008938
2307000 -0.003753 -0.008936
2308000 -0.005287 -0.008935
2309000 -0.007099 -0.008934
2310000 -0.003036 -0.008931
2311000 -0.046530 -0.008947
2312000 -0.037305 -0.008960
2313000 -0.034436 -0.008971
2314000 -0.037440 -0.008983
2315000 -0.017044 -0.008987
2316000 0.020971 -0.008974
2317000 0.012989 -0.008964
2318000 -0.007839 -0.008964
2319000 0.011694 -0.008955
2320000 -0.010619 -0.008955
2321000 -0.015717 -0.008958
2322000 -0.006352 -0.008957
2323000 -0.048172 -0.008974
2324000 -0.010501 -0.008975
2325000 -0.019883 -0.008979
2326000 -0.020307 -0.008984
2327000 -0.012190 -0.008986
2328000 -0.065281 -0.009010
2329000 -0.038740 -0.009023
2330000 -0.034592 -0.009034
2331000 -0.038053 -0.009046
2332000 -0.037291 -0.009058
2333000 -0.033254 -0.009069
2334000 -0.029692 -0.009077
2335000 -0.026184 -0.009085
2336000 -0.010466 -0.009085
2337000 -0.020515 -0.009090
2338000 -0.030525 -0.009099
2339000 -0.021037 -0.009104
2340000 -0.028689 -0.009113
2341000 0.020552 -0.009100
2342000 0.015968 -0.009089
2343000 -0.002928 -0.009087
2344000 -0.000890 -0.009083
2345000 0.031436 -0.009066
2346000 0.034179 -0.009048
2347000 0.018443 -0.009036
2348000 0.030821 -0.009019
2349000 0.034294 -0.009001
2350000 0.032151 -0.008983
2351000 0.039159 -0.008963
2352000 0.048265 -0.008938
2353000 0.087533 -0.008897
2354000 0.064577 -0.008866
2355000 0.042845 -0.008844
2356000 0.028536 -0.008828
2357000 0.047905 -0.008804
2358000 0.035167 -0.008785
2359000 0.033789 -0.008767
2360000 0.032271 -0.008750
2361000 -0.015671 -0.008753
2362000 -0.015960 -0.008756
2363000 -0.024440 -0.008763
2364000 -0.029108 -0.008771
2365000 -0.015798 -0.008774
2366000 -0.007685 -0.008774
2367000 -0.010780 -0.008775
2368000 0.008772 -0.008767
2369000 -0.007467 -0.008767
2370000 -0.001862 -0.008764
2371000 0.004842 -0.008758
2372000 0.002453 -0.008753
2373000 -0.006166 -0.008752
2374000 0.032864 -0.008735
2375000 0.022630 -0.008721
2376000 0.048297 -0.008697
2377000 0.037803 -0.008678
2378000 0.035156 -0.008659
2379000 0.039239 -0.008639
2380000 0.049392 -0.008615
2381000 0.017090 -0.008604
2382000 0.008302 -0.008597
2383000 0.004146 -0.008592
2384000 -0.014228 -0.008594
2385000 0.030830 -0.008577
2386000 0.014002 -0.008568
2387000 0.012461 -0.008559
2388000 0.008155 -0.008552
2389000 0.009151 -0.008545
2390000 0.029357 -0.008529
2391000 0.023194 -0.008516
2392000 0.011801 -0.008507
2393000 0.029986 -0.008491
2394000 0.043957 -0.008469
2395000 0.038022 -0.008450
2396000 0.012626 -0.008441
2397000 0.012564 -0.008432
2398000 0.019850 -0.008420
2399000 -0.013875 -0.008423
2400000 0.006614 -0.008416
2401000 0.010240 -0.008409
2402000 0.004635 -0.008403
2403000 -0.005324 -0.008402
2404000 -0.009993 -0.008403
2405000 0.003343 -0.008398
2406000 -0.041011 -0.008411
2407000 -0.057189 -0.008432
2408000 -0.025162 -0.008439
2409000 -0.025680 -0.008446
2410000 -0.023491 -0.008452
2411000 -0.050575 -0.008469
2412000 -0.040164 -0.008483
2413000 -0.006520 -0.008482
2414000 -0.018690 -0.008486
2415000 -0.032513 -0.008496
2416000 -0.079596 -0.008525
2417000 -0.056934 -0.008545
2418000 -0.077570 -0.008574
2419000 -0.023819 -0.008580
2420000 -0.076964 -0.008608
2421000 -0.082039 -0.008639
2422000 -0.051085 -0.008656
2423000 -0.061823 -0.008678
2424000 -0.050324 -0.008695
2425000 -0.070934 -0.008721
2426000 -0.075899 -0.008749
2427000 -0.033950 -0.008759
2428000 -0.057618 -0.008779
2429000 -0.068344 -0.008804
2430000 -0.068433 -0.008828
2431000 -0.056462 -0.008848
2432000 -0.014702 -0.008850
2433000 -0.063840 -0.008873
2434000 -0.042615 -0.008887
2435000 -0.060070 -0.008908
2436000 -0.077023 -0.008936
2437000 -0.077603 -0.008964
2438000 -0.091691 -0.008998
2439000 -0.032538 -0.009008
2440000 -0.059267 -0.009028
2441000 -0.046974 -0.009044
2442000 -0.046400 -0.009059
2443000 -0.034719 -0.009070
2444000 -0.079270 -0.009098
2445000 -0.085249 -0.009129
2446000 -0.048984 -0.009146
2447000 -0.066464 -0.009169
2448000 -0.068277 -0.009193
2449000 -0.059345 -0.009214
2450000 -0.068681 -0.009238
2451000 -0.082193 -0.009268
2452000 -0.071999 -0.009293
2453000 -0.071789 -0.009319
2454000 -0.062125 -0.009340
2455000 -0.064724 -0.009363
2456000 -0.091004 -0.009396
2457000 -0.044640 -0.009410
2458000 -0.074280 -0.009437
2459000 -0.077840 -0.009465
2460000 -0.079731 -0.009493
2461000 -0.093238 -0.009527
2462000 -0.088592 -0.009559
2463000 -0.089509 -0.009592
2464000 -0.084524 -0.009622
2465000 -0.066324 -0.009645
2466000 -0.078286 -0.009673
2467000 -0.081818 -0.009702
2468000 -0.061388 -0.009723
2469000 -0.038337 -0.009735
2470000 -0.036271 -0.009746
2471000 -0.049198 -0.009762
2472000 -0.043526 -0.009775
2473000 -0.049146 -0.009791
2474000 -0.027336 -0.009798
2475000 -0.033801 -0.009808
2476000 -0.030013 -0.009816
2477000 -0.069048 -0.009840
2478000 -0.073051 -0.009866
2479000 -0.046186 -0.009880
2480000 -0.074980 -0.009906
2481000 -0.052439 -0.009924
2482000 -0.078944 -0.009951
2483000 -0.081559 -0.009980
2484000 -0.066389 -0.010003
2485000 -0.050269 -0.010019
2486000 -0.027424 -0.010026
2487000 -0.089392 -0.010058
2488000 -0.048958 -0.010074
2489000 -0.078427 -0.010101
2490000 -0.057228 -0.010120
2491000 -0.069514 -0.010144
2492000 -0.067235 -0.010167
2493000 -0.058996 -0.010186
2494000 -0.032020 -0.010195
2495000 -0.044515 -0.010209
2496000 -0.045897 -0.010223
2497000 -0.071460 -0.010248
2498000 -0.109867 -0.010288
2499000 -0.092076 -0.010320
2500000 -0.098412 -0.010356
2501000 -0.081602 -0.010384
2502000 -0.062504 -0.010405
2503000 -0.074689 -0.010431
2504000 -0.061845 -0.010451
2505000 -0.083004 -0.010480
2506000 -0.076765 -0.010507
2507000 -0.091426 -0.010539
2508000 -0.076338 -0.010565
2509000 -0.068953 -0.010588
2510000 -0.037090 -0.010599
2511000 -0.044964 -0.010613
2512000 -0.060090 -0.010632
2513000 -0.045731 -0.010646
2514000 -0.034185 -0.010656
2515000 -0.061053 -0.010676
2516000 -0.056447 -0.010694
2517000 -0.051442 -0.010710
2518000 -0.035199 -0.010720
2519000 -0.013933 -0.010721
2520000 -0.043846 -0.010734
2521000 -0.076049 -0.010760
2522000 -0.080327 -0.010788
2523000 -0.065483 -0.010809
2524000 -0.038369 -0.010820
2525000 -0.052086 -0.010837
2526000 -0.080728 -0.010864
2527000 -0.073804 -0.010889
2528000 -0.087349 -0.010919
2529000 -0.079845 -0.010947
2530000 -0.076203 -0.010972
2531000 -0.097689 -0.011007
2532000 -0.067014 -0.011029
2533000 -0.056855 -0.011047
2534000 -0.055673 -0.011065
2535000 -0.061422 -0.011084
2536000 -0.044211 -0.011097
2537000 -0.048596 -0.011112
2538000 -0.020184 -0.011116
2539000 -0.037870 -0.011126
2540000 -0.029786 -0.011134
2541000 -0.067300 -0.011156
2542000 -0.061247 -0.011176
2543000 -0.053017 -0.011192
2544000 -0.056494 -0.011210
2545000 -0.060979 -0.011229
2546000 -0.074898 -0.011254
2547000 -0.068961 -0.011277
2548000 -0.066746 -0.011299
2549000 -0.058507 -0.011317
2550000 -0.049967 -0.011332
2551000 -0.053398 -0.011349
2552000 -0.075576 -0.011374
2553000 -0.093361 -0.011406
2554000 -0.101612 -0.011442
2555000 -0.056795 -0.011459
2556000 -0.081854 -0.011487
2557000 -0.053890 -0.011503
2558000 -0.039395 -0.011514
2559000 -0.058769 -0.011533
2560000 -0.097498 -0.011566
2561000 -0.057268 -0.011584
2562000 -0.079650 -0.011611
2563000 -0.049915 -0.011626
2564000 -0.057599 -0.011644
2565000 -0.064605 -0.011664
2566000 -0.064262 -0.011685
2567000 -0.069469 -0.011707
2568000 -0.078640 -0.011733
2569000 -0.064221 -0.011754
2570000 -0.074461 -0.011778
2571000 -0.066116 -0.011799
2572000 -0.019210 -0.011802
2573000 -0.074056 -0.011826
2574000 -0.076612 -0.011852
2575000 -0.054246 -0.011868
2576000 -0.049853 -0.011883
2577000 -0.068675 -0.011905
2578000 -0.058548 -0.011923
2579000 -0.057804 -0.011941
2580000 -0.081919 -0.011968
2581000 -0.039137 -0.011978
2582000 -0.061334 -0.011997
2583000 -0.060427 -0.012016
2584000 -0.078471 -0.012042
2585000 -0.056135 -0.012059
2586000 -0.073580 -0.012083
2587000 -0.069597 -0.012105
2588000 -0.039241 -0.012116
2589000 -0.052665 -0.012131
2590000 -0.059680 -0.012150
2591000 -0.028976 -0.012156
2592000 -0.023394 -0.012160
2593000 -0.059208 -0.012179
2594000 -0.061766 -0.012198
2595000 -0.054276 -0.012214
2596000 -0.071111 -0.012237
2597000 -0.065194 -0.012257
2598000 -0.058727 -0.012275
2599000 -0.067851 -0.012296
2600000 -0.033847 -0.012304
2601000 -0.052309 -0.012320
2602000 -0.042112 -0.012331
2603000 -0.037236 -0.012341
2604000 -0.023438 -0.012345
2605000 -0.012269 -0.012345
2606000 -0.012163 -0.012345
2607000 -0.022731 -0.012349
2608000 -0.054194 -0.012365
2609000 -0.046496 -0.012378
2610000 -0.036418 -0.012387
2611000 -0.007861 -0.012386
2612000 -0.033945 -0.012394
2613000 -0.050271 -0.012408
2614000 -0.039518 -0.012419
2615000 -0.001117 -0.012414
2616000 0.008540 -0.012406
2617000 -0.004086 -0.012403
2618000 -0.003611 -0.012400
2619000 -0.015189 -0.012401
2620000 -0.031603 -0.012408
2621000 -0.011983 -0.012408
2622000 -0.018059 -0.012410
2623000 -0.041270 -0.012421
2624000 -0.056094 -0.012438
2625000 -0.042441 -0.012449
2626000 -0.058856 -0.012467
2627000 -0.027392 -0.012473
2628000 -0.047151 -0.012486
2629000 -0.030473 -0.012493
2630000 -0.036120 -0.012502
2631000 -0.051908 -0.012517
2632000 -0.080926 -0.012543
2633000 -0.055534 -0.012559
2634000 -0.057184 -0.012576
2635000 -0.035323 -0.012585
2636000 -0.038576 -0.012594
2637000 -0.012838 -0.012595
2638000 -0.016830 -0.012596
2639000 -0.010781 -0.012595
2640000 -0.021722 -0.012599
2641000 -0.004504 -0.012596
2642000 -0.009419 -0.012595
2643000 -0.042096 -0.012606
2644000 -0.045203 -0.012618
2645000 0.007038 -0.012611
2646000 -0.032661 -0.012618
2647000 -0.035792 -0.012627
2648000 -0.026244 -0.012632
2649000 -0.017114 -0.012634
2650000 -0.038392 -0.012644
2651000 -0.057318 -0.012660
2652000 -0.066999 -0.012681
2653000 -0.039032 -0.012691
2654000 -0.041422 -0.012702
2655000 -0.002457 -0.012698
2656000 -0.023122 -0.012702
2657000 0.020131 -0.012689
2658000 -0.002782 -0.012686
2659000 0.018857 -0.012674
2660000 0.004772 -0.012667
2661000 0.002336 -0.012662
2662000 0.013565 -0.012652
2663000 0.004525 -0.012645
2664000 -0.024078 -0.012650
2665000 -0.021468 -0.012653
2666000 -0.011754 -0.012653
2667000 -0.022067 -0.012656
2668000 0.011237 -0.012647
2669000 -0.008882 -0.012646
2670000 -0.002477 -0.012642
2671000 -0.012304 -0.012642
2672000 -0.026850 -0.012647
2673000 -0.060240 -0.012665
2674000 -0.002553 -0.012661
2675000 -0.034409 -0.012669
2676000 -0.045653 -0.012682
2677000 -0.012545 -0.012682
2678000 -0.022579 -0.012685
2679000 -0.016238 -0.012687
2680000 -0.039632 -0.012697
2681000 -0.030809 -0.012703
2682000 -0.004087 -0.012700
2683000 -0.038158 -0.012710
2684000 -0.026624 -0.012715
2685000 -0.040376 -0.012725
2686000 -0.038717 -0.012735
2687000 -0.022155 -0.012738
2688000 0.007685 -0.012731
2689000 -0.003523 -0.012727
2690000 0.011396 -0.012718
2691000 0.005490 -0.012712
2692000 -0.005861 -0.012709
2693000 -0.000208 -0.012704
2694000 -0.001996 -0.012700
2695000 -0.001228 -0.012696
2696000 -0.001182 -0.012692
2697000 -0.007578 -0.012690
2698000 -0.023017 -0.012694
2699000 -0.013220 -0.012694
2700000 0.000565 -0.012689
2701000 -0.021244 -0.012692
2702000 -0.028859 -0.012698
2703000 -0.007112 -0.012696
2704000 0.001790 -0.012691
2705000 -0.026851 -0.012696
2706000 -0.004715 -0.012693
2707000 0.007040 -0.012686
2708000 -0.025149 -0.012690
2709000 0.003422 -0.012684
2710000 -0.025597 -0.012689
2711000 -0.034288 -0.012697
2712000 -0.003650 -0.012694
2713000 -0.004136 -0.012691
2714000 0.008502 -0.012683
2715000 -0.012473 -0.012683
2716000 -0.018143 -0.012685
2717000 -0.008399 -0.012683
2718000 -0.020303 -0.012686
2719000 0.014660 -0.012676
2720000 -0.009688 -0.012675
2721000 0.031004 -0.012659
2722000 0.019456 -0.012647
2723000 0.019419 -0.012635
2724000 0.036331 -0.012617
2725000 0.035131 -0.012600
2726000 0.060443 -0.012573
2727000 0.026853 -0.012559
2728000 0.028214 -0.012544
2729000 0.045263 -0.012522
2730000 0.043547 -0.012502
2731000 0.020934 -0.012490
2732000 0.024692 -0.012476
2733000 0.008540 -0.012468
2734000 0.032903 -0.012452
2735000 0.029661 -0.012436
2736000 0.011721 -0.012428
2737000 -0.005841 -0.012425
2738000 -0.010145 -0.012424
2739000 -0.000661 -0.012420
2740000 -0.005215 -0.012417
2741000 -0.006587 -0.012415
2742000 0.022601 -0.012402
2743000 0.019862 -0.012391
2744000 0.032121 -0.012374
2745000 0.021348 -0.012362
2746000 0.012686 -0.012353
2747000 0.033034 -0.012337
2748000 0.010622 -0.012328
2749000 0.008193 -0.012321
2750000 0.016337 -0.012310
2751000 0.022412 -0.012298
2752000 0.016958 -0.012287
2753000 0.011618 -0.012278
2754000 0.005351 -0.012272
2755000 -0.024977 -0.012277
2756000 -0.000794 -0.012272
2757000 -0.016139 -0.012274
2758000 0.022019 -0.012261
2759000 -0.042145 -0.012272
2760000 -0.021923 -0.012276
2761000 -0.048569 -0.012289
2762000 -0.040700 -0.012299
2763000 -0.032084 -0.012306
2764000 -0.030682 -0.012313
2765000 -0.037525 -0.012322
2766000 -0.030906 -0.012329
2767000 -0.007652 -0.012327
2768000 -0.010993 -0.012327
2769000 0.012435 -0.012318
2770000 0.015151 -0.012308
2771000 0.028812 -0.012293
2772000 -0.010384 -0.012292
2773000 0.027198 -0.012278
2774000 0.021342 -0.012266
2775000 0.042561 -0.012246
2776000 0.020220 -0.012234
2777000 0.024802 -0.012221
2778000 0.011051 -0.012213
2779000 -0.004049 -0.012210
2780000 -0.001871 -0.012206
2781000 0.045505 -0.012185
2782000 0.046646 -0.012164
2783000 0.045593 -0.012143
2784000 0.034899 -0.012126
2785000 0.030294 -0.012111
2786000 0.039289 -0.012093
2787000 0.028131 -0.012078
2788000 0.024702 -0.012065
2789000 0.047842 -0.012044
2790000 0.023565 -0.012031
2791000 -0.003794 -0.012028
2792000 0.034056 -0.012011
2793000 0.036537 -0.011994
2794000 0.037478 -0.011976
2795000 -0.002914 -0.011973
2796000 0.019401 -0.011962
2797000 0.002532 -0.011957
2798000 0.018241 -0.011946
2799000 0.001199 -0.011941
2800000 0.010781 -0.011933
2801000 0.003986 -0.011927
2802000 0.029834 -0.011913
2803000 0.027989 -0.011898
2804000 0.013931 -0.011889
2805000 0.003392 -0.011884
2806000 0.000224 -0.011879
2807000 0.001554 -0.011875
2808000 -0.006006 -0.011872
2809000 -0.004845 -0.011870
2810000 0.020498 -0.011858
2811000 0.021363 -0.011847
2812000 -0.003144 -0.011844
2813000 -0.038563 -0.011853
2814000 -0.017703 -0.011855
2815000 -0.040208 -0.011865
2816000 -0.034401 -0.011873
2817000 -0.024326 -0.011878
2818000 -0.009705 -0.011877
2819000 -0.004300 -0.011874
2820000 0.004149 -0.011868
2821000 0.040450 -0.011850
2822000 0.008040 -0.011843
2823000 0.001920 -0.011838
2824000 -0.013001 -0.011838
2825000 0.000143 -0.011834
2826000 -0.029437 -0.011840
2827000 -0.014397 -0.011841
2828000 -0.021242 -0.011845
2829000 -0.037250 -0.011854
2830000 -0.030045 -0.011860
2831000 -0.040663 -0.011870
2832000 -0.046516 -0.011882
2833000 -0.031091 -0.011889
2834000 -0.027689 -0.011895
2835000 -0.033285 -0.011902
2836000 -0.048526 -0.011915
2837000 -0.008407 -0.011914
2838000 -0.040039 -0.011924
2839000 -0.002405 -0.011921
2840000 -0.000744 -0.011917
2841000 -0.023712 -0.011921
2842000 -0.036598 -0.011929
2843000 -0.041963 -0.011940
2844000 -0.018672 -0.011942
2845000 -0.013173 -0.011943
2846000 -0.038665 -0.011952
2847000 -0.009921 -0.011952
2848000 -0.029041 -0.011958
2849000 -0.029491 -0.011964
2850000 -0.001359 -0.011960
2851000 0.041176 -0.011941
2852000 0.048227 -0.011920
2853000 0.011202 -0.011912
2854000 0.029400 -0.011898
2855000 0.022499 -0.011886
2856000 0.006499 -0.011879
2857000 0.003406 -0.011874
2858000 0.025947 -0.011861
2859000 0.013508 -0.011852
2860000 0.034313 -0.011836
2861000 0.036725 -0.011819
2862000 0.050403 -0.011797
2863000 0.041381 -0.011778
2864000 0.054519 -0.011755
2865000 0.063451 -0.011729
2866000 0.057111 -0.011705
2867000 0.050830 -0.011683
2868000 0.081329 -0.011651
2869000 0.074312 -0.011621
2870000 0.065370 -0.011594
2871000 0.069054 -0.011566
2872000 0.062824 -0.011540
2873000 0.082941 -0.011507
2874000 0.046382 -0.011487
2875000 0.063678 -0.011461
2876000 0.051637 -0.011439
2877000 0.052575 -0.011416
2878000 0.036388 -0.011400
2879000 0.027481 -0.011386
2880000 0.069486 -0.011358
2881000 0.025586 -0.011345
2882000 0.006319 -0.011339
2883000 0.032937 -0.011324
2884000 0.026620 -0.011311
2885000 0.002575 -0.011306
2886000 0.033973 -0.011290
2887000 0.058501 -0.011266
2888000 0.041487 -0.011248
2889000 0.039192 -0.011230
2890000 0.042891 -0.011212
2891000 0.057780 -0.011188
2892000 0.065129 -0.011161
2893000 0.058065 -0.011137
2894000 0.048019 -0.011117
2895000 0.060599 -0.011092
2896000 0.074721 -0.011063
2897000 0.070229 -0.011035
2898000 0.084853 -0.011001
2899000 0.059780 -0.010977
2900000 0.081619 -0.010945
2901000 0.073084 -0.010916
2902000 0.092477 -0.010881
2903000 0.106674 -0.010840
2904000 0.055959 -0.010817
2905000 0.057143 -0.010794
2906000 0.056579 -0.010770
2907000 0.066807 -0.010744
2908000 0.102279 -0.010705
2909000 0.101542 -0.010666
2910000 0.124529 -0.010620
2911000 0.122800 -0.010574
2912000 0.093956 -0.010538
2913000 0.110685 -0.010497
2914000 0.060012 -0.010472
2915000 0.059756 -0.010448
2916000 0.042447 -0.010430
2917000 0.095761 -0.010394
2918000 0.048789 -0.010373
2919000 0.076761 -0.010344
2920000 0.067602 -0.010317
2921000 0.076388 -0.010287
2922000 0.072749 -0.010259
2923000 0.052444 -0.010237
2924000 0.064801 -0.010212
2925000 0.054980 -0.010189
2926000 0.076403 -0.010160
2927000 0.048261 -0.010140
2928000 0.057988 -0.010117
2929000 0.067465 -0.010090
2930000 0.054520 -0.010068
2931000 0.052727 -0.010047
2932000 0.075363 -0.010017
2933000 0.078265 -0.009987
2934000 0.059660 -0.009964
2935000 0.066086 -0.009938
2936000 0.075297 -0.009909
2937000 0.062355 -0.009884
2938000 0.079713 -0.009854
2939000 0.102479 -0.009815
2940000 0.051054 -0.009795
2941000 0.071875 -0.009767
2942000 0.079640 -0.009736
2943000 0.061435 -0.009712
2944000 0.051249 -0.009692
2945000 0.053805 -0.009670
2946000 0.034629 -0.009655
2947000 0.037574 -0.009639
2948000 0.020423 -0.009629
2949000 0.013749 -0.009621
2950000 0.011422 -0.009614
2951000 0.032469 -0.009599
2952000 0.025697 -0.009587
2953000 -0.009044 -0.009587
2954000 0.016783 -0.009578
2955000 0.015505 -0.009570
2956000 0.035869 -0.009555
2957000 -0.000861 -0.009552
2958000 0.016208 -0.009543
2959000 0.018713 -0.009533
2960000 0.015803 -0.009525
2961000 0.023676 -0.009514
2962000 -0.006387 -0.009513
2963000 0.037418 -0.009497
2964000 0.024230 -0.009485
2965000 0.028112 -0.009473
2966000 -0.013111 -0.009474
2967000 0.018635 -0.009464
2968000 0.020759 -0.009454
2969000 0.041942 -0.009437
2970000 0.054085 -0.009415
2971000 0.035673 -0.009400
2972000 0.037580 -0.009384
2973000 0.030315 -0.009371
2974000 0.036401 -0.009356
2975000 0.055793 -0.009334
2976000 0.030218 -0.009321
2977000 0.024774 -0.009309
2978000 0.012526 -0.009302
2979000 -0.008309 -0.009301
2980000 -0.016432 -0.009304
2981000 -0.013064 -0.009305
2982000 -0.012508 -0.009306
2983000 -0.025623 -0.009312
2984000 -0.033739 -0.009320
2985000 -0.039970 -0.009330
2986000 -0.038989 -0.009340
2987000 -0.013686 -0.009341
2988000 -0.004054 -0.009340
2989000 0.000374 -0.009336
2990000 0.025854 -0.009325
2991000 0.018699 -0.009315
2992000 -0.003991 -0.009314
2993000 0.001391 -0.009310
2994000 -0.032163 -0.009318
2995000 -0.011806 -0.009318
2996000 0.003421 -0.009314
2997000 -0.023352 -0.009319
2998000 -0.022584 -0.009323
2999000 -0.005125 -0.009322
3000000 -0.026446 -0.009328
