1000 -0.011976 -0.011976
2000 -0.038578 -0.025277
3000 -0.025368 -0.025307
4000 -0.055029 -0.032738
5000 -0.020244 -0.030239
6000 -0.018019 -0.028202
7000 -0.014570 -0.026255
8000 -0.014815 -0.024825
9000 -0.008833 -0.023048
10000 -0.026733 -0.023417
11000 -0.016455 -0.022784
12000 -0.031557 -0.023515
13000 -0.042593 -0.024982
14000 -0.038431 -0.025943
15000 -0.048659 -0.027457
16000 -0.056689 -0.029284
17000 -0.052749 -0.030665
18000 -0.031604 -0.030717
19000 -0.041383 -0.031278
20000 -0.055279 -0.032478
21000 -0.024306 -0.032089
22000 -0.057857 -0.033260
23000 -0.063287 -0.034566
24000 -0.049585 -0.035192
25000 -0.043673 -0.035531
26000 -0.044122 -0.035861
27000 -0.041315 -0.036063
28000 -0.013644 -0.035263
29000 -0.005697 -0.034243
30000 -0.049727 -0.034759
31000 -0.019309 -0.034261
32000 0.011048 -0.032845
33000 -0.025727 -0.032629
34000 -0.029668 -0.032542
35000 -0.027515 -0.032398
36000 -0.039052 -0.032583
37000 0.001753 -0.031655
38000 -0.040672 -0.031893
39000 -0.015491 -0.031472
40000 -0.016699 -0.031103
41000 -0.024053 -0.030931
42000 -0.006862 -0.030358
43000 -0.023446 -0.030197
44000 0.003802 -0.029424
45000 0.019999 -0.028326
46000 0.047962 -0.026667
47000 0.014213 -0.025798
48000 0.027673 -0.024684
49000 0.047833 -0.023204
50000 0.041418 -0.021911
51000 0.036064 -0.020775
52000 0.085314 -0.018734
53000 0.053845 -0.017365
54000 0.044560 -0.016218
55000 0.043533 -0.015132
56000 0.040421 -0.014140
57000 0.040948 -0.013173
58000 0.053108 -0.012031
59000 0.033550 -0.011258
60000 0.047933 -0.010272
61000 0.052405 -0.009244
62000 0.039116 -0.008464
63000 0.057806 -0.007412
64000 0.063771 -0.006300
65000 0.081077 -0.004956
66000 0.065454 -0.003889
67000 0.041025 -0.003218
68000 0.047935 -0.002466
69000 0.052387 -0.001671
70000 0.058353 -0.000814
71000 0.036337 -0.000290
72000 0.043290 0.000315
73000 0.043174 0.000902
74000 0.025589 0.001236
75000 0.028696 0.001602
76000 0.005506 0.001653
77000 -0.011545 0.001482
78000 0.030973 0.001860
79000 0.025011 0.002153
80000 -0.001570 0.002106
81000 -0.000334 0.002076
82000 -0.011884 0.001906
83000 -0.008836 0.001776
84000 -0.010008 0.001636
85000 -0.020542 0.001375
86000 0.013246 0.001513
87000 0.009709 0.001607
88000 0.046746 0.002120
89000 0.019536 0.002316
90000 -0.005880 0.002225
91000 0.016164 0.002378
92000 -0.008743 0.002257
93000 -0.016198 0.002059
94000 0.009360 0.002137
95000 -0.000004 0.002114
96000 -0.014558 0.001940
97000 -0.030518 0.001606
98000 -0.007759 0.001510
99000 0.016139 0.001658
100000 0.005668 0.001698
101000 0.029835 0.001977
102000 0.027641 0.002228
103000 0.029370 0.002492
104000 0.011618 0.002580
105000 -0.005787 0.002500
106000 0.015972 0.002627
107000 0.032324 0.002904
108000 0.044759 0.003292
109000 0.016490 0.003413
110000 0.002332 0.003403
111000 0.019223 0.003546
112000 0.020001 0.003693
113000 0.026634 0.003896
114000 0.032577 0.004147
115000 0.020529 0.004290
116000 0.013470 0.004369
117000 0.033297 0.004616
118000 0.034496 0.004869
119000 0.024908 0.005038
120000 0.011346 0.005090
121000 -0.022712 0.004861
122000 -0.010378 0.004736
123000 -0.004432 0.004661
124000 -0.002428 0.004604
125000 -0.000431 0.004564
126000 0.010131 0.004608
127000 0.023941 0.004760
128000 0.025568 0.004923
129000 0.031649 0.005130
130000 0.025835 0.005289
131000 0.014224 0.005357
132000 0.022498 0.005487
133000 0.055042 0.005860
134000 0.020417 0.005968
135000 -0.000662 0.005919
136000 0.006156 0.005921
137000 0.013985 0.005980
138000 0.006978 0.005987
139000 0.027448 0.006141
140000 0.019504 0.006237
141000 0.014532 0.006296
142000 -0.022221 0.006095
143000 -0.008199 0.005995
144000 0.000863 0.005959
145000 -0.019942 0.005781
146000 -0.028828 0.005544
147000 -0.038421 0.005245
148000 -0.014887 0.005109
149000 -0.042175 0.004791
150000 -0.038796 0.004501
151000 -0.036986 0.004226
152000 -0.023353 0.004044
153000 -0.040117 0.003756
154000 -0.015047 0.003634
155000 -0.034970 0.003385
156000 -0.029126 0.003176
157000 -0.044694 0.002871
158000 -0.029645 0.002666
159000 -0.003566 0.002626
160000 -0.005507 0.002576
161000 -0.003629 0.002537
162000 -0.009466 0.002463
163000 -0.005885 0.002412
164000 -0.008296 0.002346
165000 -0.012114 0.002259
166000 -0.003571 0.002224
167000 -0.007929 0.002163
168000 -0.011028 0.002084
169000 -0.046844 0.001795
170000 -0.033219 0.001589
171000 -0.048917 0.001293
172000 -0.028698 0.001119
173000 0.002003 0.001124
174000 -0.019227 0.001007
175000 0.014710 0.001086
176000 -0.007513 0.001037
177000 -0.012615 0.000960
178000 -0.019204 0.000846
179000 -0.005511 0.000811
180000 -0.013053 0.000734
181000 -0.031661 0.000555
182000 -0.010600 0.000494
183000 0.014469 0.000570
184000 0.024735 0.000701
185000 0.018775 0.000799
186000 0.029536 0.000953
187000 0.010523 0.001005
188000 0.016460 0.001087
189000 0.006917 0.001118
190000 0.026782 0.001253
191000 0.015435 0.001327
192000 0.020131 0.001425
193000 0.004600 0.001441
194000 0.011458 0.001493
195000 0.008715 0.001530
196000 -0.002549 0.001509
197000 -0.000008 0.001502
198000 -0.006164 0.001463
199000 0.011296 0.001512
200000 0.002537 0.001517
201000 0.004312 0.001531
202000 0.005964 0.001553
203000 0.012421 0.001607
204000 0.012238 0.001659
205000 -0.006841 0.001617
206000 0.020508 0.001709
207000 -0.005856 0.001673
208000 0.013329 0.001729
209000 0.010726 0.001772
210000 -0.022082 0.001658
211000 -0.020597 0.001553
212000 0.002884 0.001559
213000 -0.005661 0.001525
214000 -0.014018 0.001452
215000 -0.043197 0.001245
216000 -0.015907 0.001165
217000 -0.048489 0.000936
218000 -0.023147 0.000826
219000 -0.032682 0.000673
220000 -0.071137 0.000347
221000 -0.018502 0.000261
222000 -0.027394 0.000137
223000 -0.006671 0.000106
224000 0.010548 0.000153
225000 0.000542 0.000154
226000 -0.000206 0.000153
227000 -0.017788 0.000074
228000 -0.024981 -0.000036
229000 -0.012814 -0.000092
230000 -0.014751 -0.000156
231000 0.015820 -0.000086
232000 -0.000181 -0.000087
233000 -0.001040 -0.000091
234000 0.048453 0.000117
235000 0.000501 0.000118
236000 -0.008563 0.000081
237000 -0.008557 0.000045
238000 0.026615 0.000157
239000 -0.007101 0.000126
240000 0.009975 0.000167
241000 0.012283 0.000218
242000 0.025817 0.000323
243000 0.022463 0.000414
244000 0.029661 0.000534
245000 0.021567 0.000620
246000 0.020697 0.000702
247000 0.030842 0.000824
248000 0.032427 0.000951
249000 0.023171 0.001040
250000 0.017847 0.001108
251000 0.011531 0.001149
252000 0.017146 0.001213
253000 0.045774 0.001389
254000 0.051033 0.001584
255000 0.026499 0.001682
256000 0.049872 0.001870
257000 0.035503 0.002001
258000 0.035206 0.002130
259000 0.020648 0.002201
260000 0.021115 0.002274
261000 0.011194 0.002308
262000 0.011499 0.002343
263000 -0.006162 0.002311
264000 0.026999 0.002404
265000 0.035604 0.002530
266000 0.006070 0.002543
267000 0.035779 0.002668
268000 0.041445 0.002812
269000 0.028658 0.002908
270000 0.031298 0.003013
271000 0.049230 0.003184
272000 0.043365 0.003332
273000 0.028402 0.003424
274000 0.028165 0.003514
275000 0.021447 0.003579
276000 0.025501 0.003658
277000 0.013514 0.003694
278000 0.010564 0.003719
279000 -0.023987 0.003619
280000 -0.004126 0.003592
281000 0.005570 0.003599
282000 -0.028350 0.003486
283000 0.014935 0.003526
284000 0.015581 0.003568
285000 0.009382 0.003589
286000 0.000897 0.003579
287000 0.010827 0.003605
288000 -0.004082 0.003578
289000 -0.001021 0.003562
290000 -0.007835 0.003523
291000 -0.017335 0.003451
292000 -0.002583 0.003430
293000 0.026032 0.003508
294000 0.005543 0.003514
295000 -0.013418 0.003457
296000 -0.006878 0.003422
297000 0.018523 0.003473
298000 0.024909 0.003545
299000 -0.002210 0.003526
300000 0.033381 0.003625
301000 0.022046 0.003686
302000 0.021402 0.003745
303000 0.053232 0.003908
304000 0.062087 0.004100
305000 0.017239 0.004143
306000 -0.001225 0.004125
307000 -0.001246 0.004108
308000 0.004811 0.004110
309000 -0.000208 0.004096
310000 -0.006097 0.004063
311000 -0.037961 0.003928
312000 -0.028024 0.003826
313000 0.005877 0.003832
314000 -0.042020 0.003686
315000 -0.017417 0.003619
316000 0.000636 0.003610
317000 -0.024357 0.003522
318000 -0.017824 0.003454
319000 -0.004789 0.003429
320000 -0.029305 0.003326
321000 -0.013819 0.003273
322000 -0.003981 0.003250
323000 -0.018832 0.003182
324000 -0.010042 0.003141
325000 -0.004467 0.003118
326000 -0.038618 0.002990
327000 -0.009677 0.002951
328000 -0.006563 0.002922
329000 0.009126 0.002941
330000 -0.014772 0.002887
331000 -0.043633 0.002747
332000 0.001196 0.002742
333000 -0.027882 0.002650
334000 -0.009104 0.002615
335000 -0.030650 0.002516
336000 -0.044321 0.002376
337000 -0.072030 0.002155
338000 -0.034060 0.002048
339000 -0.052787 0.001886
340000 -0.039895 0.001764
341000 -0.071184 0.001550
342000 -0.052196 0.001392
343000 -0.049767 0.001243
344000 -0.054651 0.001081
345000 -0.059336 0.000906
346000 -0.046796 0.000768
347000 -0.032512 0.000672
348000 -0.055418 0.000511
349000 -0.064962 0.000323
350000 -0.068372 0.000127
351000 -0.069338 -0.000071
352000 -0.047163 -0.000205
353000 -0.074507 -0.000415
354000 -0.077293 -0.000632
355000 -0.047160 -0.000764
356000 -0.030581 -0.000847
357000 -0.044187 -0.000969
358000 -0.072873 -0.001170
359000 -0.044826 -0.001291
360000 -0.034091 -0.001382
361000 -0.050723 -0.001519
362000 -0.069009 -0.001705
363000 -0.057221 -0.001858
364000 -0.076202 -0.002063
365000 -0.036628 -0.002157
366000 -0.043429 -0.002270
367000 -0.029182 -0.002343
368000 -0.069787 -0.002527
369000 -0.053023 -0.002663
370000 -0.053381 -0.002800
371000 -0.048351 -0.002923
372000 -0.047714 -0.003044
373000 -0.049797 -0.003169
374000 -0.069967 -0.003348
375000 -0.091912 -0.003584
376000 -0.050224 -0.003708
377000 -0.057224 -0.003850
378000 -0.026495 -0.003910
379000 -0.021889 -0.003957
380000 -0.041276 -0.004055
381000 -0.023050 -0.004105
382000 -0.017407 -0.004140
383000 -0.016642 -0.004173
384000 -0.031913 -0.004245
385000 -0.039220 -0.004336
386000 -0.019196 -0.004374
387000 -0.025031 -0.004428
388000 0.014183 -0.004380
389000 0.021506 -0.004313
390000 0.001885 -0.004297
391000 -0.005715 -0.004301
392000 -0.018575 -0.004337
393000 -0.035873 -0.004418
394000 0.009223 -0.004383
395000 0.005387 -0.004358
396000 0.016038 -0.004307
397000 0.029447 -0.004222
398000 0.030342 -0.004135
399000 0.003609 -0.004115
400000 0.033252 -0.004022
401000 0.011840 -0.003982
402000 0.011145 -0.003945
403000 -0.005554 -0.003949
404000 0.001219 -0.003936
405000 -0.026258 -0.003991
406000 -0.010502 -0.004007
407000 -0.066634 -0.004161
408000 -0.041473 -0.004252
409000 -0.040812 -0.004342
410000 -0.070071 -0.004502
411000 -0.057571 -0.004631
412000 -0.058084 -0.004761
413000 -0.049553 -0.004869
414000 -0.056678 -0.004995
415000 -0.033723 -0.005064
416000 -0.012781 -0.005082
417000 -0.010379 -0.005095
418000 0.000190 -0.005082
419000 -0.020331 -0.005119
420000 -0.029252 -0.005176
421000 -0.001072 -0.005167
422000 -0.021245 -0.005205
423000 -0.046885 -0.005303
424000 -0.056097 -0.005423
425000 -0.046911 -0.005521
426000 -0.055837 -0.005639
427000 -0.044042 -0.005729
428000 -0.033891 -0.005794
429000 -0.058780 -0.005918
430000 -0.037094 -0.005990
431000 -0.014712 -0.006011
432000 -0.019371 -0.006042
433000 0.032914 -0.005952
434000 -0.025359 -0.005996
435000 -0.004866 -0.005994
436000 -0.001739 -0.005984
437000 -0.024810 -0.006027
438000 -0.029765 -0.006081
439000 -0.017997 -0.006108
440000 -0.071765 -0.006258
441000 -0.026152 -0.006303
442000 -0.051247 -0.006404
443000 -0.038897 -0.006478
444000 -0.045698 -0.006566
445000 -0.030651 -0.006620
446000 -0.063127 -0.006747
447000 -0.065053 -0.006877
448000 -0.073027 -0.007025
449000 -0.086888 -0.007203
450000 -0.100105 -0.007409
451000 -0.071265 -0.007551
452000 -0.097605 -0.007750
453000 -0.094042 -0.007941
454000 -0.101904 -0.008148
455000 -0.117528 -0.008388
456000 -0.089963 -0.008567
457000 -0.088305 -0.008741
458000 -0.072066 -0.008880
459000 -0.065302 -0.009003
460000 -0.098734 -0.009198
461000 -0.083156 -0.009358
462000 -0.077057 -0.009505
463000 -0.080863 -0.009659
464000 -0.100145 -0.009854
465000 -0.083739 -0.010013
466000 -0.107211 -0.010221
467000 -0.108332 -0.010431
468000 -0.116461 -0.010658
469000 -0.102402 -0.010854
470000 -0.098465 -0.011040
471000 -0.096970 -0.011222
472000 -0.107878 -0.011427
473000 -0.076078 -0.011564
474000 -0.058897 -0.011664
475000 -0.078332 -0.011804
476000 -0.068207 -0.011923
477000 -0.079236 -0.012064
478000 -0.088908 -0.012224
479000 -0.104816 -0.012418
480000 -0.078816 -0.012556
481000 -0.078356 -0.012693
482000 -0.088794 -0.012851
483000 -0.097685 -0.013026
484000 -0.094411 -0.013195
485000 -0.073076 -0.013318
486000 -0.080073 -0.013455
487000 -0.081983 -0.013596
488000 -0.089846 -0.013752
489000 -0.071872 -0.013871
490000 -0.062702 -0.013971
491000 -0.061028 -0.014067
492000 -0.070252 -0.014181
493000 -0.082556 -0.014320
494000 -0.045222 -0.014382
495000 -0.052286 -0.014459
496000 -0.077794 -0.014586
497000 -0.080291 -0.014719
498000 -0.108422 -0.014907
499000 -0.080955 -0.015039
500000 -0.074342 -0.015158
501000 -0.084929 -0.015297
502000 -0.091145 -0.015448
503000 -0.100241 -0.015617
504000 -0.071826 -0.015728
505000 -0.085257 -0.015866
506000 -0.065957 -0.015965
507000 -0.066975 -0.016065
508000 -0.052626 -0.016137
509000 -0.020272 -0.016146
510000 -0.001627 -0.016117
511000 -0.016520 -0.016118
512000 -0.023916 -0.016133
513000 -0.042082 -0.016184
514000 -0.027732 -0.016206
515000 -0.023902 -0.016221
516000 -0.010009 -0.016209
517000 -0.003463 -0.016184
518000 -0.037205 -0.016225
519000 -0.026888 -0.016246
520000 -0.035175 -0.016282
521000 -0.020817 -0.016291
522000 -0.008888 -0.016276
523000 -0.034367 -0.016311
524000 -0.005116 -0.016290
525000 0.010420 -0.016239
526000 -0.008011 -0.016223
527000 0.005827 -0.016181
528000 -0.015717 -0.016180
529000 0.001419 -0.016147
530000 -0.022444 -0.016159
531000 -0.017405 -0.016161
532000 -0.003080 -0.016137
533000 0.000754 -0.016105
534000 -0.014716 -0.016103
535000 -0.008773 -0.016089
536000 0.014216 -0.016032
537000 0.015531 -0.015973
538000 0.011619 -0.015922
539000 0.002217 -0.015889
540000 0.014758 -0.015832
541000 0.028205 -0.015750
542000 -0.004649 -0.015730
543000 -0.000840 -0.015702
544000 -0.010774 -0.015693
545000 0.014923 -0.015637
546000 -0.017553 -0.015641
547000 -0.030365 -0.015668
548000 -0.035192 -0.015703
549000 -0.014591 -0.015701
550000 -0.043586 -0.015752
551000 -0.015735 -0.015752
552000 -0.011461 -0.015744
553000 -0.016396 -0.015745
554000 -0.011985 -0.015739
555000 -0.020327 -0.015747
556000 -0.016597 -0.015748
557000 -0.020737 -0.015757
558000 -0.018861 -0.015763
559000 -0.021622 -0.015773
560000 -0.025343 -0.015790
561000 -0.022834 -0.015803
562000 -0.027905 -0.015825
563000 -0.023077 -0.015837
564000 -0.018469 -0.015842
565000 -0.018848 -0.015847
566000 -0.024600 -0.015863
567000 -0.048847 -0.015921
568000 -0.045625 -0.015973
569000 -0.048044 -0.016030
570000 -0.039859 -0.016072
571000 -0.046381 -0.016125
572000 -0.041376 -0.016169
573000 -0.014293 -0.016165
574000 -0.028045 -0.016186
575000 -0.021464 -0.016195
576000 -0.022616 -0.016206
577000 -0.051951 -0.016268
578000 -0.030669 -0.016293
579000 -0.025159 -0.016309
580000 -0.025642 -0.016325
581000 -0.050398 -0.016383
582000 -0.034232 -0.016414
583000 -0.038095 -0.016451
584000 -0.055860 -0.016519
585000 -0.042587 -0.016563
586000 -0.032851 -0.016591
587000 -0.045385 -0.016640
588000 -0.065090 -0.016723
589000 -0.053523 -0.016785
590000 -0.056670 -0.016853
591000 -0.051524 -0.016911
592000 -0.074209 -0.017008
593000 -0.060551 -0.017082
594000 -0.070841 -0.017172
595000 -0.068930 -0.017259
596000 -0.063467 -0.017337
597000 -0.074716 -0.017433
598000 -0.077529 -0.017533
599000 -0.083952 -0.017644
600000 -0.066791 -0.017726
601000 -0.045599 -0.017772
602000 -0.058599 -0.017840
603000 -0.046303 -0.017887
604000 -0.085284 -0.017999
605000 -0.065118 -0.018077
606000 -0.055156 -0.018138
607000 -0.044880 -0.018182
608000 -0.031075 -0.018203
609000 -0.029509 -0.018222
610000 -0.053455 -0.018280
611000 -0.057757 -0.018344
612000 -0.055677 -0.018405
613000 -0.049232 -0.018455
614000 -0.060434 -0.018524
615000 -0.076678 -0.018618
616000 -0.086037 -0.018728
617000 -0.086680 -0.018838
618000 -0.087601 -0.018949
619000 -0.070879 -0.019033
620000 -0.081132 -0.019133
621000 -0.104963 -0.019272
622000 -0.093714 -0.019391
623000 -0.116841 -0.019548
624000 -0.091797 -0.019663
625000 -0.099729 -0.019792
626000 -0.113061 -0.019940
627000 -0.119408 -0.020099
628000 -0.091063 -0.020212
629000 -0.067087 -0.020287
630000 -0.085173 -0.020390
631000 -0.066083 -0.020462
632000 -0.056318 -0.020519
633000 -0.054564 -0.020573
634000 -0.090398 -0.020683
635000 -0.097270 -0.020803
636000 -0.086877 -0.020907
637000 -0.076734 -0.020995
638000 -0.093721 -0.021109
639000 -0.119152 -0.021262
640000 -0.090604 -0.021371
641000 -0.080089 -0.021462
642000 -0.087822 -0.021566
643000 -0.079475 -0.021656
644000 -0.084996 -0.021754
645000 -0.069031 -0.021827
646000 -0.052712 -0.021875
647000 -0.084288 -0.021972
648000 -0.058464 -0.022028
649000 -0.079538 -0.022117
650000 -0.060857 -0.022176
651000 -0.076775 -0.022260
652000 -0.050458 -0.022303
653000 -0.028889 -0.022313
654000 -0.055790 -0.022365
655000 -0.074520 -0.022444
656000 -0.054583 -0.022493
657000 -0.049281 -0.022534
658000 -0.047031 -0.022571
659000 -0.050947 -0.022614
660000 -0.065059 -0.022678
661000 -0.065393 -0.022743
662000 -0.058255 -0.022797
663000 -0.036587 -0.022818
664000 -0.031471 -0.022831
665000 -0.081289 -0.022918
666000 -0.056802 -0.022969
667000 -0.049116 -0.023009
668000 -0.059364 -0.023063
669000 -0.023382 -0.023063
670000 -0.032371 -0.023077
671000 -0.018045 -0.023070
672000 -0.019555 -0.023065
673000 -0.046307 -0.023099
674000 -0.059039 -0.023152
675000 -0.080129 -0.023237
676000 -0.077219 -0.023317
677000 -0.077466 -0.023397
678000 -0.076486 -0.023475
679000 -0.043975 -0.023505
680000 -0.053887 -0.023550
681000 -0.067173 -0.023614
682000 -0.069655 -0.023681
683000 -0.029749 -0.023690
684000 -0.062989 -0.023748
685000 -0.046643 -0.023781
686000 -0.040830 -0.023806
687000 -0.028928 -0.023814
688000 -0.059573 -0.023866
689000 -0.055035 -0.023911
690000 -0.061520 -0.023965
691000 -0.048500 -0.024001
692000 -0.049853 -0.024038
693000 -0.046167 -0.024070
694000 -0.044130 -0.024099
695000 -0.040006 -0.024122
696000 -0.052536 -0.024163
697000 -0.051698 -0.024202
698000 -0.031762 -0.024213
699000 -0.060964 -0.024266
700000 -0.058578 -0.024315
701000 -0.035093 -0.024330
702000 -0.019849 -0.024324
703000 -0.030036 -0.024332
704000 -0.040758 -0.024355
705000 -0.028935 -0.024362
706000 -0.018216 -0.024353
707000 -0.039108 -0.024374
708000 -0.026422 -0.024377
709000 -0.018621 -0.024369
710000 -0.029362 -0.024376
711000 -0.053916 -0.024417
712000 -0.031063 -0.024426
713000 -0.021036 -0.024422
714000 0.020348 -0.024359
715000 -0.036609 -0.024376
716000 -0.035478 -0.024392
717000 -0.042691 -0.024417
718000 -0.029697 -0.024424
719000 -0.007233 -0.024401
720000 -0.020892 -0.024396
721000 -0.035842 -0.024412
722000 -0.035382 -0.024427
723000 -0.027392 -0.024431
724000 -0.043608 -0.024457
725000 -0.055205 -0.024500
726000 -0.065086 -0.024556
727000 -0.050551 -0.024591
728000 -0.044556 -0.024619
729000 -0.059953 -0.024667
730000 -0.062496 -0.024719
731000 -0.047915 -0.024751
732000 -0.075925 -0.024821
733000 -0.068375 -0.024880
734000 -0.066154 -0.024936
735000 -0.052643 -0.024974
736000 -0.062577 -0.025025
737000 -0.063436 -0.025077
738000 -0.066236 -0.025133
739000 -0.058006 -0.025178
740000 -0.063918 -0.025230
741000 -0.060056 -0.025277
742000 -0.056209 -0.025319
743000 -0.048919 -0.025350
744000 -0.041834 -0.025373
745000 -0.036509 -0.025387
746000 -0.012746 -0.025371
747000 -0.012514 -0.025353
748000 -0.016711 -0.025342
749000 -0.039199 -0.025360
750000 -0.009844 -0.025340
751000 -0.018239 -0.025330
752000 -0.008983 -0.025308
753000 -0.018977 -0.025300
754000 -0.020869 -0.025294
755000 -0.059306 -0.025339
756000 -0.017675 -0.025329
757000 -0.030705 -0.025336
758000 -0.050801 -0.025370
759000 -0.036463 -0.025384
760000 -0.041746 -0.025406
761000 -0.034751 -0.025418
762000 -0.051273 -0.025452
763000 -0.061974 -0.025500
764000 -0.040620 -0.025520
765000 -0.047878 -0.025549
766000 -0.043579 -0.025573
767000 -0.072804 -0.025634
768000 -0.049721 -0.025665
769000 -0.064736 -0.025716
770000 -0.060481 -0.025761
771000 -0.045719 -0.025787
772000 -0.041075 -0.025807
773000 -0.067341 -0.025861
774000 -0.024055 -0.025858
775000 -0.079442 -0.025928
776000 -0.082450 -0.026000
777000 -0.070592 -0.026058
778000 -0.079515 -0.026127
779000 -0.055293 -0.026164
780000 -0.067589 -0.026217
781000 -0.062942 -0.026264
782000 -0.058365 -0.026305
783000 -0.043161 -0.026327
784000 -0.056844 -0.026366
785000 -0.050837 -0.026397
786000 -0.053969 -0.026432
787000 -0.024054 -0.026429
788000 -0.020566 -0.026421
789000 -0.025925 -0.026421
790000 -0.024456 -0.026418
791000 -0.054934 -0.026454
792000 -0.029633 -0.026458
793000 -0.051926 -0.026490
794000 -0.042777 -0.026511
795000 -0.048928 -0.026539
796000 -0.045461 -0.026563
797000 -0.073901 -0.026622
798000 -0.079422 -0.026689
799000 -0.080434 -0.026756
800000 -0.060236 -0.026798
801000 -0.067481 -0.026848
802000 -0.073177 -0.026906
803000 -0.035201 -0.026917
804000 -0.032636 -0.026924
805000 -0.063373 -0.026969
806000 -0.026353 -0.026968
807000 -0.068374 -0.027019
808000 -0.035180 -0.027030
809000 -0.038605 -0.027044
810000 -0.043581 -0.027064
811000 -0.063878 -0.027110
812000 -0.041064 -0.027127
813000 -0.071812 -0.027182
814000 -0.039743 -0.027197
815000 -0.035915 -0.027208
816000 -0.046442 -0.027232
817000 -0.052507 -0.027262
818000 -0.058179 -0.027300
819000 -0.077940 -0.027362
820000 -0.061970 -0.027404
821000 -0.064887 -0.027450
822000 -0.061588 -0.027491
823000 -0.076418 -0.027551
824000 -0.080983 -0.027616
825000 -0.038333 -0.027629
826000 -0.060386 -0.027668
827000 -0.079148 -0.027731
828000 -0.095281 -0.027812
829000 -0.090170 -0.027887
830000 -0.088697 -0.027961
831000 -0.065309 -0.028006
832000 -0.066671 -0.028052
833000 -0.043824 -0.028071
834000 -0.097137 -0.028154
835000 -0.082591 -0.028219
836000 -0.070513 -0.028270
837000 -0.093722 -0.028348
838000 -0.079439 -0.028409
839000 -0.084182 -0.028475
840000 -0.076358 -0.028532
841000 -0.067720 -0.028579
842000 -0.073342 -0.028632
843000 -0.061366 -0.028671
844000 -0.063311 -0.028712
845000 -0.089436 -0.028784
846000 -0.056759 -0.028817
847000 -0.072642 -0.028869
848000 -0.022679 -0.028861
849000 -0.047125 -0.028883
850000 0.000416 -0.028848
851000 -0.039804 -0.028861
852000 -0.014174 -0.028844
853000 -0.005068 -0.028816
854000 -0.033939 -0.028822
855000 -0.036818 -0.028832
856000 0.002570 -0.028795
857000 0.018143 -0.028740
858000 0.011007 -0.028694
859000 -0.016609 -0.028680
860000 -0.007987 -0.028656
861000 -0.035659 -0.028664
862000 -0.033733 -0.028670
863000 -0.036726 -0.028679
864000 -0.011872 -0.028659
865000 -0.024251 -0.028654
866000 -0.023466 -0.028648
867000 -0.010228 -0.028627
868000 0.008728 -0.028584
869000 0.018943 -0.028529
870000 -0.016425 -0.028516
871000 -0.050151 -0.028540
872000 -0.029922 -0.028542
873000 -0.022288 -0.028535
874000 -0.015714 -0.028520
875000 -0.020593 -0.028511
876000 -0.033973 -0.028517
877000 -0.068302 -0.028563
878000 -0.062278 -0.028601
879000 -0.012398 -0.028583
880000 -0.023882 -0.028577
881000 -0.035129 -0.028585
882000 -0.040596 -0.028598
883000 -0.009636 -0.028577
884000 -0.013089 -0.028559
885000 -0.020122 -0.028550
886000 -0.052383 -0.028577
887000 -0.051935 -0.028603
888000 -0.065614 -0.028645
889000 -0.060426 -0.028680
890000 -0.065382 -0.028722
891000 -0.038669 -0.028733
892000 -0.059800 -0.028768
893000 -0.052613 -0.028794
894000 -0.062824 -0.028832
895000 -0.042881 -0.028848
896000 -0.025334 -0.028844
897000 -0.017924 -0.028832
898000 -0.024820 -0.028828
899000 -0.038939 -0.028839
900000 -0.032064 -0.028842
901000 -0.052406 -0.028869
902000 -0.049186 -0.028891
903000 -0.020849 -0.028882
904000 -0.027933 -0.028881
905000 -0.021067 -0.028873
906000 -0.021758 -0.028865
907000 0.004881 -0.028827
908000 0.002963 -0.028792
909000 0.011628 -0.028748
910000 -0.016510 -0.028735
911000 0.002455 -0.028700
912000 0.017061 -0.028650
913000 0.032247 -0.028583
914000 0.021960 -0.028528
915000 0.041831 -0.028451
916000 0.054318 -0.028361
917000 0.055759 -0.028269
918000 0.025981 -0.028210
919000 0.034034 -0.028142
920000 0.018820 -0.028091
921000 0.028098 -0.028030
922000 0.034268 -0.027963
923000 0.017945 -0.027913
924000 -0.007621 -0.027891
925000 -0.012090 -0.027874
926000 0.029489 -0.027812
927000 0.014099 -0.027767
928000 -0.010641 -0.027748
929000 -0.017620 -0.027737
930000 -0.007763 -0.027716
931000 -0.010494 -0.027697
932000 -0.007010 -0.027675
933000 -0.014360 -0.027661
934000 -0.000439 -0.027632
935000 0.004801 -0.027597
936000 0.000012 -0.027568
937000 0.011555 -0.027526
938000 -0.001405 -0.027498
939000 -0.020175 -0.027490
940000 -0.017650 -0.027480
941000 -0.042060 -0.027495
942000 -0.057954 -0.027528
943000 -0.039558 -0.027540
944000 -0.032828 -0.027546
945000 -0.024766 -0.027543
946000 -0.049940 -0.027567
947000 -0.086412 -0.027629
948000 -0.056009 -0.027659
949000 -0.024118 -0.027655
950000 -0.046459 -0.027675
951000 -0.051599 -0.027700
952000 -0.040286 -0.027713
953000 -0.020940 -0.027706
954000 -0.029104 -0.027708
955000 -0.061838 -0.027743
956000 -0.068394 -0.027786
957000 -0.039587 -0.027798
958000 -0.073789 -0.027846
959000 -0.073823 -0.027894
960000 -0.069268 -0.027937
961000 -0.058812 -0.027969
962000 -0.045117 -0.027987
963000 -0.029342 -0.027989
964000 -0.029736 -0.027990
965000 -0.038384 -0.028001
966000 -0.023724 -0.027997
967000 -0.048499 -0.028018
968000 -0.035806 -0.028026
969000 -0.045781 -0.028044
970000 -0.049094 -0.028066
971000 -0.057219 -0.028096
972000 -0.044499 -0.028113
973000 -0.024026 -0.028109
974000 -0.036950 -0.028118
975000 -0.029503 -0.028119
976000 -0.059993 -0.028152
977000 -0.056174 -0.028180
978000 -0.057463 -0.028210
979000 -0.049269 -0.028232
980000 -0.068579 -0.028273
981000 -0.080142 -0.028326
982000 -0.073897 -0.028372
983000 -0.080317 -0.028425
984000 -0.060988 -0.028458
985000 -0.085978 -0.028517
986000 -0.080522 -0.028569
987000 -0.088480 -0.028630
988000 -0.091250 -0.028694
989000 -0.110444 -0.028776
990000 -0.103849 -0.028852
991000 -0.080912 -0.028905
992000 -0.054375 -0.028930
993000 -0.064760 -0.028966
994000 -0.046266 -0.028984
995000 -0.029256 -0.028984
996000 -0.037828 -0.028993
997000 -0.028668 -0.028993
998000 -0.039342 -0.029003
999000 -0.040704 -0.029015
1000000 -0.043728 -0.029029
