1000 13.661001 13.661001
2000 13.542993 13.601997
3000 13.518831 13.574275
4000 13.266911 13.497434
5000 13.459778 13.489903
6000 13.629566 13.513180
7000 13.247111 13.475170
8000 13.213637 13.442479
9000 13.721785 13.473513
10000 13.467633 13.472925
11000 13.450893 13.470922
12000 13.143766 13.443659
13000 13.110344 13.418019
14000 13.265260 13.407108
15000 13.264256 13.397584
16000 13.313064 13.392302
17000 13.384794 13.391860
18000 13.340134 13.388987
19000 13.532068 13.396517
20000 13.564310 13.404907
21000 13.490331 13.408975
22000 13.366878 13.407061
23000 13.346454 13.404426
24000 13.380502 13.403429
25000 13.493959 13.407050
26000 13.794725 13.421961
27000 13.787122 13.435485
28000 13.448229 13.435941
29000 13.519714 13.438829
30000 13.411148 13.437907
31000 13.513763 13.440354
32000 13.447751 13.440585
33000 13.287488 13.435945
34000 13.346513 13.433315
35000 13.617432 13.438576
36000 13.791232 13.448372
37000 13.473622 13.449054
38000 13.227084 13.443213
39000 13.399587 13.442094
40000 13.463977 13.442641
41000 13.476189 13.443459
42000 13.266488 13.439246
43000 13.695004 13.445194
44000 13.600467 13.448723
45000 13.691014 13.454107
46000 13.588926 13.457038
47000 13.863411 13.465684
48000 14.165197 13.480257
49000 13.896649 13.488755
50000 13.937910 13.497738
51000 13.984766 13.507288
52000 13.854307 13.513961
53000 13.676767 13.517033
54000 13.567021 13.517959
55000 13.457170 13.516853
56000 13.393191 13.514645
57000 13.579073 13.515775
58000 13.471665 13.515015
59000 13.684146 13.517881
60000 13.701960 13.520949
61000 13.355214 13.518232
62000 13.498988 13.517922
63000 13.358435 13.515391
64000 13.422688 13.513942
65000 13.654462 13.516104
66000 13.542387 13.516502
67000 13.772318 13.520320
68000 13.709383 13.523101
69000 13.782155 13.526855
70000 13.585895 13.527698
71000 13.782251 13.531284
72000 13.991962 13.537682
73000 13.790766 13.541149
74000 13.667817 13.542861
75000 13.866107 13.547171
76000 13.728411 13.549555
77000 13.790966 13.552691
78000 13.816639 13.556075
79000 13.701581 13.557916
80000 13.963352 13.562984
81000 13.791904 13.565810
82000 13.378594 13.563527
83000 13.625686 13.564276
84000 13.495434 13.563457
85000 13.515335 13.562891
86000 13.631207 13.563685
87000 13.569799 13.563755
88000 13.527735 13.563346
89000 14.037924 13.568678
90000 13.979485 13.573243
91000 13.870766 13.576512
92000 13.809082 13.579040
93000 13.811786 13.581543
94000 13.730439 13.583127
95000 13.736841 13.584745
96000 13.987165 13.588937
97000 14.094103 13.594145
98000 13.825109 13.596501
99000 14.027205 13.600852
100000 14.122936 13.606073
101000 13.845115 13.608440
102000 14.001863 13.612297
103000 13.618841 13.612360
104000 13.606016 13.612299
105000 13.899726 13.615037
106000 13.812315 13.616898
107000 13.509016 13.615889
108000 13.559499 13.615367
109000 13.549419 13.614762
110000 13.507095 13.613783
111000 13.680176 13.614382
112000 13.777083 13.615834
113000 13.689034 13.616482
114000 14.070406 13.620464
115000 13.883074 13.622747
116000 13.744893 13.623800
117000 13.716686 13.624594
118000 13.722580 13.625425
119000 13.380537 13.623367
120000 13.820699 13.625011
121000 13.990107 13.628029
122000 13.695671 13.628583
123000 13.752117 13.629587
124000 13.540181 13.628866
125000 13.640062 13.628956
126000 13.761850 13.630011
127000 13.851052 13.631751
128000 13.854551 13.633492
129000 13.695027 13.633969
130000 13.812246 13.635340
131000 13.714602 13.635945
132000 13.991577 13.638639
133000 13.973107 13.641154
134000 14.122650 13.644747
135000 13.758418 13.645589
136000 13.568818 13.645025
137000 13.658816 13.645126
138000 13.474416 13.643889
139000 13.362389 13.641863
140000 13.721227 13.642430
141000 13.642212 13.642429
142000 13.437107 13.640983
143000 13.307142 13.638648
144000 13.675041 13.638901
145000 13.229061 13.636074
146000 13.348765 13.634107
147000 13.568108 13.633658
148000 13.823100 13.634938
149000 13.628859 13.634897
150000 13.833376 13.636220
151000 13.731316 13.636850
152000 13.880768 13.638455
153000 13.867003 13.639948
154000 13.752604 13.640680
155000 13.820954 13.641843
156000 13.566773 13.641362
157000 13.908486 13.643063
158000 13.878739 13.644555
159000 13.868380 13.645962
160000 14.138075 13.649038
161000 13.896518 13.650575
162000 13.819425 13.651618
163000 13.581925 13.651190
164000 13.670431 13.651307
165000 14.177843 13.654498
166000 13.895960 13.655953
167000 13.954963 13.657744
168000 13.899362 13.659182
169000 14.022421 13.661331
170000 13.898447 13.662726
171000 14.081957 13.665178
172000 13.706281 13.665417
173000 14.045548 13.667614
174000 13.943875 13.669202
175000 13.765110 13.669750
176000 14.008435 13.671674
177000 13.729374 13.672000
178000 13.751746 13.672448
179000 13.668578 13.672426
180000 13.384532 13.670827
181000 13.475182 13.669746
182000 13.718304 13.670013
183000 13.391894 13.668493
184000 13.336249 13.666687
185000 13.212240 13.664231
186000 12.862802 13.659922
187000 12.843974 13.655559
188000 13.071595 13.652453
189000 13.315668 13.650671
190000 12.947328 13.646969
191000 13.166077 13.644451
192000 12.867624 13.640405
193000 13.297002 13.638626
194000 13.050779 13.635596
195000 13.074823 13.632720
196000 13.318510 13.631117
197000 13.437624 13.630135
198000 13.464778 13.629299
199000 13.243068 13.627359
200000 13.568852 13.627066
201000 13.180141 13.624843
202000 13.280292 13.623137
203000 13.244493 13.621272
204000 13.340820 13.619897
205000 13.532081 13.619468
206000 13.764250 13.620171
207000 13.634787 13.620242
208000 13.553753 13.619922
209000 13.614742 13.619897
210000 13.481228 13.619237
211000 13.762267 13.619915
212000 13.907710 13.621273
213000 13.825492 13.622231
214000 13.727544 13.622723
215000 13.891243 13.623972
216000 13.881911 13.625167
217000 13.762141 13.625798
218000 14.209151 13.628474
219000 13.753911 13.629046
220000 13.978645 13.630636
221000 13.415635 13.629663
222000 13.620560 13.629622
223000 13.760959 13.630211
224000 13.643303 13.630269
225000 13.741823 13.630765
226000 13.635519 13.630786
227000 13.475416 13.630101
228000 13.417903 13.629171
229000 13.478072 13.628511
230000 13.439916 13.627691
231000 13.444749 13.626899
232000 13.317445 13.625565
233000 13.226192 13.623851
234000 13.205826 13.622065
235000 12.882255 13.618917
236000 12.855390 13.615681
237000 12.975366 13.612980
238000 13.067072 13.610686
239000 13.169863 13.608841
240000 12.781118 13.605392
241000 13.225059 13.603814
242000 13.068535 13.601602
243000 13.164504 13.599804
244000 12.888190 13.596887
245000 13.392297 13.596052
246000 13.013961 13.593686
247000 13.068970 13.591562
248000 13.196707 13.589969
249000 12.891581 13.587165
250000 13.124143 13.585313
251000 13.164973 13.583638
252000 12.938433 13.581078
253000 12.959814 13.578622
254000 13.003829 13.576359
255000 12.438780 13.571898
256000 12.674177 13.568391
257000 12.856029 13.565619
258000 12.878982 13.562958
259000 12.691349 13.559593
260000 12.657466 13.556123
261000 12.669552 13.552726
262000 12.431227 13.548446
263000 12.595955 13.544824
264000 12.514581 13.540922
265000 12.674487 13.537652
266000 12.513153 13.533800
267000 12.914154 13.531480
268000 12.791540 13.528719
269000 12.556642 13.525105
270000 12.350943 13.520756
271000 12.313780 13.516303
272000 12.431061 13.512313
273000 12.341024 13.508022
274000 12.580633 13.504638
275000 12.535611 13.501114
276000 12.802909 13.498584
277000 12.919970 13.496495
278000 12.858893 13.494202
279000 12.724056 13.491441
280000 12.685406 13.488563
281000 12.729135 13.485860
282000 12.887327 13.483738
283000 12.900139 13.481675
284000 12.683740 13.478866
285000 12.769766 13.476378
286000 12.746655 13.473826
287000 12.664158 13.471005
288000 12.959480 13.469229
289000 12.717710 13.466629
290000 12.702725 13.463994
291000 12.999975 13.462400
292000 12.998979 13.460813
293000 13.022389 13.459316
294000 12.838634 13.457205
295000 13.103745 13.456007
296000 12.786031 13.453744
297000 12.611330 13.450907
298000 12.822574 13.448799
299000 13.107968 13.447659
300000 13.246236 13.446987
301000 12.740645 13.444641
302000 12.725042 13.442258
303000 12.988924 13.440762
304000 13.038325 13.439438
305000 13.087592 13.438285
306000 13.139303 13.437307
307000 12.940676 13.435690
308000 12.934684 13.434063
309000 13.091458 13.432954
310000 12.819031 13.430974
311000 12.500415 13.427982
312000 12.330133 13.424463
313000 13.002989 13.423117
314000 12.437401 13.419977
315000 12.383619 13.416687
316000 12.816199 13.414787
317000 12.709137 13.412561
318000 12.539609 13.409816
319000 12.725898 13.407672
320000 12.810016 13.405804
321000 12.271066 13.402269
322000 12.512080 13.399505
323000 12.392864 13.396388
324000 12.371262 13.393224
325000 12.389415 13.390135
326000 12.597216 13.387703
327000 12.670377 13.385510
328000 12.756556 13.383592
329000 13.017270 13.382479
330000 13.013190 13.381360
331000 12.415529 13.378442
332000 12.196006 13.374880
333000 12.389419 13.371921
334000 12.765701 13.370106
335000 13.102090 13.369306
336000 12.948020 13.368052
337000 12.890194 13.366634
338000 13.018139 13.365603
339000 13.027797 13.364606
340000 13.090941 13.363801
341000 12.911288 13.362474
342000 13.239722 13.362115
343000 13.072687 13.361272
344000 13.332810 13.361189
345000 13.343608 13.361138
346000 13.045161 13.360225
347000 13.043882 13.359313
348000 13.089005 13.358536
349000 13.102351 13.357802
350000 12.659508 13.355807
351000 12.820540 13.354282
352000 12.558975 13.352023
353000 12.780554 13.350404
354000 12.563669 13.348181
355000 12.847219 13.346770
356000 12.558665 13.344557
357000 12.591365 13.342447
358000 12.792292 13.340910
359000 12.846976 13.339534
360000 12.851186 13.338178
361000 12.645250 13.336258
362000 12.587050 13.334189
363000 12.399319 13.331613
364000 12.501298 13.329332
365000 12.371736 13.326708
366000 12.827968 13.325346
367000 12.744509 13.323763
368000 12.581818 13.321747
369000 12.450629 13.319386
370000 12.231293 13.316445
371000 12.730843 13.314867
372000 12.453772 13.312552
373000 12.487226 13.310340
374000 12.428748 13.307982
375000 12.641358 13.306205
376000 12.398619 13.303791
377000 12.591652 13.301902
378000 12.167187 13.298900
379000 12.163167 13.295903
380000 12.217579 13.293066
381000 12.208258 13.290218
382000 12.568395 13.288329
383000 12.696113 13.286783
384000 12.527199 13.284804
385000 12.714270 13.283323
386000 12.631505 13.281634
387000 12.508476 13.279636
388000 12.969278 13.278836
389000 12.545151 13.276950
390000 12.770896 13.275653
391000 12.755156 13.274321
392000 12.799311 13.273110
393000 12.655137 13.271537
394000 12.498547 13.269575
395000 12.465043 13.267538
396000 12.819678 13.266408
397000 13.074414 13.265924
398000 12.453860 13.263884
399000 12.874706 13.262908
400000 12.643126 13.261359
401000 12.813466 13.260242
402000 12.654090 13.258734
403000 12.682487 13.257304
404000 12.771504 13.256102
405000 12.502279 13.254240
406000 12.517194 13.252425
407000 12.834635 13.251398
408000 12.916153 13.250577
409000 13.116863 13.250250
410000 12.964574 13.249553
411000 12.862927 13.248612
412000 12.816109 13.247563
413000 13.194228 13.247433
414000 12.835381 13.246438
415000 12.774960 13.245302
416000 12.967981 13.244635
417000 13.055304 13.244181
418000 13.035156 13.243681
419000 13.259015 13.243718
420000 12.837130 13.242750
421000 12.575024 13.241164
422000 12.851760 13.240241
423000 12.915821 13.239474
424000 12.503841 13.237739
425000 12.834500 13.236790
426000 12.726954 13.235593
427000 12.794367 13.234560
428000 12.811765 13.233572
429000 12.785180 13.232527
430000 12.802481 13.231527
431000 12.595304 13.230051
432000 12.808714 13.229076
433000 12.537631 13.227479
434000 12.493721 13.225788
435000 12.608145 13.224368
436000 12.691789 13.223147
437000 12.985874 13.222604
438000 12.673092 13.221349
439000 12.981551 13.220803
440000 12.684125 13.219583
441000 12.450842 13.217840
442000 12.470307 13.216149
443000 12.441993 13.214401
444000 12.807667 13.213485
445000 12.827416 13.212617
446000 12.887770 13.211889
447000 12.932395 13.211264
448000 12.799081 13.210344
449000 13.065917 13.210022
450000 13.015218 13.209589
451000 13.609031 13.210475
452000 13.443655 13.210991
453000 13.347981 13.211293
454000 13.339634 13.211576
455000 13.514462 13.212242
456000 13.433594 13.212727
457000 13.439452 13.213223
458000 13.773620 13.214447
459000 13.540125 13.215156
460000 13.211990 13.215149
461000 13.243779 13.215211
462000 13.334515 13.215470
463000 13.180008 13.215393
464000 12.951408 13.214824
465000 13.272762 13.214949
466000 13.269043 13.215065
467000 13.032700 13.214674
468000 13.059532 13.214343
469000 13.278558 13.214480
470000 13.124850 13.214289
471000 13.113749 13.214076
472000 13.340225 13.214343
473000 13.388991 13.214712
474000 13.539877 13.215398
475000 13.335237 13.215650
476000 13.425851 13.216092
477000 13.368984 13.216413
478000 13.596871 13.217208
479000 13.419859 13.217632
480000 13.663157 13.218560
481000 13.537725 13.219223
482000 13.747736 13.220320
483000 13.976278 13.221885
484000 13.830920 13.223143
485000 13.760388 13.224251
486000 13.374601 13.224560
487000 13.505128 13.225136
488000 13.178629 13.225041
489000 13.344746 13.225286
490000 13.830562 13.226521
491000 13.839646 13.227770
492000 14.004230 13.229348
493000 13.620337 13.230141
494000 13.734500 13.231162
495000 13.526045 13.231758
496000 13.720625 13.232743
497000 13.429109 13.233139
498000 13.544864 13.233765
499000 13.498774 13.234296
500000 13.385401 13.234598
501000 13.568702 13.235265
502000 13.520947 13.235834
503000 13.667395 13.236692
504000 13.501889 13.237218
505000 13.870203 13.238471
506000 13.420542 13.238831
507000 13.594312 13.239532
508000 13.808806 13.240653
509000 13.410787 13.240987
510000 13.481457 13.241459
511000 13.622479 13.242204
512000 13.498080 13.242704
513000 13.319278 13.242853
514000 13.143857 13.242661
515000 13.222159 13.242621
516000 12.857416 13.241874
517000 13.458533 13.242294
518000 12.836192 13.241510
519000 13.187983 13.241406
520000 13.035844 13.241011
521000 13.167455 13.240870
522000 13.116075 13.240631
523000 12.875031 13.239932
524000 13.392111 13.240222
525000 13.171034 13.240090
526000 13.203399 13.240021
527000 13.257078 13.240053
528000 13.280897 13.240130
529000 13.377223 13.240390
530000 13.221874 13.240355
531000 12.905756 13.239724
532000 13.093184 13.239449
533000 13.186771 13.239350
534000 13.252131 13.239374
535000 13.540219 13.239936
536000 13.141508 13.239753
537000 13.259384 13.239789
538000 13.679638 13.240607
539000 13.608668 13.241290
540000 14.029141 13.242749
541000 13.827062 13.243829
542000 13.788075 13.244833
543000 14.193753 13.246581
544000 13.949170 13.247872
545000 13.758863 13.248810
546000 13.848774 13.249909
547000 13.653387 13.250646
548000 13.577898 13.251243
549000 13.589726 13.251860
550000 13.651136 13.252586
551000 13.523937 13.253078
552000 13.494667 13.253516
553000 13.683536 13.254294
554000 13.813268 13.255303
555000 13.724204 13.256147
556000 13.808095 13.257140
557000 13.569206 13.257700
558000 13.949143 13.258940
559000 13.836795 13.259973
560000 13.784706 13.260910
561000 13.900874 13.262051
562000 13.899800 13.263186
563000 14.350032 13.265116
564000 14.331206 13.267006
565000 14.081576 13.268448
566000 14.011760 13.269761
567000 14.088745 13.271206
568000 14.457984 13.273295
569000 14.171893 13.274875
570000 13.858314 13.275898
571000 14.285048 13.277665
572000 14.319166 13.279486
573000 13.960095 13.280674
574000 13.768608 13.281524
575000 14.012004 13.282795
576000 13.916000 13.283894
577000 14.074575 13.285264
578000 13.987159 13.286479
579000 14.005116 13.287720
580000 13.870461 13.288724
581000 14.109879 13.290138
582000 14.130308 13.291581
583000 14.206958 13.293151
584000 14.079444 13.294498
585000 14.156600 13.295972
586000 14.359182 13.297786
587000 14.014933 13.299008
588000 14.274426 13.300666
589000 14.238892 13.302259
590000 14.087595 13.303590
591000 14.096000 13.304931
592000 13.840394 13.305836
593000 14.053546 13.307097
594000 14.017494 13.308293
595000 13.875006 13.309245
596000 13.877873 13.310199
597000 14.163732 13.311629
598000 13.766845 13.312390
599000 13.663391 13.312976
600000 13.428632 13.313169
601000 13.618142 13.313676
602000 13.747453 13.314397
603000 13.341591 13.314442
604000 13.515108 13.314774
605000 13.418967 13.314946
606000 13.297391 13.314917
607000 13.416347 13.315084
608000 13.556222 13.315481
609000 13.540278 13.315850
610000 13.282918 13.315796
611000 13.259968 13.315705
612000 13.402092 13.315846
613000 13.499904 13.316146
614000 13.248371 13.316036
615000 13.298178 13.316007
616000 13.217357 13.315847
617000 13.398387 13.315980
618000 13.122233 13.315667
619000 13.557833 13.316058
620000 13.258601 13.315966
621000 13.543777 13.316332
622000 13.247562 13.316222
623000 12.799919 13.315393
624000 13.148101 13.315125
625000 12.996291 13.314615
626000 13.222710 13.314468
627000 13.083528 13.314100
628000 13.286912 13.314056
629000 13.210191 13.313891
630000 13.531623 13.314237
631000 13.497869 13.314528
632000 13.349327 13.314583
633000 13.692992 13.315181
634000 13.449952 13.315393
635000 13.555842 13.315772
636000 13.178272 13.315556
637000 12.840519 13.314810
638000 12.673633 13.313805
639000 12.481480 13.312503
640000 12.846584 13.311775
641000 12.977442 13.311253
642000 13.130852 13.310972
643000 12.860186 13.310271
644000 13.262648 13.310197
645000 13.302896 13.310186
646000 13.156349 13.309948
647000 13.025017 13.309507
648000 13.370317 13.309601
649000 13.259465 13.309524
650000 13.242926 13.309421
651000 13.024112 13.308983
652000 12.982672 13.308483
653000 12.662647 13.307493
654000 13.139526 13.307237
655000 12.656284 13.306243
656000 13.080871 13.305899
657000 12.628211 13.304868
658000 12.919795 13.304283
659000 12.935334 13.303723
660000 13.093674 13.303404
661000 13.277902 13.303366
662000 12.843661 13.302671
663000 12.731457 13.301810
664000 12.735663 13.300957
665000 12.959360 13.300444
666000 13.087057 13.300123
667000 12.840211 13.299434
668000 12.861243 13.298778
669000 12.978110 13.298298
670000 12.929553 13.297748
671000 13.463872 13.297996
672000 13.448068 13.298219
673000 13.130285 13.297969
674000 13.300145 13.297973
675000 13.033822 13.297581
676000 12.860685 13.296935
677000 13.174516 13.296754
678000 12.907134 13.296179
679000 13.020310 13.295773
680000 13.242385 13.295695
681000 12.840005 13.295026
682000 12.617727 13.294032
683000 12.695274 13.293156
684000 12.572183 13.292102
685000 13.029884 13.291719
686000 12.749987 13.290929
687000 12.366005 13.289583
688000 12.800479 13.288872
689000 12.779865 13.288133
690000 12.937956 13.287626
691000 12.750068 13.286848
692000 12.820760 13.286174
693000 12.617824 13.285210
694000 13.150677 13.285016
695000 12.847436 13.284386
696000 12.754449 13.283625
697000 12.914065 13.283095
698000 12.886096 13.282526
699000 12.789970 13.281821
700000 12.851033 13.281206
701000 12.728284 13.280417
702000 13.017345 13.280042
703000 12.797729 13.279356
704000 12.793751 13.278667
705000 12.478639 13.277532
706000 12.381234 13.276262
707000 12.584626 13.275284
708000 12.263201 13.273854
709000 12.695691 13.273039
710000 12.748974 13.272301
711000 12.965029 13.271869
712000 13.024348 13.271521
713000 12.930784 13.271043
714000 12.970407 13.270622
715000 13.077452 13.270352
716000 13.000851 13.269976
717000 13.314523 13.270038
718000 13.173659 13.269903
719000 13.219518 13.269833
720000 12.957849 13.269400
721000 12.869233 13.268845
722000 13.556983 13.269244
723000 13.776815 13.269946
724000 13.636575 13.270453
725000 13.680231 13.271018
726000 13.651328 13.271542
727000 13.963205 13.272493
728000 14.014674 13.273512
729000 14.065315 13.274599
730000 13.797175 13.275314
731000 13.844299 13.276093
732000 13.850529 13.276878
733000 13.580432 13.277292
734000 13.697583 13.277864
735000 13.490331 13.278153
736000 13.816228 13.278884
737000 13.589381 13.279306
738000 13.609882 13.279754
739000 13.616051 13.280209
740000 13.522672 13.280536
741000 13.642364 13.281025
742000 13.562944 13.281405
743000 13.432210 13.281608
744000 13.219838 13.281525
745000 13.562270 13.281901
746000 13.412895 13.282077
747000 13.560490 13.282450
748000 13.800923 13.283143
749000 13.452089 13.283368
750000 13.776775 13.284026
751000 13.328315 13.284085
752000 13.172374 13.283937
753000 13.120747 13.283720
754000 12.961482 13.283293
755000 13.347251 13.283377
756000 13.374427 13.283498
757000 13.289790 13.283506
758000 13.062055 13.283214
759000 13.265796 13.283191
760000 12.872647 13.282651
761000 13.177738 13.282513
762000 13.423488 13.282698
763000 13.192474 13.282580
764000 13.221501 13.282500
765000 13.354535 13.282594
766000 13.371546 13.282710
767000 13.452696 13.282932
768000 13.556941 13.283288
769000 13.290021 13.283297
770000 13.593961 13.283701
771000 13.421859 13.283880
772000 13.374102 13.283997
773000 13.392878 13.284138
774000 13.655701 13.284618
775000 13.710986 13.285168
776000 13.546278 13.285504
777000 13.388155 13.285636
778000 13.694499 13.286162
779000 13.809310 13.286833
780000 13.625319 13.287267
781000 13.601063 13.287669
782000 13.745062 13.288254
783000 13.532197 13.288566
784000 13.663840 13.289044
785000 13.501887 13.289315
786000 13.214194 13.289220
787000 13.545512 13.289546
788000 13.368713 13.289646
789000 13.666591 13.290124
790000 13.763627 13.290723
791000 13.695406 13.291235
792000 13.633235 13.291667
793000 13.513381 13.291946
794000 13.665386 13.292416
795000 13.757810 13.293002
796000 13.433656 13.293179
797000 13.809432 13.293826
798000 13.398725 13.293958
799000 13.317231 13.293987
800000 13.678617 13.294468
801000 13.478658 13.294698
802000 13.360791 13.294780
803000 13.507203 13.295045
804000 13.534553 13.295343
805000 13.504781 13.295603
806000 13.272559 13.295574
807000 13.352038 13.295644
808000 13.223541 13.295555
809000 13.464361 13.295763
810000 13.606386 13.296147
811000 13.432056 13.296315
812000 13.680080 13.296787
813000 13.600183 13.297160
814000 13.443326 13.297340
815000 13.442959 13.297519
816000 13.721116 13.298038
817000 13.491299 13.298274
818000 13.472132 13.298487
819000 13.522223 13.298760
820000 13.593428 13.299119
821000 13.766854 13.299689
822000 13.678742 13.300150
823000 13.697483 13.300633
824000 13.761878 13.301193
825000 13.390814 13.301301
826000 13.771877 13.301871
827000 13.801044 13.302475
828000 13.769838 13.303039
829000 13.816124 13.303658
830000 13.902190 13.304379
831000 13.901089 13.305097
832000 14.145190 13.306107
833000 14.125566 13.307091
834000 13.942950 13.307853
835000 14.016279 13.308702
836000 13.831178 13.309326
837000 14.161744 13.310345
838000 13.994710 13.311162
839000 14.157592 13.312170
840000 13.701034 13.312633
841000 14.031872 13.313489
842000 13.840932 13.314115
843000 14.108894 13.315058
844000 14.205104 13.316112
845000 13.924980 13.316833
846000 13.888731 13.317509
847000 13.977673 13.318288
848000 13.700521 13.318739
849000 14.090535 13.319648
850000 13.980609 13.320426
851000 13.883007 13.321087
852000 13.740390 13.321579
853000 13.943923 13.322309
854000 13.983296 13.323083
855000 13.977573 13.323848
856000 14.057782 13.324705
857000 13.749519 13.325201
858000 13.837749 13.325798
859000 13.540484 13.326048
860000 13.641936 13.326416
861000 13.732351 13.326887
862000 13.578123 13.327179
863000 13.853820 13.327789
864000 14.014062 13.328583
865000 13.588970 13.328884
866000 13.858037 13.329495
867000 13.673130 13.329892
868000 13.916337 13.330567
869000 13.670745 13.330959
870000 13.651706 13.331327
871000 13.331733 13.331328
872000 13.443868 13.331457
873000 13.313515 13.331436
874000 13.300438 13.331401
875000 13.044320 13.331073
876000 13.268806 13.331002
877000 13.458552 13.331147
878000 13.663531 13.331526
879000 13.476024 13.331690
880000 13.719956 13.332131
881000 13.366860 13.332171
882000 13.692366 13.332579
883000 13.554700 13.332831
884000 13.253683 13.332741
885000 13.157900 13.332544
886000 13.571785 13.332814
887000 13.247826 13.332718
888000 13.345547 13.332732
889000 13.355126 13.332757
890000 13.393877 13.332826
891000 13.699579 13.333238
892000 13.665631 13.333610
893000 13.509812 13.333808
894000 13.665859 13.334179
895000 13.433074 13.334290
896000 13.218425 13.334160
897000 13.669723 13.334534
898000 13.638576 13.334873
899000 13.657830 13.335232
900000 13.589455 13.335515
901000 13.255764 13.335426
902000 13.178785 13.335252
903000 13.413195 13.335339
904000 13.541514 13.335567
905000 13.685766 13.335954
906000 13.434353 13.336062
907000 13.277618 13.335998
908000 13.422267 13.336093
909000 13.525261 13.336301
910000 13.396519 13.336367
911000 13.562137 13.336615
912000 13.302014 13.336577
913000 13.482940 13.336737
914000 13.181785 13.336568
915000 13.553848 13.336805
916000 13.619872 13.337114
917000 13.636411 13.337441
918000 13.627606 13.337757
919000 13.884389 13.338352
920000 13.630136 13.338669
921000 13.754706 13.339121
922000 13.711315 13.339524
923000 13.285519 13.339466
924000 13.554371 13.339698
925000 13.633184 13.340016
926000 13.862358 13.340580
927000 13.647033 13.340910
928000 13.321300 13.340889
929000 13.455057 13.341012
930000 13.620806 13.341313
931000 13.300843 13.341269
932000 13.322124 13.341249
933000 13.318312 13.341224
934000 13.489012 13.341383
935000 13.510954 13.341564
936000 13.175908 13.341387
937000 13.364158 13.341411
938000 13.336789 13.341406
939000 13.355015 13.341421
940000 13.519114 13.341610
941000 13.314328 13.341581
942000 13.274847 13.341510
943000 13.205616 13.341366
944000 13.289386 13.341311
945000 13.297822 13.341265
946000 13.019600 13.340925
947000 12.991962 13.340556
948000 12.995279 13.340192
949000 12.898280 13.339726
950000 12.900500 13.339264
951000 13.215009 13.339133
952000 12.874540 13.338645
953000 12.979100 13.338268
954000 12.795862 13.337700
955000 13.084631 13.337435
956000 13.017254 13.337100
957000 12.817342 13.336557
958000 12.792082 13.335988
959000 12.731882 13.335358
960000 12.818133 13.334819
961000 12.989028 13.334460
962000 13.035058 13.334148
963000 13.250653 13.334062
964000 13.211005 13.333934
965000 13.405228 13.334008
966000 13.207271 13.333877
967000 13.375869 13.333920
968000 13.147402 13.333727
969000 13.087185 13.333473
970000 13.108030 13.333241
971000 13.241703 13.333146
972000 13.276657 13.333088
973000 13.665571 13.333430
974000 13.329124 13.333426
975000 13.501015 13.333597
976000 13.273303 13.333536
977000 13.405939 13.333610
978000 13.289562 13.333565
979000 12.998236 13.333222
980000 12.935577 13.332816
981000 13.177153 13.332658
982000 13.163199 13.332485
983000 12.916342 13.332062
984000 12.839711 13.331562
985000 12.797585 13.331019
986000 12.910571 13.330593
987000 13.291851 13.330554
988000 13.155852 13.330377
989000 13.055926 13.330099
990000 13.095794 13.329863
991000 13.362873 13.329896
992000 13.025240 13.329589
993000 13.394953 13.329655
994000 13.320211 13.329645
995000 13.400145 13.329716
996000 13.377825 13.329764
997000 13.269037 13.329703
998000 13.584656 13.329959
999000 13.286000 13.329915
1000000 13.408774 13.329994
