1000 208.000000 208.000000
2000 207.000000 207.500000
3000 206.000000 207.000000
4000 210.000000 207.750000
5000 208.000000 207.800000
6000 209.000000 208.000000
7000 208.000000 208.000000
8000 208.000000 208.000000
9000 208.000000 208.000000
10000 210.000000 208.200000
11000 211.000000 208.454545
12000 207.000000 208.333333
13000 206.000000 208.153846
14000 209.000000 208.214286
15000 211.000000 208.400000
16000 208.000000 208.375000
17000 211.000000 208.529412
18000 209.000000 208.555556
19000 206.000000 208.421053
20000 209.000000 208.450000
21000 207.000000 208.380952
22000 205.000000 208.227273
23000 204.000000 208.043478
24000 208.000000 208.041667
25000 208.000000 208.040000
26000 205.000000 207.923077
27000 211.000000 208.037037
28000 207.000000 208.000000
29000 206.000000 207.931034
30000 207.000000 207.900000
31000 207.000000 207.870968
32000 208.000000 207.875000
33000 208.000000 207.878788
34000 209.000000 207.911765
35000 206.000000 207.857143
36000 206.000000 207.805556
37000 207.000000 207.783784
38000 211.000000 207.868421
39000 210.000000 207.923077
40000 212.000000 208.025000
41000 207.000000 208.000000
42000 205.000000 207.928571
43000 207.000000 207.906977
44000 209.000000 207.931818
45000 208.000000 207.933333
46000 208.000000 207.934783
47000 211.000000 208.000000
48000 203.000000 207.895833
49000 208.000000 207.897959
50000 207.000000 207.880000
51000 210.000000 207.921569
52000 205.000000 207.865385
53000 210.000000 207.905660
54000 207.000000 207.888889
55000 207.000000 207.872727
56000 205.000000 207.821429
57000 210.000000 207.859649
58000 208.000000 207.862069
59000 210.000000 207.898305
60000 209.000000 207.916667
61000 209.000000 207.934426
62000 211.000000 207.983871
63000 209.000000 208.000000
64000 210.000000 208.031250
65000 205.000000 207.984615
66000 210.000000 208.015152
67000 203.000000 207.940299
68000 211.000000 207.985294
69000 207.000000 207.971014
70000 205.000000 207.928571
71000 211.000000 207.971831
72000 205.000000 207.930556
73000 206.000000 207.904110
74000 207.000000 207.891892
75000 211.000000 207.933333
76000 210.000000 207.960526
77000 208.000000 207.961039
78000 203.000000 207.897436
79000 207.000000 207.886076
80000 211.000000 207.925000
81000 211.000000 207.962963
82000 208.000000 207.963415
83000 207.000000 207.951807
84000 207.000000 207.940476
85000 205.000000 207.905882
86000 207.000000 207.895349
87000 205.000000 207.862069
88000 207.000000 207.852273
89000 209.000000 207.865169
90000 206.000000 207.844444
91000 209.000000 207.857143
92000 208.000000 207.858696
93000 206.000000 207.838710
94000 206.000000 207.819149
95000 209.000000 207.831579
96000 207.000000 207.822917
97000 208.000000 207.824742
98000 206.000000 207.806122
99000 205.000000 207.777778
100000 208.000000 207.780000
101000 208.000000 207.782178
102000 208.000000 207.784314
103000 207.000000 207.776699
104000 204.000000 207.740385
105000 208.000000 207.742857
106000 207.000000 207.735849
107000 206.000000 207.719626
108000 203.000000 207.675926
109000 205.000000 207.651376
110000 208.000000 207.654545
111000 205.000000 207.630631
112000 207.000000 207.625000
113000 209.000000 207.637168
114000 208.000000 207.640351
115000 208.000000 207.643478
116000 209.000000 207.655172
117000 209.000000 207.666667
118000 208.000000 207.669492
119000 210.000000 207.689076
120000 208.000000 207.691667
121000 207.000000 207.685950
122000 207.000000 207.680328
123000 205.000000 207.658537
124000 206.000000 207.645161
125000 205.000000 207.624000
126000 208.000000 207.626984
127000 210.000000 207.645669
128000 205.000000 207.625000
129000 206.000000 207.612403
130000 206.000000 207.600000
131000 208.000000 207.603053
132000 207.000000 207.598485
133000 206.000000 207.586466
134000 209.000000 207.597015
135000 206.000000 207.585185
136000 206.000000 207.573529
137000 204.000000 207.547445
138000 206.000000 207.536232
139000 207.000000 207.532374
140000 206.000000 207.521429
141000 208.000000 207.524823
142000 207.000000 207.521127
143000 204.000000 207.496503
144000 205.000000 207.479167
145000 207.000000 207.475862
146000 204.000000 207.452055
147000 208.000000 207.455782
148000 207.000000 207.452703
149000 210.000000 207.469799
150000 210.000000 207.486667
151000 206.000000 207.476821
152000 209.000000 207.486842
153000 208.000000 207.490196
154000 206.000000 207.480519
155000 207.000000 207.477419
156000 209.000000 207.487179
157000 208.000000 207.490446
158000 208.000000 207.493671
159000 210.000000 207.509434
160000 205.000000 207.493750
161000 208.000000 207.496894
162000 208.000000 207.500000
163000 207.000000 207.496933
164000 208.000000 207.500000
165000 207.000000 207.496970
166000 206.000000 207.487952
167000 207.000000 207.485030
168000 209.000000 207.494048
169000 206.000000 207.485207
170000 204.000000 207.464706
171000 211.000000 207.485380
172000 209.000000 207.494186
173000 208.000000 207.497110
174000 208.000000 207.500000
175000 207.000000 207.497143
176000 206.000000 207.488636
177000 206.000000 207.480226
178000 205.000000 207.466292
179000 205.000000 207.452514
180000 204.000000 207.433333
181000 210.000000 207.447514
182000 207.000000 207.445055
183000 207.000000 207.442623
184000 206.000000 207.434783
185000 207.000000 207.432432
186000 207.000000 207.430108
187000 206.000000 207.422460
188000 207.000000 207.420213
189000 206.000000 207.412698
190000 210.000000 207.426316
191000 209.000000 207.434555
192000 209.000000 207.442708
193000 207.000000 207.440415
194000 207.000000 207.438144
195000 208.000000 207.441026
196000 206.000000 207.433673
197000 207.000000 207.431472
198000 206.000000 207.424242
199000 208.000000 207.427136
200000 205.000000 207.415000
201000 207.000000 207.412935
202000 204.000000 207.396040
203000 205.000000 207.384236
204000 208.000000 207.387255
205000 207.000000 207.385366
206000 202.000000 207.359223
207000 206.000000 207.352657
208000 206.000000 207.346154
209000 203.000000 207.325359
210000 207.000000 207.323810
211000 208.000000 207.327014
212000 204.000000 207.311321
213000 207.000000 207.309859
214000 208.000000 207.313084
215000 207.000000 207.311628
216000 204.000000 207.296296
217000 207.000000 207.294931
218000 210.000000 207.307339
219000 209.000000 207.315068
220000 204.000000 207.300000
221000 207.000000 207.298643
222000 206.000000 207.292793
223000 204.000000 207.278027
224000 205.000000 207.267857
225000 203.000000 207.248889
226000 204.000000 207.234513
227000 206.000000 207.229075
228000 208.000000 207.232456
229000 204.000000 207.218341
230000 205.000000 207.208696
231000 202.000000 207.186147
232000 205.000000 207.176724
233000 203.000000 207.158798
234000 203.000000 207.141026
235000 208.000000 207.144681
236000 208.000000 207.148305
237000 209.000000 207.156118
238000 205.000000 207.147059
239000 209.000000 207.154812
240000 207.000000 207.154167
241000 206.000000 207.149378
242000 203.000000 207.132231
243000 208.000000 207.135802
244000 206.000000 207.131148
245000 204.000000 207.118367
246000 211.000000 207.134146
247000 206.000000 207.129555
248000 205.000000 207.120968
249000 208.000000 207.124498
250000 205.000000 207.116000
251000 207.000000 207.115538
252000 208.000000 207.119048
253000 210.000000 207.130435
254000 206.000000 207.125984
255000 206.000000 207.121569
256000 206.000000 207.117188
257000 209.000000 207.124514
258000 206.000000 207.120155
259000 206.000000 207.115830
260000 206.000000 207.111538
261000 208.000000 207.114943
262000 208.000000 207.118321
263000 208.000000 207.121673
264000 207.000000 207.121212
265000 209.000000 207.128302
266000 209.000000 207.135338
267000 211.000000 207.149813
268000 208.000000 207.152985
269000 206.000000 207.148699
270000 209.000000 207.155556
271000 207.000000 207.154982
272000 209.000000 207.161765
273000 211.000000 207.175824
274000 207.000000 207.175182
275000 209.000000 207.181818
276000 207.000000 207.181159
277000 209.000000 207.187726
278000 204.000000 207.176259
279000 206.000000 207.172043
280000 209.000000 207.178571
281000 209.000000 207.185053
282000 203.000000 207.170213
283000 207.000000 207.169611
284000 208.000000 207.172535
285000 212.000000 207.189474
286000 209.000000 207.195804
287000 210.000000 207.205575
288000 204.000000 207.194444
289000 209.000000 207.200692
290000 208.000000 207.203448
291000 207.000000 207.202749
292000 204.000000 207.191781
293000 209.000000 207.197952
294000 209.000000 207.204082
295000 207.000000 207.203390
296000 206.000000 207.199324
297000 210.000000 207.208754
298000 207.000000 207.208054
299000 209.000000 207.214047
300000 209.000000 207.220000
301000 206.000000 207.215947
302000 209.000000 207.221854
303000 209.000000 207.227723
304000 206.000000 207.223684
305000 211.000000 207.236066
306000 209.000000 207.241830
307000 207.000000 207.241042
308000 206.000000 207.237013
309000 206.000000 207.233010
310000 207.000000 207.232258
311000 209.000000 207.237942
312000 206.000000 207.233974
313000 204.000000 207.223642
314000 210.000000 207.232484
315000 209.000000 207.238095
316000 209.000000 207.243671
317000 208.000000 207.246057
318000 209.000000 207.251572
319000 211.000000 207.263323
320000 204.000000 207.253125
321000 207.000000 207.252336
322000 207.000000 207.251553
323000 207.000000 207.250774
324000 209.000000 207.256173
325000 210.000000 207.264615
326000 208.000000 207.266871
327000 207.000000 207.266055
328000 207.000000 207.265244
329000 209.000000 207.270517
330000 206.000000 207.266667
331000 209.000000 207.271903
332000 204.000000 207.262048
333000 209.000000 207.267267
334000 207.000000 207.266467
335000 209.000000 207.271642
336000 208.000000 207.273810
337000 210.000000 207.281899
338000 207.000000 207.281065
339000 208.000000 207.283186
340000 207.000000 207.282353
341000 209.000000 207.287390
342000 210.000000 207.295322
343000 211.000000 207.306122
344000 212.000000 207.319767
345000 209.000000 207.324638
346000 211.000000 207.335260
347000 209.000000 207.340058
348000 204.000000 207.330460
349000 211.000000 207.340974
350000 210.000000 207.348571
351000 209.000000 207.353276
352000 207.000000 207.352273
353000 210.000000 207.359773
354000 209.000000 207.364407
355000 212.000000 207.377465
356000 209.000000 207.382022
357000 209.000000 207.386555
358000 208.000000 207.388268
359000 209.000000 207.392758
360000 207.000000 207.391667
361000 210.000000 207.398892
362000 209.000000 207.403315
363000 210.000000 207.410468
364000 209.000000 207.414835
365000 209.000000 207.419178
366000 208.000000 207.420765
367000 209.000000 207.425068
368000 207.000000 207.423913
369000 205.000000 207.417344
370000 206.000000 207.413514
371000 211.000000 207.423181
372000 210.000000 207.430108
373000 208.000000 207.431635
374000 210.000000 207.438503
375000 206.000000 207.434667
376000 206.000000 207.430851
377000 210.000000 207.437666
378000 211.000000 207.447090
379000 210.000000 207.453826
380000 206.000000 207.450000
381000 210.000000 207.456693
382000 208.000000 207.458115
383000 210.000000 207.464752
384000 207.000000 207.463542
385000 209.000000 207.467532
386000 209.000000 207.471503
387000 208.000000 207.472868
388000 204.000000 207.463918
389000 212.000000 207.475578
390000 210.000000 207.482051
391000 208.000000 207.483376
392000 209.000000 207.487245
393000 209.000000 207.491094
394000 206.000000 207.487310
395000 204.000000 207.478481
396000 209.000000 207.482323
397000 209.000000 207.486146
398000 206.000000 207.482412
399000 208.000000 207.483709
400000 208.000000 207.485000
401000 210.000000 207.491272
402000 209.000000 207.495025
403000 210.000000 207.501241
404000 208.000000 207.502475
405000 207.000000 207.501235
406000 209.000000 207.504926
407000 209.000000 207.508600
408000 207.000000 207.507353
409000 210.000000 207.513447
410000 208.000000 207.514634
411000 208.000000 207.515815
412000 211.000000 207.524272
413000 208.000000 207.525424
414000 204.000000 207.516908
415000 211.000000 207.525301
416000 211.000000 207.533654
417000 209.000000 207.537170
418000 210.000000 207.543062
419000 209.000000 207.546539
420000 207.000000 207.545238
421000 207.000000 207.543943
422000 208.000000 207.545024
423000 209.000000 207.548463
424000 208.000000 207.549528
425000 207.000000 207.548235
426000 209.000000 207.551643
427000 208.000000 207.552693
428000 208.000000 207.553738
429000 206.000000 207.550117
430000 208.000000 207.551163
431000 211.000000 207.559165
432000 206.000000 207.555556
433000 206.000000 207.551963
434000 207.000000 207.550691
435000 208.000000 207.551724
436000 204.000000 207.543578
437000 206.000000 207.540046
438000 207.000000 207.538813
439000 211.000000 207.546697
440000 207.000000 207.545455
441000 207.000000 207.544218
442000 209.000000 207.547511
443000 207.000000 207.546275
444000 211.000000 207.554054
445000 210.000000 207.559551
446000 208.000000 207.560538
447000 205.000000 207.554810
448000 207.000000 207.553571
449000 209.000000 207.556793
450000 211.000000 207.564444
451000 209.000000 207.567627
452000 206.000000 207.564159
453000 207.000000 207.562914
454000 207.000000 207.561674
455000 205.000000 207.556044
456000 206.000000 207.552632
457000 207.000000 207.551422
458000 208.000000 207.552402
459000 209.000000 207.555556
460000 211.000000 207.563043
461000 211.000000 207.570499
462000 209.000000 207.573593
463000 208.000000 207.574514
464000 207.000000 207.573276
465000 208.000000 207.574194
466000 210.000000 207.579399
467000 212.000000 207.588865
468000 209.000000 207.591880
469000 212.000000 207.601279
470000 208.000000 207.602128
471000 207.000000 207.600849
472000 207.000000 207.599576
473000 210.000000 207.604651
474000 210.000000 207.609705
475000 208.000000 207.610526
476000 211.000000 207.617647
477000 209.000000 207.620545
478000 210.000000 207.625523
479000 209.000000 207.628392
480000 202.000000 207.616667
481000 207.000000 207.615385
482000 207.000000 207.614108
483000 208.000000 207.614907
484000 204.000000 207.607438
485000 206.000000 207.604124
486000 210.000000 207.609053
487000 211.000000 207.616016
488000 208.000000 207.616803
489000 210.000000 207.621677
490000 205.000000 207.616327
491000 209.000000 207.619145
492000 206.000000 207.615854
493000 209.000000 207.618661
494000 205.000000 207.613360
495000 207.000000 207.612121
496000 208.000000 207.612903
497000 206.000000 207.609658
498000 208.000000 207.610442
499000 209.000000 207.613226
500000 206.000000 207.610000
501000 205.000000 207.604790
502000 211.000000 207.611554
503000 207.000000 207.610338
504000 207.000000 207.609127
505000 207.000000 207.607921
506000 208.000000 207.608696
507000 210.000000 207.613412
508000 209.000000 207.616142
509000 208.000000 207.616896
510000 206.000000 207.613725
511000 206.000000 207.610568
512000 209.000000 207.613281
513000 210.000000 207.617934
514000 211.000000 207.624514
515000 207.000000 207.623301
516000 209.000000 207.625969
517000 207.000000 207.624758
518000 208.000000 207.625483
519000 207.000000 207.624277
520000 209.000000 207.626923
521000 209.000000 207.629559
522000 210.000000 207.634100
523000 204.000000 207.627151
524000 210.000000 207.631679
525000 209.000000 207.634286
526000 210.000000 207.638783
527000 210.000000 207.643264
528000 210.000000 207.647727
529000 208.000000 207.648393
530000 211.000000 207.654717
531000 210.000000 207.659134
532000 207.000000 207.657895
533000 208.000000 207.658537
534000 208.000000 207.659176
535000 209.000000 207.661682
536000 210.000000 207.666045
537000 210.000000 207.670391
538000 209.000000 207.672862
539000 205.000000 207.667904
540000 206.000000 207.664815
541000 206.000000 207.661738
542000 209.000000 207.664207
543000 208.000000 207.664825
544000 206.000000 207.661765
545000 210.000000 207.666055
546000 208.000000 207.666667
547000 211.000000 207.672761
548000 204.000000 207.666058
549000 208.000000 207.666667
550000 212.000000 207.674545
551000 210.000000 207.678766
552000 210.000000 207.682971
553000 204.000000 207.676311
554000 209.000000 207.678700
555000 208.000000 207.679279
556000 209.000000 207.681655
557000 209.000000 207.684022
558000 206.000000 207.681004
559000 208.000000 207.681574
560000 210.000000 207.685714
561000 206.000000 207.682709
562000 204.000000 207.676157
563000 210.000000 207.680284
564000 205.000000 207.675532
565000 208.000000 207.676106
566000 207.000000 207.674912
567000 208.000000 207.675485
568000 207.000000 207.674296
569000 205.000000 207.669596
570000 208.000000 207.670175
571000 206.000000 207.667250
572000 208.000000 207.667832
573000 208.000000 207.668412
574000 207.000000 207.667247
575000 204.000000 207.660870
576000 205.000000 207.656250
577000 206.000000 207.653380
578000 204.000000 207.647059
579000 205.000000 207.642487
580000 208.000000 207.643103
581000 208.000000 207.643718
582000 209.000000 207.646048
583000 211.000000 207.651801
584000 206.000000 207.648973
585000 211.000000 207.654701
586000 208.000000 207.655290
587000 210.000000 207.659284
588000 209.000000 207.661565
589000 207.000000 207.660441
590000 209.000000 207.662712
591000 208.000000 207.663283
592000 210.000000 207.667230
593000 207.000000 207.666105
594000 207.000000 207.664983
595000 210.000000 207.668908
596000 205.000000 207.664430
597000 210.000000 207.668342
598000 206.000000 207.665552
599000 204.000000 207.659432
600000 207.000000 207.658333
601000 209.000000 207.660566
602000 209.000000 207.662791
603000 207.000000 207.661692
604000 205.000000 207.657285
605000 207.000000 207.656198
606000 209.000000 207.658416
607000 206.000000 207.655684
608000 208.000000 207.656250
609000 209.000000 207.658456
610000 204.000000 207.652459
611000 209.000000 207.654664
612000 207.000000 207.653595
613000 209.000000 207.655791
614000 209.000000 207.657980
615000 206.000000 207.655285
616000 207.000000 207.654221
617000 210.000000 207.658023
618000 212.000000 207.665049
619000 211.000000 207.670436
620000 207.000000 207.669355
621000 209.000000 207.671498
622000 209.000000 207.673633
623000 208.000000 207.674157
624000 204.000000 207.668269
625000 208.000000 207.668800
626000 208.000000 207.669329
627000 211.000000 207.674641
628000 209.000000 207.676752
629000 207.000000 207.675676
630000 208.000000 207.676190
631000 209.000000 207.678288
632000 208.000000 207.678797
633000 208.000000 207.679305
634000 209.000000 207.681388
635000 205.000000 207.677165
636000 207.000000 207.676101
637000 207.000000 207.675039
638000 206.000000 207.672414
639000 207.000000 207.671362
640000 208.000000 207.671875
641000 206.000000 207.669267
642000 204.000000 207.663551
643000 208.000000 207.664075
644000 207.000000 207.663043
645000 205.000000 207.658915
646000 210.000000 207.662539
647000 208.000000 207.663060
648000 209.000000 207.665123
649000 204.000000 207.659476
650000 210.000000 207.663077
651000 211.000000 207.668203
652000 210.000000 207.671779
653000 210.000000 207.675345
654000 209.000000 207.677370
655000 207.000000 207.676336
656000 209.000000 207.678354
657000 209.000000 207.680365
658000 209.000000 207.682371
659000 210.000000 207.685888
660000 208.000000 207.686364
661000 211.000000 207.691377
662000 210.000000 207.694864
663000 211.000000 207.699849
664000 208.000000 207.700301
665000 209.000000 207.702256
666000 210.000000 207.705706
667000 208.000000 207.706147
668000 206.000000 207.703593
669000 207.000000 207.702541
670000 204.000000 207.697015
671000 208.000000 207.697466
672000 209.000000 207.699405
673000 207.000000 207.698366
674000 208.000000 207.698813
675000 208.000000 207.699259
676000 207.000000 207.698225
677000 203.000000 207.691285
678000 208.000000 207.691740
679000 207.000000 207.690722
680000 207.000000 207.689706
681000 204.000000 207.684288
682000 207.000000 207.683284
683000 206.000000 207.680820
684000 207.000000 207.679825
685000 207.000000 207.678832
686000 208.000000 207.679300
687000 206.000000 207.676856
688000 209.000000 207.678779
689000 209.000000 207.680697
690000 208.000000 207.681159
691000 206.000000 207.678726
692000 206.000000 207.676301
693000 208.000000 207.676768
694000 208.000000 207.677233
695000 206.000000 207.674820
696000 208.000000 207.675287
697000 206.000000 207.672884
698000 210.000000 207.676218
699000 209.000000 207.678112
700000 204.000000 207.672857
701000 209.000000 207.674750
702000 207.000000 207.673789
703000 207.000000 207.672831
704000 207.000000 207.671875
705000 210.000000 207.675177
706000 208.000000 207.675637
707000 205.000000 207.671853
708000 207.000000 207.670904
709000 211.000000 207.675599
710000 208.000000 207.676056
711000 208.000000 207.676512
712000 206.000000 207.674157
713000 208.000000 207.674614
714000 208.000000 207.675070
715000 207.000000 207.674126
716000 207.000000 207.673184
717000 206.000000 207.670851
718000 210.000000 207.674095
719000 205.000000 207.670376
720000 207.000000 207.669444
721000 210.000000 207.672677
722000 209.000000 207.674515
723000 203.000000 207.668050
724000 206.000000 207.665746
725000 209.000000 207.667586
726000 206.000000 207.665289
727000 210.000000 207.668501
728000 209.000000 207.670330
729000 211.000000 207.674897
730000 210.000000 207.678082
731000 210.000000 207.681259
732000 208.000000 207.681694
733000 205.000000 207.678035
734000 212.000000 207.683924
735000 206.000000 207.681633
736000 206.000000 207.679348
737000 208.000000 207.679783
738000 210.000000 207.682927
739000 208.000000 207.683356
740000 205.000000 207.679730
741000 209.000000 207.681511
742000 211.000000 207.685984
743000 207.000000 207.685061
744000 207.000000 207.684140
745000 211.000000 207.688591
746000 209.000000 207.690349
747000 209.000000 207.692102
748000 209.000000 207.693850
749000 206.000000 207.691589
750000 205.000000 207.688000
751000 209.000000 207.689747
752000 204.000000 207.684840
753000 210.000000 207.687915
754000 208.000000 207.688329
755000 206.000000 207.686093
756000 204.000000 207.681217
757000 208.000000 207.681638
758000 207.000000 207.680739
759000 205.000000 207.677207
760000 204.000000 207.672368
761000 206.000000 207.670171
762000 211.000000 207.674541
763000 206.000000 207.672346
764000 207.000000 207.671466
765000 210.000000 207.674510
766000 206.000000 207.672324
767000 211.000000 207.676662
768000 207.000000 207.675781
769000 210.000000 207.678804
770000 204.000000 207.674026
771000 208.000000 207.674449
772000 207.000000 207.673575
773000 210.000000 207.676585
774000 207.000000 207.675711
775000 210.000000 207.678710
776000 208.000000 207.679124
777000 208.000000 207.679537
778000 210.000000 207.682519
779000 207.000000 207.681643
780000 209.000000 207.683333
781000 205.000000 207.679898
782000 210.000000 207.682864
783000 210.000000 207.685824
784000 212.000000 207.691327
785000 211.000000 207.695541
786000 209.000000 207.697201
787000 208.000000 207.697586
788000 210.000000 207.700508
789000 209.000000 207.702155
790000 212.000000 207.707595
791000 211.000000 207.711757
792000 208.000000 207.712121
793000 210.000000 207.715006
794000 205.000000 207.711587
795000 210.000000 207.714465
796000 210.000000 207.717337
797000 210.000000 207.720201
798000 209.000000 207.721805
799000 212.000000 207.727159
800000 212.000000 207.732500
801000 211.000000 207.736579
802000 211.000000 207.740648
803000 208.000000 207.740971
804000 209.000000 207.742537
805000 206.000000 207.740373
806000 206.000000 207.738213
807000 210.000000 207.741016
808000 207.000000 207.740099
809000 208.000000 207.740420
810000 208.000000 207.740741
811000 211.000000 207.744760
812000 210.000000 207.747537
813000 205.000000 207.744157
814000 206.000000 207.742015
815000 206.000000 207.739877
816000 210.000000 207.742647
817000 208.000000 207.742962
818000 214.000000 207.750611
819000 208.000000 207.750916
820000 209.000000 207.752439
821000 208.000000 207.752741
822000 207.000000 207.751825
823000 209.000000 207.753341
824000 209.000000 207.754854
825000 211.000000 207.758788
826000 212.000000 207.763923
827000 208.000000 207.764208
828000 208.000000 207.764493
829000 208.000000 207.764777
830000 210.000000 207.767470
831000 212.000000 207.772563
832000 212.000000 207.777644
833000 206.000000 207.775510
834000 209.000000 207.776978
835000 210.000000 207.779641
836000 205.000000 207.776316
837000 206.000000 207.774194
838000 206.000000 207.772076
839000 208.000000 207.772348
840000 210.000000 207.775000
841000 207.000000 207.774078
842000 211.000000 207.777910
843000 207.000000 207.776987
844000 206.000000 207.774882
845000 210.000000 207.777515
846000 210.000000 207.780142
847000 210.000000 207.782763
848000 206.000000 207.780660
849000 208.000000 207.780919
850000 208.000000 207.781176
851000 207.000000 207.780259
852000 208.000000 207.780516
853000 212.000000 207.785463
854000 211.000000 207.789227
855000 210.000000 207.791813
856000 209.000000 207.793224
857000 209.000000 207.794632
858000 211.000000 207.798368
859000 210.000000 207.800931
860000 209.000000 207.802326
861000 209.000000 207.803717
862000 207.000000 207.802784
863000 211.000000 207.806489
864000 210.000000 207.809028
865000 210.000000 207.811561
866000 208.000000 207.811778
867000 209.000000 207.813149
868000 211.000000 207.816820
869000 207.000000 207.815880
870000 209.000000 207.817241
871000 210.000000 207.819747
872000 207.000000 207.818807
873000 212.000000 207.823597
874000 208.000000 207.823799
875000 209.000000 207.825143
876000 206.000000 207.823059
877000 205.000000 207.819840
878000 205.000000 207.816629
879000 209.000000 207.817975
880000 211.000000 207.821591
881000 208.000000 207.821793
882000 210.000000 207.824263
883000 210.000000 207.826727
884000 210.000000 207.829186
885000 208.000000 207.829379
886000 207.000000 207.828442
887000 211.000000 207.832018
888000 207.000000 207.831081
889000 210.000000 207.833521
890000 210.000000 207.835955
891000 207.000000 207.835017
892000 206.000000 207.832960
893000 211.000000 207.836506
894000 210.000000 207.838926
895000 209.000000 207.840223
896000 207.000000 207.839286
897000 211.000000 207.842809
898000 206.000000 207.840757
899000 209.000000 207.842047
900000 210.000000 207.844444
901000 208.000000 207.844617
902000 210.000000 207.847007
903000 209.000000 207.848283
904000 207.000000 207.847345
905000 207.000000 207.846409
906000 211.000000 207.849890
907000 211.000000 207.853363
908000 207.000000 207.852423
909000 209.000000 207.853685
910000 211.000000 207.857143
911000 206.000000 207.855104
912000 207.000000 207.854167
913000 209.000000 207.855422
914000 209.000000 207.856674
915000 209.000000 207.857923
916000 206.000000 207.855895
917000 208.000000 207.856052
918000 211.000000 207.859477
919000 210.000000 207.861806
920000 210.000000 207.864130
921000 206.000000 207.862106
922000 206.000000 207.860087
923000 206.000000 207.858072
924000 209.000000 207.859307
925000 213.000000 207.864865
926000 211.000000 207.868251
927000 209.000000 207.869471
928000 208.000000 207.869612
929000 210.000000 207.871905
930000 208.000000 207.872043
931000 211.000000 207.875403
932000 208.000000 207.875536
933000 208.000000 207.875670
934000 210.000000 207.877944
935000 211.000000 207.881283
936000 208.000000 207.881410
937000 205.000000 207.878335
938000 209.000000 207.879531
939000 210.000000 207.881789
940000 209.000000 207.882979
941000 211.000000 207.886291
942000 209.000000 207.887473
943000 209.000000 207.888653
944000 208.000000 207.888771
945000 208.000000 207.888889
946000 212.000000 207.893235
947000 210.000000 207.895459
948000 208.000000 207.895570
949000 208.000000 207.895680
950000 207.000000 207.894737
951000 206.000000 207.892744
952000 209.000000 207.893908
953000 208.000000 207.894019
954000 207.000000 207.893082
955000 208.000000 207.893194
956000 209.000000 207.894351
957000 212.000000 207.898642
958000 209.000000 207.899791
959000 211.000000 207.903024
960000 209.000000 207.904167
961000 207.000000 207.903226
962000 210.000000 207.905405
963000 209.000000 207.906542
964000 208.000000 207.906639
965000 209.000000 207.907772
966000 208.000000 207.907867
967000 207.000000 207.906929
968000 207.000000 207.905992
969000 206.000000 207.904025
970000 205.000000 207.901031
971000 205.000000 207.898043
972000 212.000000 207.902263
973000 208.000000 207.902364
974000 204.000000 207.898357
975000 207.000000 207.897436
976000 210.000000 207.899590
977000 208.000000 207.899693
978000 209.000000 207.900818
979000 208.000000 207.900919
980000 209.000000 207.902041
981000 209.000000 207.903160
982000 209.000000 207.904277
983000 210.000000 207.906409
984000 208.000000 207.906504
985000 208.000000 207.906599
986000 211.000000 207.909736
987000 208.000000 207.909828
988000 213.000000 207.914980
989000 212.000000 207.919110
990000 210.000000 207.921212
991000 210.000000 207.923310
992000 207.000000 207.922379
993000 213.000000 207.927492
994000 209.000000 207.928571
995000 209.000000 207.929648
996000 210.000000 207.931727
997000 209.000000 207.932798
998000 209.000000 207.933868
999000 210.000000 207.935936
1000000 207.000000 207.935000
1001000 211.000000 207.938062
1002000 207.000000 207.937126
1003000 210.000000 207.939182
1004000 207.000000 207.938247
1005000 207.000000 207.937313
1006000 212.000000 207.941352
1007000 209.000000 207.942403
1008000 211.000000 207.945437
1009000 210.000000 207.947473
1010000 207.000000 207.946535
1011000 206.000000 207.944609
1012000 210.000000 207.946640
1013000 210.000000 207.948667
1014000 207.000000 207.947732
1015000 210.000000 207.949754
1016000 212.000000 207.953740
1017000 206.000000 207.951819
1018000 207.000000 207.950884
1019000 211.000000 207.953876
1020000 212.000000 207.957843
1021000 210.000000 207.959843
1022000 208.000000 207.959883
1023000 211.000000 207.962854
1024000 208.000000 207.962891
1025000 210.000000 207.964878
1026000 209.000000 207.965887
1027000 208.000000 207.965920
1028000 211.000000 207.968872
1029000 211.000000 207.971817
1030000 210.000000 207.973786
1031000 210.000000 207.975752
1032000 209.000000 207.976744
1033000 208.000000 207.976767
1034000 209.000000 207.977756
1035000 211.000000 207.980676
1036000 209.000000 207.981660
1037000 210.000000 207.983607
1038000 209.000000 207.984586
1039000 210.000000 207.986526
1040000 210.000000 207.988462
1041000 209.000000 207.989433
1042000 208.000000 207.989443
1043000 208.000000 207.989453
1044000 211.000000 207.992337
1045000 205.000000 207.989474
1046000 211.000000 207.992352
1047000 209.000000 207.993314
1048000 208.000000 207.993321
1049000 210.000000 207.995234
1050000 210.000000 207.997143
1051000 210.000000 207.999049
1052000 212.000000 208.002852
1053000 209.000000 208.003799
1054000 210.000000 208.005693
1055000 210.000000 208.007583
1056000 209.000000 208.008523
1057000 208.000000 208.008515
1058000 209.000000 208.009452
1059000 215.000000 208.016053
1060000 209.000000 208.016981
1061000 212.000000 208.020735
1062000 209.000000 208.021657
1063000 209.000000 208.022578
1064000 207.000000 208.021617
1065000 212.000000 208.025352
1066000 209.000000 208.026266
1067000 212.000000 208.029991
1068000 208.000000 208.029963
1069000 208.000000 208.029935
1070000 210.000000 208.031776
1071000 211.000000 208.034547
1072000 210.000000 208.036381
1073000 210.000000 208.038211
1074000 209.000000 208.039106
1075000 209.000000 208.040000
1076000 209.000000 208.040892
1077000 209.000000 208.041783
1078000 205.000000 208.038961
1079000 211.000000 208.041705
1080000 208.000000 208.041667
1081000 206.000000 208.039778
1082000 205.000000 208.036969
1083000 208.000000 208.036934
1084000 210.000000 208.038745
1085000 211.000000 208.041475
1086000 211.000000 208.044199
1087000 204.000000 208.040478
1088000 211.000000 208.043199
1089000 209.000000 208.044077
1090000 208.000000 208.044037
1091000 211.000000 208.046746
1092000 209.000000 208.047619
1093000 209.000000 208.048490
1094000 208.000000 208.048446
1095000 207.000000 208.047489
1096000 208.000000 208.047445
1097000 210.000000 208.049225
1098000 206.000000 208.047359
1099000 205.000000 208.044586
1100000 207.000000 208.043636
1101000 206.000000 208.041780
1102000 206.000000 208.039927
1103000 211.000000 208.042611
1104000 208.000000 208.042572
1105000 205.000000 208.039819
1106000 208.000000 208.039783
1107000 209.000000 208.040650
1108000 208.000000 208.040614
1109000 212.000000 208.044184
1110000 211.000000 208.046847
1111000 202.000000 208.041404
1112000 211.000000 208.044065
1113000 206.000000 208.042228
1114000 207.000000 208.041293
1115000 211.000000 208.043946
1116000 211.000000 208.046595
1117000 210.000000 208.048344
1118000 212.000000 208.051878
1119000 210.000000 208.053619
1120000 210.000000 208.055357
1121000 208.000000 208.055308
1122000 205.000000 208.052585
1123000 210.000000 208.054319
1124000 207.000000 208.053381
1125000 208.000000 208.053333
1126000 207.000000 208.052398
1127000 208.000000 208.052351
1128000 209.000000 208.053191
1129000 210.000000 208.054916
1130000 210.000000 208.056637
1131000 208.000000 208.056587
1132000 210.000000 208.058304
1133000 209.000000 208.059135
1134000 208.000000 208.059083
1135000 212.000000 208.062555
1136000 208.000000 208.062500
1137000 210.000000 208.064204
1138000 205.000000 208.061511
1139000 208.000000 208.061457
1140000 207.000000 208.060526
1141000 207.000000 208.059597
1142000 207.000000 208.058669
1143000 204.000000 208.055118
1144000 207.000000 208.054196
1145000 209.000000 208.055022
1146000 208.000000 208.054974
1147000 208.000000 208.054926
1148000 208.000000 208.054878
1149000 207.000000 208.053960
1150000 208.000000 208.053913
1151000 208.000000 208.053866
1152000 210.000000 208.055556
1153000 206.000000 208.053773
1154000 209.000000 208.054593
1155000 206.000000 208.052814
1156000 206.000000 208.051038
1157000 205.000000 208.048401
1158000 211.000000 208.050950
1159000 208.000000 208.050906
1160000 210.000000 208.052586
1161000 207.000000 208.051680
1162000 208.000000 208.051635
1163000 210.000000 208.053310
1164000 210.000000 208.054983
1165000 210.000000 208.056652
1166000 208.000000 208.056604
1167000 208.000000 208.056555
1168000 206.000000 208.054795
1169000 206.000000 208.053037
1170000 211.000000 208.055556
1171000 207.000000 208.054654
1172000 210.000000 208.056314
1173000 208.000000 208.056266
1174000 210.000000 208.057922
1175000 211.000000 208.060426
1176000 209.000000 208.061224
1177000 209.000000 208.062022
1178000 211.000000 208.064516
1179000 211.000000 208.067006
1180000 212.000000 208.070339
1181000 209.000000 208.071126
1182000 208.000000 208.071066
1183000 209.000000 208.071851
1184000 207.000000 208.070946
1185000 206.000000 208.069198
1186000 205.000000 208.066610
1187000 209.000000 208.067397
1188000 210.000000 208.069024
1189000 210.000000 208.070648
1190000 207.000000 208.069748
1191000 208.000000 208.069689
1192000 210.000000 208.071309
1193000 209.000000 208.072087
1194000 208.000000 208.072027
1195000 206.000000 208.070293
1196000 207.000000 208.069398
1197000 210.000000 208.071011
1198000 208.000000 208.070952
1199000 205.000000 208.068390
1200000 207.000000 208.067500
1201000 205.000000 208.064946
1202000 209.000000 208.065724
1203000 206.000000 208.064007
1204000 204.000000 208.060631
1205000 206.000000 208.058921
1206000 206.000000 208.057214
1207000 209.000000 208.057995
1208000 211.000000 208.060430
1209000 210.000000 208.062035
1210000 208.000000 208.061983
1211000 211.000000 208.064410
1212000 210.000000 208.066007
1213000 213.000000 208.070074
1214000 211.000000 208.072488
1215000 210.000000 208.074074
1216000 205.000000 208.071546
1217000 208.000000 208.071487
1218000 208.000000 208.071429
1219000 209.000000 208.072190
1220000 208.000000 208.072131
1221000 205.000000 208.069615
1222000 206.000000 208.067921
1223000 210.000000 208.069501
1224000 208.000000 208.069444
1225000 209.000000 208.070204
1226000 209.000000 208.070962
1227000 207.000000 208.070090
1228000 209.000000 208.070847
1229000 206.000000 208.069162
1230000 204.000000 208.065854
1231000 206.000000 208.064175
1232000 204.000000 208.060877
1233000 207.000000 208.060016
1234000 208.000000 208.059968
1235000 206.000000 208.058300
1236000 209.000000 208.059061
1237000 206.000000 208.057397
1238000 207.000000 208.056543
1239000 209.000000 208.057304
1240000 207.000000 208.056452
1241000 206.000000 208.054795
1242000 207.000000 208.053945
1243000 209.000000 208.054706
1244000 212.000000 208.057878
1245000 209.000000 208.058635
1246000 210.000000 208.060193
1247000 211.000000 208.062550
1248000 209.000000 208.063301
1249000 210.000000 208.064852
1250000 209.000000 208.065600
1251000 203.000000 208.061551
1252000 211.000000 208.063898
1253000 208.000000 208.063847
1254000 208.000000 208.063796
1255000 209.000000 208.064542
1256000 208.000000 208.064490
1257000 209.000000 208.065235
1258000 208.000000 208.065183
1259000 208.000000 208.065131
1260000 211.000000 208.067460
1261000 210.000000 208.068993
1262000 209.000000 208.069731
1263000 209.000000 208.070467
1264000 210.000000 208.071994
1265000 208.000000 208.071937
1266000 207.000000 208.071090
1267000 208.000000 208.071034
1268000 208.000000 208.070978
1269000 209.000000 208.071710
1270000 210.000000 208.073228
1271000 209.000000 208.073958
1272000 210.000000 208.075472
1273000 207.000000 208.074627
1274000 209.000000 208.075353
1275000 208.000000 208.075294
1276000 207.000000 208.074451
1277000 207.000000 208.073610
1278000 210.000000 208.075117
1279000 207.000000 208.074277
1280000 202.000000 208.069531
1281000 211.000000 208.071819
1282000 208.000000 208.071763
1283000 209.000000 208.072486
1284000 206.000000 208.070872
1285000 207.000000 208.070039
1286000 208.000000 208.069984
1287000 206.000000 208.068376
1288000 205.000000 208.065994
1289000 203.000000 208.062064
1290000 208.000000 208.062016
1291000 206.000000 208.060418
1292000 206.000000 208.058824
1293000 209.000000 208.059551
1294000 209.000000 208.060278
1295000 209.000000 208.061004
1296000 208.000000 208.060957
1297000 208.000000 208.060910
1298000 207.000000 208.060092
1299000 206.000000 208.058507
1300000 208.000000 208.058462
1301000 209.000000 208.059185
1302000 207.000000 208.058372
1303000 208.000000 208.058327
1304000 210.000000 208.059816
1305000 209.000000 208.060536
1306000 206.000000 208.058959
1307000 207.000000 208.058148
1308000 205.000000 208.055810
1309000 204.000000 208.052712
1310000 206.000000 208.051145
1311000 210.000000 208.052632
1312000 210.000000 208.054116
1313000 209.000000 208.054836
1314000 209.000000 208.055556
1315000 210.000000 208.057034
1316000 207.000000 208.056231
1317000 210.000000 208.057707
1318000 208.000000 208.057663
1319000 204.000000 208.054587
1320000 207.000000 208.053788
1321000 206.000000 208.052233
1322000 203.000000 208.048411
1323000 209.000000 208.049131
1324000 208.000000 208.049094
1325000 209.000000 208.049811
1326000 210.000000 208.051282
1327000 210.000000 208.052751
1328000 209.000000 208.053464
1329000 209.000000 208.054176
1330000 209.000000 208.054887
1331000 207.000000 208.054095
1332000 207.000000 208.053303
1333000 207.000000 208.052513
1334000 205.000000 208.050225
1335000 209.000000 208.050936
1336000 208.000000 208.050898
1337000 205.000000 208.048616
1338000 203.000000 208.044843
1339000 202.000000 208.040329
1340000 207.000000 208.039552
1341000 209.000000 208.040268
1342000 209.000000 208.040984
1343000 206.000000 208.039464
1344000 208.000000 208.039435
1345000 205.000000 208.037175
1346000 209.000000 208.037890
1347000 211.000000 208.040089
1348000 210.000000 208.041543
1349000 211.000000 208.043736
1350000 210.000000 208.045185
1351000 207.000000 208.044412
1352000 208.000000 208.044379
1353000 209.000000 208.045085
1354000 208.000000 208.045052
1355000 208.000000 208.045018
1356000 210.000000 208.046460
1357000 203.000000 208.042741
1358000 208.000000 208.042710
1359000 208.000000 208.042678
1360000 209.000000 208.043382
1361000 206.000000 208.041881
1362000 208.000000 208.041850
1363000 209.000000 208.042553
1364000 207.000000 208.041789
1365000 204.000000 208.038828
1366000 208.000000 208.038799
1367000 208.000000 208.038771
1368000 208.000000 208.038743
1369000 210.000000 208.040175
1370000 204.000000 208.037226
1371000 206.000000 208.035740
1372000 207.000000 208.034985
1373000 207.000000 208.034232
1374000 206.000000 208.032751
1375000 209.000000 208.033455
1376000 212.000000 208.036337
1377000 210.000000 208.037763
1378000 211.000000 208.039913
1379000 210.000000 208.041334
1380000 204.000000 208.038406
1381000 210.000000 208.039826
1382000 206.000000 208.038350
1383000 208.000000 208.038322
1384000 209.000000 208.039017
1385000 209.000000 208.039711
1386000 208.000000 208.039683
1387000 208.000000 208.039654
1388000 207.000000 208.038905
1389000 207.000000 208.038157
1390000 208.000000 208.038129
1391000 206.000000 208.036664
1392000 211.000000 208.038793
1393000 208.000000 208.038765
1394000 210.000000 208.040172
1395000 210.000000 208.041577
1396000 209.000000 208.042264
1397000 208.000000 208.042233
1398000 210.000000 208.043634
1399000 210.000000 208.045032
1400000 210.000000 208.046429
1401000 208.000000 208.046395
1402000 209.000000 208.047076
1403000 211.000000 208.049180
1404000 205.000000 208.047009
1405000 206.000000 208.045552
1406000 207.000000 208.044808
1407000 210.000000 208.046198
1408000 209.000000 208.046875
1409000 203.000000 208.043293
1410000 208.000000 208.043262
1411000 209.000000 208.043940
1412000 210.000000 208.045326
1413000 209.000000 208.046001
1414000 206.000000 208.044554
1415000 207.000000 208.043816
1416000 208.000000 208.043785
1417000 207.000000 208.043049
1418000 208.000000 208.043018
1419000 211.000000 208.045102
1420000 208.000000 208.045070
1421000 208.000000 208.045039
1422000 206.000000 208.043601
1423000 208.000000 208.043570
1424000 209.000000 208.044242
1425000 210.000000 208.045614
1426000 207.000000 208.044881
1427000 209.000000 208.045550
1428000 209.000000 208.046218
1429000 211.000000 208.048286
1430000 206.000000 208.046853
1431000 207.000000 208.046122
1432000 209.000000 208.046788
1433000 210.000000 208.048151
1434000 207.000000 208.047420
1435000 208.000000 208.047387
1436000 206.000000 208.045961
1437000 210.000000 208.047321
1438000 209.000000 208.047983
1439000 207.000000 208.047255
1440000 209.000000 208.047917
1441000 208.000000 208.047883
1442000 206.000000 208.046463
1443000 205.000000 208.044352
1444000 207.000000 208.043629
1445000 210.000000 208.044983
1446000 210.000000 208.046335
1447000 209.000000 208.046994
1448000 208.000000 208.046961
1449000 211.000000 208.048999
1450000 208.000000 208.048966
1451000 209.000000 208.049621
1452000 207.000000 208.048898
1453000 207.000000 208.048176
1454000 203.000000 208.044704
1455000 207.000000 208.043986
1456000 210.000000 208.045330
1457000 207.000000 208.044612
1458000 206.000000 208.043210
1459000 203.000000 208.039753
1460000 207.000000 208.039041
1461000 205.000000 208.036961
1462000 207.000000 208.036252
1463000 209.000000 208.036910
1464000 206.000000 208.035519
1465000 210.000000 208.036860
1466000 208.000000 208.036835
1467000 209.000000 208.037491
1468000 207.000000 208.036785
1469000 210.000000 208.038121
1470000 208.000000 208.038095
1471000 212.000000 208.040789
1472000 210.000000 208.042120
1473000 213.000000 208.045485
1474000 210.000000 208.046811
1475000 211.000000 208.048814
1476000 211.000000 208.050813
1477000 209.000000 208.051456
1478000 209.000000 208.052097
1479000 210.000000 208.053414
1480000 207.000000 208.052703
1481000 209.000000 208.053342
1482000 211.000000 208.055331
1483000 209.000000 208.055968
1484000 206.000000 208.054582
1485000 208.000000 208.054545
1486000 211.000000 208.056528
1487000 211.000000 208.058507
1488000 212.000000 208.061156
1489000 210.000000 208.062458
1490000 207.000000 208.061745
1491000 211.000000 208.063716
1492000 206.000000 208.062332
1493000 212.000000 208.064970
1494000 207.000000 208.064257
1495000 207.000000 208.063545
1496000 209.000000 208.064171
1497000 208.000000 208.064128
1498000 208.000000 208.064085
1499000 211.000000 208.066044
1500000 204.000000 208.063333
1501000 206.000000 208.061959
1502000 208.000000 208.061917
1503000 206.000000 208.060546
1504000 209.000000 208.061170
1505000 211.000000 208.063123
1506000 211.000000 208.065073
1507000 209.000000 208.065693
1508000 208.000000 208.065650
1509000 202.000000 208.061630
1510000 210.000000 208.062914
1511000 213.000000 208.066181
1512000 209.000000 208.066799
1513000 207.000000 208.066094
1514000 212.000000 208.068692
1515000 206.000000 208.067327
1516000 207.000000 208.066623
1517000 210.000000 208.067897
1518000 209.000000 208.068511
1519000 209.000000 208.069124
1520000 211.000000 208.071053
1521000 212.000000 208.073636
1522000 209.000000 208.074244
1523000 209.000000 208.074852
1524000 208.000000 208.074803
1525000 210.000000 208.076066
1526000 207.000000 208.075360
1527000 206.000000 208.074001
1528000 204.000000 208.071335
1529000 208.000000 208.071288
1530000 210.000000 208.072549
1531000 211.000000 208.074461
1532000 213.000000 208.077676
1533000 210.000000 208.078930
1534000 212.000000 208.081486
1535000 207.000000 208.080782
1536000 207.000000 208.080078
1537000 209.000000 208.080677
1538000 209.000000 208.081274
1539000 207.000000 208.080572
1540000 210.000000 208.081818
1541000 208.000000 208.081765
1542000 211.000000 208.083658
1543000 210.000000 208.084900
1544000 209.000000 208.085492
1545000 209.000000 208.086084
1546000 208.000000 208.086028
1547000 207.000000 208.085326
1548000 210.000000 208.086563
1549000 209.000000 208.087153
1550000 208.000000 208.087097
1551000 211.000000 208.088975
1552000 207.000000 208.088273
1553000 206.000000 208.086929
1554000 210.000000 208.088160
1555000 213.000000 208.091318
1556000 210.000000 208.092545
1557000 213.000000 208.095697
1558000 209.000000 208.096277
1559000 208.000000 208.096216
1560000 211.000000 208.098077
1561000 207.000000 208.097373
1562000 206.000000 208.096031
1563000 208.000000 208.095969
1564000 208.000000 208.095908
1565000 209.000000 208.096486
1566000 209.000000 208.097063
1567000 205.000000 208.095086
1568000 209.000000 208.095663
1569000 203.000000 208.092416
1570000 208.000000 208.092357
1571000 208.000000 208.092298
1572000 208.000000 208.092239
1573000 207.000000 208.091545
1574000 207.000000 208.090851
1575000 205.000000 208.088889
1576000 202.000000 208.085025
1577000 209.000000 208.085606
1578000 207.000000 208.084918
1579000 208.000000 208.084864
1580000 208.000000 208.084810
1581000 204.000000 208.082226
1582000 208.000000 208.082174
1583000 207.000000 208.081491
1584000 204.000000 208.078914
1585000 207.000000 208.078233
1586000 208.000000 208.078184
1587000 209.000000 208.078765
1588000 208.000000 208.078715
1589000 204.000000 208.076149
1590000 211.000000 208.077987
1591000 208.000000 208.077938
1592000 208.000000 208.077889
1593000 208.000000 208.077841
1594000 209.000000 208.078419
1595000 207.000000 208.077743
1596000 206.000000 208.076441
1597000 210.000000 208.077646
1598000 207.000000 208.076971
1599000 210.000000 208.078174
1600000 206.000000 208.076875
1601000 207.000000 208.076202
1602000 207.000000 208.075531
1603000 208.000000 208.075483
1604000 205.000000 208.073566
1605000 210.000000 208.074766
1606000 208.000000 208.074720
1607000 208.000000 208.074673
1608000 208.000000 208.074627
1609000 210.000000 208.075823
1610000 209.000000 208.076398
1611000 209.000000 208.076971
1612000 210.000000 208.078164
1613000 209.000000 208.078735
1614000 208.000000 208.078686
1615000 209.000000 208.079257
1616000 211.000000 208.081064
1617000 210.000000 208.082251
1618000 208.000000 208.082200
1619000 207.000000 208.081532
1620000 206.000000 208.080247
1621000 206.000000 208.078964
1622000 207.000000 208.078298
1623000 210.000000 208.079482
1624000 210.000000 208.080665
1625000 210.000000 208.081846
1626000 205.000000 208.079951
1627000 209.000000 208.080516
1628000 209.000000 208.081081
1629000 210.000000 208.082259
1630000 210.000000 208.083436
1631000 208.000000 208.083384
1632000 207.000000 208.082721
1633000 210.000000 208.083895
1634000 208.000000 208.083843
1635000 212.000000 208.086239
1636000 207.000000 208.085575
1637000 210.000000 208.086744
1638000 211.000000 208.088523
1639000 209.000000 208.089079
1640000 210.000000 208.090244
1641000 209.000000 208.090798
1642000 209.000000 208.091352
1643000 207.000000 208.090688
1644000 209.000000 208.091241
1645000 209.000000 208.091793
1646000 211.000000 208.093560
1647000 209.000000 208.094111
1648000 207.000000 208.093447
1649000 211.000000 208.095209
1650000 210.000000 208.096364
1651000 211.000000 208.098122
1652000 206.000000 208.096852
1653000 212.000000 208.099214
1654000 210.000000 208.100363
1655000 212.000000 208.102719
1656000 206.000000 208.101449
1657000 212.000000 208.103802
1658000 213.000000 208.106755
1659000 209.000000 208.107294
1660000 212.000000 208.109639
1661000 209.000000 208.110175
1662000 210.000000 208.111312
1663000 209.000000 208.111846
1664000 210.000000 208.112981
1665000 211.000000 208.114715
1666000 210.000000 208.115846
1667000 209.000000 208.116377
1668000 205.000000 208.114508
1669000 209.000000 208.115039
1670000 206.000000 208.113772
1671000 205.000000 208.111909
1672000 205.000000 208.110048
1673000 205.000000 208.108189
1674000 210.000000 208.109319
1675000 202.000000 208.105672
1676000 207.000000 208.105012
1677000 209.000000 208.105546
1678000 206.000000 208.104291
1679000 209.000000 208.104824
1680000 206.000000 208.103571
1681000 208.000000 208.103510
1682000 209.000000 208.104043
1683000 210.000000 208.105169
1684000 204.000000 208.102732
1685000 207.000000 208.102077
1686000 209.000000 208.102610
1687000 210.000000 208.103734
1688000 207.000000 208.103081
1689000 207.000000 208.102427
1690000 209.000000 208.102959
1691000 207.000000 208.102306
1692000 208.000000 208.102246
1693000 209.000000 208.102776
1694000 206.000000 208.101535
1695000 205.000000 208.099705
1696000 206.000000 208.098467
1697000 209.000000 208.098998
1698000 206.000000 208.097762
1699000 208.000000 208.097705
1700000 206.000000 208.096471
1701000 210.000000 208.097590
1702000 208.000000 208.097532
1703000 207.000000 208.096888
1704000 210.000000 208.098005
1705000 208.000000 208.097947
1706000 210.000000 208.099062
1707000 212.000000 208.101347
1708000 210.000000 208.102459
1709000 210.000000 208.103569
1710000 209.000000 208.104094
1711000 209.000000 208.104617
1712000 206.000000 208.103388
1713000 209.000000 208.103911
1714000 208.000000 208.103851
1715000 208.000000 208.103790
1716000 207.000000 208.103147
1717000 211.000000 208.104834
1718000 208.000000 208.104773
1719000 207.000000 208.104130
1720000 207.000000 208.103488
1721000 205.000000 208.101685
1722000 209.000000 208.102207
1723000 206.000000 208.100987
1724000 211.000000 208.102668
1725000 208.000000 208.102609
1726000 206.000000 208.101390
1727000 210.000000 208.102490
1728000 207.000000 208.101852
1729000 204.000000 208.099479
1730000 206.000000 208.098266
1731000 204.000000 208.095898
1732000 208.000000 208.095843
1733000 206.000000 208.094634
1734000 210.000000 208.095732
1735000 206.000000 208.094524
1736000 207.000000 208.093894
1737000 212.000000 208.096143
1738000 210.000000 208.097238
1739000 208.000000 208.097182
1740000 206.000000 208.095977
1741000 210.000000 208.097071
1742000 207.000000 208.096441
1743000 208.000000 208.096386
1744000 211.000000 208.098050
1745000 206.000000 208.096848
1746000 210.000000 208.097938
1747000 210.000000 208.099027
1748000 209.000000 208.099542
1749000 207.000000 208.098914
1750000 208.000000 208.098857
1751000 210.000000 208.099943
1752000 206.000000 208.098744
1753000 206.000000 208.097547
1754000 211.000000 208.099202
1755000 207.000000 208.098575
1756000 206.000000 208.097380
1757000 205.000000 208.095618
1758000 206.000000 208.094425
1759000 205.000000 208.092666
1760000 209.000000 208.093182
1761000 210.000000 208.094265
1762000 209.000000 208.094779
1763000 207.000000 208.094158
1764000 207.000000 208.093537
1765000 205.000000 208.091785
1766000 208.000000 208.091733
1767000 211.000000 208.093379
1768000 208.000000 208.093326
1769000 207.000000 208.092708
1770000 210.000000 208.093785
1771000 211.000000 208.095426
1772000 209.000000 208.095937
1773000 209.000000 208.096447
1774000 210.000000 208.097520
1775000 206.000000 208.096338
1776000 207.000000 208.095721
1777000 208.000000 208.095667
1778000 207.000000 208.095051
1779000 207.000000 208.094435
1780000 206.000000 208.093258
1781000 207.000000 208.092645
1782000 209.000000 208.093154
1783000 208.000000 208.093102
1784000 206.000000 208.091928
1785000 210.000000 208.092997
1786000 207.000000 208.092385
1787000 209.000000 208.092893
1788000 212.000000 208.095078
1789000 211.000000 208.096702
1790000 211.000000 208.098324
1791000 206.000000 208.097152
1792000 213.000000 208.099888
1793000 211.000000 208.101506
1794000 210.000000 208.102564
1795000 209.000000 208.103064
1796000 210.000000 208.104120
1797000 211.000000 208.105732
1798000 209.000000 208.106229
1799000 211.000000 208.107838
1800000 211.000000 208.109444
1801000 211.000000 208.111049
1802000 210.000000 208.112098
1803000 207.000000 208.111481
1804000 212.000000 208.113636
1805000 209.000000 208.114127
1806000 212.000000 208.116279
1807000 212.000000 208.118428
1808000 211.000000 208.120022
1809000 209.000000 208.120509
1810000 210.000000 208.121547
1811000 211.000000 208.123136
1812000 209.000000 208.123620
1813000 210.000000 208.124655
1814000 210.000000 208.125689
1815000 209.000000 208.126171
1816000 212.000000 208.128304
1817000 206.000000 208.127133
1818000 209.000000 208.127613
1819000 210.000000 208.128642
1820000 211.000000 208.130220
1821000 211.000000 208.131796
1822000 211.000000 208.133370
1823000 212.000000 208.135491
1824000 208.000000 208.135417
1825000 208.000000 208.135342
1826000 210.000000 208.136364
1827000 208.000000 208.136289
1828000 208.000000 208.136214
1829000 208.000000 208.136140
1830000 211.000000 208.137705
1831000 210.000000 208.138722
1832000 210.000000 208.139738
1833000 210.000000 208.140753
1834000 212.000000 208.142857
1835000 211.000000 208.144414
1836000 209.000000 208.144880
1837000 212.000000 208.146979
1838000 212.000000 208.149075
1839000 212.000000 208.151169
1840000 208.000000 208.151087
1841000 211.000000 208.152634
1842000 207.000000 208.152009
1843000 207.000000 208.151384
1844000 212.000000 208.153471
1845000 211.000000 208.155014
1846000 208.000000 208.154930
1847000 211.000000 208.156470
1848000 208.000000 208.156385
1849000 208.000000 208.156301
1850000 209.000000 208.156757
1851000 213.000000 208.159373
1852000 207.000000 208.158747
1853000 209.000000 208.159201
1854000 211.000000 208.160734
1855000 209.000000 208.161186
1856000 209.000000 208.161638
1857000 211.000000 208.163166
1858000 209.000000 208.163617
1859000 210.000000 208.164605
1860000 210.000000 208.165591
1861000 207.000000 208.164965
1862000 209.000000 208.165414
1863000 208.000000 208.165325
1864000 210.000000 208.166309
1865000 209.000000 208.166756
1866000 208.000000 208.166667
1867000 208.000000 208.166577
1868000 209.000000 208.167024
1869000 211.000000 208.168539
1870000 210.000000 208.169519
1871000 211.000000 208.171032
1872000 209.000000 208.171474
1873000 210.000000 208.172451
1874000 212.000000 208.174493
1875000 210.000000 208.175467
1876000 211.000000 208.176972
1877000 210.000000 208.177944
1878000 210.000000 208.178914
1879000 209.000000 208.179351
1880000 211.000000 208.180851
1881000 210.000000 208.181818
1882000 211.000000 208.183316
1883000 209.000000 208.183749
1884000 211.000000 208.185244
1885000 208.000000 208.185146
1886000 213.000000 208.187699
1887000 211.000000 208.189189
1888000 210.000000 208.190148
1889000 209.000000 208.190577
1890000 205.000000 208.188889
1891000 209.000000 208.189318
1892000 210.000000 208.190275
1893000 211.000000 208.191759
1894000 208.000000 208.191658
1895000 212.000000 208.193668
1896000 211.000000 208.195148
1897000 211.000000 208.196626
1898000 211.000000 208.198103
1899000 210.000000 208.199052
1900000 210.000000 208.200000
1901000 211.000000 208.201473
1902000 209.000000 208.201893
1903000 209.000000 208.202312
1904000 209.000000 208.202731
1905000 207.000000 208.202100
1906000 208.000000 208.201994
1907000 212.000000 208.203985
1908000 211.000000 208.205451
1909000 209.000000 208.205867
1910000 212.000000 208.207853
1911000 210.000000 208.208791
1912000 212.000000 208.210774
1913000 212.000000 208.212755
1914000 209.000000 208.213166
1915000 208.000000 208.213055
1916000 211.000000 208.214509
1917000 211.000000 208.215962
1918000 210.000000 208.216893
1919000 208.000000 208.216780
1920000 210.000000 208.217708
1921000 211.000000 208.219157
1922000 208.000000 208.219043
1923000 211.000000 208.220489
1924000 210.000000 208.221414
1925000 212.000000 208.223377
1926000 210.000000 208.224299
1927000 209.000000 208.224702
1928000 205.000000 208.223029
1929000 211.000000 208.224469
1930000 210.000000 208.225389
1931000 210.000000 208.226308
1932000 207.000000 208.225673
1933000 209.000000 208.226073
1934000 211.000000 208.227508
1935000 209.000000 208.227907
1936000 209.000000 208.228306
1937000 208.000000 208.228188
1938000 207.000000 208.227554
1939000 209.000000 208.227953
1940000 208.000000 208.227835
1941000 207.000000 208.227202
1942000 210.000000 208.228115
1943000 208.000000 208.227998
1944000 209.000000 208.228395
1945000 209.000000 208.228792
1946000 209.000000 208.229188
1947000 210.000000 208.230098
1948000 213.000000 208.232546
1949000 211.000000 208.233966
1950000 212.000000 208.235897
1951000 209.000000 208.236289
1952000 210.000000 208.237193
1953000 210.000000 208.238095
1954000 211.000000 208.239509
1955000 210.000000 208.240409
1956000 206.000000 208.239264
1957000 207.000000 208.238631
1958000 208.000000 208.238509
1959000 203.000000 208.235835
1960000 209.000000 208.236224
1961000 212.000000 208.238144
1962000 209.000000 208.238532
1963000 209.000000 208.238920
1964000 210.000000 208.239817
1965000 209.000000 208.240204
1966000 210.000000 208.241099
1967000 210.000000 208.241993
1968000 210.000000 208.242886
1969000 211.000000 208.244286
1970000 211.000000 208.245685
1971000 208.000000 208.245561
1972000 210.000000 208.246450
1973000 208.000000 208.246325
1974000 204.000000 208.244174
1975000 210.000000 208.245063
1976000 210.000000 208.245951
1977000 207.000000 208.245321
1978000 212.000000 208.247219
1979000 212.000000 208.249116
1980000 209.000000 208.249495
1981000 212.000000 208.251388
1982000 212.000000 208.253280
1983000 213.000000 208.255673
1984000 210.000000 208.256552
1985000 211.000000 208.257935
1986000 209.000000 208.258308
1987000 210.000000 208.259185
1988000 210.000000 208.260060
1989000 211.000000 208.261438
1990000 211.000000 208.262814
1991000 211.000000 208.264189
1992000 206.000000 208.263052
1993000 208.000000 208.262920
1994000 209.000000 208.263290
1995000 209.000000 208.263659
1996000 210.000000 208.264529
1997000 210.000000 208.265398
1998000 211.000000 208.266767
1999000 205.000000 208.265133
2000000 207.000000 208.264500
2001000 210.000000 208.265367
2002000 212.000000 208.267233
2003000 209.000000 208.267599
2004000 209.000000 208.267964
2005000 208.000000 208.267830
2006000 211.000000 208.269192
2007000 210.000000 208.270055
2008000 206.000000 208.268924
2009000 206.000000 208.267795
2010000 209.000000 208.268159
2011000 209.000000 208.268523
2012000 211.000000 208.269881
2013000 211.000000 208.271237
2014000 209.000000 208.271599
2015000 212.000000 208.273449
2016000 210.000000 208.274306
2017000 209.000000 208.274665
2018000 212.000000 208.276511
2019000 211.000000 208.277860
2020000 210.000000 208.278713
2021000 208.000000 208.278575
2022000 209.000000 208.278932
2023000 209.000000 208.279288
2024000 208.000000 208.279150
2025000 208.000000 208.279012
2026000 211.000000 208.280355
2027000 208.000000 208.280217
2028000 206.000000 208.279093
2029000 210.000000 208.279941
2030000 209.000000 208.280296
2031000 209.000000 208.280650
2032000 211.000000 208.281988
2033000 211.000000 208.283325
2034000 209.000000 208.283677
2035000 210.000000 208.284521
2036000 211.000000 208.285855
2037000 204.000000 208.283751
2038000 206.000000 208.282630
2039000 207.000000 208.282001
2040000 211.000000 208.283333
2041000 210.000000 208.284174
2042000 210.000000 208.285015
2043000 209.000000 208.285365
2044000 211.000000 208.286693
2045000 211.000000 208.288020
2046000 209.000000 208.288368
2047000 208.000000 208.288227
2048000 209.000000 208.288574
2049000 211.000000 208.289898
2050000 209.000000 208.290244
2051000 208.000000 208.290102
2052000 209.000000 208.290448
2053000 206.000000 208.289333
2054000 209.000000 208.289679
2055000 211.000000 208.290998
2056000 208.000000 208.290856
2057000 210.000000 208.291687
2058000 212.000000 208.293489
2059000 213.000000 208.295775
2060000 210.000000 208.296602
2061000 209.000000 208.296943
2062000 210.000000 208.297769
2063000 209.000000 208.298110
2064000 207.000000 208.297481
2065000 206.000000 208.296368
2066000 209.000000 208.296709
2067000 210.000000 208.297533
2068000 208.000000 208.297389
2069000 208.000000 208.297245
2070000 209.000000 208.297585
2071000 205.000000 208.295992
2072000 210.000000 208.296815
2073000 208.000000 208.296671
2074000 206.000000 208.295564
2075000 207.000000 208.294940
2076000 207.000000 208.294316
2077000 208.000000 208.294174
2078000 206.000000 208.293070
2079000 208.000000 208.292929
2080000 208.000000 208.292788
2081000 208.000000 208.292648
2082000 206.000000 208.291547
2083000 208.000000 208.291407
2084000 203.000000 208.288868
2085000 208.000000 208.288729
2086000 208.000000 208.288591
2087000 206.000000 208.287494
2088000 209.000000 208.287835
2089000 211.000000 208.289134
2090000 209.000000 208.289474
2091000 209.000000 208.289813
2092000 207.000000 208.289197
2093000 206.000000 208.288103
2094000 208.000000 208.287966
2095000 207.000000 208.287351
2096000 209.000000 208.287691
2097000 210.000000 208.288507
2098000 209.000000 208.288847
2099000 208.000000 208.288709
2100000 206.000000 208.287619
2101000 212.000000 208.289386
2102000 205.000000 208.287821
2103000 209.000000 208.288160
2104000 212.000000 208.289924
2105000 211.000000 208.291211
2106000 208.000000 208.291073
2107000 212.000000 208.292833
2108000 206.000000 208.291746
2109000 211.000000 208.293030
2110000 210.000000 208.293839
2111000 207.000000 208.293226
2112000 211.000000 208.294508
2113000 211.000000 208.295788
2114000 211.000000 208.297067
2115000 207.000000 208.296454
2116000 207.000000 208.295841
2117000 208.000000 208.295701
2118000 209.000000 208.296034
2119000 208.000000 208.295894
2120000 206.000000 208.294811
2121000 208.000000 208.294672
2122000 207.000000 208.294062
2123000 209.000000 208.294395
2124000 205.000000 208.292844
2125000 206.000000 208.291765
2126000 206.000000 208.290687
2127000 211.000000 208.291961
2128000 210.000000 208.292763
2129000 207.000000 208.292156
2130000 208.000000 208.292019
2131000 208.000000 208.291882
2132000 209.000000 208.292214
2133000 211.000000 208.293483
2134000 207.000000 208.292877
2135000 209.000000 208.293208
2136000 210.000000 208.294007
2137000 209.000000 208.294338
2138000 211.000000 208.295603
2139000 207.000000 208.294998
2140000 210.000000 208.295794
2141000 207.000000 208.295189
2142000 208.000000 208.295051
2143000 210.000000 208.295847
2144000 208.000000 208.295709
2145000 205.000000 208.294172
2146000 207.000000 208.293569
2147000 208.000000 208.293433
2148000 209.000000 208.293762
2149000 208.000000 208.293625
2150000 208.000000 208.293488
2151000 208.000000 208.293352
2152000 209.000000 208.293680
2153000 216.000000 208.297260
2154000 210.000000 208.298050
2155000 210.000000 208.298840
2156000 211.000000 208.300093
2157000 208.000000 208.299954
2158000 209.000000 208.300278
2159000 213.000000 208.302455
2160000 210.000000 208.303241
2161000 212.000000 208.304951
2162000 211.000000 208.306198
2163000 211.000000 208.307443
2164000 210.000000 208.308226
2165000 211.000000 208.309469
2166000 211.000000 208.310711
2167000 211.000000 208.311952
2168000 210.000000 208.312731
2169000 210.000000 208.313509
2170000 210.000000 208.314286
2171000 211.000000 208.315523
2172000 212.000000 208.317219
2173000 211.000000 208.318454
2174000 207.000000 208.317847
2175000 210.000000 208.318621
2176000 209.000000 208.318934
2177000 209.000000 208.319247
2178000 210.000000 208.320018
2179000 211.000000 208.321248
2180000 209.000000 208.321560
2181000 209.000000 208.321871
2182000 208.000000 208.321723
2183000 211.000000 208.322950
2184000 208.000000 208.322802
2185000 209.000000 208.323112
2186000 211.000000 208.324337
2187000 209.000000 208.324646
2188000 208.000000 208.324497
2189000 206.000000 208.323435
2190000 211.000000 208.324658
2191000 209.000000 208.324966
2192000 209.000000 208.325274
2193000 211.000000 208.326493
2194000 209.000000 208.326800
2195000 208.000000 208.326651
2196000 210.000000 208.327413
2197000 208.000000 208.327264
2198000 210.000000 208.328025
2199000 210.000000 208.328786
2200000 208.000000 208.328636
2201000 210.000000 208.329396
2202000 210.000000 208.330154
2203000 209.000000 208.330458
2204000 208.000000 208.330309
2205000 208.000000 208.330159
2206000 208.000000 208.330009
2207000 208.000000 208.329860
2208000 209.000000 208.330163
2209000 207.000000 208.329561
2210000 207.000000 208.328959
2211000 210.000000 208.329715
2212000 208.000000 208.329566
2213000 210.000000 208.330321
2214000 208.000000 208.330172
2215000 206.000000 208.329120
2216000 206.000000 208.328069
2217000 209.000000 208.328372
2218000 208.000000 208.328224
2219000 210.000000 208.328977
2220000 212.000000 208.330631
2221000 210.000000 208.331382
2222000 209.000000 208.331683
2223000 208.000000 208.331534
2224000 207.000000 208.330935
2225000 209.000000 208.331236
2226000 205.000000 208.329739
2227000 203.000000 208.327346
2228000 211.000000 208.328546
2229000 206.000000 208.327501
2230000 211.000000 208.328700
2231000 213.000000 208.330793
2232000 209.000000 208.331093
2233000 207.000000 208.330497
2234000 211.000000 208.331692
2235000 212.000000 208.333333
2236000 210.000000 208.334079
2237000 210.000000 208.334823
2238000 211.000000 208.336014
2239000 208.000000 208.335864
2240000 208.000000 208.335714
2241000 208.000000 208.335564
2242000 207.000000 208.334969
2243000 211.000000 208.336157
2244000 208.000000 208.336007
2245000 207.000000 208.335412
2246000 209.000000 208.335708
2247000 209.000000 208.336004
2248000 209.000000 208.336299
2249000 209.000000 208.336594
2250000 210.000000 208.337333
2251000 210.000000 208.338072
2252000 208.000000 208.337922
2253000 208.000000 208.337772
2254000 211.000000 208.338953
2255000 207.000000 208.338359
2256000 208.000000 208.338209
2257000 209.000000 208.338502
2258000 212.000000 208.340124
2259000 210.000000 208.340859
2260000 211.000000 208.342035
2261000 208.000000 208.341884
2262000 211.000000 208.343059
2263000 210.000000 208.343791
2264000 208.000000 208.343640
2265000 207.000000 208.343046
2266000 210.000000 208.343778
2267000 211.000000 208.344949
2268000 205.000000 208.343474
2269000 207.000000 208.342882
2270000 208.000000 208.342731
2271000 208.000000 208.342580
2272000 207.000000 208.341989
2273000 206.000000 208.340959
2274000 209.000000 208.341249
2275000 208.000000 208.341099
2276000 208.000000 208.340949
2277000 213.000000 208.342995
2278000 210.000000 208.343723
2279000 209.000000 208.344011
2280000 211.000000 208.345175
2281000 208.000000 208.345024
2282000 209.000000 208.345311
2283000 208.000000 208.345160
2284000 211.000000 208.346322
2285000 211.000000 208.347484
2286000 211.000000 208.348644
2287000 208.000000 208.348491
2288000 209.000000 208.348776
2289000 211.000000 208.349934
2290000 209.000000 208.350218
2291000 210.000000 208.350938
2292000 209.000000 208.351222
2293000 208.000000 208.351068
2294000 209.000000 208.351351
2295000 210.000000 208.352070
2296000 206.000000 208.351045
2297000 209.000000 208.351328
2298000 209.000000 208.351610
2299000 206.000000 208.350587
2300000 211.000000 208.351739
2301000 210.000000 208.352455
2302000 210.000000 208.353171
2303000 212.000000 208.354755
2304000 212.000000 208.356337
2305000 212.000000 208.357918
2306000 209.000000 208.358196
2307000 211.000000 208.359341
2308000 210.000000 208.360052
2309000 212.000000 208.361628
2310000 208.000000 208.361472
2311000 211.000000 208.362614
2312000 211.000000 208.363754
2313000 209.000000 208.364029
2314000 210.000000 208.364736
2315000 206.000000 208.363715
2316000 211.000000 208.364853
2317000 210.000000 208.365559
2318000 210.000000 208.366264
2319000 210.000000 208.366969
2320000 211.000000 208.368103
2321000 209.000000 208.368376
2322000 208.000000 208.368217
2323000 209.000000 208.368489
2324000 206.000000 208.367470
2325000 210.000000 208.368172
2326000 210.000000 208.368874
2327000 207.000000 208.368285
2328000 209.000000 208.368557
2329000 212.000000 208.370116
2330000 210.000000 208.370815
2331000 212.000000 208.372372
2332000 210.000000 208.373070
2333000 207.000000 208.372482
2334000 206.000000 208.371465
2335000 206.000000 208.370450
2336000 210.000000 208.371147
2337000 211.000000 208.372272
2338000 211.000000 208.373396
2339000 208.000000 208.373236
2340000 210.000000 208.373932
2341000 213.000000 208.375908
2342000 212.000000 208.377455
2343000 211.000000 208.378574
2344000 207.000000 208.377986
2345000 208.000000 208.377825
2346000 207.000000 208.377238
2347000 211.000000 208.378355
2348000 209.000000 208.378620
2349000 209.000000 208.378885
2350000 209.000000 208.379149
2351000 206.000000 208.378137
2352000 210.000000 208.378827
2353000 210.000000 208.379516
2354000 207.000000 208.378929
2355000 212.000000 208.380467
2356000 208.000000 208.380306
2357000 209.000000 208.380569
2358000 208.000000 208.380407
2359000 208.000000 208.380246
2360000 212.000000 208.381780
2361000 208.000000 208.381618
2362000 206.000000 208.380610
2363000 209.000000 208.380872
2364000 209.000000 208.381134
2365000 209.000000 208.381395
2366000 210.000000 208.382079
2367000 212.000000 208.383608
2368000 211.000000 208.384713
2369000 210.000000 208.385395
2370000 208.000000 208.385232
2371000 212.000000 208.386757
2372000 209.000000 208.387015
2373000 212.000000 208.388538
2374000 208.000000 208.388374
2375000 202.000000 208.385684
2376000 207.000000 208.385101
2377000 205.000000 208.383677
2378000 206.000000 208.382675
2379000 208.000000 208.382514
2380000 209.000000 208.382773
2381000 211.000000 208.383872
2382000 207.000000 208.383291
2383000 209.000000 208.383550
2384000 211.000000 208.384648
2385000 210.000000 208.385325
2386000 209.000000 208.385583
2387000 209.000000 208.385840
2388000 206.000000 208.384841
2389000 207.000000 208.384261
2390000 210.000000 208.384937
2391000 212.000000 208.386449
2392000 209.000000 208.386706
2393000 210.000000 208.387380
2394000 210.000000 208.388053
2395000 208.000000 208.387891
2396000 210.000000 208.388564
2397000 210.000000 208.389237
2398000 210.000000 208.389908
2399000 207.000000 208.389329
2400000 209.000000 208.389583
2401000 208.000000 208.389421
2402000 208.000000 208.389259
2403000 209.000000 208.389513
2404000 210.000000 208.390183
2405000 210.000000 208.390852
2406000 209.000000 208.391106
2407000 212.000000 208.392605
2408000 209.000000 208.392857
2409000 212.000000 208.394355
2410000 207.000000 208.393776
2411000 208.000000 208.393613
2412000 209.000000 208.393864
2413000 209.000000 208.394115
2414000 207.000000 208.393538
2415000 207.000000 208.392961
2416000 211.000000 208.394040
2417000 207.000000 208.393463
2418000 206.000000 208.392473
2419000 209.000000 208.392724
2420000 210.000000 208.393388
2421000 210.000000 208.394052
2422000 210.000000 208.394715
2423000 207.000000 208.394139
2424000 209.000000 208.394389
2425000 209.000000 208.394639
2426000 210.000000 208.395301
2427000 211.000000 208.396374
2428000 209.000000 208.396623
2429000 209.000000 208.396871
2430000 209.000000 208.397119
2431000 212.000000 208.398601
2432000 211.000000 208.399671
2433000 212.000000 208.401151
2434000 207.000000 208.400575
2435000 212.000000 208.402053
2436000 208.000000 208.401888
2437000 207.000000 208.401313
2438000 211.000000 208.402379
2439000 209.000000 208.402624
2440000 206.000000 208.401639
2441000 209.000000 208.401884
2442000 207.000000 208.401310
2443000 205.000000 208.399918
2444000 205.000000 208.398527
2445000 207.000000 208.397955
2446000 207.000000 208.397383
2447000 209.000000 208.397630
2448000 203.000000 208.395425
2449000 206.000000 208.394447
2450000 204.000000 208.392653
2451000 207.000000 208.392085
2452000 207.000000 208.391517
2453000 208.000000 208.391358
2454000 207.000000 208.390791
2455000 210.000000 208.391446
2456000 208.000000 208.391287
2457000 208.000000 208.391127
2458000 210.000000 208.391782
2459000 208.000000 208.391623
2460000 209.000000 208.391870
2461000 207.000000 208.391304
2462000 211.000000 208.392364
2463000 207.000000 208.391799
2464000 209.000000 208.392045
2465000 208.000000 208.391886
2466000 208.000000 208.391727
2467000 207.000000 208.391163
2468000 204.000000 208.389384
2469000 206.000000 208.388416
2470000 207.000000 208.387854
2471000 205.000000 208.386483
2472000 206.000000 208.385518
2473000 208.000000 208.385362
2474000 208.000000 208.385206
2475000 208.000000 208.385051
2476000 209.000000 208.385299
2477000 209.000000 208.385547
2478000 210.000000 208.386199
2479000 208.000000 208.386043
2480000 209.000000 208.386290
2481000 207.000000 208.385732
2482000 211.000000 208.386785
2483000 211.000000 208.387837
2484000 207.000000 208.387279
2485000 209.000000 208.387525
2486000 204.000000 208.385760
2487000 207.000000 208.385203
2488000 210.000000 208.385852
2489000 209.000000 208.386099
2490000 209.000000 208.386345
2491000 209.000000 208.386592
2492000 210.000000 208.387239
2493000 206.000000 208.386282
2494000 205.000000 208.384924
2495000 206.000000 208.383968
2496000 208.000000 208.383814
2497000 210.000000 208.384461
2498000 211.000000 208.385508
2499000 208.000000 208.385354
2500000 208.000000 208.385200
2501000 205.000000 208.383846
2502000 206.000000 208.382894
2503000 210.000000 208.383540
2504000 208.000000 208.383387
2505000 207.000000 208.382834
2506000 211.000000 208.383879
2507000 209.000000 208.384124
2508000 210.000000 208.384769
2509000 210.000000 208.385413
2510000 209.000000 208.385657
2511000 207.000000 208.385106
2512000 208.000000 208.384952
2513000 208.000000 208.384799
2514000 204.000000 208.383055
2515000 208.000000 208.382903
2516000 210.000000 208.383545
2517000 209.000000 208.383790
2518000 208.000000 208.383638
2519000 207.000000 208.383089
2520000 209.000000 208.383333
2521000 210.000000 208.383975
2522000 210.000000 208.384615
2523000 210.000000 208.385256
2524000 208.000000 208.385103
2525000 208.000000 208.384950
2526000 206.000000 208.384006
2527000 208.000000 208.383854
2528000 211.000000 208.384889
2529000 206.000000 208.383946
2530000 210.000000 208.384585
2531000 207.000000 208.384038
2532000 207.000000 208.383491
2533000 206.000000 208.382550
2534000 209.000000 208.382794
2535000 207.000000 208.382249
2536000 210.000000 208.382886
2537000 207.000000 208.382341
2538000 206.000000 208.381403
2539000 210.000000 208.382040
2540000 210.000000 208.382677
2541000 204.000000 208.380952
2542000 206.000000 208.380016
2543000 210.000000 208.380653
2544000 211.000000 208.381682
2545000 207.000000 208.381139
2546000 211.000000 208.382168
2547000 208.000000 208.382018
2548000 208.000000 208.381868
2549000 209.000000 208.382111
2550000 209.000000 208.382353
2551000 206.000000 208.381419
2552000 206.000000 208.380486
2553000 208.000000 208.380337
2554000 209.000000 208.380579
2555000 212.000000 208.381996
2556000 210.000000 208.382629
2557000 208.000000 208.382479
2558000 210.000000 208.383112
2559000 207.000000 208.382571
2560000 209.000000 208.382812
2561000 209.000000 208.383053
2562000 207.000000 208.382514
2563000 209.000000 208.382755
2564000 208.000000 208.382605
2565000 208.000000 208.382456
2566000 211.000000 208.383476
2567000 209.000000 208.383716
2568000 207.000000 208.383178
2569000 202.000000 208.380693
2570000 209.000000 208.380934
2571000 209.000000 208.381175
2572000 207.000000 208.380638
2573000 209.000000 208.380878
2574000 207.000000 208.380342
2575000 207.000000 208.379806
2576000 203.000000 208.377717
2577000 208.000000 208.377571
2578000 208.000000 208.377424
2579000 208.000000 208.377278
2580000 210.000000 208.377907
2581000 212.000000 208.379310
2582000 208.000000 208.379163
2583000 209.000000 208.379404
2584000 206.000000 208.378483
2585000 206.000000 208.377563
2586000 206.000000 208.376643
2587000 210.000000 208.377271
2588000 206.000000 208.376352
2589000 208.000000 208.376207
2590000 208.000000 208.376062
2591000 212.000000 208.377460
2592000 208.000000 208.377315
2593000 208.000000 208.377169
2594000 209.000000 208.377409
2595000 208.000000 208.377264
2596000 207.000000 208.376733
2597000 205.000000 208.375433
2598000 203.000000 208.373364
2599000 208.000000 208.373220
2600000 206.000000 208.372308
2601000 210.000000 208.372933
2602000 210.000000 208.373559
2603000 209.000000 208.373799
2604000 206.000000 208.372888
2605000 205.000000 208.371593
2606000 208.000000 208.371450
2607000 208.000000 208.371308
2608000 211.000000 208.372316
2609000 209.000000 208.372557
2610000 206.000000 208.371648
2611000 206.000000 208.370739
2612000 208.000000 208.370597
2613000 207.000000 208.370073
2614000 209.000000 208.370314
2615000 210.000000 208.370937
2616000 208.000000 208.370795
2617000 211.000000 208.371800
2618000 210.000000 208.372422
2619000 207.000000 208.371898
2620000 206.000000 208.370992
2621000 208.000000 208.370851
2622000 208.000000 208.370709
2623000 208.000000 208.370568
2624000 208.000000 208.370427
2625000 210.000000 208.371048
2626000 209.000000 208.371287
2627000 210.000000 208.371907
2628000 209.000000 208.372146
2629000 207.000000 208.371624
2630000 212.000000 208.373004
2631000 210.000000 208.373622
2632000 209.000000 208.373860
2633000 209.000000 208.374098
2634000 208.000000 208.373956
2635000 209.000000 208.374194
2636000 210.000000 208.374810
2637000 207.000000 208.374289
2638000 208.000000 208.374147
2639000 211.000000 208.375142
2640000 209.000000 208.375379
2641000 212.000000 208.376751
2642000 210.000000 208.377366
2643000 206.000000 208.376466
2644000 206.000000 208.375567
2645000 207.000000 208.375047
2646000 205.000000 208.373772
2647000 211.000000 208.374764
2648000 208.000000 208.374622
2649000 207.000000 208.374103
2650000 206.000000 208.373208
2651000 208.000000 208.373067
2652000 207.000000 208.372549
2653000 210.000000 208.373162
2654000 208.000000 208.373022
2655000 206.000000 208.372128
2656000 209.000000 208.372364
2657000 205.000000 208.371095
2658000 206.000000 208.370203
2659000 208.000000 208.370064
2660000 209.000000 208.370301
2661000 210.000000 208.370913
2662000 210.000000 208.371525
2663000 209.000000 208.371761
2664000 211.000000 208.372748
2665000 206.000000 208.371857
2666000 208.000000 208.371718
2667000 210.000000 208.372328
2668000 209.000000 208.372564
2669000 210.000000 208.373173
2670000 207.000000 208.372659
2671000 209.000000 208.372894
2672000 209.000000 208.373129
2673000 207.000000 208.372615
2674000 208.000000 208.372476
2675000 209.000000 208.372710
2676000 211.000000 208.373692
2677000 207.000000 208.373179
2678000 207.000000 208.372666
2679000 210.000000 208.373274
2680000 210.000000 208.373881
2681000 209.000000 208.374114
2682000 211.000000 208.375093
2683000 208.000000 208.374953
2684000 207.000000 208.374441
2685000 208.000000 208.374302
2686000 211.000000 208.375279
2687000 207.000000 208.374767
2688000 210.000000 208.375372
2689000 210.000000 208.375976
2690000 209.000000 208.376208
2691000 210.000000 208.376812
2692000 210.000000 208.377415
2693000 209.000000 208.377646
2694000 210.000000 208.378248
2695000 208.000000 208.378108
2696000 211.000000 208.379080
2697000 209.000000 208.379310
2698000 206.000000 208.378428
2699000 209.000000 208.378659
2700000 209.000000 208.378889
2701000 207.000000 208.378378
2702000 210.000000 208.378979
2703000 205.000000 208.377728
2704000 210.000000 208.378328
2705000 211.000000 208.379298
2706000 212.000000 208.380636
2707000 210.000000 208.381234
2708000 210.000000 208.381832
2709000 209.000000 208.382060
2710000 207.000000 208.381550
2711000 211.000000 208.382516
2712000 208.000000 208.382375
2713000 207.000000 208.381865
2714000 209.000000 208.382093
2715000 209.000000 208.382320
2716000 209.000000 208.382548
2717000 211.000000 208.383511
2718000 212.000000 208.384842
2719000 208.000000 208.384700
2720000 206.000000 208.383824
2721000 214.000000 208.385888
2722000 210.000000 208.386481
2723000 211.000000 208.387440
2724000 212.000000 208.388767
2725000 209.000000 208.388991
2726000 209.000000 208.389215
2727000 210.000000 208.389806
2728000 211.000000 208.390762
2729000 209.000000 208.390986
2730000 207.000000 208.390476
2731000 209.000000 208.390699
2732000 212.000000 208.392020
2733000 212.000000 208.393341
2734000 207.000000 208.392831
2735000 210.000000 208.393419
2736000 211.000000 208.394371
2737000 209.000000 208.394593
2738000 205.000000 208.393353
2739000 210.000000 208.393939
2740000 211.000000 208.394891
2741000 208.000000 208.394746
2742000 208.000000 208.394602
2743000 212.000000 208.395917
2744000 210.000000 208.396501
2745000 209.000000 208.396721
2746000 212.000000 208.398034
2747000 211.000000 208.398981
2748000 206.000000 208.398108
2749000 206.000000 208.397235
2750000 210.000000 208.397818
2751000 206.000000 208.396947
2752000 212.000000 208.398256
2753000 208.000000 208.398111
2754000 207.000000 208.397603
2755000 212.000000 208.398911
2756000 209.000000 208.399129
2757000 209.000000 208.399347
2758000 213.000000 208.401015
2759000 211.000000 208.401957
2760000 214.000000 208.403986
2761000 210.000000 208.404564
2762000 208.000000 208.404417
2763000 211.000000 208.405356
2764000 210.000000 208.405933
2765000 210.000000 208.406510
2766000 213.000000 208.408171
2767000 212.000000 208.409469
2768000 211.000000 208.410405
2769000 210.000000 208.410979
2770000 210.000000 208.411552
2771000 210.000000 208.412126
2772000 210.000000 208.412698
2773000 209.000000 208.412910
2774000 210.000000 208.413482
2775000 209.000000 208.413694
2776000 210.000000 208.414265
2777000 210.000000 208.414836
2778000 213.000000 208.416487
2779000 211.000000 208.417416
2780000 208.000000 208.417266
2781000 211.000000 208.418195
2782000 207.000000 208.417685
2783000 212.000000 208.418972
2784000 209.000000 208.419181
2785000 211.000000 208.420108
2786000 211.000000 208.421034
2787000 207.000000 208.420524
2788000 210.000000 208.421090
2789000 210.000000 208.421657
2790000 208.000000 208.421505
2791000 210.000000 208.422071
2792000 208.000000 208.421920
2793000 209.000000 208.422127
2794000 209.000000 208.422334
2795000 210.000000 208.422898
2796000 206.000000 208.422031
2797000 210.000000 208.422596
2798000 211.000000 208.423517
2799000 211.000000 208.424437
2800000 210.000000 208.425000
2801000 207.000000 208.424491
2802000 212.000000 208.425767
2803000 213.000000 208.427399
2804000 210.000000 208.427960
2805000 208.000000 208.427807
2806000 209.000000 208.428011
2807000 210.000000 208.428571
2808000 207.000000 208.428063
2809000 206.000000 208.427198
2810000 207.000000 208.426690
2811000 208.000000 208.426539
2812000 210.000000 208.427098
2813000 209.000000 208.427302
2814000 209.000000 208.427505
2815000 211.000000 208.428419
2816000 211.000000 208.429332
2817000 212.000000 208.430600
2818000 208.000000 208.430447
2819000 209.000000 208.430649
2820000 210.000000 208.431206
2821000 209.000000 208.431407
2822000 210.000000 208.431963
2823000 209.000000 208.432164
2824000 210.000000 208.432720
2825000 206.000000 208.431858
2826000 212.000000 208.433121
2827000 213.000000 208.434736
2828000 208.000000 208.434583
2829000 212.000000 208.435843
2830000 213.000000 208.437456
2831000 210.000000 208.438008
2832000 210.000000 208.438559
2833000 208.000000 208.438405
2834000 210.000000 208.438956
2835000 209.000000 208.439153
2836000 209.000000 208.439351
2837000 211.000000 208.440254
2838000 212.000000 208.441508
2839000 211.000000 208.442409
2840000 208.000000 208.442254
2841000 210.000000 208.442802
2842000 211.000000 208.443702
2843000 211.000000 208.444601
2844000 209.000000 208.444796
2845000 210.000000 208.445343
2846000 210.000000 208.445889
2847000 209.000000 208.446084
2848000 210.000000 208.446629
2849000 213.000000 208.448227
2850000 210.000000 208.448772
2851000 211.000000 208.449667
2852000 208.000000 208.449509
2853000 212.000000 208.450754
2854000 211.000000 208.451647
2855000 211.000000 208.452539
2856000 207.000000 208.452031
2857000 208.000000 208.451873
2858000 205.000000 208.450665
2859000 210.000000 208.451207
2860000 209.000000 208.451399
2861000 209.000000 208.451590
2862000 208.000000 208.451433
2863000 210.000000 208.451973
2864000 211.000000 208.452863
2865000 212.000000 208.454101
2866000 208.000000 208.453943
2867000 207.000000 208.453436
2868000 211.000000 208.454324
2869000 208.000000 208.454165
2870000 211.000000 208.455052
2871000 211.000000 208.455939
2872000 211.000000 208.456825
2873000 211.000000 208.457710
2874000 210.000000 208.458246
2875000 208.000000 208.458087
2876000 209.000000 208.458275
2877000 211.000000 208.459159
2878000 212.000000 208.460389
2879000 211.000000 208.461271
2880000 211.000000 208.462153
2881000 209.000000 208.462339
2882000 210.000000 208.462873
2883000 209.000000 208.463059
2884000 208.000000 208.462899
2885000 209.000000 208.463085
2886000 207.000000 208.462578
2887000 209.000000 208.462764
2888000 209.000000 208.462950
2889000 210.000000 208.463482
2890000 211.000000 208.464360
2891000 209.000000 208.464545
2892000 212.000000 208.465768
2893000 208.000000 208.465607
2894000 208.000000 208.465446
2895000 208.000000 208.465285
2896000 211.000000 208.466160
2897000 208.000000 208.465999
2898000 212.000000 208.467219
2899000 209.000000 208.467403
2900000 209.000000 208.467586
2901000 209.000000 208.467770
2902000 212.000000 208.468987
2903000 211.000000 208.469859
2904000 208.000000 208.469697
2905000 209.000000 208.469880
2906000 207.000000 208.469374
2907000 207.000000 208.468868
2908000 208.000000 208.468707
2909000 211.000000 208.469577
2910000 213.000000 208.471134
2911000 207.000000 208.470629
2912000 210.000000 208.471154
2913000 207.000000 208.470649
2914000 212.000000 208.471860
2915000 208.000000 208.471698
2916000 208.000000 208.471536
2917000 209.000000 208.471718
2918000 210.000000 208.472241
2919000 211.000000 208.473107
2920000 210.000000 208.473630
2921000 210.000000 208.474153
2922000 213.000000 208.475702
2923000 212.000000 208.476907
2924000 206.000000 208.476060
2925000 210.000000 208.476581
2926000 208.000000 208.476418
2927000 210.000000 208.476939
2928000 210.000000 208.477459
2929000 210.000000 208.477979
2930000 212.000000 208.479181
2931000 206.000000 208.478335
2932000 212.000000 208.479536
2933000 209.000000 208.479714
2934000 211.000000 208.480573
2935000 212.000000 208.481772
2936000 210.000000 208.482289
2937000 211.000000 208.483146
2938000 209.000000 208.483322
2939000 207.000000 208.482817
2940000 211.000000 208.483673
2941000 205.000000 208.482489
2942000 207.000000 208.481985
2943000 210.000000 208.482501
2944000 207.000000 208.481997
2945000 212.000000 208.483192
2946000 211.000000 208.484046
2947000 211.000000 208.484900
2948000 211.000000 208.485753
2949000 212.000000 208.486945
2950000 205.000000 208.485763
2951000 209.000000 208.485937
2952000 208.000000 208.485772
2953000 208.000000 208.485608
2954000 209.000000 208.485782
2955000 208.000000 208.485618
2956000 209.000000 208.485792
2957000 209.000000 208.485966
2958000 208.000000 208.485801
2959000 212.000000 208.486989
2960000 210.000000 208.487500
2961000 208.000000 208.487335
2962000 210.000000 208.487846
2963000 211.000000 208.488694
2964000 211.000000 208.489541
2965000 211.000000 208.490388
2966000 211.000000 208.491234
2967000 209.000000 208.491405
2968000 210.000000 208.491914
2969000 211.000000 208.492759
2970000 210.000000 208.493266
2971000 208.000000 208.493100
2972000 209.000000 208.493271
2973000 207.000000 208.492768
2974000 210.000000 208.493275
2975000 204.000000 208.491765
2976000 209.000000 208.491935
2977000 207.000000 208.491434
2978000 206.000000 208.490598
2979000 209.000000 208.490769
2980000 209.000000 208.490940
2981000 209.000000 208.491110
2982000 208.000000 208.490946
2983000 209.000000 208.491116
2984000 211.000000 208.491957
2985000 211.000000 208.492797
2986000 206.000000 208.491962
2987000 207.000000 208.491463
2988000 211.000000 208.492303
2989000 209.000000 208.492472
2990000 209.000000 208.492642
2991000 209.000000 208.492812
2992000 209.000000 208.492981
2993000 209.000000 208.493151
2994000 211.000000 208.493988
2995000 208.000000 208.493823
2996000 208.000000 208.493658
2997000 211.000000 208.494494
2998000 210.000000 208.494997
2999000 207.000000 208.494498
3000000 211.000000 208.495333
