1000 208.000000 208.000000
2000 205.000000 206.500000
3000 206.000000 206.333333
4000 209.000000 207.000000
5000 208.000000 207.200000
6000 207.000000 207.166667
7000 208.000000 207.285714
8000 208.000000 207.375000
9000 207.000000 207.333333
10000 210.000000 207.600000
11000 210.000000 207.818182
12000 207.000000 207.750000
13000 206.000000 207.615385
14000 208.000000 207.642857
15000 209.000000 207.733333
16000 208.000000 207.750000
17000 211.000000 207.941176
18000 209.000000 208.000000
19000 205.000000 207.842105
20000 207.000000 207.800000
21000 206.000000 207.714286
22000 205.000000 207.590909
23000 204.000000 207.434783
24000 208.000000 207.458333
25000 208.000000 207.480000
26000 205.000000 207.384615
27000 210.000000 207.481481
28000 206.000000 207.428571
29000 206.000000 207.379310
30000 206.000000 207.333333
31000 205.000000 207.258065
32000 207.000000 207.250000
33000 207.000000 207.242424
34000 209.000000 207.294118
35000 206.000000 207.257143
36000 206.000000 207.222222
37000 207.000000 207.216216
38000 210.000000 207.289474
39000 210.000000 207.358974
40000 211.000000 207.450000
41000 207.000000 207.439024
42000 205.000000 207.380952
43000 207.000000 207.372093
44000 206.000000 207.340909
45000 207.000000 207.333333
46000 208.000000 207.347826
47000 211.000000 207.425532
48000 203.000000 207.333333
49000 208.000000 207.346939
50000 207.000000 207.340000
51000 209.000000 207.372549
52000 205.000000 207.326923
53000 209.000000 207.358491
54000 206.000000 207.333333
55000 207.000000 207.327273
56000 205.000000 207.285714
57000 210.000000 207.333333
58000 208.000000 207.344828
59000 210.000000 207.389831
60000 208.000000 207.400000
61000 207.000000 207.393443
62000 211.000000 207.451613
63000 209.000000 207.476190
64000 210.000000 207.515625
65000 205.000000 207.476923
66000 209.000000 207.500000
67000 203.000000 207.432836
68000 210.000000 207.470588
69000 207.000000 207.463768
70000 205.000000 207.428571
71000 211.000000 207.478873
72000 205.000000 207.444444
73000 206.000000 207.424658
74000 206.000000 207.405405
75000 210.000000 207.440000
76000 210.000000 207.473684
77000 208.000000 207.480519
78000 203.000000 207.423077
79000 207.000000 207.417722
80000 209.000000 207.437500
81000 209.000000 207.456790
82000 208.000000 207.463415
83000 207.000000 207.457831
84000 207.000000 207.452381
85000 205.000000 207.423529
86000 207.000000 207.418605
87000 205.000000 207.390805
88000 206.000000 207.375000
89000 208.000000 207.382022
90000 206.000000 207.366667
91000 208.000000 207.373626
92000 208.000000 207.380435
93000 206.000000 207.365591
94000 206.000000 207.351064
95000 209.000000 207.368421
96000 207.000000 207.364583
97000 208.000000 207.371134
98000 205.000000 207.346939
99000 205.000000 207.323232
100000 207.000000 207.320000
101000 208.000000 207.326733
102000 208.000000 207.333333
103000 207.000000 207.330097
104000 204.000000 207.298077
105000 207.000000 207.295238
106000 207.000000 207.292453
107000 206.000000 207.280374
108000 203.000000 207.240741
109000 204.000000 207.211009
110000 208.000000 207.218182
111000 205.000000 207.198198
112000 206.000000 207.187500
113000 209.000000 207.203540
114000 207.000000 207.201754
115000 208.000000 207.208696
116000 209.000000 207.224138
117000 207.000000 207.222222
118000 207.000000 207.220339
119000 210.000000 207.243697
120000 207.000000 207.241667
121000 207.000000 207.239669
122000 207.000000 207.237705
123000 205.000000 207.219512
124000 205.000000 207.201613
125000 205.000000 207.184000
126000 208.000000 207.190476
127000 209.000000 207.204724
128000 205.000000 207.187500
129000 206.000000 207.178295
130000 206.000000 207.169231
131000 208.000000 207.175573
132000 207.000000 207.174242
133000 206.000000 207.165414
134000 209.000000 207.179104
135000 206.000000 207.170370
136000 206.000000 207.161765
137000 204.000000 207.138686
138000 206.000000 207.130435
139000 206.000000 207.122302
140000 206.000000 207.114286
141000 208.000000 207.120567
142000 207.000000 207.119718
143000 204.000000 207.097902
144000 205.000000 207.083333
145000 207.000000 207.082759
146000 204.000000 207.061644
147000 206.000000 207.054422
148000 206.000000 207.047297
149000 209.000000 207.060403
150000 209.000000 207.073333
151000 206.000000 207.066225
152000 208.000000 207.072368
153000 207.000000 207.071895
154000 206.000000 207.064935
155000 207.000000 207.064516
156000 209.000000 207.076923
157000 208.000000 207.082803
158000 208.000000 207.088608
159000 208.000000 207.094340
160000 205.000000 207.081250
161000 208.000000 207.086957
162000 208.000000 207.092593
163000 205.000000 207.079755
164000 207.000000 207.079268
165000 207.000000 207.078788
166000 206.000000 207.072289
167000 207.000000 207.071856
168000 208.000000 207.077381
169000 206.000000 207.071006
170000 204.000000 207.052941
171000 210.000000 207.070175
172000 209.000000 207.081395
173000 207.000000 207.080925
174000 208.000000 207.086207
175000 207.000000 207.085714
176000 206.000000 207.079545
177000 206.000000 207.073446
178000 205.000000 207.061798
179000 205.000000 207.050279
180000 204.000000 207.033333
181000 208.000000 207.038674
182000 207.000000 207.038462
183000 206.000000 207.032787
184000 206.000000 207.027174
185000 207.000000 207.027027
186000 207.000000 207.026882
187000 206.000000 207.021390
188000 207.000000 207.021277
189000 206.000000 207.015873
190000 209.000000 207.026316
191000 208.000000 207.031414
192000 208.000000 207.036458
193000 207.000000 207.036269
194000 207.000000 207.036082
195000 207.000000 207.035897
196000 206.000000 207.030612
197000 207.000000 207.030457
198000 206.000000 207.025253
199000 206.000000 207.020101
200000 205.000000 207.010000
201000 207.000000 207.009950
202000 204.000000 206.995050
203000 205.000000 206.985222
204000 208.000000 206.990196
205000 206.000000 206.985366
206000 202.000000 206.961165
207000 206.000000 206.956522
208000 204.000000 206.942308
209000 203.000000 206.923445
210000 207.000000 206.923810
211000 208.000000 206.928910
212000 204.000000 206.915094
213000 207.000000 206.915493
214000 208.000000 206.920561
215000 206.000000 206.916279
216000 204.000000 206.902778
217000 207.000000 206.903226
218000 207.000000 206.903670
219000 207.000000 206.904110
220000 204.000000 206.890909
221000 207.000000 206.891403
222000 206.000000 206.887387
223000 204.000000 206.874439
224000 205.000000 206.866071
225000 203.000000 206.848889
226000 202.000000 206.827434
227000 206.000000 206.823789
228000 207.000000 206.824561
229000 204.000000 206.812227
230000 205.000000 206.804348
231000 202.000000 206.783550
232000 205.000000 206.775862
233000 203.000000 206.759657
234000 203.000000 206.743590
235000 208.000000 206.748936
236000 207.000000 206.750000
237000 209.000000 206.759494
238000 205.000000 206.752101
239000 207.000000 206.753138
240000 206.000000 206.750000
241000 206.000000 206.746888
242000 203.000000 206.731405
243000 208.000000 206.736626
244000 206.000000 206.733607
245000 204.000000 206.722449
246000 209.000000 206.731707
247000 206.000000 206.728745
248000 205.000000 206.721774
249000 208.000000 206.726908
250000 205.000000 206.720000
251000 206.000000 206.717131
252000 208.000000 206.722222
253000 209.000000 206.731225
254000 206.000000 206.728346
255000 206.000000 206.725490
256000 205.000000 206.718750
257000 207.000000 206.719844
258000 206.000000 206.717054
259000 206.000000 206.714286
260000 206.000000 206.711538
261000 208.000000 206.716475
262000 208.000000 206.721374
263000 208.000000 206.726236
264000 207.000000 206.727273
265000 209.000000 206.735849
266000 209.000000 206.744361
267000 210.000000 206.756554
268000 208.000000 206.761194
269000 206.000000 206.758364
270000 208.000000 206.762963
271000 206.000000 206.760148
272000 208.000000 206.764706
273000 210.000000 206.776557
274000 207.000000 206.777372
275000 208.000000 206.781818
276000 207.000000 206.782609
277000 208.000000 206.787004
278000 203.000000 206.773381
279000 205.000000 206.767025
280000 208.000000 206.771429
281000 209.000000 206.779359
282000 203.000000 206.765957
283000 205.000000 206.759717
284000 208.000000 206.764085
285000 212.000000 206.782456
286000 208.000000 206.786713
287000 210.000000 206.797909
288000 204.000000 206.788194
289000 207.000000 206.788927
290000 208.000000 206.793103
291000 207.000000 206.793814
292000 204.000000 206.784247
293000 208.000000 206.788396
294000 209.000000 206.795918
295000 206.000000 206.793220
296000 206.000000 206.790541
297000 209.000000 206.797980
298000 207.000000 206.798658
299000 209.000000 206.806020
300000 209.000000 206.813333
301000 206.000000 206.810631
302000 208.000000 206.814570
303000 208.000000 206.818482
304000 205.000000 206.812500
305000 211.000000 206.826230
306000 206.000000 206.823529
307000 207.000000 206.824104
308000 206.000000 206.821429
309000 206.000000 206.818770
310000 206.000000 206.816129
311000 209.000000 206.823151
312000 205.000000 206.817308
313000 204.000000 206.808307
314000 210.000000 206.818471
315000 208.000000 206.822222
316000 209.000000 206.829114
317000 208.000000 206.832808
318000 209.000000 206.839623
319000 210.000000 206.849530
320000 204.000000 206.840625
321000 207.000000 206.841121
322000 207.000000 206.841615
323000 207.000000 206.842105
324000 208.000000 206.845679
325000 209.000000 206.852308
326000 207.000000 206.852761
327000 206.000000 206.850153
328000 205.000000 206.844512
329000 208.000000 206.848024
330000 206.000000 206.845455
331000 207.000000 206.845921
332000 204.000000 206.837349
333000 209.000000 206.843844
334000 207.000000 206.844311
335000 208.000000 206.847761
336000 207.000000 206.848214
337000 209.000000 206.854599
338000 207.000000 206.855030
339000 208.000000 206.858407
340000 206.000000 206.855882
341000 208.000000 206.859238
342000 210.000000 206.868421
343000 211.000000 206.880466
344000 211.000000 206.892442
345000 208.000000 206.895652
346000 209.000000 206.901734
347000 209.000000 206.907781
348000 203.000000 206.896552
349000 211.000000 206.908309
350000 210.000000 206.917143
351000 207.000000 206.917379
352000 206.000000 206.914773
353000 208.000000 206.917847
354000 209.000000 206.923729
355000 210.000000 206.932394
356000 209.000000 206.938202
357000 209.000000 206.943978
358000 208.000000 206.946927
359000 208.000000 206.949861
360000 207.000000 206.950000
361000 210.000000 206.958449
362000 209.000000 206.964088
363000 210.000000 206.972452
364000 208.000000 206.975275
365000 209.000000 206.980822
366000 208.000000 206.983607
367000 208.000000 206.986376
368000 207.000000 206.986413
369000 205.000000 206.981030
370000 206.000000 206.978378
371000 211.000000 206.989218
372000 209.000000 206.994624
373000 207.000000 206.994638
374000 209.000000 207.000000
375000 206.000000 206.997333
376000 206.000000 206.994681
377000 209.000000 207.000000
378000 211.000000 207.010582
379000 209.000000 207.015831
380000 206.000000 207.013158
381000 209.000000 207.018373
382000 208.000000 207.020942
383000 210.000000 207.028721
384000 207.000000 207.028646
385000 208.000000 207.031169
386000 209.000000 207.036269
387000 208.000000 207.038760
388000 204.000000 207.030928
389000 211.000000 207.041131
390000 210.000000 207.048718
391000 207.000000 207.048593
392000 208.000000 207.051020
393000 209.000000 207.055980
394000 206.000000 207.053299
395000 204.000000 207.045570
396000 209.000000 207.050505
397000 208.000000 207.052897
398000 206.000000 207.050251
399000 208.000000 207.052632
400000 207.000000 207.052500
401000 209.000000 207.057357
402000 208.000000 207.059701
403000 209.000000 207.064516
404000 208.000000 207.066832
405000 207.000000 207.066667
406000 209.000000 207.071429
407000 208.000000 207.073710
408000 207.000000 207.073529
409000 209.000000 207.078240
410000 208.000000 207.080488
411000 208.000000 207.082725
412000 211.000000 207.092233
413000 208.000000 207.094431
414000 204.000000 207.086957
415000 210.000000 207.093976
416000 211.000000 207.103365
417000 208.000000 207.105516
418000 210.000000 207.112440
419000 209.000000 207.116945
420000 207.000000 207.116667
421000 207.000000 207.116390
422000 208.000000 207.118483
423000 209.000000 207.122931
424000 208.000000 207.125000
425000 207.000000 207.124706
426000 209.000000 207.129108
427000 205.000000 207.124122
428000 208.000000 207.126168
429000 206.000000 207.123543
430000 207.000000 207.123256
431000 211.000000 207.132251
432000 206.000000 207.129630
433000 206.000000 207.127021
434000 207.000000 207.126728
435000 208.000000 207.128736
436000 204.000000 207.121560
437000 206.000000 207.118993
438000 207.000000 207.118721
439000 209.000000 207.123007
440000 205.000000 207.118182
441000 206.000000 207.115646
442000 208.000000 207.117647
443000 207.000000 207.117381
444000 209.000000 207.121622
445000 210.000000 207.128090
446000 206.000000 207.125561
447000 205.000000 207.120805
448000 207.000000 207.120536
449000 209.000000 207.124722
450000 211.000000 207.133333
451000 207.000000 207.133038
452000 206.000000 207.130531
453000 206.000000 207.128035
454000 207.000000 207.127753
455000 205.000000 207.123077
456000 206.000000 207.120614
457000 207.000000 207.120350
458000 208.000000 207.122271
459000 209.000000 207.126362
460000 211.000000 207.134783
461000 211.000000 207.143167
462000 209.000000 207.147186
463000 207.000000 207.146868
464000 207.000000 207.146552
465000 208.000000 207.148387
466000 207.000000 207.148069
467000 209.000000 207.152034
468000 209.000000 207.155983
469000 211.000000 207.164179
470000 208.000000 207.165957
471000 207.000000 207.165605
472000 207.000000 207.165254
473000 209.000000 207.169133
474000 209.000000 207.172996
475000 207.000000 207.172632
476000 210.000000 207.178571
477000 209.000000 207.182390
478000 210.000000 207.188285
479000 208.000000 207.189979
480000 202.000000 207.179167
481000 207.000000 207.178794
482000 207.000000 207.178423
483000 208.000000 207.180124
484000 204.000000 207.173554
485000 206.000000 207.171134
486000 210.000000 207.176955
487000 211.000000 207.184805
488000 207.000000 207.184426
489000 210.000000 207.190184
490000 205.000000 207.185714
491000 209.000000 207.189409
492000 206.000000 207.186992
493000 209.000000 207.190669
494000 205.000000 207.186235
495000 207.000000 207.185859
496000 208.000000 207.187500
497000 206.000000 207.185111
498000 207.000000 207.184739
499000 208.000000 207.186373
500000 206.000000 207.184000
501000 205.000000 207.179641
502000 210.000000 207.185259
503000 207.000000 207.184891
504000 207.000000 207.184524
505000 207.000000 207.184158
506000 207.000000 207.183794
507000 209.000000 207.187377
508000 209.000000 207.190945
509000 208.000000 207.192534
510000 205.000000 207.188235
511000 206.000000 207.185910
512000 209.000000 207.189453
513000 210.000000 207.194932
514000 210.000000 207.200389
515000 207.000000 207.200000
516000 209.000000 207.203488
517000 207.000000 207.203095
518000 208.000000 207.204633
519000 207.000000 207.204239
520000 209.000000 207.207692
521000 209.000000 207.211132
522000 210.000000 207.216475
523000 204.000000 207.210325
524000 210.000000 207.215649
525000 209.000000 207.219048
526000 207.000000 207.218631
527000 209.000000 207.222011
528000 209.000000 207.225379
529000 208.000000 207.226843
530000 211.000000 207.233962
531000 209.000000 207.237288
532000 207.000000 207.236842
533000 207.000000 207.236398
534000 208.000000 207.237828
535000 209.000000 207.241121
536000 210.000000 207.246269
537000 209.000000 207.249534
538000 209.000000 207.252788
539000 205.000000 207.248609
540000 206.000000 207.246296
541000 206.000000 207.243993
542000 209.000000 207.247232
543000 207.000000 207.246777
544000 206.000000 207.244485
545000 208.000000 207.245872
546000 207.000000 207.245421
547000 209.000000 207.248629
548000 204.000000 207.242701
549000 208.000000 207.244080
550000 212.000000 207.252727
551000 208.000000 207.254083
552000 210.000000 207.259058
553000 204.000000 207.253165
554000 209.000000 207.256318
555000 208.000000 207.257658
556000 207.000000 207.257194
557000 208.000000 207.258528
558000 206.000000 207.256272
559000 208.000000 207.257603
560000 210.000000 207.262500
561000 206.000000 207.260250
562000 203.000000 207.252669
563000 210.000000 207.257549
564000 205.000000 207.253546
565000 208.000000 207.254867
566000 207.000000 207.254417
567000 208.000000 207.255732
568000 206.000000 207.253521
569000 204.000000 207.247803
570000 208.000000 207.249123
571000 205.000000 207.245184
572000 208.000000 207.246503
573000 208.000000 207.247818
574000 206.000000 207.245645
575000 203.000000 207.238261
576000 205.000000 207.234375
577000 206.000000 207.232236
578000 204.000000 207.226644
579000 205.000000 207.222798
580000 208.000000 207.224138
581000 208.000000 207.225473
582000 209.000000 207.228522
583000 210.000000 207.233276
584000 206.000000 207.231164
585000 210.000000 207.235897
586000 207.000000 207.235495
587000 210.000000 207.240204
588000 208.000000 207.241497
589000 207.000000 207.241087
590000 209.000000 207.244068
591000 207.000000 207.243655
592000 209.000000 207.246622
593000 207.000000 207.246206
594000 206.000000 207.244108
595000 210.000000 207.248739
596000 205.000000 207.244966
597000 208.000000 207.246231
598000 206.000000 207.244147
599000 204.000000 207.238731
600000 207.000000 207.238333
601000 209.000000 207.241265
602000 207.000000 207.240864
603000 207.000000 207.240464
604000 205.000000 207.236755
605000 206.000000 207.234711
606000 209.000000 207.237624
607000 206.000000 207.235585
608000 208.000000 207.236842
609000 208.000000 207.238095
610000 204.000000 207.232787
611000 207.000000 207.232406
612000 207.000000 207.232026
613000 208.000000 207.233279
614000 208.000000 207.234528
615000 205.000000 207.230894
616000 205.000000 207.227273
617000 209.000000 207.230146
618000 209.000000 207.233010
619000 210.000000 207.237480
620000 207.000000 207.237097
621000 208.000000 207.238325
622000 207.000000 207.237942
623000 208.000000 207.239165
624000 204.000000 207.233974
625000 208.000000 207.235200
626000 207.000000 207.234824
627000 209.000000 207.237640
628000 209.000000 207.240446
629000 206.000000 207.238474
630000 208.000000 207.239683
631000 208.000000 207.240887
632000 207.000000 207.240506
633000 208.000000 207.241706
634000 208.000000 207.242902
635000 205.000000 207.239370
636000 206.000000 207.237421
637000 206.000000 207.235479
638000 206.000000 207.233542
639000 207.000000 207.233177
640000 208.000000 207.234375
641000 205.000000 207.230889
642000 204.000000 207.225857
643000 208.000000 207.227061
644000 207.000000 207.226708
645000 205.000000 207.223256
646000 210.000000 207.227554
647000 208.000000 207.228748
648000 209.000000 207.231481
649000 204.000000 207.226502
650000 210.000000 207.230769
651000 211.000000 207.236559
652000 210.000000 207.240798
653000 209.000000 207.243492
654000 209.000000 207.246177
655000 206.000000 207.244275
656000 208.000000 207.245427
657000 208.000000 207.246575
658000 208.000000 207.247720
659000 210.000000 207.251897
660000 208.000000 207.253030
661000 210.000000 207.257186
662000 209.000000 207.259819
663000 209.000000 207.262443
664000 208.000000 207.263554
665000 209.000000 207.266165
666000 209.000000 207.268769
667000 208.000000 207.269865
668000 206.000000 207.267964
669000 207.000000 207.267564
670000 204.000000 207.262687
671000 207.000000 207.262295
672000 207.000000 207.261905
673000 207.000000 207.261516
674000 207.000000 207.261128
675000 208.000000 207.262222
676000 207.000000 207.261834
677000 203.000000 207.255539
678000 208.000000 207.256637
679000 207.000000 207.256259
680000 207.000000 207.255882
681000 204.000000 207.251101
682000 206.000000 207.249267
683000 204.000000 207.244510
684000 207.000000 207.244152
685000 207.000000 207.243796
686000 208.000000 207.244898
687000 206.000000 207.243086
688000 207.000000 207.242733
689000 207.000000 207.242380
690000 207.000000 207.242029
691000 206.000000 207.240232
692000 205.000000 207.236994
693000 208.000000 207.238095
694000 208.000000 207.239193
695000 205.000000 207.235971
696000 208.000000 207.237069
697000 206.000000 207.235294
698000 210.000000 207.239255
699000 209.000000 207.241774
700000 204.000000 207.237143
701000 208.000000 207.238231
702000 207.000000 207.237892
703000 207.000000 207.237553
704000 207.000000 207.237216
705000 209.000000 207.239716
706000 207.000000 207.239377
707000 205.000000 207.236209
708000 206.000000 207.234463
709000 209.000000 207.236953
710000 208.000000 207.238028
711000 207.000000 207.237693
712000 206.000000 207.235955
713000 206.000000 207.234222
714000 208.000000 207.235294
715000 207.000000 207.234965
716000 207.000000 207.234637
717000 206.000000 207.232915
718000 209.000000 207.235376
719000 205.000000 207.232267
720000 207.000000 207.231944
721000 210.000000 207.235784
722000 208.000000 207.236842
723000 203.000000 207.230982
724000 206.000000 207.229282
725000 209.000000 207.231724
726000 205.000000 207.228650
727000 209.000000 207.231087
728000 209.000000 207.233516
729000 210.000000 207.237311
730000 210.000000 207.241096
731000 210.000000 207.244870
732000 208.000000 207.245902
733000 205.000000 207.242838
734000 211.000000 207.247956
735000 206.000000 207.246259
736000 205.000000 207.243207
737000 208.000000 207.244233
738000 210.000000 207.247967
739000 207.000000 207.247632
740000 205.000000 207.244595
741000 209.000000 207.246964
742000 211.000000 207.252022
743000 206.000000 207.250336
744000 207.000000 207.250000
745000 209.000000 207.252349
746000 209.000000 207.254692
747000 209.000000 207.257028
748000 209.000000 207.259358
749000 206.000000 207.257677
750000 205.000000 207.254667
751000 208.000000 207.255659
752000 204.000000 207.251330
753000 209.000000 207.253652
754000 208.000000 207.254642
755000 206.000000 207.252980
756000 204.000000 207.248677
757000 208.000000 207.249670
758000 207.000000 207.249340
759000 205.000000 207.246377
760000 204.000000 207.242105
761000 206.000000 207.240473
762000 210.000000 207.244094
763000 206.000000 207.242464
764000 207.000000 207.242147
765000 210.000000 207.245752
766000 206.000000 207.244125
767000 210.000000 207.247718
768000 207.000000 207.247396
769000 210.000000 207.250975
770000 204.000000 207.246753
771000 206.000000 207.245136
772000 207.000000 207.244819
773000 210.000000 207.248383
774000 207.000000 207.248062
775000 210.000000 207.251613
776000 208.000000 207.252577
777000 208.000000 207.253539
778000 209.000000 207.255784
779000 207.000000 207.255456
780000 209.000000 207.257692
781000 205.000000 207.254802
782000 210.000000 207.258312
783000 210.000000 207.261814
784000 211.000000 207.266582
785000 211.000000 207.271338
786000 209.000000 207.273537
787000 208.000000 207.274460
788000 210.000000 207.277919
789000 209.000000 207.280101
790000 211.000000 207.284810
791000 210.000000 207.288243
792000 207.000000 207.287879
793000 209.000000 207.290038
794000 205.000000 207.287154
795000 210.000000 207.290566
796000 210.000000 207.293970
797000 210.000000 207.297365
798000 209.000000 207.299499
799000 212.000000 207.305382
800000 211.000000 207.310000
801000 209.000000 207.312110
802000 210.000000 207.315461
803000 208.000000 207.316314
804000 209.000000 207.318408
805000 206.000000 207.316770
806000 205.000000 207.313896
807000 210.000000 207.317224
808000 207.000000 207.316832
809000 207.000000 207.316440
810000 208.000000 207.317284
811000 209.000000 207.319359
812000 209.000000 207.321429
813000 205.000000 207.318573
814000 206.000000 207.316953
815000 206.000000 207.315337
816000 210.000000 207.318627
817000 207.000000 207.318237
818000 213.000000 207.325183
819000 208.000000 207.326007
820000 209.000000 207.328049
821000 208.000000 207.328867
822000 207.000000 207.328467
823000 209.000000 207.330498
824000 209.000000 207.332524
825000 209.000000 207.334545
826000 212.000000 207.340194
827000 208.000000 207.340992
828000 208.000000 207.341787
829000 208.000000 207.342581
830000 210.000000 207.345783
831000 211.000000 207.350181
832000 212.000000 207.355769
833000 205.000000 207.352941
834000 206.000000 207.351319
835000 209.000000 207.353293
836000 205.000000 207.350478
837000 206.000000 207.348865
838000 206.000000 207.347255
839000 208.000000 207.348033
840000 210.000000 207.351190
841000 207.000000 207.350773
842000 209.000000 207.352732
843000 206.000000 207.351127
844000 206.000000 207.349526
845000 210.000000 207.352663
846000 210.000000 207.355792
847000 210.000000 207.358914
848000 206.000000 207.357311
849000 208.000000 207.358068
850000 208.000000 207.358824
851000 207.000000 207.358402
852000 208.000000 207.359155
853000 210.000000 207.362251
854000 210.000000 207.365340
855000 210.000000 207.368421
856000 208.000000 207.369159
857000 209.000000 207.371062
858000 210.000000 207.374126
859000 209.000000 207.376019
860000 208.000000 207.376744
861000 208.000000 207.377468
862000 207.000000 207.377030
863000 211.000000 207.381228
864000 208.000000 207.381944
865000 210.000000 207.384971
866000 208.000000 207.385681
867000 209.000000 207.387543
868000 211.000000 207.391705
869000 206.000000 207.390104
870000 209.000000 207.391954
871000 210.000000 207.394948
872000 207.000000 207.394495
873000 211.000000 207.398625
874000 207.000000 207.398169
875000 209.000000 207.400000
876000 206.000000 207.398402
877000 205.000000 207.395667
878000 205.000000 207.392938
879000 209.000000 207.394767
880000 210.000000 207.397727
881000 207.000000 207.397276
882000 209.000000 207.399093
883000 210.000000 207.402039
884000 209.000000 207.403846
885000 207.000000 207.403390
886000 207.000000 207.402935
887000 211.000000 207.406990
888000 207.000000 207.406532
889000 209.000000 207.408324
890000 210.000000 207.411236
891000 206.000000 207.409652
892000 206.000000 207.408072
893000 210.000000 207.410974
894000 210.000000 207.413870
895000 209.000000 207.415642
896000 207.000000 207.415179
897000 211.000000 207.419175
898000 206.000000 207.417595
899000 208.000000 207.418242
900000 208.000000 207.418889
901000 208.000000 207.419534
902000 210.000000 207.422395
903000 209.000000 207.424142
904000 206.000000 207.422566
905000 207.000000 207.422099
906000 211.000000 207.426049
907000 211.000000 207.429989
908000 207.000000 207.429515
909000 208.000000 207.430143
910000 210.000000 207.432967
911000 206.000000 207.431394
912000 207.000000 207.430921
913000 209.000000 207.432640
914000 209.000000 207.434354
915000 208.000000 207.434973
916000 206.000000 207.433406
917000 208.000000 207.434024
918000 210.000000 207.436819
919000 209.000000 207.438520
920000 210.000000 207.441304
921000 206.000000 207.439739
922000 206.000000 207.438178
923000 205.000000 207.435536
924000 209.000000 207.437229
925000 212.000000 207.442162
926000 210.000000 207.444924
927000 209.000000 207.446602
928000 208.000000 207.447198
929000 210.000000 207.449946
930000 207.000000 207.449462
931000 211.000000 207.453276
932000 207.000000 207.452790
933000 208.000000 207.453376
934000 209.000000 207.455032
935000 211.000000 207.458824
936000 208.000000 207.459402
937000 205.000000 207.456777
938000 209.000000 207.458422
939000 209.000000 207.460064
940000 209.000000 207.461702
941000 211.000000 207.465462
942000 209.000000 207.467091
943000 209.000000 207.468717
944000 208.000000 207.469280
945000 208.000000 207.469841
946000 211.000000 207.473573
947000 210.000000 207.476241
948000 208.000000 207.476793
949000 208.000000 207.477345
950000 207.000000 207.476842
951000 206.000000 207.475289
952000 209.000000 207.476891
953000 208.000000 207.477440
954000 207.000000 207.476939
955000 208.000000 207.477487
956000 209.000000 207.479079
957000 211.000000 207.482759
958000 208.000000 207.483299
959000 210.000000 207.485923
960000 208.000000 207.486458
961000 207.000000 207.485952
962000 210.000000 207.488565
963000 208.000000 207.489097
964000 207.000000 207.488589
965000 208.000000 207.489119
966000 208.000000 207.489648
967000 207.000000 207.489142
968000 207.000000 207.488636
969000 206.000000 207.487100
970000 204.000000 207.483505
971000 205.000000 207.480947
972000 212.000000 207.485597
973000 208.000000 207.486125
974000 203.000000 207.481520
975000 207.000000 207.481026
976000 209.000000 207.482582
977000 208.000000 207.483112
978000 208.000000 207.483640
979000 208.000000 207.484168
980000 208.000000 207.484694
981000 209.000000 207.486239
982000 208.000000 207.486762
983000 209.000000 207.488301
984000 208.000000 207.488821
985000 208.000000 207.489340
986000 210.000000 207.491886
987000 207.000000 207.491388
988000 212.000000 207.495951
989000 210.000000 207.498483
990000 210.000000 207.501010
991000 209.000000 207.502523
992000 207.000000 207.502016
993000 212.000000 207.506546
994000 209.000000 207.508048
995000 209.000000 207.509548
996000 210.000000 207.512048
997000 208.000000 207.512538
998000 209.000000 207.514028
999000 209.000000 207.515516
1000000 207.000000 207.515000
1001000 209.000000 207.516484
1002000 207.000000 207.515968
1003000 208.000000 207.516451
1004000 207.000000 207.515936
1005000 207.000000 207.515423
1006000 212.000000 207.519881
1007000 209.000000 207.521351
1008000 211.000000 207.524802
1009000 209.000000 207.526264
1010000 206.000000 207.524752
1011000 206.000000 207.523244
1012000 210.000000 207.525692
1013000 210.000000 207.528134
1014000 207.000000 207.527613
1015000 209.000000 207.529064
1016000 212.000000 207.533465
1017000 206.000000 207.531957
1018000 207.000000 207.531434
1019000 211.000000 207.534838
1020000 211.000000 207.538235
1021000 210.000000 207.540646
1022000 208.000000 207.541096
1023000 211.000000 207.544477
1024000 208.000000 207.544922
1025000 210.000000 207.547317
1026000 209.000000 207.548733
1027000 207.000000 207.548199
1028000 209.000000 207.549611
1029000 211.000000 207.552964
1030000 209.000000 207.554369
1031000 210.000000 207.556741
1032000 209.000000 207.558140
1033000 208.000000 207.558567
1034000 207.000000 207.558027
1035000 211.000000 207.561353
1036000 209.000000 207.562741
1037000 208.000000 207.563163
1038000 209.000000 207.564547
1039000 209.000000 207.565929
1040000 209.000000 207.567308
1041000 209.000000 207.568684
1042000 208.000000 207.569098
1043000 208.000000 207.569511
1044000 211.000000 207.572797
1045000 205.000000 207.570335
1046000 210.000000 207.572658
1047000 209.000000 207.574021
1048000 207.000000 207.573473
1049000 210.000000 207.575786
1050000 210.000000 207.578095
1051000 210.000000 207.580400
1052000 211.000000 207.583650
1053000 209.000000 207.584995
1054000 210.000000 207.587287
1055000 210.000000 207.589573
1056000 208.000000 207.589962
1057000 207.000000 207.589404
1058000 209.000000 207.590737
1059000 212.000000 207.594901
1060000 209.000000 207.596226
1061000 211.000000 207.599434
1062000 209.000000 207.600753
1063000 209.000000 207.602070
1064000 207.000000 207.601504
1065000 211.000000 207.604695
1066000 209.000000 207.606004
1067000 210.000000 207.608247
1068000 208.000000 207.608614
1069000 208.000000 207.608980
1070000 210.000000 207.611215
1071000 211.000000 207.614379
1072000 210.000000 207.616604
1073000 210.000000 207.618826
1074000 209.000000 207.620112
1075000 209.000000 207.621395
1076000 208.000000 207.621747
1077000 207.000000 207.621170
1078000 205.000000 207.618738
1079000 210.000000 207.620945
1080000 206.000000 207.619444
1081000 206.000000 207.617946
1082000 205.000000 207.615527
1083000 208.000000 207.615882
1084000 210.000000 207.618081
1085000 211.000000 207.621198
1086000 211.000000 207.624309
1087000 204.000000 207.620975
1088000 211.000000 207.624081
1089000 208.000000 207.624426
1090000 208.000000 207.624771
1091000 211.000000 207.627864
1092000 208.000000 207.628205
1093000 209.000000 207.629460
1094000 208.000000 207.629799
1095000 206.000000 207.628311
1096000 208.000000 207.628650
1097000 208.000000 207.628988
1098000 205.000000 207.626594
1099000 205.000000 207.624204
1100000 207.000000 207.623636
1101000 206.000000 207.622162
1102000 206.000000 207.620690
1103000 210.000000 207.622847
1104000 207.000000 207.622283
1105000 205.000000 207.619910
1106000 208.000000 207.620253
1107000 207.000000 207.619693
1108000 208.000000 207.620036
1109000 212.000000 207.623986
1110000 211.000000 207.627027
1111000 202.000000 207.621962
1112000 211.000000 207.625000
1113000 206.000000 207.623540
1114000 206.000000 207.622083
1115000 210.000000 207.624215
1116000 211.000000 207.627240
1117000 210.000000 207.629364
1118000 212.000000 207.633274
1119000 209.000000 207.634495
1120000 209.000000 207.635714
1121000 207.000000 207.635147
1122000 205.000000 207.632799
1123000 208.000000 207.633126
1124000 207.000000 207.632562
1125000 207.000000 207.632000
1126000 205.000000 207.629663
1127000 206.000000 207.628217
1128000 209.000000 207.629433
1129000 210.000000 207.631532
1130000 210.000000 207.633628
1131000 206.000000 207.632184
1132000 209.000000 207.633392
1133000 208.000000 207.633716
1134000 208.000000 207.634039
1135000 212.000000 207.637885
1136000 208.000000 207.638204
1137000 210.000000 207.640281
1138000 205.000000 207.637961
1139000 208.000000 207.638279
1140000 207.000000 207.637719
1141000 207.000000 207.637160
1142000 206.000000 207.635727
1143000 204.000000 207.632546
1144000 207.000000 207.631993
1145000 209.000000 207.633188
1146000 207.000000 207.632635
1147000 208.000000 207.632956
1148000 206.000000 207.631533
1149000 207.000000 207.630983
1150000 207.000000 207.630435
1151000 207.000000 207.629887
1152000 210.000000 207.631944
1153000 206.000000 207.630529
1154000 209.000000 207.631716
1155000 206.000000 207.630303
1156000 205.000000 207.628028
1157000 204.000000 207.624892
1158000 210.000000 207.626943
1159000 208.000000 207.627265
1160000 209.000000 207.628448
1161000 207.000000 207.627907
1162000 208.000000 207.628227
1163000 210.000000 207.630267
1164000 210.000000 207.632302
1165000 210.000000 207.634335
1166000 208.000000 207.634648
1167000 208.000000 207.634961
1168000 206.000000 207.633562
1169000 206.000000 207.632164
1170000 210.000000 207.634188
1171000 207.000000 207.633646
1172000 210.000000 207.635666
1173000 207.000000 207.635124
1174000 210.000000 207.637138
1175000 210.000000 207.639149
1176000 209.000000 207.640306
1177000 209.000000 207.641461
1178000 211.000000 207.644312
1179000 211.000000 207.647159
1180000 211.000000 207.650000
1181000 209.000000 207.651143
1182000 207.000000 207.650592
1183000 208.000000 207.650888
1184000 206.000000 207.649493
1185000 205.000000 207.647257
1186000 205.000000 207.645025
1187000 209.000000 207.646167
1188000 208.000000 207.646465
1189000 210.000000 207.648444
1190000 206.000000 207.647059
1191000 208.000000 207.647355
1192000 209.000000 207.648490
1193000 208.000000 207.648785
1194000 208.000000 207.649079
1195000 206.000000 207.647699
1196000 207.000000 207.647157
1197000 210.000000 207.649123
1198000 208.000000 207.649416
1199000 204.000000 207.646372
1200000 207.000000 207.645833
1201000 205.000000 207.643630
1202000 208.000000 207.643927
1203000 206.000000 207.642560
1204000 204.000000 207.639535
1205000 206.000000 207.638174
1206000 205.000000 207.635987
1207000 209.000000 207.637117
1208000 210.000000 207.639073
1209000 208.000000 207.639371
1210000 207.000000 207.638843
1211000 210.000000 207.640793
1212000 209.000000 207.641914
1213000 210.000000 207.643858
1214000 210.000000 207.645799
1215000 210.000000 207.647737
1216000 205.000000 207.645559
1217000 208.000000 207.645850
1218000 207.000000 207.645320
1219000 209.000000 207.646432
1220000 207.000000 207.645902
1221000 204.000000 207.642916
1222000 206.000000 207.641571
1223000 210.000000 207.643500
1224000 208.000000 207.643791
1225000 209.000000 207.644898
1226000 208.000000 207.645188
1227000 207.000000 207.644662
1228000 208.000000 207.644951
1229000 206.000000 207.643613
1230000 204.000000 207.640650
1231000 204.000000 207.637693
1232000 204.000000 207.634740
1233000 207.000000 207.634225
1234000 208.000000 207.634522
1235000 204.000000 207.631579
1236000 208.000000 207.631877
1237000 206.000000 207.630558
1238000 207.000000 207.630048
1239000 207.000000 207.629540
1240000 206.000000 207.628226
1241000 206.000000 207.626914
1242000 206.000000 207.625604
1243000 209.000000 207.626710
1244000 211.000000 207.629421
1245000 209.000000 207.630522
1246000 209.000000 207.631621
1247000 210.000000 207.633520
1248000 209.000000 207.634615
1249000 210.000000 207.636509
1250000 209.000000 207.637600
1251000 203.000000 207.633893
1252000 210.000000 207.635783
1253000 208.000000 207.636073
1254000 207.000000 207.635566
1255000 209.000000 207.636653
1256000 208.000000 207.636943
1257000 208.000000 207.637232
1258000 207.000000 207.636725
1259000 208.000000 207.637014
1260000 211.000000 207.639683
1261000 210.000000 207.641554
1262000 209.000000 207.642631
1263000 209.000000 207.643705
1264000 209.000000 207.644778
1265000 208.000000 207.645059
1266000 206.000000 207.643760
1267000 208.000000 207.644041
1268000 208.000000 207.644322
1269000 209.000000 207.645390
1270000 209.000000 207.646457
1271000 207.000000 207.645948
1272000 210.000000 207.647799
1273000 207.000000 207.647290
1274000 209.000000 207.648352
1275000 208.000000 207.648627
1276000 207.000000 207.648119
1277000 207.000000 207.647612
1278000 210.000000 207.649452
1279000 206.000000 207.648163
1280000 202.000000 207.643750
1281000 210.000000 207.645589
1282000 208.000000 207.645866
1283000 206.000000 207.644583
1284000 206.000000 207.643302
1285000 207.000000 207.642802
1286000 208.000000 207.643079
1287000 206.000000 207.641803
1288000 205.000000 207.639752
1289000 203.000000 207.636152
1290000 207.000000 207.635659
1291000 204.000000 207.632843
1292000 206.000000 207.631579
1293000 208.000000 207.631864
1294000 209.000000 207.632921
1295000 209.000000 207.633977
1296000 208.000000 207.634259
1297000 208.000000 207.634541
1298000 207.000000 207.634052
1299000 206.000000 207.632794
1300000 208.000000 207.633077
1301000 209.000000 207.634128
1302000 207.000000 207.633641
1303000 208.000000 207.633922
1304000 209.000000 207.634969
1305000 209.000000 207.636015
1306000 205.000000 207.633997
1307000 207.000000 207.633512
1308000 205.000000 207.631498
1309000 203.000000 207.627960
1310000 206.000000 207.626718
1311000 209.000000 207.627765
1312000 209.000000 207.628811
1313000 208.000000 207.629094
1314000 207.000000 207.628615
1315000 210.000000 207.630418
1316000 206.000000 207.629179
1317000 210.000000 207.630979
1318000 208.000000 207.631259
1319000 204.000000 207.628506
1320000 206.000000 207.627273
1321000 206.000000 207.626041
1322000 203.000000 207.622542
1323000 209.000000 207.623583
1324000 208.000000 207.623867
1325000 209.000000 207.624906
1326000 208.000000 207.625189
1327000 208.000000 207.625471
1328000 208.000000 207.625753
1329000 209.000000 207.626787
1330000 208.000000 207.627068
1331000 206.000000 207.625845
1332000 207.000000 207.625375
1333000 207.000000 207.624906
1334000 205.000000 207.622939
1335000 208.000000 207.623221
1336000 208.000000 207.623503
1337000 205.000000 207.621541
1338000 203.000000 207.618087
1339000 202.000000 207.613891
1340000 206.000000 207.612687
1341000 209.000000 207.613721
1342000 208.000000 207.614009
1343000 206.000000 207.612807
1344000 208.000000 207.613095
1345000 205.000000 207.611152
1346000 209.000000 207.612184
1347000 210.000000 207.613957
1348000 209.000000 207.614985
1349000 210.000000 207.616753
1350000 209.000000 207.617778
1351000 207.000000 207.617321
1352000 208.000000 207.617604
1353000 209.000000 207.618625
1354000 208.000000 207.618907
1355000 208.000000 207.619188
1356000 209.000000 207.620206
1357000 203.000000 207.616802
1358000 208.000000 207.617084
1359000 208.000000 207.617366
1360000 209.000000 207.618382
1361000 205.000000 207.616458
1362000 208.000000 207.616740
1363000 209.000000 207.617755
1364000 207.000000 207.617302
1365000 204.000000 207.614652
1366000 207.000000 207.614202
1367000 206.000000 207.613021
1368000 208.000000 207.613304
1369000 209.000000 207.614317
1370000 203.000000 207.610949
1371000 206.000000 207.609774
1372000 206.000000 207.608601
1373000 207.000000 207.608157
1374000 206.000000 207.606987
1375000 209.000000 207.608000
1376000 211.000000 207.610465
1377000 209.000000 207.611474
1378000 210.000000 207.613208
1379000 209.000000 207.614213
1380000 203.000000 207.610870
1381000 210.000000 207.612600
1382000 206.000000 207.611433
1383000 208.000000 207.611714
1384000 209.000000 207.612717
1385000 209.000000 207.613718
1386000 207.000000 207.613276
1387000 207.000000 207.612833
1388000 207.000000 207.612392
1389000 206.000000 207.611231
1390000 207.000000 207.610791
1391000 206.000000 207.609633
1392000 210.000000 207.611351
1393000 208.000000 207.611630
1394000 210.000000 207.613343
1395000 209.000000 207.614337
1396000 209.000000 207.615330
1397000 208.000000 207.615605
1398000 210.000000 207.617310
1399000 210.000000 207.619014
1400000 210.000000 207.620714
1401000 208.000000 207.620985
1402000 208.000000 207.621255
1403000 209.000000 207.622238
1404000 205.000000 207.620370
1405000 206.000000 207.619217
1406000 207.000000 207.618777
1407000 209.000000 207.619758
1408000 208.000000 207.620028
1409000 202.000000 207.616040
1410000 208.000000 207.616312
1411000 208.000000 207.616584
1412000 209.000000 207.617564
1413000 208.000000 207.617834
1414000 206.000000 207.616690
1415000 207.000000 207.616254
1416000 206.000000 207.615113
1417000 207.000000 207.614679
1418000 208.000000 207.614951
1419000 210.000000 207.616631
1420000 208.000000 207.616901
1421000 208.000000 207.617171
1422000 206.000000 207.616034
1423000 208.000000 207.616304
1424000 208.000000 207.616573
1425000 210.000000 207.618246
1426000 207.000000 207.617812
1427000 209.000000 207.618781
1428000 209.000000 207.619748
1429000 211.000000 207.622113
1430000 206.000000 207.620979
1431000 207.000000 207.620545
1432000 209.000000 207.621508
1433000 210.000000 207.623168
1434000 207.000000 207.622734
1435000 207.000000 207.622300
1436000 206.000000 207.621170
1437000 210.000000 207.622825
1438000 207.000000 207.622392
1439000 207.000000 207.621960
1440000 209.000000 207.622917
1441000 207.000000 207.622484
1442000 206.000000 207.621359
1443000 205.000000 207.619543
1444000 205.000000 207.617729
1445000 209.000000 207.618685
1446000 210.000000 207.620332
1447000 209.000000 207.621285
1448000 207.000000 207.620856
1449000 208.000000 207.621118
1450000 208.000000 207.621379
1451000 208.000000 207.621640
1452000 207.000000 207.621212
1453000 207.000000 207.620785
1454000 203.000000 207.617607
1455000 207.000000 207.617182
1456000 208.000000 207.617445
1457000 207.000000 207.617021
1458000 205.000000 207.615226
1459000 203.000000 207.612063
1460000 206.000000 207.610959
1461000 205.000000 207.609172
1462000 207.000000 207.608755
1463000 209.000000 207.609706
1464000 206.000000 207.608607
1465000 210.000000 207.610239
1466000 208.000000 207.610505
1467000 209.000000 207.611452
1468000 206.000000 207.610354
1469000 209.000000 207.611300
1470000 207.000000 207.610884
1471000 211.000000 207.613188
1472000 209.000000 207.614130
1473000 212.000000 207.617108
1474000 210.000000 207.618725
1475000 210.000000 207.620339
1476000 210.000000 207.621951
1477000 208.000000 207.622207
1478000 208.000000 207.622463
1479000 210.000000 207.624070
1480000 207.000000 207.623649
1481000 209.000000 207.624578
1482000 211.000000 207.626856
1483000 209.000000 207.627782
1484000 206.000000 207.626685
1485000 208.000000 207.626936
1486000 211.000000 207.629206
1487000 209.000000 207.630128
1488000 211.000000 207.632392
1489000 208.000000 207.632639
1490000 207.000000 207.632215
1491000 211.000000 207.634474
1492000 205.000000 207.632708
1493000 212.000000 207.635633
1494000 207.000000 207.635207
1495000 207.000000 207.634783
1496000 209.000000 207.635695
1497000 208.000000 207.635939
1498000 207.000000 207.635514
1499000 209.000000 207.636424
1500000 204.000000 207.634000
1501000 206.000000 207.632911
1502000 208.000000 207.633156
1503000 204.000000 207.630739
1504000 208.000000 207.630984
1505000 210.000000 207.632558
1506000 211.000000 207.634794
1507000 208.000000 207.635036
1508000 208.000000 207.635279
1509000 202.000000 207.631544
1510000 210.000000 207.633113
1511000 212.000000 207.636003
1512000 209.000000 207.636905
1513000 206.000000 207.635823
1514000 211.000000 207.638045
1515000 206.000000 207.636964
1516000 207.000000 207.636544
1517000 210.000000 207.638102
1518000 209.000000 207.638999
1519000 209.000000 207.639895
1520000 210.000000 207.641447
1521000 211.000000 207.643655
1522000 209.000000 207.644547
1523000 209.000000 207.645437
1524000 208.000000 207.645669
1525000 209.000000 207.646557
1526000 207.000000 207.646134
1527000 206.000000 207.645056
1528000 204.000000 207.642670
1529000 208.000000 207.642904
1530000 209.000000 207.643791
1531000 211.000000 207.645983
1532000 212.000000 207.648825
1533000 210.000000 207.650359
1534000 212.000000 207.653194
1535000 207.000000 207.652769
1536000 206.000000 207.651693
1537000 209.000000 207.652570
1538000 208.000000 207.652796
1539000 207.000000 207.652372
1540000 209.000000 207.653247
1541000 208.000000 207.653472
1542000 211.000000 207.655642
1543000 210.000000 207.657161
1544000 209.000000 207.658031
1545000 209.000000 207.658900
1546000 208.000000 207.659120
1547000 206.000000 207.658048
1548000 210.000000 207.659561
1549000 209.000000 207.660426
1550000 208.000000 207.660645
1551000 211.000000 207.662798
1552000 207.000000 207.662371
1553000 206.000000 207.661301
1554000 209.000000 207.662162
1555000 211.000000 207.664309
1556000 210.000000 207.665810
1557000 212.000000 207.668593
1558000 208.000000 207.668806
1559000 208.000000 207.669019
1560000 210.000000 207.670513
1561000 207.000000 207.670083
1562000 206.000000 207.669014
1563000 208.000000 207.669226
1564000 208.000000 207.669437
1565000 208.000000 207.669649
1566000 209.000000 207.670498
1567000 205.000000 207.668794
1568000 209.000000 207.669643
1569000 203.000000 207.666667
1570000 208.000000 207.666879
1571000 207.000000 207.666454
1572000 208.000000 207.666667
1573000 206.000000 207.665607
1574000 207.000000 207.665184
1575000 205.000000 207.663492
1576000 201.000000 207.659264
1577000 208.000000 207.659480
1578000 207.000000 207.659062
1579000 207.000000 207.658645
1580000 207.000000 207.658228
1581000 204.000000 207.655914
1582000 208.000000 207.656131
1583000 207.000000 207.655717
1584000 204.000000 207.653409
1585000 207.000000 207.652997
1586000 207.000000 207.652585
1587000 209.000000 207.653434
1588000 208.000000 207.653652
1589000 204.000000 207.651353
1590000 209.000000 207.652201
1591000 207.000000 207.651791
1592000 207.000000 207.651382
1593000 208.000000 207.651601
1594000 208.000000 207.651819
1595000 207.000000 207.651411
1596000 206.000000 207.650376
1597000 207.000000 207.649969
1598000 207.000000 207.649562
1599000 210.000000 207.651032
1600000 206.000000 207.650000
1601000 207.000000 207.649594
1602000 207.000000 207.649189
1603000 207.000000 207.648784
1604000 205.000000 207.647132
1605000 209.000000 207.647975
1606000 208.000000 207.648194
1607000 207.000000 207.647791
1608000 208.000000 207.648010
1609000 208.000000 207.648229
1610000 208.000000 207.648447
1611000 209.000000 207.649286
1612000 210.000000 207.650744
1613000 209.000000 207.651581
1614000 207.000000 207.651177
1615000 208.000000 207.651393
1616000 210.000000 207.652847
1617000 210.000000 207.654298
1618000 208.000000 207.654512
1619000 207.000000 207.654107
1620000 206.000000 207.653086
1621000 206.000000 207.652067
1622000 207.000000 207.651665
1623000 210.000000 207.653112
1624000 210.000000 207.654557
1625000 210.000000 207.656000
1626000 205.000000 207.654367
1627000 209.000000 207.655194
1628000 209.000000 207.656020
1629000 210.000000 207.657459
1630000 209.000000 207.658282
1631000 208.000000 207.658492
1632000 207.000000 207.658088
1633000 210.000000 207.659522
1634000 208.000000 207.659731
1635000 210.000000 207.661162
1636000 207.000000 207.660758
1637000 210.000000 207.662187
1638000 210.000000 207.663614
1639000 209.000000 207.664430
1640000 210.000000 207.665854
1641000 209.000000 207.666667
1642000 209.000000 207.667479
1643000 207.000000 207.667072
1644000 209.000000 207.667883
1645000 209.000000 207.668693
1646000 211.000000 207.670717
1647000 208.000000 207.670917
1648000 207.000000 207.670510
1649000 210.000000 207.671922
1650000 210.000000 207.673333
1651000 211.000000 207.675348
1652000 206.000000 207.674334
1653000 211.000000 207.676346
1654000 210.000000 207.677751
1655000 211.000000 207.679758
1656000 206.000000 207.678744
1657000 209.000000 207.679541
1658000 212.000000 207.682147
1659000 209.000000 207.682942
1660000 211.000000 207.684940
1661000 208.000000 207.685129
1662000 210.000000 207.686522
1663000 209.000000 207.687312
1664000 210.000000 207.688702
1665000 211.000000 207.690691
1666000 210.000000 207.692077
1667000 208.000000 207.692262
1668000 205.000000 207.690647
1669000 209.000000 207.691432
1670000 206.000000 207.690419
1671000 205.000000 207.688809
1672000 205.000000 207.687201
1673000 205.000000 207.685595
1674000 209.000000 207.686380
1675000 202.000000 207.682985
1676000 207.000000 207.682578
1677000 209.000000 207.683363
1678000 206.000000 207.682360
1679000 209.000000 207.683145
1680000 206.000000 207.682143
1681000 208.000000 207.682332
1682000 209.000000 207.683115
1683000 209.000000 207.683898
1684000 203.000000 207.681116
1685000 207.000000 207.680712
1686000 207.000000 207.680308
1687000 210.000000 207.681683
1688000 207.000000 207.681280
1689000 207.000000 207.680876
1690000 209.000000 207.681657
1691000 206.000000 207.680662
1692000 207.000000 207.680260
1693000 208.000000 207.680449
1694000 205.000000 207.678867
1695000 204.000000 207.676696
1696000 205.000000 207.675118
1697000 209.000000 207.675899
1698000 206.000000 207.674912
1699000 207.000000 207.674514
1700000 206.000000 207.673529
1701000 208.000000 207.673721
1702000 207.000000 207.673325
1703000 207.000000 207.672930
1704000 210.000000 207.674296
1705000 208.000000 207.674487
1706000 208.000000 207.674678
1707000 211.000000 207.676626
1708000 210.000000 207.677986
1709000 209.000000 207.678760
1710000 208.000000 207.678947
1711000 208.000000 207.679135
1712000 206.000000 207.678154
1713000 209.000000 207.678926
1714000 208.000000 207.679113
1715000 207.000000 207.678717
1716000 207.000000 207.678322
1717000 211.000000 207.680256
1718000 208.000000 207.680442
1719000 207.000000 207.680047
1720000 207.000000 207.679651
1721000 205.000000 207.678094
1722000 209.000000 207.678862
1723000 205.000000 207.677307
1724000 211.000000 207.679234
1725000 206.000000 207.678261
1726000 206.000000 207.677289
1727000 210.000000 207.678633
1728000 207.000000 207.678241
1729000 204.000000 207.676113
1730000 206.000000 207.675145
1731000 204.000000 207.673021
1732000 207.000000 207.672633
1733000 206.000000 207.671668
1734000 209.000000 207.672434
1735000 206.000000 207.671470
1736000 207.000000 207.671083
1737000 210.000000 207.672424
1738000 209.000000 207.673188
1739000 208.000000 207.673376
1740000 206.000000 207.672414
1741000 208.000000 207.672602
1742000 207.000000 207.672216
1743000 208.000000 207.672404
1744000 209.000000 207.673165
1745000 206.000000 207.672206
1746000 210.000000 207.673540
1747000 210.000000 207.674871
1748000 208.000000 207.675057
1749000 207.000000 207.674671
1750000 208.000000 207.674857
1751000 210.000000 207.676185
1752000 206.000000 207.675228
1753000 206.000000 207.674273
1754000 210.000000 207.675599
1755000 206.000000 207.674644
1756000 205.000000 207.673121
1757000 205.000000 207.671599
1758000 206.000000 207.670648
1759000 204.000000 207.668562
1760000 209.000000 207.669318
1761000 210.000000 207.670642
1762000 209.000000 207.671396
1763000 206.000000 207.670448
1764000 207.000000 207.670068
1765000 205.000000 207.668555
1766000 208.000000 207.668743
1767000 211.000000 207.670628
1768000 208.000000 207.670814
1769000 207.000000 207.670435
1770000 210.000000 207.671751
1771000 210.000000 207.673066
1772000 209.000000 207.673815
1773000 208.000000 207.673999
1774000 209.000000 207.674746
1775000 206.000000 207.673803
1776000 207.000000 207.673423
1777000 208.000000 207.673607
1778000 206.000000 207.672666
1779000 207.000000 207.672288
1780000 206.000000 207.671348
1781000 207.000000 207.670971
1782000 209.000000 207.671717
1783000 208.000000 207.671901
1784000 205.000000 207.670404
1785000 209.000000 207.671148
1786000 207.000000 207.670773
1787000 209.000000 207.671517
1788000 211.000000 207.673378
1789000 211.000000 207.675238
1790000 210.000000 207.676536
1791000 206.000000 207.675600
1792000 213.000000 207.678571
1793000 210.000000 207.679866
1794000 210.000000 207.681159
1795000 209.000000 207.681894
1796000 210.000000 207.683185
1797000 211.000000 207.685031
1798000 209.000000 207.685762
1799000 211.000000 207.687604
1800000 211.000000 207.689444
1801000 208.000000 207.689617
1802000 210.000000 207.690899
1803000 207.000000 207.690516
1804000 211.000000 207.692350
1805000 208.000000 207.692521
1806000 212.000000 207.694906
1807000 211.000000 207.696735
1808000 210.000000 207.698009
1809000 209.000000 207.698729
1810000 209.000000 207.699448
1811000 210.000000 207.700718
1812000 209.000000 207.701435
1813000 210.000000 207.702703
1814000 210.000000 207.703969
1815000 207.000000 207.703581
1816000 211.000000 207.705396
1817000 206.000000 207.704458
1818000 209.000000 207.705171
1819000 209.000000 207.705882
1820000 211.000000 207.707692
1821000 211.000000 207.709500
1822000 211.000000 207.711306
1823000 212.000000 207.713659
1824000 208.000000 207.713816
1825000 208.000000 207.713973
1826000 209.000000 207.714677
1827000 208.000000 207.714833
1828000 208.000000 207.714989
1829000 207.000000 207.714598
1830000 210.000000 207.715847
1831000 210.000000 207.717094
1832000 210.000000 207.718341
1833000 210.000000 207.719585
1834000 211.000000 207.721374
1835000 209.000000 207.722071
1836000 208.000000 207.722222
1837000 212.000000 207.724551
1838000 212.000000 207.726877
1839000 211.000000 207.728657
1840000 208.000000 207.728804
1841000 211.000000 207.730581
1842000 207.000000 207.730185
1843000 206.000000 207.729246
1844000 211.000000 207.731020
1845000 211.000000 207.732791
1846000 208.000000 207.732936
1847000 210.000000 207.734164
1848000 208.000000 207.734307
1849000 208.000000 207.734451
1850000 209.000000 207.735135
1851000 211.000000 207.736899
1852000 207.000000 207.736501
1853000 209.000000 207.737183
1854000 211.000000 207.738943
1855000 209.000000 207.739623
1856000 208.000000 207.739763
1857000 209.000000 207.740442
1858000 209.000000 207.741119
1859000 209.000000 207.741797
1860000 209.000000 207.742473
1861000 207.000000 207.742074
1862000 209.000000 207.742750
1863000 208.000000 207.742888
1864000 210.000000 207.744099
1865000 209.000000 207.744772
1866000 208.000000 207.744909
1867000 208.000000 207.745046
1868000 209.000000 207.745717
1869000 210.000000 207.746923
1870000 209.000000 207.747594
1871000 211.000000 207.749332
1872000 209.000000 207.750000
1873000 210.000000 207.751201
1874000 212.000000 207.753469
1875000 210.000000 207.754667
1876000 211.000000 207.756397
1877000 210.000000 207.757592
1878000 209.000000 207.758253
1879000 209.000000 207.758914
1880000 211.000000 207.760638
1881000 210.000000 207.761829
1882000 211.000000 207.763549
1883000 208.000000 207.763675
1884000 211.000000 207.765393
1885000 208.000000 207.765517
1886000 212.000000 207.767762
1887000 210.000000 207.768945
1888000 209.000000 207.769597
1889000 207.000000 207.769190
1890000 205.000000 207.767725
1891000 209.000000 207.768377
1892000 209.000000 207.769027
1893000 211.000000 207.770734
1894000 208.000000 207.770855
1895000 211.000000 207.772559
1896000 209.000000 207.773207
1897000 211.000000 207.774908
1898000 211.000000 207.776607
1899000 210.000000 207.777778
1900000 210.000000 207.778947
1901000 210.000000 207.780116
1902000 209.000000 207.780757
1903000 209.000000 207.781398
1904000 209.000000 207.782038
1905000 207.000000 207.781627
1906000 208.000000 207.781742
1907000 211.000000 207.783429
1908000 211.000000 207.785115
1909000 209.000000 207.785752
1910000 211.000000 207.787435
1911000 210.000000 207.788592
1912000 210.000000 207.789749
1913000 211.000000 207.791427
1914000 209.000000 207.792059
1915000 208.000000 207.792167
1916000 210.000000 207.793319
1917000 210.000000 207.794471
1918000 210.000000 207.795620
1919000 208.000000 207.795727
1920000 210.000000 207.796875
1921000 211.000000 207.798542
1922000 208.000000 207.798647
1923000 210.000000 207.799792
1924000 209.000000 207.800416
1925000 210.000000 207.801558
1926000 209.000000 207.802181
1927000 209.000000 207.802802
1928000 205.000000 207.801349
1929000 210.000000 207.802488
1930000 210.000000 207.803627
1931000 209.000000 207.804247
1932000 207.000000 207.803830
1933000 209.000000 207.804449
1934000 211.000000 207.806101
1935000 209.000000 207.806718
1936000 209.000000 207.807335
1937000 208.000000 207.807434
1938000 207.000000 207.807018
1939000 208.000000 207.807117
1940000 207.000000 207.806701
1941000 206.000000 207.805770
1942000 208.000000 207.805870
1943000 207.000000 207.805455
1944000 208.000000 207.805556
1945000 209.000000 207.806170
1946000 208.000000 207.806269
1947000 210.000000 207.807396
1948000 212.000000 207.809548
1949000 211.000000 207.811185
1950000 211.000000 207.812821
1951000 209.000000 207.813429
1952000 210.000000 207.814549
1953000 210.000000 207.815668
1954000 209.000000 207.816274
1955000 209.000000 207.816880
1956000 206.000000 207.815951
1957000 207.000000 207.815534
1958000 207.000000 207.815117
1959000 203.000000 207.812660
1960000 209.000000 207.813265
1961000 212.000000 207.815400
1962000 209.000000 207.816004
1963000 209.000000 207.816607
1964000 210.000000 207.817719
1965000 209.000000 207.818321
1966000 209.000000 207.818922
1967000 210.000000 207.820031
1968000 210.000000 207.821138
1969000 211.000000 207.822753
1970000 210.000000 207.823858
1971000 208.000000 207.823947
1972000 210.000000 207.825051
1973000 208.000000 207.825139
1974000 204.000000 207.823202
1975000 209.000000 207.823797
1976000 209.000000 207.824393
1977000 207.000000 207.823976
1978000 210.000000 207.825076
1979000 211.000000 207.826680
1980000 209.000000 207.827273
1981000 211.000000 207.828874
1982000 211.000000 207.830474
1983000 212.000000 207.832577
1984000 209.000000 207.833165
1985000 209.000000 207.833753
1986000 209.000000 207.834340
1987000 210.000000 207.835430
1988000 209.000000 207.836016
1989000 211.000000 207.837607
1990000 209.000000 207.838191
1991000 211.000000 207.839779
1992000 206.000000 207.838855
1993000 208.000000 207.838936
1994000 208.000000 207.839017
1995000 209.000000 207.839599
1996000 210.000000 207.840681
1997000 210.000000 207.841763
1998000 211.000000 207.843343
1999000 205.000000 207.841921
2000000 207.000000 207.841500
2001000 209.000000 207.842079
2002000 211.000000 207.843656
2003000 209.000000 207.844234
2004000 207.000000 207.843812
2005000 208.000000 207.843890
2006000 210.000000 207.844965
2007000 210.000000 207.846039
2008000 206.000000 207.845120
2009000 205.000000 207.843703
2010000 209.000000 207.844279
2011000 209.000000 207.844853
2012000 210.000000 207.845924
2013000 211.000000 207.847491
2014000 209.000000 207.848064
2015000 212.000000 207.850124
2016000 209.000000 207.850694
2017000 208.000000 207.850768
2018000 212.000000 207.852825
2019000 211.000000 207.854383
2020000 209.000000 207.854950
2021000 208.000000 207.855022
2022000 208.000000 207.855094
2023000 209.000000 207.855660
2024000 208.000000 207.855731
2025000 207.000000 207.855309
2026000 211.000000 207.856861
2027000 208.000000 207.856931
2028000 206.000000 207.856016
2029000 210.000000 207.857072
2030000 209.000000 207.857635
2031000 209.000000 207.858198
2032000 210.000000 207.859252
2033000 211.000000 207.860797
2034000 209.000000 207.861357
2035000 210.000000 207.862408
2036000 210.000000 207.863458
2037000 204.000000 207.861561
2038000 206.000000 207.860648
2039000 206.000000 207.859735
2040000 210.000000 207.860784
2041000 210.000000 207.861832
2042000 210.000000 207.862880
2043000 209.000000 207.863436
2044000 211.000000 207.864971
2045000 210.000000 207.866015
2046000 209.000000 207.866569
2047000 208.000000 207.866634
2048000 209.000000 207.867188
2049000 210.000000 207.868228
2050000 209.000000 207.868780
2051000 208.000000 207.868844
2052000 209.000000 207.869396
2053000 206.000000 207.868485
2054000 207.000000 207.868062
2055000 210.000000 207.869100
2056000 208.000000 207.869163
2057000 209.000000 207.869713
2058000 211.000000 207.871234
2059000 211.000000 207.872754
2060000 209.000000 207.873301
2061000 208.000000 207.873362
2062000 210.000000 207.874394
2063000 209.000000 207.874939
2064000 207.000000 207.874516
2065000 205.000000 207.873123
2066000 209.000000 207.873669
2067000 210.000000 207.874698
2068000 208.000000 207.874758
2069000 207.000000 207.874335
2070000 209.000000 207.874879
2071000 205.000000 207.873491
2072000 209.000000 207.874035
2073000 208.000000 207.874096
2074000 205.000000 207.872710
2075000 207.000000 207.872289
2076000 207.000000 207.871869
2077000 208.000000 207.871931
2078000 206.000000 207.871030
2079000 208.000000 207.871092
2080000 208.000000 207.871154
2081000 208.000000 207.871216
2082000 206.000000 207.870317
2083000 207.000000 207.869899
2084000 203.000000 207.867562
2085000 208.000000 207.867626
2086000 206.000000 207.866731
2087000 206.000000 207.865836
2088000 209.000000 207.866379
2089000 210.000000 207.867401
2090000 209.000000 207.867943
2091000 209.000000 207.868484
2092000 207.000000 207.868069
2093000 206.000000 207.867176
2094000 208.000000 207.867240
2095000 207.000000 207.866826
2096000 209.000000 207.867366
2097000 209.000000 207.867907
2098000 209.000000 207.868446
2099000 208.000000 207.868509
2100000 206.000000 207.867619
2101000 211.000000 207.869110
2102000 205.000000 207.867745
2103000 209.000000 207.868283
2104000 212.000000 207.870247
2105000 211.000000 207.871734
2106000 208.000000 207.871795
2107000 212.000000 207.873754
2108000 206.000000 207.872865
2109000 210.000000 207.873874
2110000 210.000000 207.874882
2111000 207.000000 207.874467
2112000 210.000000 207.875473
2113000 211.000000 207.876952
2114000 210.000000 207.877956
2115000 207.000000 207.877541
2116000 207.000000 207.877127
2117000 208.000000 207.877185
2118000 208.000000 207.877243
2119000 208.000000 207.877301
2120000 206.000000 207.876415
2121000 207.000000 207.876002
2122000 207.000000 207.875589
2123000 209.000000 207.876119
2124000 205.000000 207.874765
2125000 206.000000 207.873882
2126000 205.000000 207.872531
2127000 210.000000 207.873531
2128000 210.000000 207.874530
2129000 207.000000 207.874119
2130000 208.000000 207.874178
2131000 208.000000 207.874237
2132000 209.000000 207.874765
2133000 211.000000 207.876231
2134000 207.000000 207.875820
2135000 209.000000 207.876347
2136000 210.000000 207.877341
2137000 208.000000 207.877398
2138000 210.000000 207.878391
2139000 207.000000 207.877980
2140000 209.000000 207.878505
2141000 206.000000 207.877627
2142000 207.000000 207.877218
2143000 210.000000 207.878208
2144000 208.000000 207.878265
2145000 205.000000 207.876923
2146000 206.000000 207.876048
2147000 208.000000 207.876106
2148000 209.000000 207.876629
2149000 207.000000 207.876221
2150000 208.000000 207.876279
2151000 208.000000 207.876337
2152000 208.000000 207.876394
2153000 213.000000 207.878774
2154000 208.000000 207.878830
2155000 210.000000 207.879814
2156000 210.000000 207.880798
2157000 208.000000 207.880853
2158000 209.000000 207.881372
2159000 211.000000 207.882816
2160000 210.000000 207.883796
2161000 210.000000 207.884776
2162000 211.000000 207.886216
2163000 211.000000 207.887656
2164000 210.000000 207.888632
2165000 211.000000 207.890069
2166000 210.000000 207.891043
2167000 209.000000 207.891555
2168000 210.000000 207.892528
2169000 210.000000 207.893499
2170000 210.000000 207.894470
2171000 209.000000 207.894979
2172000 211.000000 207.896409
2173000 211.000000 207.897837
2174000 206.000000 207.896964
2175000 210.000000 207.897931
2176000 209.000000 207.898438
2177000 208.000000 207.898484
2178000 210.000000 207.899449
2179000 211.000000 207.900872
2180000 209.000000 207.901376
2181000 208.000000 207.901421
2182000 208.000000 207.901467
2183000 211.000000 207.902886
2184000 208.000000 207.902930
2185000 209.000000 207.903432
2186000 211.000000 207.904849
2187000 209.000000 207.905350
2188000 208.000000 207.905393
2189000 206.000000 207.904523
2190000 211.000000 207.905936
2191000 209.000000 207.906435
2192000 208.000000 207.906478
2193000 211.000000 207.907889
2194000 209.000000 207.908387
2195000 208.000000 207.908428
2196000 209.000000 207.908925
2197000 208.000000 207.908967
2198000 209.000000 207.909463
2199000 210.000000 207.910414
2200000 208.000000 207.910455
2201000 207.000000 207.910041
2202000 209.000000 207.910536
2203000 209.000000 207.911030
2204000 208.000000 207.911071
2205000 207.000000 207.910658
2206000 207.000000 207.910245
2207000 208.000000 207.910285
2208000 209.000000 207.910779
2209000 206.000000 207.909914
2210000 206.000000 207.909050
2211000 209.000000 207.909543
2212000 208.000000 207.909584
2213000 210.000000 207.910529
2214000 208.000000 207.910569
2215000 206.000000 207.909707
2216000 206.000000 207.908845
2217000 207.000000 207.908435
2218000 208.000000 207.908476
2219000 210.000000 207.909419
2220000 211.000000 207.910811
2221000 210.000000 207.911751
2222000 209.000000 207.912241
2223000 208.000000 207.912281
2224000 206.000000 207.911421
2225000 209.000000 207.911910
2226000 205.000000 207.910602
2227000 203.000000 207.908397
2228000 211.000000 207.909785
2229000 204.000000 207.908031
2230000 210.000000 207.908969
2231000 211.000000 207.910354
2232000 208.000000 207.910394
2233000 207.000000 207.909987
2234000 211.000000 207.911370
2235000 211.000000 207.912752
2236000 209.000000 207.913238
2237000 209.000000 207.913724
2238000 211.000000 207.915103
2239000 208.000000 207.915141
2240000 208.000000 207.915179
2241000 208.000000 207.915216
2242000 207.000000 207.914808
2243000 210.000000 207.915738
2244000 208.000000 207.915775
2245000 207.000000 207.915367
2246000 207.000000 207.914960
2247000 209.000000 207.915443
2248000 208.000000 207.915480
2249000 209.000000 207.915963
2250000 209.000000 207.916444
2251000 209.000000 207.916926
2252000 208.000000 207.916963
2253000 208.000000 207.917000
2254000 211.000000 207.918367
2255000 207.000000 207.917960
2256000 208.000000 207.917996
2257000 209.000000 207.918476
2258000 211.000000 207.919841
2259000 210.000000 207.920761
2260000 210.000000 207.921681
2261000 208.000000 207.921716
2262000 211.000000 207.923077
2263000 209.000000 207.923553
2264000 208.000000 207.923587
2265000 207.000000 207.923179
2266000 208.000000 207.923213
2267000 210.000000 207.924129
2268000 205.000000 207.922840
2269000 207.000000 207.922433
2270000 208.000000 207.922467
2271000 208.000000 207.922501
2272000 207.000000 207.922095
2273000 206.000000 207.921249
2274000 209.000000 207.921724
2275000 208.000000 207.921758
2276000 207.000000 207.921353
2277000 212.000000 207.923144
2278000 210.000000 207.924056
2279000 209.000000 207.924528
2280000 211.000000 207.925877
2281000 207.000000 207.925471
2282000 209.000000 207.925942
2283000 208.000000 207.925975
2284000 211.000000 207.927320
2285000 210.000000 207.928228
2286000 211.000000 207.929571
2287000 208.000000 207.929602
2288000 209.000000 207.930070
2289000 210.000000 207.930974
2290000 209.000000 207.931441
2291000 209.000000 207.931907
2292000 209.000000 207.932373
2293000 208.000000 207.932403
2294000 208.000000 207.932432
2295000 209.000000 207.932898
2296000 206.000000 207.932056
2297000 209.000000 207.932521
2298000 209.000000 207.932985
2299000 205.000000 207.931709
2300000 210.000000 207.932609
2301000 210.000000 207.933507
2302000 208.000000 207.933536
2303000 210.000000 207.934433
2304000 211.000000 207.935764
2305000 212.000000 207.937527
2306000 209.000000 207.937988
2307000 211.000000 207.939315
2308000 210.000000 207.940208
2309000 212.000000 207.941966
2310000 208.000000 207.941991
2311000 211.000000 207.943315
2312000 210.000000 207.944204
2313000 209.000000 207.944661
2314000 210.000000 207.945549
2315000 206.000000 207.944708
2316000 211.000000 207.946028
2317000 209.000000 207.946483
2318000 210.000000 207.947368
2319000 210.000000 207.948254
2320000 211.000000 207.949569
2321000 209.000000 207.950022
2322000 208.000000 207.950043
2323000 209.000000 207.950495
2324000 206.000000 207.949656
2325000 209.000000 207.950108
2326000 210.000000 207.950989
2327000 207.000000 207.950580
2328000 208.000000 207.950601
2329000 211.000000 207.951911
2330000 210.000000 207.952790
2331000 210.000000 207.953668
2332000 210.000000 207.954545
2333000 207.000000 207.954136
2334000 205.000000 207.952871
2335000 206.000000 207.952034
2336000 210.000000 207.952911
2337000 208.000000 207.952931
2338000 211.000000 207.954234
2339000 208.000000 207.954254
2340000 210.000000 207.955128
2341000 210.000000 207.956002
2342000 211.000000 207.957301
2343000 211.000000 207.958600
2344000 207.000000 207.958191
2345000 207.000000 207.957783
2346000 207.000000 207.957374
2347000 211.000000 207.958671
2348000 208.000000 207.958688
2349000 209.000000 207.959132
2350000 208.000000 207.959149
2351000 206.000000 207.958316
2352000 209.000000 207.958759
2353000 210.000000 207.959626
2354000 207.000000 207.959218
2355000 210.000000 207.960085
2356000 208.000000 207.960102
2357000 209.000000 207.960543
2358000 207.000000 207.960136
2359000 208.000000 207.960153
2360000 211.000000 207.961441
2361000 207.000000 207.961033
2362000 206.000000 207.960203
2363000 208.000000 207.960220
2364000 208.000000 207.960237
2365000 209.000000 207.960677
2366000 210.000000 207.961538
2367000 211.000000 207.962822
2368000 211.000000 207.964105
2369000 210.000000 207.964964
2370000 208.000000 207.964979
2371000 212.000000 207.966681
2372000 209.000000 207.967116
2373000 212.000000 207.968816
2374000 208.000000 207.968829
2375000 202.000000 207.966316
2376000 207.000000 207.965909
2377000 204.000000 207.964241
2378000 206.000000 207.963415
2379000 208.000000 207.963430
2380000 209.000000 207.963866
2381000 211.000000 207.965141
2382000 206.000000 207.964316
2383000 209.000000 207.964750
2384000 210.000000 207.965604
2385000 210.000000 207.966457
2386000 209.000000 207.966890
2387000 209.000000 207.967323
2388000 206.000000 207.966499
2389000 206.000000 207.965676
2390000 210.000000 207.966527
2391000 210.000000 207.967378
2392000 208.000000 207.967391
2393000 210.000000 207.968241
2394000 208.000000 207.968254
2395000 207.000000 207.967850
2396000 209.000000 207.968280
2397000 209.000000 207.968711
2398000 209.000000 207.969141
2399000 207.000000 207.968737
2400000 209.000000 207.969167
2401000 207.000000 207.968763
2402000 208.000000 207.968776
2403000 209.000000 207.969205
2404000 209.000000 207.969634
2405000 210.000000 207.970478
2406000 209.000000 207.970906
2407000 211.000000 207.972165
2408000 209.000000 207.972591
2409000 212.000000 207.974263
2410000 207.000000 207.973859
2411000 208.000000 207.973870
2412000 209.000000 207.974295
2413000 209.000000 207.974720
2414000 207.000000 207.974316
2415000 207.000000 207.973913
2416000 211.000000 207.975166
2417000 207.000000 207.974762
2418000 204.000000 207.973118
2419000 208.000000 207.973129
2420000 209.000000 207.973554
2421000 210.000000 207.974391
2422000 210.000000 207.975227
2423000 207.000000 207.974825
2424000 209.000000 207.975248
2425000 208.000000 207.975258
2426000 210.000000 207.976092
2427000 210.000000 207.976926
2428000 208.000000 207.976936
2429000 209.000000 207.977357
2430000 209.000000 207.977778
2431000 211.000000 207.979021
2432000 210.000000 207.979852
2433000 212.000000 207.981504
2434000 207.000000 207.981101
2435000 211.000000 207.982341
2436000 208.000000 207.982348
2437000 207.000000 207.981945
2438000 209.000000 207.982363
2439000 209.000000 207.982780
2440000 205.000000 207.981557
2441000 208.000000 207.981565
2442000 206.000000 207.980753
2443000 205.000000 207.979533
2444000 205.000000 207.978314
2445000 207.000000 207.977914
2446000 207.000000 207.977514
2447000 208.000000 207.977523
2448000 203.000000 207.975490
2449000 206.000000 207.974684
2450000 204.000000 207.973061
2451000 207.000000 207.972664
2452000 207.000000 207.972268
2453000 208.000000 207.972279
2454000 207.000000 207.971883
2455000 208.000000 207.971894
2456000 208.000000 207.971906
2457000 207.000000 207.971510
2458000 210.000000 207.972335
2459000 208.000000 207.972346
2460000 209.000000 207.972764
2461000 206.000000 207.971963
2462000 211.000000 207.973193
2463000 207.000000 207.972797
2464000 207.000000 207.972403
2465000 207.000000 207.972008
2466000 208.000000 207.972019
2467000 207.000000 207.971625
2468000 204.000000 207.970016
2469000 204.000000 207.968408
2470000 206.000000 207.967611
2471000 205.000000 207.966410
2472000 206.000000 207.965615
2473000 208.000000 207.965629
2474000 208.000000 207.965643
2475000 208.000000 207.965657
2476000 209.000000 207.966074
2477000 209.000000 207.966492
2478000 209.000000 207.966909
2479000 207.000000 207.966519
2480000 208.000000 207.966532
2481000 206.000000 207.965740
2482000 210.000000 207.966559
2483000 210.000000 207.967378
2484000 206.000000 207.966586
2485000 209.000000 207.967002
2486000 204.000000 207.965406
2487000 206.000000 207.964616
2488000 210.000000 207.965434
2489000 208.000000 207.965448
2490000 209.000000 207.965863
2491000 209.000000 207.966279
2492000 209.000000 207.966693
2493000 206.000000 207.965905
2494000 205.000000 207.964715
2495000 205.000000 207.963527
2496000 208.000000 207.963542
2497000 210.000000 207.964357
2498000 211.000000 207.965572
2499000 208.000000 207.965586
2500000 208.000000 207.965600
2501000 205.000000 207.964414
2502000 206.000000 207.963629
2503000 209.000000 207.964043
2504000 208.000000 207.964058
2505000 206.000000 207.963273
2506000 210.000000 207.964086
2507000 209.000000 207.964499
2508000 210.000000 207.965311
2509000 210.000000 207.966122
2510000 209.000000 207.966534
2511000 207.000000 207.966149
2512000 207.000000 207.965764
2513000 207.000000 207.965380
2514000 203.000000 207.963405
2515000 208.000000 207.963419
2516000 210.000000 207.964229
2517000 208.000000 207.964243
2518000 207.000000 207.963860
2519000 207.000000 207.963478
2520000 209.000000 207.963889
2521000 209.000000 207.964300
2522000 210.000000 207.965107
2523000 210.000000 207.965914
2524000 208.000000 207.965927
2525000 208.000000 207.965941
2526000 206.000000 207.965162
2527000 208.000000 207.965176
2528000 210.000000 207.965981
2529000 206.000000 207.965204
2530000 210.000000 207.966008
2531000 207.000000 207.965626
2532000 206.000000 207.964850
2533000 206.000000 207.964074
2534000 209.000000 207.964483
2535000 207.000000 207.964103
2536000 210.000000 207.964905
2537000 207.000000 207.964525
2538000 206.000000 207.963751
2539000 210.000000 207.964553
2540000 209.000000 207.964961
2541000 203.000000 207.963007
2542000 206.000000 207.962234
2543000 209.000000 207.962643
2544000 210.000000 207.963443
2545000 206.000000 207.962672
2546000 211.000000 207.963865
2547000 207.000000 207.963486
2548000 208.000000 207.963501
2549000 209.000000 207.963907
2550000 207.000000 207.963529
2551000 205.000000 207.962368
2552000 206.000000 207.961599
2553000 207.000000 207.961222
2554000 209.000000 207.961629
2555000 212.000000 207.963209
2556000 208.000000 207.963224
2557000 208.000000 207.963238
2558000 210.000000 207.964034
2559000 207.000000 207.963658
2560000 209.000000 207.964063
2561000 208.000000 207.964077
2562000 207.000000 207.963700
2563000 209.000000 207.964105
2564000 208.000000 207.964119
2565000 208.000000 207.964133
2566000 210.000000 207.964926
2567000 209.000000 207.965329
2568000 207.000000 207.964953
2569000 202.000000 207.962631
2570000 208.000000 207.962646
2571000 209.000000 207.963049
2572000 207.000000 207.962675
2573000 208.000000 207.962689
2574000 207.000000 207.962315
2575000 207.000000 207.961942
2576000 203.000000 207.960016
2577000 206.000000 207.959255
2578000 208.000000 207.959271
2579000 208.000000 207.959287
2580000 209.000000 207.959690
2581000 210.000000 207.960480
2582000 208.000000 207.960496
2583000 208.000000 207.960511
2584000 205.000000 207.959365
2585000 206.000000 207.958607
2586000 206.000000 207.957850
2587000 210.000000 207.958639
2588000 206.000000 207.957883
2589000 208.000000 207.957899
2590000 207.000000 207.957529
2591000 210.000000 207.958317
2592000 207.000000 207.957948
2593000 208.000000 207.957964
2594000 209.000000 207.958365
2595000 208.000000 207.958382
2596000 207.000000 207.958012
2597000 205.000000 207.956873
2598000 202.000000 207.954580
2599000 208.000000 207.954598
2600000 206.000000 207.953846
2601000 209.000000 207.954248
2602000 209.000000 207.954650
2603000 209.000000 207.955052
2604000 206.000000 207.954301
2605000 205.000000 207.953167
2606000 207.000000 207.952801
2607000 207.000000 207.952436
2608000 209.000000 207.952837
2609000 208.000000 207.952856
2610000 206.000000 207.952107
2611000 205.000000 207.950977
2612000 206.000000 207.950230
2613000 207.000000 207.949866
2614000 208.000000 207.949885
2615000 209.000000 207.950287
2616000 208.000000 207.950306
2617000 210.000000 207.951089
2618000 210.000000 207.951872
2619000 207.000000 207.951508
2620000 205.000000 207.950382
2621000 208.000000 207.950401
2622000 208.000000 207.950420
2623000 208.000000 207.950438
2624000 208.000000 207.950457
2625000 209.000000 207.950857
2626000 209.000000 207.951257
2627000 210.000000 207.952037
2628000 208.000000 207.952055
2629000 206.000000 207.951312
2630000 211.000000 207.952471
2631000 210.000000 207.953250
2632000 209.000000 207.953647
2633000 209.000000 207.954045
2634000 208.000000 207.954062
2635000 209.000000 207.954459
2636000 209.000000 207.954856
2637000 207.000000 207.954494
2638000 208.000000 207.954511
2639000 211.000000 207.955665
2640000 209.000000 207.956061
2641000 212.000000 207.957592
2642000 210.000000 207.958365
2643000 206.000000 207.957624
2644000 206.000000 207.956884
2645000 207.000000 207.956522
2646000 205.000000 207.955404
2647000 211.000000 207.956555
2648000 208.000000 207.956571
2649000 207.000000 207.956210
2650000 206.000000 207.955472
2651000 208.000000 207.955488
2652000 207.000000 207.955128
2653000 210.000000 207.955899
2654000 208.000000 207.955916
2655000 206.000000 207.955179
2656000 209.000000 207.955572
2657000 204.000000 207.954084
2658000 206.000000 207.953348
2659000 208.000000 207.953366
2660000 209.000000 207.953759
2661000 210.000000 207.954528
2662000 210.000000 207.955297
2663000 209.000000 207.955689
2664000 210.000000 207.956456
2665000 206.000000 207.955722
2666000 208.000000 207.955739
2667000 209.000000 207.956130
2668000 209.000000 207.956522
2669000 210.000000 207.957287
2670000 207.000000 207.956929
2671000 208.000000 207.956945
2672000 208.000000 207.956961
2673000 206.000000 207.956229
2674000 208.000000 207.956245
2675000 208.000000 207.956262
2676000 211.000000 207.957399
2677000 205.000000 207.956294
2678000 207.000000 207.955937
2679000 210.000000 207.956700
2680000 210.000000 207.957463
2681000 209.000000 207.957852
2682000 210.000000 207.958613
2683000 208.000000 207.958628
2684000 206.000000 207.957899
2685000 208.000000 207.957914
2686000 209.000000 207.958302
2687000 207.000000 207.957946
2688000 209.000000 207.958333
2689000 209.000000 207.958721
2690000 207.000000 207.958364
2691000 210.000000 207.959123
2692000 209.000000 207.959510
2693000 209.000000 207.959896
2694000 208.000000 207.959911
2695000 208.000000 207.959926
2696000 209.000000 207.960312
2697000 209.000000 207.960697
2698000 205.000000 207.959600
2699000 209.000000 207.959985
2700000 208.000000 207.960000
2701000 207.000000 207.959645
2702000 207.000000 207.959289
2703000 205.000000 207.958195
2704000 208.000000 207.958210
2705000 211.000000 207.959335
2706000 211.000000 207.960458
2707000 210.000000 207.961212
2708000 210.000000 207.961965
2709000 209.000000 207.962348
2710000 207.000000 207.961993
2711000 210.000000 207.962744
2712000 208.000000 207.962758
2713000 206.000000 207.962035
2714000 209.000000 207.962417
2715000 208.000000 207.962431
2716000 209.000000 207.962813
2717000 211.000000 207.963931
2718000 212.000000 207.965416
2719000 208.000000 207.965428
2720000 205.000000 207.964338
2721000 212.000000 207.965821
2722000 209.000000 207.966201
2723000 211.000000 207.967315
2724000 212.000000 207.968796
2725000 208.000000 207.968807
2726000 209.000000 207.969186
2727000 209.000000 207.969564
2728000 210.000000 207.970308
2729000 209.000000 207.970685
2730000 207.000000 207.970330
2731000 209.000000 207.970707
2732000 210.000000 207.971449
2733000 212.000000 207.972924
2734000 207.000000 207.972568
2735000 209.000000 207.972943
2736000 210.000000 207.973684
2737000 209.000000 207.974059
2738000 205.000000 207.972973
2739000 210.000000 207.973713
2740000 211.000000 207.974818
2741000 208.000000 207.974827
2742000 208.000000 207.974836
2743000 212.000000 207.976303
2744000 209.000000 207.976676
2745000 208.000000 207.976685
2746000 211.000000 207.977786
2747000 209.000000 207.978158
2748000 206.000000 207.977438
2749000 206.000000 207.976719
2750000 209.000000 207.977091
2751000 206.000000 207.976372
2752000 212.000000 207.977834
2753000 208.000000 207.977842
2754000 207.000000 207.977487
2755000 211.000000 207.978584
2756000 209.000000 207.978955
2757000 208.000000 207.978963
2758000 212.000000 207.980421
2759000 211.000000 207.981515
2760000 212.000000 207.982971
2761000 210.000000 207.983702
2762000 208.000000 207.983707
2763000 210.000000 207.984437
2764000 210.000000 207.985166
2765000 210.000000 207.985895
2766000 212.000000 207.987346
2767000 212.000000 207.988797
2768000 210.000000 207.989523
2769000 210.000000 207.990249
2770000 210.000000 207.990975
2771000 209.000000 207.991339
2772000 210.000000 207.992063
2773000 209.000000 207.992427
2774000 210.000000 207.993151
2775000 209.000000 207.993514
2776000 210.000000 207.994236
2777000 210.000000 207.994959
2778000 212.000000 207.996400
2779000 211.000000 207.997481
2780000 208.000000 207.997482
2781000 211.000000 207.998562
2782000 207.000000 207.998203
2783000 211.000000 207.999281
2784000 209.000000 207.999641
2785000 211.000000 208.000718
2786000 210.000000 208.001436
2787000 206.000000 208.000718
2788000 210.000000 208.001435
2789000 210.000000 208.002151
2790000 208.000000 208.002151
2791000 209.000000 208.002508
2792000 208.000000 208.002507
2793000 209.000000 208.002864
2794000 209.000000 208.003221
2795000 210.000000 208.003936
2796000 206.000000 208.003219
2797000 210.000000 208.003933
2798000 210.000000 208.004646
2799000 211.000000 208.005716
2800000 209.000000 208.006071
2801000 207.000000 208.005712
2802000 211.000000 208.006781
2803000 211.000000 208.007849
2804000 210.000000 208.008559
2805000 208.000000 208.008556
2806000 209.000000 208.008909
2807000 209.000000 208.009263
2808000 206.000000 208.008547
2809000 206.000000 208.007832
2810000 207.000000 208.007473
2811000 208.000000 208.007471
2812000 209.000000 208.007824
2813000 209.000000 208.008176
2814000 208.000000 208.008173
2815000 211.000000 208.009236
2816000 211.000000 208.010298
2817000 212.000000 208.011715
2818000 208.000000 208.011710
2819000 208.000000 208.011706
2820000 209.000000 208.012057
2821000 209.000000 208.012407
2822000 210.000000 208.013111
2823000 209.000000 208.013461
2824000 210.000000 208.014164
2825000 206.000000 208.013451
2826000 211.000000 208.014508
2827000 212.000000 208.015918
2828000 207.000000 208.015559
2829000 212.000000 208.016967
2830000 212.000000 208.018375
2831000 209.000000 208.018721
2832000 210.000000 208.019421
2833000 208.000000 208.019414
2834000 210.000000 208.020113
2835000 209.000000 208.020459
2836000 209.000000 208.020804
2837000 209.000000 208.021149
2838000 212.000000 208.022551
2839000 211.000000 208.023600
2840000 208.000000 208.023592
2841000 210.000000 208.024287
2842000 211.000000 208.025334
2843000 210.000000 208.026029
2844000 209.000000 208.026371
2845000 210.000000 208.027065
2846000 210.000000 208.027758
2847000 209.000000 208.028100
2848000 210.000000 208.028792
2849000 213.000000 208.030537
2850000 210.000000 208.031228
2851000 209.000000 208.031568
2852000 208.000000 208.031557
2853000 211.000000 208.032597
2854000 210.000000 208.033287
2855000 211.000000 208.034326
2856000 207.000000 208.033964
2857000 208.000000 208.033952
2858000 205.000000 208.032890
2859000 209.000000 208.033228
2860000 209.000000 208.033566
2861000 208.000000 208.033555
2862000 208.000000 208.033543
2863000 210.000000 208.034230
2864000 211.000000 208.035265
2865000 210.000000 208.035951
2866000 208.000000 208.035939
2867000 207.000000 208.035577
2868000 211.000000 208.036611
2869000 208.000000 208.036598
2870000 211.000000 208.037631
2871000 210.000000 208.038314
2872000 209.000000 208.038649
2873000 210.000000 208.039332
2874000 210.000000 208.040014
2875000 208.000000 208.040000
2876000 209.000000 208.040334
2877000 210.000000 208.041015
2878000 212.000000 208.042391
2879000 211.000000 208.043418
2880000 210.000000 208.044097
2881000 209.000000 208.044429
2882000 210.000000 208.045108
2883000 209.000000 208.045439
2884000 207.000000 208.045076
2885000 209.000000 208.045407
2886000 207.000000 208.045045
2887000 209.000000 208.045376
2888000 209.000000 208.045706
2889000 209.000000 208.046037
2890000 210.000000 208.046713
2891000 209.000000 208.047043
2892000 211.000000 208.048064
2893000 208.000000 208.048047
2894000 207.000000 208.047685
2895000 208.000000 208.047668
2896000 211.000000 208.048688
2897000 208.000000 208.048671
2898000 211.000000 208.049689
2899000 209.000000 208.050017
2900000 208.000000 208.050000
2901000 208.000000 208.049983
2902000 212.000000 208.051344
2903000 211.000000 208.052360
2904000 208.000000 208.052342
2905000 209.000000 208.052668
2906000 207.000000 208.052306
2907000 207.000000 208.051944
2908000 208.000000 208.051926
2909000 211.000000 208.052939
2910000 211.000000 208.053952
2911000 207.000000 208.053590
2912000 209.000000 208.053915
2913000 207.000000 208.053553
2914000 211.000000 208.054564
2915000 208.000000 208.054545
2916000 207.000000 208.054184
2917000 207.000000 208.053822
2918000 210.000000 208.054489
2919000 210.000000 208.055156
2920000 210.000000 208.055822
2921000 209.000000 208.056145
2922000 212.000000 208.057495
2923000 212.000000 208.058844
2924000 206.000000 208.058140
2925000 210.000000 208.058803
2926000 208.000000 208.058783
2927000 210.000000 208.059447
2928000 209.000000 208.059768
2929000 210.000000 208.060430
2930000 212.000000 208.061775
2931000 206.000000 208.061071
2932000 212.000000 208.062415
2933000 208.000000 208.062393
2934000 211.000000 208.063395
2935000 212.000000 208.064736
2936000 209.000000 208.065054
2937000 210.000000 208.065713
2938000 208.000000 208.065691
2939000 207.000000 208.065328
2940000 210.000000 208.065986
2941000 205.000000 208.064944
2942000 207.000000 208.064582
2943000 209.000000 208.064900
2944000 207.000000 208.064538
2945000 210.000000 208.065195
2946000 211.000000 208.066191
2947000 210.000000 208.066848
2948000 211.000000 208.067843
2949000 212.000000 208.069176
2950000 205.000000 208.068136
2951000 208.000000 208.068113
2952000 208.000000 208.068089
2953000 207.000000 208.067728
2954000 208.000000 208.067705
2955000 208.000000 208.067682
2956000 208.000000 208.067659
2957000 208.000000 208.067636
2958000 208.000000 208.067613
2959000 211.000000 208.068604
2960000 210.000000 208.069257
2961000 208.000000 208.069233
2962000 210.000000 208.069885
2963000 210.000000 208.070537
2964000 211.000000 208.071525
2965000 211.000000 208.072513
2966000 210.000000 208.073163
2967000 208.000000 208.073138
2968000 208.000000 208.073113
2969000 210.000000 208.073762
2970000 210.000000 208.074411
2971000 208.000000 208.074386
2972000 208.000000 208.074361
2973000 207.000000 208.073999
2974000 210.000000 208.074647
2975000 204.000000 208.073277
2976000 208.000000 208.073253
2977000 207.000000 208.072892
2978000 206.000000 208.072196
2979000 208.000000 208.072172
2980000 209.000000 208.072483
2981000 209.000000 208.072794
2982000 208.000000 208.072770
2983000 209.000000 208.073081
2984000 211.000000 208.074062
2985000 210.000000 208.074707
2986000 206.000000 208.074012
2987000 206.000000 208.073318
2988000 210.000000 208.073963
2989000 208.000000 208.073938
2990000 209.000000 208.074247
2991000 209.000000 208.074557
2992000 209.000000 208.074866
2993000 209.000000 208.075175
2994000 209.000000 208.075484
2995000 208.000000 208.075459
2996000 208.000000 208.075434
2997000 211.000000 208.076410
2998000 210.000000 208.077051
2999000 207.000000 208.076692
3000000 210.000000 208.077333
