1000 0.000000 0.000000
2000 2.000000 1.000000
3000 0.000000 0.666667
4000 1.000000 0.750000
5000 0.000000 0.600000
6000 2.000000 0.833333
7000 0.000000 0.714286
8000 0.000000 0.625000
9000 1.000000 0.666667
10000 0.000000 0.600000
11000 1.000000 0.636364
12000 0.000000 0.583333
13000 0.000000 0.538462
14000 1.000000 0.571429
15000 2.000000 0.666667
16000 0.000000 0.625000
17000 0.000000 0.588235
18000 0.000000 0.555556
19000 1.000000 0.578947
20000 2.000000 0.650000
21000 1.000000 0.666667
22000 0.000000 0.636364
23000 0.000000 0.608696
24000 0.000000 0.583333
25000 0.000000 0.560000
26000 0.000000 0.538462
27000 1.000000 0.555556
28000 1.000000 0.571429
29000 0.000000 0.551724
30000 1.000000 0.566667
31000 2.000000 0.612903
32000 1.000000 0.625000
33000 1.000000 0.636364
34000 0.000000 0.617647
35000 0.000000 0.600000
36000 0.000000 0.583333
37000 0.000000 0.567568
38000 1.000000 0.578947
39000 0.000000 0.564103
40000 1.000000 0.575000
41000 0.000000 0.560976
42000 0.000000 0.547619
43000 0.000000 0.534884
44000 3.000000 0.590909
45000 1.000000 0.600000
46000 0.000000 0.586957
47000 0.000000 0.574468
48000 0.000000 0.562500
49000 0.000000 0.551020
50000 0.000000 0.540000
51000 1.000000 0.549020
52000 0.000000 0.538462
53000 1.000000 0.547170
54000 1.000000 0.555556
55000 0.000000 0.545455
56000 0.000000 0.535714
57000 0.000000 0.526316
58000 0.000000 0.517241
59000 0.000000 0.508475
60000 1.000000 0.516667
61000 2.000000 0.540984
62000 0.000000 0.532258
63000 0.000000 0.523810
64000 0.000000 0.515625
65000 0.000000 0.507692
66000 1.000000 0.515152
67000 0.000000 0.507463
68000 1.000000 0.514706
69000 0.000000 0.507246
70000 0.000000 0.500000
71000 0.000000 0.492958
72000 0.000000 0.486111
73000 0.000000 0.479452
74000 1.000000 0.486486
75000 1.000000 0.493333
76000 0.000000 0.486842
77000 0.000000 0.480519
78000 0.000000 0.474359
79000 0.000000 0.468354
80000 2.000000 0.487500
81000 2.000000 0.506173
82000 0.000000 0.500000
83000 0.000000 0.493976
84000 0.000000 0.488095
85000 0.000000 0.482353
86000 0.000000 0.476744
87000 0.000000 0.471264
88000 1.000000 0.477273
89000 1.000000 0.483146
90000 0.000000 0.477778
91000 1.000000 0.483516
92000 0.000000 0.478261
93000 0.000000 0.473118
94000 0.000000 0.468085
95000 0.000000 0.463158
96000 0.000000 0.458333
97000 0.000000 0.453608
98000 1.000000 0.459184
99000 0.000000 0.454545
100000 1.000000 0.460000
101000 0.000000 0.455446
102000 0.000000 0.450980
103000 0.000000 0.446602
104000 0.000000 0.442308
105000 1.000000 0.447619
106000 0.000000 0.443396
107000 0.000000 0.439252
108000 0.000000 0.435185
109000 1.000000 0.440367
110000 0.000000 0.436364
111000 0.000000 0.432432
112000 1.000000 0.437500
113000 0.000000 0.433628
114000 1.000000 0.438596
115000 0.000000 0.434783
116000 0.000000 0.431034
117000 2.000000 0.444444
118000 1.000000 0.449153
119000 0.000000 0.445378
120000 1.000000 0.450000
121000 0.000000 0.446281
122000 0.000000 0.442623
123000 0.000000 0.439024
124000 1.000000 0.443548
125000 0.000000 0.440000
126000 0.000000 0.436508
127000 1.000000 0.440945
128000 0.000000 0.437500
129000 0.000000 0.434109
130000 0.000000 0.430769
131000 0.000000 0.427481
132000 0.000000 0.424242
133000 0.000000 0.421053
134000 0.000000 0.417910
135000 0.000000 0.414815
136000 0.000000 0.411765
137000 0.000000 0.408759
138000 0.000000 0.405797
139000 1.000000 0.410072
140000 0.000000 0.407143
141000 0.000000 0.404255
142000 0.000000 0.401408
143000 0.000000 0.398601
144000 0.000000 0.395833
145000 0.000000 0.393103
146000 0.000000 0.390411
147000 2.000000 0.401361
148000 1.000000 0.405405
149000 1.000000 0.409396
150000 1.000000 0.413333
151000 0.000000 0.410596
152000 1.000000 0.414474
153000 1.000000 0.418301
154000 0.000000 0.415584
155000 0.000000 0.412903
156000 0.000000 0.410256
157000 0.000000 0.407643
158000 0.000000 0.405063
159000 2.000000 0.415094
160000 0.000000 0.412500
161000 0.000000 0.409938
162000 0.000000 0.407407
163000 2.000000 0.417178
164000 1.000000 0.420732
165000 0.000000 0.418182
166000 0.000000 0.415663
167000 0.000000 0.413174
168000 1.000000 0.416667
169000 0.000000 0.414201
170000 0.000000 0.411765
171000 1.000000 0.415205
172000 0.000000 0.412791
173000 1.000000 0.416185
174000 0.000000 0.413793
175000 0.000000 0.411429
176000 0.000000 0.409091
177000 0.000000 0.406780
178000 0.000000 0.404494
179000 0.000000 0.402235
180000 0.000000 0.400000
181000 2.000000 0.408840
182000 0.000000 0.406593
183000 1.000000 0.409836
184000 0.000000 0.407609
185000 0.000000 0.405405
186000 0.000000 0.403226
187000 0.000000 0.401070
188000 0.000000 0.398936
189000 0.000000 0.396825
190000 1.000000 0.400000
191000 1.000000 0.403141
192000 1.000000 0.406250
193000 0.000000 0.404145
194000 0.000000 0.402062
195000 1.000000 0.405128
196000 0.000000 0.403061
197000 0.000000 0.401015
198000 0.000000 0.398990
199000 2.000000 0.407035
200000 0.000000 0.405000
201000 0.000000 0.402985
202000 0.000000 0.400990
203000 0.000000 0.399015
204000 0.000000 0.397059
205000 1.000000 0.400000
206000 0.000000 0.398058
207000 0.000000 0.396135
208000 2.000000 0.403846
209000 0.000000 0.401914
210000 0.000000 0.400000
211000 0.000000 0.398104
212000 0.000000 0.396226
213000 0.000000 0.394366
214000 0.000000 0.392523
215000 1.000000 0.395349
216000 0.000000 0.393519
217000 0.000000 0.391705
218000 3.000000 0.403670
219000 2.000000 0.410959
220000 0.000000 0.409091
221000 0.000000 0.407240
222000 0.000000 0.405405
223000 0.000000 0.403587
224000 0.000000 0.401786
225000 0.000000 0.400000
226000 2.000000 0.407080
227000 0.000000 0.405286
228000 1.000000 0.407895
229000 0.000000 0.406114
230000 0.000000 0.404348
231000 0.000000 0.402597
232000 0.000000 0.400862
233000 0.000000 0.399142
234000 0.000000 0.397436
235000 0.000000 0.395745
236000 1.000000 0.398305
237000 0.000000 0.396624
238000 0.000000 0.394958
239000 2.000000 0.401674
240000 1.000000 0.404167
241000 0.000000 0.402490
242000 0.000000 0.400826
243000 0.000000 0.399177
244000 0.000000 0.397541
245000 0.000000 0.395918
246000 2.000000 0.402439
247000 0.000000 0.400810
248000 0.000000 0.399194
249000 0.000000 0.397590
250000 0.000000 0.396000
251000 1.000000 0.398406
252000 0.000000 0.396825
253000 1.000000 0.399209
254000 0.000000 0.397638
255000 0.000000 0.396078
256000 1.000000 0.398438
257000 2.000000 0.404669
258000 0.000000 0.403101
259000 0.000000 0.401544
260000 0.000000 0.400000
261000 0.000000 0.398467
262000 0.000000 0.396947
263000 0.000000 0.395437
264000 0.000000 0.393939
265000 0.000000 0.392453
266000 0.000000 0.390977
267000 1.000000 0.393258
268000 0.000000 0.391791
269000 0.000000 0.390335
270000 1.000000 0.392593
271000 1.000000 0.394834
272000 1.000000 0.397059
273000 1.000000 0.399267
274000 0.000000 0.397810
275000 1.000000 0.400000
276000 0.000000 0.398551
277000 1.000000 0.400722
278000 1.000000 0.402878
279000 1.000000 0.405018
280000 1.000000 0.407143
281000 0.000000 0.405694
282000 0.000000 0.404255
283000 2.000000 0.409894
284000 0.000000 0.408451
285000 0.000000 0.407018
286000 1.000000 0.409091
287000 0.000000 0.407666
288000 0.000000 0.406250
289000 2.000000 0.411765
290000 0.000000 0.410345
291000 0.000000 0.408935
292000 0.000000 0.407534
293000 1.000000 0.409556
294000 0.000000 0.408163
295000 1.000000 0.410169
296000 0.000000 0.408784
297000 1.000000 0.410774
298000 0.000000 0.409396
299000 0.000000 0.408027
300000 0.000000 0.406667
301000 0.000000 0.405316
302000 1.000000 0.407285
303000 1.000000 0.409241
304000 1.000000 0.411184
305000 0.000000 0.409836
306000 3.000000 0.418301
307000 0.000000 0.416938
308000 0.000000 0.415584
309000 0.000000 0.414239
310000 1.000000 0.416129
311000 0.000000 0.414791
312000 1.000000 0.416667
313000 0.000000 0.415335
314000 0.000000 0.414013
315000 1.000000 0.415873
316000 0.000000 0.414557
317000 0.000000 0.413249
318000 0.000000 0.411950
319000 1.000000 0.413793
320000 0.000000 0.412500
321000 0.000000 0.411215
322000 0.000000 0.409938
323000 0.000000 0.408669
324000 1.000000 0.410494
325000 1.000000 0.412308
326000 1.000000 0.414110
327000 1.000000 0.415902
328000 2.000000 0.420732
329000 1.000000 0.422492
330000 0.000000 0.421212
331000 2.000000 0.425982
332000 0.000000 0.424699
333000 0.000000 0.423423
334000 0.000000 0.422156
335000 1.000000 0.423881
336000 1.000000 0.425595
337000 1.000000 0.427300
338000 0.000000 0.426036
339000 0.000000 0.424779
340000 1.000000 0.426471
341000 1.000000 0.428152
342000 0.000000 0.426901
343000 0.000000 0.425656
344000 1.000000 0.427326
345000 1.000000 0.428986
346000 2.000000 0.433526
347000 0.000000 0.432277
348000 1.000000 0.433908
349000 0.000000 0.432665
350000 0.000000 0.431429
351000 2.000000 0.435897
352000 1.000000 0.437500
353000 2.000000 0.441926
354000 0.000000 0.440678
355000 2.000000 0.445070
356000 0.000000 0.443820
357000 0.000000 0.442577
358000 0.000000 0.441341
359000 1.000000 0.442897
360000 0.000000 0.441667
361000 0.000000 0.440443
362000 0.000000 0.439227
363000 0.000000 0.438017
364000 1.000000 0.439560
365000 0.000000 0.438356
366000 0.000000 0.437158
367000 1.000000 0.438692
368000 0.000000 0.437500
369000 0.000000 0.436314
370000 0.000000 0.435135
371000 0.000000 0.433962
372000 1.000000 0.435484
373000 1.000000 0.436997
374000 1.000000 0.438503
375000 0.000000 0.437333
376000 0.000000 0.436170
377000 1.000000 0.437666
378000 0.000000 0.436508
379000 1.000000 0.437995
380000 0.000000 0.436842
381000 1.000000 0.438320
382000 0.000000 0.437173
383000 0.000000 0.436031
384000 0.000000 0.434896
385000 1.000000 0.436364
386000 0.000000 0.435233
387000 0.000000 0.434109
388000 0.000000 0.432990
389000 1.000000 0.434447
390000 0.000000 0.433333
391000 1.000000 0.434783
392000 1.000000 0.436224
393000 0.000000 0.435115
394000 0.000000 0.434010
395000 0.000000 0.432911
396000 0.000000 0.431818
397000 1.000000 0.433249
398000 0.000000 0.432161
399000 0.000000 0.431078
400000 1.000000 0.432500
401000 1.000000 0.433915
402000 1.000000 0.435323
403000 1.000000 0.436725
404000 0.000000 0.435644
405000 0.000000 0.434568
406000 0.000000 0.433498
407000 1.000000 0.434889
408000 0.000000 0.433824
409000 1.000000 0.435208
410000 0.000000 0.434146
411000 0.000000 0.433090
412000 0.000000 0.432039
413000 0.000000 0.430993
414000 0.000000 0.429952
415000 1.000000 0.431325
416000 0.000000 0.430288
417000 1.000000 0.431655
418000 0.000000 0.430622
419000 0.000000 0.429594
420000 0.000000 0.428571
421000 0.000000 0.427553
422000 0.000000 0.426540
423000 0.000000 0.425532
424000 0.000000 0.424528
425000 0.000000 0.423529
426000 0.000000 0.422535
427000 3.000000 0.428571
428000 0.000000 0.427570
429000 0.000000 0.426573
430000 1.000000 0.427907
431000 0.000000 0.426914
432000 0.000000 0.425926
433000 0.000000 0.424942
434000 0.000000 0.423963
435000 0.000000 0.422989
436000 0.000000 0.422018
437000 0.000000 0.421053
438000 0.000000 0.420091
439000 2.000000 0.423690
440000 2.000000 0.427273
441000 1.000000 0.428571
442000 1.000000 0.429864
443000 0.000000 0.428894
444000 2.000000 0.432432
445000 0.000000 0.431461
446000 2.000000 0.434978
447000 0.000000 0.434004
448000 0.000000 0.433036
449000 0.000000 0.432071
450000 0.000000 0.431111
451000 2.000000 0.434590
452000 0.000000 0.433628
453000 1.000000 0.434879
454000 0.000000 0.433921
455000 0.000000 0.432967
456000 0.000000 0.432018
457000 0.000000 0.431072
458000 0.000000 0.430131
459000 0.000000 0.429194
460000 0.000000 0.428261
461000 0.000000 0.427332
462000 0.000000 0.426407
463000 1.000000 0.427646
464000 0.000000 0.426724
465000 0.000000 0.425806
466000 3.000000 0.431330
467000 3.000000 0.436831
468000 0.000000 0.435897
469000 1.000000 0.437100
470000 0.000000 0.436170
471000 0.000000 0.435244
472000 0.000000 0.434322
473000 1.000000 0.435518
474000 1.000000 0.436709
475000 1.000000 0.437895
476000 1.000000 0.439076
477000 0.000000 0.438155
478000 0.000000 0.437238
479000 1.000000 0.438413
480000 0.000000 0.437500
481000 0.000000 0.436590
482000 0.000000 0.435685
483000 0.000000 0.434783
484000 0.000000 0.433884
485000 0.000000 0.432990
486000 0.000000 0.432099
487000 0.000000 0.431211
488000 1.000000 0.432377
489000 0.000000 0.431493
490000 0.000000 0.430612
491000 0.000000 0.429735
492000 0.000000 0.428862
493000 0.000000 0.427992
494000 0.000000 0.427126
495000 0.000000 0.426263
496000 0.000000 0.425403
497000 0.000000 0.424547
498000 1.000000 0.425703
499000 1.000000 0.426854
500000 0.000000 0.426000
501000 0.000000 0.425150
502000 1.000000 0.426295
503000 0.000000 0.425447
504000 0.000000 0.424603
505000 0.000000 0.423762
506000 1.000000 0.424901
507000 1.000000 0.426036
508000 0.000000 0.425197
509000 0.000000 0.424361
510000 1.000000 0.425490
511000 0.000000 0.424658
512000 0.000000 0.423828
513000 0.000000 0.423002
514000 1.000000 0.424125
515000 0.000000 0.423301
516000 0.000000 0.422481
517000 0.000000 0.421663
518000 0.000000 0.420849
519000 0.000000 0.420039
520000 0.000000 0.419231
521000 0.000000 0.418426
522000 0.000000 0.417625
523000 0.000000 0.416826
524000 0.000000 0.416031
525000 0.000000 0.415238
526000 3.000000 0.420152
527000 1.000000 0.421252
528000 1.000000 0.422348
529000 0.000000 0.421550
530000 0.000000 0.420755
531000 1.000000 0.421846
532000 0.000000 0.421053
533000 1.000000 0.422139
534000 0.000000 0.421348
535000 0.000000 0.420561
536000 0.000000 0.419776
537000 1.000000 0.420857
538000 0.000000 0.420074
539000 0.000000 0.419295
540000 0.000000 0.418519
541000 0.000000 0.417745
542000 0.000000 0.416974
543000 1.000000 0.418048
544000 0.000000 0.417279
545000 2.000000 0.420183
546000 1.000000 0.421245
547000 2.000000 0.424132
548000 0.000000 0.423358
549000 0.000000 0.422587
550000 0.000000 0.421818
551000 2.000000 0.424682
552000 0.000000 0.423913
553000 0.000000 0.423146
554000 0.000000 0.422383
555000 0.000000 0.421622
556000 2.000000 0.424460
557000 1.000000 0.425494
558000 0.000000 0.424731
559000 0.000000 0.423971
560000 0.000000 0.423214
561000 0.000000 0.422460
562000 1.000000 0.423488
563000 0.000000 0.422735
564000 0.000000 0.421986
565000 0.000000 0.421239
566000 0.000000 0.420495
567000 0.000000 0.419753
568000 1.000000 0.420775
569000 1.000000 0.421793
570000 0.000000 0.421053
571000 1.000000 0.422067
572000 0.000000 0.421329
573000 0.000000 0.420593
574000 1.000000 0.421603
575000 1.000000 0.422609
576000 0.000000 0.421875
577000 0.000000 0.421144
578000 0.000000 0.420415
579000 0.000000 0.419689
580000 0.000000 0.418966
581000 0.000000 0.418244
582000 0.000000 0.417526
583000 1.000000 0.418525
584000 0.000000 0.417808
585000 1.000000 0.418803
586000 1.000000 0.419795
587000 0.000000 0.419080
588000 1.000000 0.420068
589000 0.000000 0.419355
590000 0.000000 0.418644
591000 1.000000 0.419628
592000 1.000000 0.420608
593000 0.000000 0.419899
594000 1.000000 0.420875
595000 0.000000 0.420168
596000 0.000000 0.419463
597000 2.000000 0.422111
598000 0.000000 0.421405
599000 0.000000 0.420701
600000 0.000000 0.420000
601000 0.000000 0.419301
602000 2.000000 0.421927
603000 0.000000 0.421227
604000 0.000000 0.420530
605000 1.000000 0.421488
606000 0.000000 0.420792
607000 0.000000 0.420099
608000 0.000000 0.419408
609000 1.000000 0.420361
610000 0.000000 0.419672
611000 2.000000 0.422259
612000 0.000000 0.421569
613000 1.000000 0.422512
614000 1.000000 0.423453
615000 1.000000 0.424390
616000 2.000000 0.426948
617000 1.000000 0.427877
618000 3.000000 0.432039
619000 1.000000 0.432956
620000 0.000000 0.432258
621000 1.000000 0.433172
622000 2.000000 0.435691
623000 0.000000 0.434992
624000 0.000000 0.434295
625000 0.000000 0.433600
626000 1.000000 0.434505
627000 2.000000 0.437002
628000 0.000000 0.436306
629000 1.000000 0.437202
630000 0.000000 0.436508
631000 1.000000 0.437401
632000 1.000000 0.438291
633000 0.000000 0.437599
634000 1.000000 0.438486
635000 0.000000 0.437795
636000 1.000000 0.438679
637000 1.000000 0.439560
638000 0.000000 0.438871
639000 0.000000 0.438185
640000 0.000000 0.437500
641000 1.000000 0.438378
642000 0.000000 0.437695
643000 0.000000 0.437014
644000 0.000000 0.436335
645000 0.000000 0.435659
646000 0.000000 0.434985
647000 0.000000 0.434312
648000 0.000000 0.433642
649000 0.000000 0.432974
650000 0.000000 0.432308
651000 0.000000 0.431644
652000 0.000000 0.430982
653000 1.000000 0.431853
654000 0.000000 0.431193
655000 1.000000 0.432061
656000 1.000000 0.432927
657000 1.000000 0.433790
658000 1.000000 0.434650
659000 0.000000 0.433991
660000 0.000000 0.433333
661000 1.000000 0.434191
662000 1.000000 0.435045
663000 2.000000 0.437406
664000 0.000000 0.436747
665000 0.000000 0.436090
666000 1.000000 0.436937
667000 0.000000 0.436282
668000 0.000000 0.435629
669000 0.000000 0.434978
670000 0.000000 0.434328
671000 1.000000 0.435171
672000 2.000000 0.437500
673000 0.000000 0.436850
674000 1.000000 0.437685
675000 0.000000 0.437037
676000 0.000000 0.436391
677000 0.000000 0.435746
678000 0.000000 0.435103
679000 0.000000 0.434462
680000 0.000000 0.433824
681000 0.000000 0.433186
682000 1.000000 0.434018
683000 2.000000 0.436310
684000 0.000000 0.435673
685000 0.000000 0.435036
686000 0.000000 0.434402
687000 0.000000 0.433770
688000 2.000000 0.436047
689000 2.000000 0.438316
690000 1.000000 0.439130
691000 0.000000 0.438495
692000 1.000000 0.439306
693000 0.000000 0.438672
694000 0.000000 0.438040
695000 1.000000 0.438849
696000 0.000000 0.438218
697000 0.000000 0.437590
698000 0.000000 0.436963
699000 0.000000 0.436338
700000 0.000000 0.435714
701000 1.000000 0.436519
702000 0.000000 0.435897
703000 0.000000 0.435277
704000 0.000000 0.434659
705000 1.000000 0.435461
706000 1.000000 0.436261
707000 0.000000 0.435644
708000 1.000000 0.436441
709000 2.000000 0.438646
710000 0.000000 0.438028
711000 1.000000 0.438819
712000 0.000000 0.438202
713000 2.000000 0.440393
714000 0.000000 0.439776
715000 0.000000 0.439161
716000 0.000000 0.438547
717000 0.000000 0.437936
718000 1.000000 0.438719
719000 0.000000 0.438108
720000 0.000000 0.437500
721000 0.000000 0.436893
722000 1.000000 0.437673
723000 0.000000 0.437068
724000 0.000000 0.436464
725000 0.000000 0.435862
726000 1.000000 0.436639
727000 1.000000 0.437414
728000 0.000000 0.436813
729000 1.000000 0.437586
730000 0.000000 0.436986
731000 0.000000 0.436389
732000 0.000000 0.435792
733000 0.000000 0.435198
734000 1.000000 0.435967
735000 0.000000 0.435374
736000 1.000000 0.436141
737000 0.000000 0.435550
738000 0.000000 0.434959
739000 1.000000 0.435724
740000 0.000000 0.435135
741000 0.000000 0.434548
742000 0.000000 0.433962
743000 1.000000 0.434724
744000 0.000000 0.434140
745000 2.000000 0.436242
746000 0.000000 0.435657
747000 0.000000 0.435074
748000 0.000000 0.434492
749000 0.000000 0.433912
750000 0.000000 0.433333
751000 1.000000 0.434088
752000 0.000000 0.433511
753000 1.000000 0.434263
754000 0.000000 0.433687
755000 0.000000 0.433113
756000 0.000000 0.432540
757000 0.000000 0.431968
758000 0.000000 0.431398
759000 0.000000 0.430830
760000 0.000000 0.430263
761000 0.000000 0.429698
762000 1.000000 0.430446
763000 0.000000 0.429882
764000 0.000000 0.429319
765000 0.000000 0.428758
766000 0.000000 0.428198
767000 1.000000 0.428944
768000 0.000000 0.428385
769000 0.000000 0.427828
770000 0.000000 0.427273
771000 2.000000 0.429313
772000 0.000000 0.428756
773000 0.000000 0.428202
774000 0.000000 0.427649
775000 0.000000 0.427097
776000 0.000000 0.426546
777000 0.000000 0.425997
778000 1.000000 0.426735
779000 0.000000 0.426187
780000 0.000000 0.425641
781000 0.000000 0.425096
782000 0.000000 0.424552
783000 0.000000 0.424010
784000 1.000000 0.424745
785000 0.000000 0.424204
786000 0.000000 0.423664
787000 0.000000 0.423126
788000 0.000000 0.422589
789000 0.000000 0.422053
790000 1.000000 0.422785
791000 1.000000 0.423515
792000 1.000000 0.424242
793000 1.000000 0.424968
794000 0.000000 0.424433
795000 0.000000 0.423899
796000 0.000000 0.423367
797000 0.000000 0.422836
798000 0.000000 0.422306
799000 0.000000 0.421777
800000 1.000000 0.422500
801000 2.000000 0.424469
802000 1.000000 0.425187
803000 0.000000 0.424658
804000 0.000000 0.424129
805000 0.000000 0.423602
806000 1.000000 0.424318
807000 0.000000 0.423792
808000 0.000000 0.423267
809000 1.000000 0.423980
810000 0.000000 0.423457
811000 2.000000 0.425401
812000 1.000000 0.426108
813000 0.000000 0.425584
814000 0.000000 0.425061
815000 0.000000 0.424540
816000 0.000000 0.424020
817000 1.000000 0.424725
818000 1.000000 0.425428
819000 0.000000 0.424908
820000 0.000000 0.424390
821000 0.000000 0.423873
822000 0.000000 0.423358
823000 0.000000 0.422843
824000 0.000000 0.422330
825000 2.000000 0.424242
826000 0.000000 0.423729
827000 0.000000 0.423216
828000 0.000000 0.422705
829000 0.000000 0.422195
830000 0.000000 0.421687
831000 1.000000 0.422383
832000 0.000000 0.421875
833000 1.000000 0.422569
834000 3.000000 0.425659
835000 1.000000 0.426347
836000 0.000000 0.425837
837000 0.000000 0.425329
838000 0.000000 0.424821
839000 0.000000 0.424315
840000 0.000000 0.423810
841000 0.000000 0.423306
842000 2.000000 0.425178
843000 1.000000 0.425860
844000 0.000000 0.425355
845000 0.000000 0.424852
846000 0.000000 0.424350
847000 0.000000 0.423849
848000 0.000000 0.423349
849000 0.000000 0.422850
850000 0.000000 0.422353
851000 0.000000 0.421857
852000 0.000000 0.421362
853000 2.000000 0.423212
854000 1.000000 0.423888
855000 0.000000 0.423392
856000 1.000000 0.424065
857000 0.000000 0.423571
858000 1.000000 0.424242
859000 1.000000 0.424913
860000 1.000000 0.425581
861000 1.000000 0.426249
862000 0.000000 0.425754
863000 0.000000 0.425261
864000 2.000000 0.427083
865000 0.000000 0.426590
866000 0.000000 0.426097
867000 0.000000 0.425606
868000 0.000000 0.425115
869000 1.000000 0.425777
870000 0.000000 0.425287
871000 0.000000 0.424799
872000 0.000000 0.424312
873000 1.000000 0.424971
874000 1.000000 0.425629
875000 0.000000 0.425143
876000 0.000000 0.424658
877000 0.000000 0.424173
878000 0.000000 0.423690
879000 0.000000 0.423208
880000 1.000000 0.423864
881000 1.000000 0.424518
882000 1.000000 0.425170
883000 0.000000 0.424689
884000 1.000000 0.425339
885000 1.000000 0.425989
886000 0.000000 0.425508
887000 0.000000 0.425028
888000 0.000000 0.424550
889000 1.000000 0.425197
890000 0.000000 0.424719
891000 1.000000 0.425365
892000 0.000000 0.424888
893000 1.000000 0.425532
894000 0.000000 0.425056
895000 0.000000 0.424581
896000 0.000000 0.424107
897000 0.000000 0.423634
898000 0.000000 0.423163
899000 1.000000 0.423804
900000 2.000000 0.425556
901000 0.000000 0.425083
902000 0.000000 0.424612
903000 0.000000 0.424142
904000 1.000000 0.424779
905000 0.000000 0.424309
906000 0.000000 0.423841
907000 0.000000 0.423374
908000 0.000000 0.422907
909000 1.000000 0.423542
910000 1.000000 0.424176
911000 0.000000 0.423710
912000 0.000000 0.423246
913000 0.000000 0.422782
914000 0.000000 0.422319
915000 1.000000 0.422951
916000 0.000000 0.422489
917000 0.000000 0.422028
918000 1.000000 0.422658
919000 1.000000 0.423286
920000 0.000000 0.422826
921000 0.000000 0.422367
922000 0.000000 0.421909
923000 1.000000 0.422535
924000 0.000000 0.422078
925000 1.000000 0.422703
926000 1.000000 0.423326
927000 0.000000 0.422869
928000 0.000000 0.422414
929000 0.000000 0.421959
930000 1.000000 0.422581
931000 0.000000 0.422127
932000 1.000000 0.422747
933000 0.000000 0.422294
934000 1.000000 0.422912
935000 0.000000 0.422460
936000 0.000000 0.422009
937000 0.000000 0.421558
938000 0.000000 0.421109
939000 1.000000 0.421725
940000 0.000000 0.421277
941000 0.000000 0.420829
942000 0.000000 0.420382
943000 0.000000 0.419936
944000 0.000000 0.419492
945000 0.000000 0.419048
946000 1.000000 0.419662
947000 0.000000 0.419219
948000 0.000000 0.418776
949000 0.000000 0.418335
950000 0.000000 0.417895
951000 0.000000 0.417455
952000 0.000000 0.417017
953000 0.000000 0.416579
954000 0.000000 0.416143
955000 0.000000 0.415707
956000 0.000000 0.415272
957000 1.000000 0.415883
958000 1.000000 0.416493
959000 1.000000 0.417101
960000 1.000000 0.417708
961000 0.000000 0.417274
962000 0.000000 0.416840
963000 1.000000 0.417445
964000 1.000000 0.418050
965000 1.000000 0.418653
966000 0.000000 0.418219
967000 0.000000 0.417787
968000 0.000000 0.417355
969000 0.000000 0.416925
970000 1.000000 0.417526
971000 0.000000 0.417096
972000 0.000000 0.416667
973000 0.000000 0.416238
974000 1.000000 0.416838
975000 0.000000 0.416410
976000 1.000000 0.417008
977000 0.000000 0.416581
978000 1.000000 0.417178
979000 0.000000 0.416752
980000 1.000000 0.417347
981000 0.000000 0.416922
982000 1.000000 0.417515
983000 1.000000 0.418108
984000 0.000000 0.417683
985000 0.000000 0.417259
986000 1.000000 0.417850
987000 1.000000 0.418440
988000 1.000000 0.419028
989000 2.000000 0.420627
990000 0.000000 0.420202
991000 1.000000 0.420787
992000 0.000000 0.420363
993000 1.000000 0.420947
994000 0.000000 0.420523
995000 0.000000 0.420101
996000 0.000000 0.419679
997000 1.000000 0.420261
998000 0.000000 0.419840
999000 1.000000 0.420420
1000000 0.000000 0.420000
1001000 2.000000 0.421578
1002000 0.000000 0.421158
1003000 2.000000 0.422732
1004000 0.000000 0.422311
1005000 0.000000 0.421891
1006000 0.000000 0.421471
1007000 0.000000 0.421053
1008000 0.000000 0.420635
1009000 1.000000 0.421209
1010000 1.000000 0.421782
1011000 0.000000 0.421365
1012000 0.000000 0.420949
1013000 0.000000 0.420533
1014000 0.000000 0.420118
1015000 1.000000 0.420690
1016000 0.000000 0.420276
1017000 0.000000 0.419862
1018000 0.000000 0.419450
1019000 0.000000 0.419038
1020000 1.000000 0.419608
1021000 0.000000 0.419197
1022000 0.000000 0.418787
1023000 0.000000 0.418377
1024000 0.000000 0.417969
1025000 0.000000 0.417561
1026000 0.000000 0.417154
1027000 1.000000 0.417722
1028000 2.000000 0.419261
1029000 0.000000 0.418853
1030000 1.000000 0.419417
1031000 0.000000 0.419011
1032000 0.000000 0.418605
1033000 0.000000 0.418199
1034000 2.000000 0.419729
1035000 0.000000 0.419324
1036000 0.000000 0.418919
1037000 2.000000 0.420444
1038000 0.000000 0.420039
1039000 1.000000 0.420597
1040000 1.000000 0.421154
1041000 0.000000 0.420749
1042000 0.000000 0.420345
1043000 0.000000 0.419942
1044000 0.000000 0.419540
1045000 0.000000 0.419139
1046000 1.000000 0.419694
1047000 0.000000 0.419293
1048000 1.000000 0.419847
1049000 0.000000 0.419447
1050000 0.000000 0.419048
1051000 0.000000 0.418649
1052000 1.000000 0.419202
1053000 0.000000 0.418803
1054000 0.000000 0.418406
1055000 0.000000 0.418009
1056000 1.000000 0.418561
1057000 1.000000 0.419111
1058000 0.000000 0.418715
1059000 3.000000 0.421152
1060000 0.000000 0.420755
1061000 1.000000 0.421301
1062000 0.000000 0.420904
1063000 0.000000 0.420508
1064000 0.000000 0.420113
1065000 1.000000 0.420657
1066000 0.000000 0.420263
1067000 2.000000 0.421743
1068000 0.000000 0.421348
1069000 0.000000 0.420954
1070000 0.000000 0.420561
1071000 0.000000 0.420168
1072000 0.000000 0.419776
1073000 0.000000 0.419385
1074000 0.000000 0.418994
1075000 0.000000 0.418605
1076000 1.000000 0.419145
1077000 2.000000 0.420613
1078000 0.000000 0.420223
1079000 1.000000 0.420760
1080000 2.000000 0.422222
1081000 0.000000 0.421832
1082000 0.000000 0.421442
1083000 0.000000 0.421053
1084000 0.000000 0.420664
1085000 0.000000 0.420276
1086000 0.000000 0.419890
1087000 0.000000 0.419503
1088000 0.000000 0.419118
1089000 1.000000 0.419651
1090000 0.000000 0.419266
1091000 0.000000 0.418882
1092000 1.000000 0.419414
1093000 0.000000 0.419030
1094000 0.000000 0.418647
1095000 1.000000 0.419178
1096000 0.000000 0.418796
1097000 2.000000 0.420237
1098000 1.000000 0.420765
1099000 0.000000 0.420382
1100000 0.000000 0.420000
1101000 0.000000 0.419619
1102000 0.000000 0.419238
1103000 1.000000 0.419764
1104000 1.000000 0.420290
1105000 0.000000 0.419910
1106000 0.000000 0.419530
1107000 2.000000 0.420958
1108000 0.000000 0.420578
1109000 0.000000 0.420198
1110000 0.000000 0.419820
1111000 0.000000 0.419442
1112000 0.000000 0.419065
1113000 0.000000 0.418688
1114000 1.000000 0.419210
1115000 1.000000 0.419731
1116000 0.000000 0.419355
1117000 0.000000 0.418979
1118000 0.000000 0.418605
1119000 1.000000 0.419124
1120000 1.000000 0.419643
1121000 1.000000 0.420161
1122000 0.000000 0.419786
1123000 2.000000 0.421193
1124000 0.000000 0.420819
1125000 1.000000 0.421333
1126000 2.000000 0.422735
1127000 2.000000 0.424135
1128000 0.000000 0.423759
1129000 0.000000 0.423384
1130000 0.000000 0.423009
1131000 2.000000 0.424403
1132000 1.000000 0.424912
1133000 1.000000 0.425419
1134000 0.000000 0.425044
1135000 0.000000 0.424670
1136000 0.000000 0.424296
1137000 0.000000 0.423923
1138000 0.000000 0.423550
1139000 0.000000 0.423178
1140000 0.000000 0.422807
1141000 0.000000 0.422436
1142000 1.000000 0.422942
1143000 0.000000 0.422572
1144000 0.000000 0.422203
1145000 0.000000 0.421834
1146000 1.000000 0.422339
1147000 0.000000 0.421970
1148000 2.000000 0.423345
1149000 0.000000 0.422977
1150000 1.000000 0.423478
1151000 1.000000 0.423979
1152000 0.000000 0.423611
1153000 0.000000 0.423244
1154000 0.000000 0.422877
1155000 0.000000 0.422511
1156000 1.000000 0.423010
1157000 1.000000 0.423509
1158000 1.000000 0.424007
1159000 0.000000 0.423641
1160000 1.000000 0.424138
1161000 0.000000 0.423773
1162000 0.000000 0.423408
1163000 0.000000 0.423044
1164000 0.000000 0.422680
1165000 0.000000 0.422318
1166000 0.000000 0.421955
1167000 0.000000 0.421594
1168000 0.000000 0.421233
1169000 0.000000 0.420873
1170000 1.000000 0.421368
1171000 0.000000 0.421008
1172000 0.000000 0.420648
1173000 1.000000 0.421142
1174000 0.000000 0.420784
1175000 1.000000 0.421277
1176000 0.000000 0.420918
1177000 0.000000 0.420561
1178000 0.000000 0.420204
1179000 0.000000 0.419847
1180000 1.000000 0.420339
1181000 0.000000 0.419983
1182000 1.000000 0.420474
1183000 1.000000 0.420964
1184000 1.000000 0.421453
1185000 1.000000 0.421941
1186000 0.000000 0.421585
1187000 0.000000 0.421230
1188000 2.000000 0.422559
1189000 0.000000 0.422204
1190000 1.000000 0.422689
1191000 0.000000 0.422334
1192000 1.000000 0.422819
1193000 1.000000 0.423303
1194000 0.000000 0.422948
1195000 0.000000 0.422594
1196000 0.000000 0.422241
1197000 0.000000 0.421888
1198000 0.000000 0.421536
1199000 1.000000 0.422018
1200000 0.000000 0.421667
1201000 0.000000 0.421316
1202000 1.000000 0.421797
1203000 0.000000 0.421446
1204000 0.000000 0.421096
1205000 0.000000 0.420747
1206000 1.000000 0.421227
1207000 0.000000 0.420878
1208000 1.000000 0.421358
1209000 2.000000 0.422663
1210000 1.000000 0.423140
1211000 1.000000 0.423617
1212000 1.000000 0.424092
1213000 3.000000 0.426216
1214000 1.000000 0.426689
1215000 0.000000 0.426337
1216000 0.000000 0.425987
1217000 0.000000 0.425637
1218000 1.000000 0.426108
1219000 0.000000 0.425759
1220000 1.000000 0.426230
1221000 1.000000 0.426699
1222000 0.000000 0.426350
1223000 0.000000 0.426002
1224000 0.000000 0.425654
1225000 0.000000 0.425306
1226000 1.000000 0.425775
1227000 0.000000 0.425428
1228000 1.000000 0.425896
1229000 0.000000 0.425549
1230000 0.000000 0.425203
1231000 2.000000 0.426483
1232000 0.000000 0.426136
1233000 0.000000 0.425791
1234000 0.000000 0.425446
1235000 2.000000 0.426721
1236000 1.000000 0.427184
1237000 0.000000 0.426839
1238000 0.000000 0.426494
1239000 2.000000 0.427764
1240000 1.000000 0.428226
1241000 0.000000 0.427881
1242000 1.000000 0.428341
1243000 0.000000 0.427997
1244000 1.000000 0.428457
1245000 0.000000 0.428112
1246000 1.000000 0.428571
1247000 1.000000 0.429030
1248000 0.000000 0.428686
1249000 0.000000 0.428343
1250000 0.000000 0.428000
1251000 0.000000 0.427658
1252000 1.000000 0.428115
1253000 0.000000 0.427773
1254000 1.000000 0.428230
1255000 0.000000 0.427888
1256000 0.000000 0.427548
1257000 1.000000 0.428003
1258000 1.000000 0.428458
1259000 0.000000 0.428118
1260000 0.000000 0.427778
1261000 0.000000 0.427439
1262000 0.000000 0.427100
1263000 0.000000 0.426762
1264000 1.000000 0.427215
1265000 0.000000 0.426877
1266000 1.000000 0.427330
1267000 0.000000 0.426993
1268000 0.000000 0.426656
1269000 0.000000 0.426320
1270000 1.000000 0.426772
1271000 2.000000 0.428009
1272000 0.000000 0.427673
1273000 0.000000 0.427337
1274000 0.000000 0.427002
1275000 0.000000 0.426667
1276000 0.000000 0.426332
1277000 0.000000 0.425998
1278000 0.000000 0.425665
1279000 1.000000 0.426114
1280000 0.000000 0.425781
1281000 1.000000 0.426230
1282000 0.000000 0.425897
1283000 3.000000 0.427903
1284000 0.000000 0.427570
1285000 0.000000 0.427237
1286000 0.000000 0.426905
1287000 0.000000 0.426573
1288000 0.000000 0.426242
1289000 0.000000 0.425912
1290000 1.000000 0.426357
1291000 2.000000 0.427576
1292000 0.000000 0.427245
1293000 1.000000 0.427688
1294000 0.000000 0.427357
1295000 0.000000 0.427027
1296000 0.000000 0.426698
1297000 0.000000 0.426369
1298000 0.000000 0.426040
1299000 0.000000 0.425712
1300000 0.000000 0.425385
1301000 0.000000 0.425058
1302000 0.000000 0.424731
1303000 0.000000 0.424405
1304000 1.000000 0.424847
1305000 0.000000 0.424521
1306000 1.000000 0.424962
1307000 0.000000 0.424637
1308000 0.000000 0.424312
1309000 1.000000 0.424752
1310000 0.000000 0.424427
1311000 1.000000 0.424867
1312000 1.000000 0.425305
1313000 1.000000 0.425743
1314000 2.000000 0.426941
1315000 0.000000 0.426616
1316000 1.000000 0.427052
1317000 0.000000 0.426727
1318000 0.000000 0.426404
1319000 0.000000 0.426080
1320000 1.000000 0.426515
1321000 0.000000 0.426192
1322000 0.000000 0.425870
1323000 0.000000 0.425548
1324000 0.000000 0.425227
1325000 0.000000 0.424906
1326000 2.000000 0.426094
1327000 2.000000 0.427280
1328000 1.000000 0.427711
1329000 0.000000 0.427389
1330000 1.000000 0.427820
1331000 1.000000 0.428249
1332000 0.000000 0.427928
1333000 0.000000 0.427607
1334000 0.000000 0.427286
1335000 1.000000 0.427715
1336000 0.000000 0.427395
1337000 0.000000 0.427076
1338000 0.000000 0.426756
1339000 0.000000 0.426438
1340000 1.000000 0.426866
1341000 0.000000 0.426547
1342000 1.000000 0.426975
1343000 0.000000 0.426657
1344000 0.000000 0.426339
1345000 0.000000 0.426022
1346000 0.000000 0.425706
1347000 1.000000 0.426132
1348000 1.000000 0.426558
1349000 1.000000 0.426983
1350000 1.000000 0.427407
1351000 0.000000 0.427091
1352000 0.000000 0.426775
1353000 0.000000 0.426460
1354000 0.000000 0.426145
1355000 0.000000 0.425830
1356000 1.000000 0.426254
1357000 0.000000 0.425940
1358000 0.000000 0.425626
1359000 0.000000 0.425313
1360000 0.000000 0.425000
1361000 1.000000 0.425422
1362000 0.000000 0.425110
1363000 0.000000 0.424798
1364000 0.000000 0.424487
1365000 0.000000 0.424176
1366000 1.000000 0.424597
1367000 2.000000 0.425750
1368000 0.000000 0.425439
1369000 1.000000 0.425858
1370000 1.000000 0.426277
1371000 0.000000 0.425966
1372000 1.000000 0.426385
1373000 0.000000 0.426074
1374000 0.000000 0.425764
1375000 0.000000 0.425455
1376000 1.000000 0.425872
1377000 1.000000 0.426289
1378000 1.000000 0.426705
1379000 1.000000 0.427121
1380000 1.000000 0.427536
1381000 0.000000 0.427227
1382000 0.000000 0.426918
1383000 0.000000 0.426609
1384000 0.000000 0.426301
1385000 0.000000 0.425993
1386000 1.000000 0.426407
1387000 1.000000 0.426820
1388000 0.000000 0.426513
1389000 1.000000 0.426926
1390000 1.000000 0.427338
1391000 0.000000 0.427031
1392000 1.000000 0.427443
1393000 0.000000 0.427136
1394000 0.000000 0.426829
1395000 1.000000 0.427240
1396000 0.000000 0.426934
1397000 0.000000 0.426628
1398000 0.000000 0.426323
1399000 0.000000 0.426019
1400000 0.000000 0.425714
1401000 0.000000 0.425410
1402000 1.000000 0.425820
1403000 2.000000 0.426942
1404000 0.000000 0.426638
1405000 0.000000 0.426335
1406000 0.000000 0.426031
1407000 1.000000 0.426439
1408000 1.000000 0.426847
1409000 1.000000 0.427253
1410000 0.000000 0.426950
1411000 1.000000 0.427356
1412000 1.000000 0.427762
1413000 1.000000 0.428167
1414000 0.000000 0.427864
1415000 0.000000 0.427562
1416000 2.000000 0.428672
1417000 0.000000 0.428370
1418000 0.000000 0.428068
1419000 1.000000 0.428471
1420000 0.000000 0.428169
1421000 0.000000 0.427868
1422000 0.000000 0.427567
1423000 0.000000 0.427266
1424000 1.000000 0.427669
1425000 0.000000 0.427368
1426000 0.000000 0.427069
1427000 0.000000 0.426769
1428000 0.000000 0.426471
1429000 0.000000 0.426172
1430000 0.000000 0.425874
1431000 0.000000 0.425577
1432000 0.000000 0.425279
1433000 0.000000 0.424983
1434000 0.000000 0.424686
1435000 1.000000 0.425087
1436000 0.000000 0.424791
1437000 0.000000 0.424495
1438000 2.000000 0.425591
1439000 0.000000 0.425295
1440000 0.000000 0.425000
1441000 1.000000 0.425399
1442000 0.000000 0.425104
1443000 0.000000 0.424809
1444000 2.000000 0.425900
1445000 1.000000 0.426298
1446000 0.000000 0.426003
1447000 0.000000 0.425708
1448000 1.000000 0.426105
1449000 3.000000 0.427881
1450000 0.000000 0.427586
1451000 1.000000 0.427981
1452000 0.000000 0.427686
1453000 0.000000 0.427392
1454000 0.000000 0.427098
1455000 0.000000 0.426804
1456000 2.000000 0.427885
1457000 0.000000 0.427591
1458000 1.000000 0.427984
1459000 0.000000 0.427690
1460000 1.000000 0.428082
1461000 0.000000 0.427789
1462000 0.000000 0.427497
1463000 0.000000 0.427204
1464000 0.000000 0.426913
1465000 0.000000 0.426621
1466000 0.000000 0.426330
1467000 0.000000 0.426040
1468000 1.000000 0.426431
1469000 1.000000 0.426821
1470000 1.000000 0.427211
1471000 1.000000 0.427600
1472000 1.000000 0.427989
1473000 1.000000 0.428377
1474000 0.000000 0.428087
1475000 1.000000 0.428475
1476000 1.000000 0.428862
1477000 1.000000 0.429248
1478000 1.000000 0.429635
1479000 0.000000 0.429344
1480000 0.000000 0.429054
1481000 0.000000 0.428764
1482000 0.000000 0.428475
1483000 0.000000 0.428186
1484000 0.000000 0.427898
1485000 0.000000 0.427609
1486000 0.000000 0.427322
1487000 2.000000 0.428379
1488000 1.000000 0.428763
1489000 2.000000 0.429819
1490000 0.000000 0.429530
1491000 0.000000 0.429242
1492000 1.000000 0.429625
1493000 0.000000 0.429337
1494000 0.000000 0.429050
1495000 0.000000 0.428763
1496000 0.000000 0.428476
1497000 0.000000 0.428190
1498000 1.000000 0.428571
1499000 2.000000 0.429620
1500000 0.000000 0.429333
1501000 0.000000 0.429047
1502000 0.000000 0.428762
1503000 2.000000 0.429807
1504000 1.000000 0.430186
1505000 1.000000 0.430565
1506000 0.000000 0.430279
1507000 1.000000 0.430657
1508000 0.000000 0.430371
1509000 0.000000 0.430086
1510000 0.000000 0.429801
1511000 1.000000 0.430179
1512000 0.000000 0.429894
1513000 1.000000 0.430271
1514000 1.000000 0.430647
1515000 0.000000 0.430363
1516000 0.000000 0.430079
1517000 0.000000 0.429796
1518000 0.000000 0.429513
1519000 0.000000 0.429230
1520000 1.000000 0.429605
1521000 1.000000 0.429980
1522000 0.000000 0.429698
1523000 0.000000 0.429416
1524000 0.000000 0.429134
1525000 1.000000 0.429508
1526000 0.000000 0.429227
1527000 0.000000 0.428946
1528000 0.000000 0.428665
1529000 0.000000 0.428385
1530000 1.000000 0.428758
1531000 0.000000 0.428478
1532000 1.000000 0.428851
1533000 0.000000 0.428571
1534000 0.000000 0.428292
1535000 0.000000 0.428013
1536000 1.000000 0.428385
1537000 0.000000 0.428107
1538000 1.000000 0.428479
1539000 0.000000 0.428200
1540000 1.000000 0.428571
1541000 0.000000 0.428293
1542000 0.000000 0.428016
1543000 0.000000 0.427738
1544000 0.000000 0.427461
1545000 0.000000 0.427184
1546000 0.000000 0.426908
1547000 1.000000 0.427279
1548000 0.000000 0.427003
1549000 0.000000 0.426727
1550000 0.000000 0.426452
1551000 0.000000 0.426177
1552000 0.000000 0.425902
1553000 0.000000 0.425628
1554000 1.000000 0.425997
1555000 2.000000 0.427010
1556000 0.000000 0.426735
1557000 1.000000 0.427103
1558000 1.000000 0.427471
1559000 0.000000 0.427197
1560000 1.000000 0.427564
1561000 0.000000 0.427290
1562000 0.000000 0.427017
1563000 0.000000 0.426743
1564000 0.000000 0.426471
1565000 1.000000 0.426837
1566000 0.000000 0.426564
1567000 0.000000 0.426292
1568000 0.000000 0.426020
1569000 0.000000 0.425749
1570000 0.000000 0.425478
1571000 1.000000 0.425843
1572000 0.000000 0.425573
1573000 1.000000 0.425938
1574000 0.000000 0.425667
1575000 0.000000 0.425397
1576000 1.000000 0.425761
1577000 1.000000 0.426126
1578000 0.000000 0.425856
1579000 1.000000 0.426219
1580000 1.000000 0.426582
1581000 0.000000 0.426312
1582000 0.000000 0.426043
1583000 0.000000 0.425774
1584000 0.000000 0.425505
1585000 0.000000 0.425237
1586000 1.000000 0.425599
1587000 0.000000 0.425331
1588000 0.000000 0.425063
1589000 0.000000 0.424795
1590000 2.000000 0.425786
1591000 1.000000 0.426147
1592000 1.000000 0.426508
1593000 0.000000 0.426240
1594000 1.000000 0.426600
1595000 0.000000 0.426332
1596000 0.000000 0.426065
1597000 3.000000 0.427677
1598000 0.000000 0.427409
1599000 0.000000 0.427142
1600000 0.000000 0.426875
1601000 0.000000 0.426608
1602000 0.000000 0.426342
1603000 1.000000 0.426700
1604000 0.000000 0.426434
1605000 1.000000 0.426791
1606000 0.000000 0.426526
1607000 1.000000 0.426882
1608000 0.000000 0.426617
1609000 2.000000 0.427595
1610000 1.000000 0.427950
1611000 0.000000 0.427685
1612000 0.000000 0.427419
1613000 0.000000 0.427154
1614000 1.000000 0.427509
1615000 1.000000 0.427864
1616000 1.000000 0.428218
1617000 0.000000 0.427953
1618000 0.000000 0.427689
1619000 0.000000 0.427424
1620000 0.000000 0.427160
1621000 0.000000 0.426897
1622000 0.000000 0.426634
1623000 0.000000 0.426371
1624000 0.000000 0.426108
1625000 0.000000 0.425846
1626000 0.000000 0.425584
1627000 0.000000 0.425323
1628000 0.000000 0.425061
1629000 0.000000 0.424800
1630000 1.000000 0.425153
1631000 0.000000 0.424893
1632000 0.000000 0.424632
1633000 0.000000 0.424372
1634000 0.000000 0.424113
1635000 2.000000 0.425076
1636000 0.000000 0.424817
1637000 0.000000 0.424557
1638000 1.000000 0.424908
1639000 0.000000 0.424649
1640000 0.000000 0.424390
1641000 0.000000 0.424132
1642000 0.000000 0.423873
1643000 0.000000 0.423615
1644000 0.000000 0.423358
1645000 0.000000 0.423100
1646000 0.000000 0.422843
1647000 1.000000 0.423194
1648000 0.000000 0.422937
1649000 1.000000 0.423287
1650000 0.000000 0.423030
1651000 0.000000 0.422774
1652000 0.000000 0.422518
1653000 1.000000 0.422868
1654000 0.000000 0.422612
1655000 1.000000 0.422961
1656000 0.000000 0.422705
1657000 3.000000 0.424261
1658000 1.000000 0.424608
1659000 0.000000 0.424352
1660000 1.000000 0.424699
1661000 1.000000 0.425045
1662000 0.000000 0.424789
1663000 0.000000 0.424534
1664000 0.000000 0.424279
1665000 0.000000 0.424024
1666000 0.000000 0.423770
1667000 1.000000 0.424115
1668000 0.000000 0.423861
1669000 0.000000 0.423607
1670000 0.000000 0.423353
1671000 0.000000 0.423100
1672000 0.000000 0.422847
1673000 0.000000 0.422594
1674000 1.000000 0.422939
1675000 0.000000 0.422687
1676000 0.000000 0.422434
1677000 0.000000 0.422182
1678000 0.000000 0.421931
1679000 0.000000 0.421680
1680000 0.000000 0.421429
1681000 0.000000 0.421178
1682000 0.000000 0.420927
1683000 1.000000 0.421272
1684000 1.000000 0.421615
1685000 0.000000 0.421365
1686000 2.000000 0.422301
1687000 0.000000 0.422051
1688000 0.000000 0.421801
1689000 0.000000 0.421551
1690000 0.000000 0.421302
1691000 1.000000 0.421644
1692000 1.000000 0.421986
1693000 1.000000 0.422327
1694000 1.000000 0.422668
1695000 1.000000 0.423009
1696000 1.000000 0.423349
1697000 0.000000 0.423100
1698000 0.000000 0.422850
1699000 1.000000 0.423190
1700000 0.000000 0.422941
1701000 2.000000 0.423868
1702000 1.000000 0.424207
1703000 0.000000 0.423958
1704000 0.000000 0.423709
1705000 0.000000 0.423460
1706000 2.000000 0.424385
1707000 1.000000 0.424722
1708000 0.000000 0.424473
1709000 1.000000 0.424810
1710000 1.000000 0.425146
1711000 1.000000 0.425482
1712000 0.000000 0.425234
1713000 0.000000 0.424985
1714000 0.000000 0.424737
1715000 1.000000 0.425073
1716000 0.000000 0.424825
1717000 0.000000 0.424578
1718000 0.000000 0.424331
1719000 0.000000 0.424084
1720000 0.000000 0.423837
1721000 0.000000 0.423591
1722000 0.000000 0.423345
1723000 1.000000 0.423680
1724000 0.000000 0.423434
1725000 2.000000 0.424348
1726000 0.000000 0.424102
1727000 0.000000 0.423856
1728000 0.000000 0.423611
1729000 0.000000 0.423366
1730000 0.000000 0.423121
1731000 0.000000 0.422877
1732000 1.000000 0.423210
1733000 0.000000 0.422966
1734000 1.000000 0.423299
1735000 0.000000 0.423055
1736000 0.000000 0.422811
1737000 2.000000 0.423719
1738000 1.000000 0.424051
1739000 0.000000 0.423807
1740000 0.000000 0.423563
1741000 2.000000 0.424469
1742000 0.000000 0.424225
1743000 0.000000 0.423982
1744000 2.000000 0.424885
1745000 0.000000 0.424642
1746000 0.000000 0.424399
1747000 0.000000 0.424156
1748000 1.000000 0.424485
1749000 0.000000 0.424242
1750000 0.000000 0.424000
1751000 0.000000 0.423758
1752000 0.000000 0.423516
1753000 0.000000 0.423274
1754000 1.000000 0.423603
1755000 1.000000 0.423932
1756000 1.000000 0.424260
1757000 0.000000 0.424018
1758000 0.000000 0.423777
1759000 1.000000 0.424105
1760000 0.000000 0.423864
1761000 0.000000 0.423623
1762000 0.000000 0.423383
1763000 1.000000 0.423710
1764000 0.000000 0.423469
1765000 0.000000 0.423229
1766000 0.000000 0.422990
1767000 0.000000 0.422750
1768000 0.000000 0.422511
1769000 0.000000 0.422272
1770000 0.000000 0.422034
1771000 1.000000 0.422360
1772000 0.000000 0.422122
1773000 1.000000 0.422448
1774000 1.000000 0.422773
1775000 0.000000 0.422535
1776000 0.000000 0.422297
1777000 0.000000 0.422060
1778000 1.000000 0.422385
1779000 0.000000 0.422147
1780000 0.000000 0.421910
1781000 0.000000 0.421673
1782000 0.000000 0.421437
1783000 0.000000 0.421200
1784000 1.000000 0.421525
1785000 1.000000 0.421849
1786000 0.000000 0.421613
1787000 0.000000 0.421377
1788000 1.000000 0.421700
1789000 0.000000 0.421465
1790000 1.000000 0.421788
1791000 0.000000 0.421552
1792000 0.000000 0.421317
1793000 1.000000 0.421640
1794000 0.000000 0.421405
1795000 0.000000 0.421170
1796000 0.000000 0.420935
1797000 0.000000 0.420701
1798000 0.000000 0.420467
1799000 0.000000 0.420233
1800000 0.000000 0.420000
1801000 3.000000 0.421433
1802000 0.000000 0.421199
1803000 0.000000 0.420965
1804000 1.000000 0.421286
1805000 1.000000 0.421607
1806000 0.000000 0.421373
1807000 1.000000 0.421693
1808000 1.000000 0.422013
1809000 0.000000 0.421780
1810000 1.000000 0.422099
1811000 1.000000 0.422419
1812000 0.000000 0.422185
1813000 0.000000 0.421953
1814000 0.000000 0.421720
1815000 2.000000 0.422590
1816000 1.000000 0.422907
1817000 0.000000 0.422675
1818000 0.000000 0.422442
1819000 1.000000 0.422760
1820000 0.000000 0.422527
1821000 0.000000 0.422295
1822000 0.000000 0.422064
1823000 0.000000 0.421832
1824000 0.000000 0.421601
1825000 0.000000 0.421370
1826000 1.000000 0.421687
1827000 0.000000 0.421456
1828000 0.000000 0.421225
1829000 1.000000 0.421542
1830000 1.000000 0.421858
1831000 0.000000 0.421628
1832000 0.000000 0.421397
1833000 0.000000 0.421167
1834000 1.000000 0.421483
1835000 2.000000 0.422343
1836000 1.000000 0.422658
1837000 0.000000 0.422428
1838000 0.000000 0.422198
1839000 1.000000 0.422512
1840000 0.000000 0.422283
1841000 0.000000 0.422053
1842000 0.000000 0.421824
1843000 1.000000 0.422138
1844000 1.000000 0.422451
1845000 0.000000 0.422222
1846000 0.000000 0.421993
1847000 1.000000 0.422306
1848000 0.000000 0.422078
1849000 0.000000 0.421850
1850000 0.000000 0.421622
1851000 2.000000 0.422474
1852000 0.000000 0.422246
1853000 0.000000 0.422018
1854000 0.000000 0.421791
1855000 0.000000 0.421563
1856000 1.000000 0.421875
1857000 2.000000 0.422725
1858000 0.000000 0.422497
1859000 1.000000 0.422808
1860000 1.000000 0.423118
1861000 0.000000 0.422891
1862000 0.000000 0.422664
1863000 0.000000 0.422437
1864000 0.000000 0.422210
1865000 0.000000 0.421984
1866000 0.000000 0.421758
1867000 0.000000 0.421532
1868000 0.000000 0.421306
1869000 1.000000 0.421616
1870000 1.000000 0.421925
1871000 0.000000 0.421700
1872000 0.000000 0.421474
1873000 0.000000 0.421249
1874000 0.000000 0.421025
1875000 0.000000 0.420800
1876000 0.000000 0.420576
1877000 0.000000 0.420352
1878000 1.000000 0.420660
1879000 0.000000 0.420436
1880000 0.000000 0.420213
1881000 0.000000 0.419989
1882000 0.000000 0.419766
1883000 1.000000 0.420074
1884000 0.000000 0.419851
1885000 0.000000 0.419629
1886000 1.000000 0.419936
1887000 1.000000 0.420244
1888000 1.000000 0.420551
1889000 2.000000 0.421387
1890000 0.000000 0.421164
1891000 0.000000 0.420941
1892000 1.000000 0.421247
1893000 0.000000 0.421025
1894000 0.000000 0.420803
1895000 1.000000 0.421108
1896000 2.000000 0.421941
1897000 0.000000 0.421719
1898000 0.000000 0.421496
1899000 0.000000 0.421274
1900000 0.000000 0.421053
1901000 1.000000 0.421357
1902000 0.000000 0.421136
1903000 0.000000 0.420914
1904000 0.000000 0.420693
1905000 0.000000 0.420472
1906000 0.000000 0.420252
1907000 1.000000 0.420556
1908000 0.000000 0.420335
1909000 0.000000 0.420115
1910000 1.000000 0.420419
1911000 0.000000 0.420199
1912000 2.000000 0.421025
1913000 1.000000 0.421328
1914000 0.000000 0.421108
1915000 0.000000 0.420888
1916000 1.000000 0.421190
1917000 1.000000 0.421492
1918000 0.000000 0.421272
1919000 0.000000 0.421053
1920000 0.000000 0.420833
1921000 0.000000 0.420614
1922000 0.000000 0.420395
1923000 1.000000 0.420697
1924000 1.000000 0.420998
1925000 2.000000 0.421818
1926000 1.000000 0.422118
1927000 0.000000 0.421899
1928000 0.000000 0.421680
1929000 1.000000 0.421980
1930000 0.000000 0.421762
1931000 1.000000 0.422061
1932000 0.000000 0.421843
1933000 0.000000 0.421624
1934000 0.000000 0.421406
1935000 0.000000 0.421189
1936000 0.000000 0.420971
1937000 0.000000 0.420754
1938000 0.000000 0.420537
1939000 1.000000 0.420835
1940000 1.000000 0.421134
1941000 1.000000 0.421432
1942000 2.000000 0.422245
1943000 1.000000 0.422542
1944000 1.000000 0.422840
1945000 0.000000 0.422622
1946000 1.000000 0.422919
1947000 0.000000 0.422702
1948000 1.000000 0.422998
1949000 0.000000 0.422781
1950000 1.000000 0.423077
1951000 0.000000 0.422860
1952000 0.000000 0.422643
1953000 0.000000 0.422427
1954000 2.000000 0.423234
1955000 1.000000 0.423529
1956000 0.000000 0.423313
1957000 0.000000 0.423097
1958000 1.000000 0.423391
1959000 0.000000 0.423175
1960000 0.000000 0.422959
1961000 0.000000 0.422743
1962000 0.000000 0.422528
1963000 0.000000 0.422313
1964000 0.000000 0.422098
1965000 0.000000 0.421883
1966000 1.000000 0.422177
1967000 0.000000 0.421962
1968000 0.000000 0.421748
1969000 0.000000 0.421534
1970000 1.000000 0.421827
1971000 0.000000 0.421613
1972000 0.000000 0.421400
1973000 0.000000 0.421186
1974000 0.000000 0.420973
1975000 1.000000 0.421266
1976000 1.000000 0.421559
1977000 0.000000 0.421345
1978000 2.000000 0.422144
1979000 1.000000 0.422436
1980000 0.000000 0.422222
1981000 1.000000 0.422514
1982000 1.000000 0.422805
1983000 1.000000 0.423096
1984000 1.000000 0.423387
1985000 2.000000 0.424181
1986000 0.000000 0.423968
1987000 0.000000 0.423754
1988000 1.000000 0.424044
1989000 0.000000 0.423831
1990000 2.000000 0.424623
1991000 0.000000 0.424410
1992000 0.000000 0.424197
1993000 0.000000 0.423984
1994000 1.000000 0.424273
1995000 0.000000 0.424060
1996000 0.000000 0.423848
1997000 0.000000 0.423635
1998000 0.000000 0.423423
1999000 0.000000 0.423212
2000000 0.000000 0.423000
2001000 1.000000 0.423288
2002000 1.000000 0.423576
2003000 0.000000 0.423365
2004000 2.000000 0.424152
2005000 0.000000 0.423940
2006000 1.000000 0.424227
2007000 0.000000 0.424016
2008000 0.000000 0.423805
2009000 1.000000 0.424092
2010000 0.000000 0.423881
2011000 0.000000 0.423670
2012000 1.000000 0.423956
2013000 0.000000 0.423746
2014000 0.000000 0.423535
2015000 0.000000 0.423325
2016000 1.000000 0.423611
2017000 1.000000 0.423897
2018000 0.000000 0.423687
2019000 0.000000 0.423477
2020000 1.000000 0.423762
2021000 0.000000 0.423553
2022000 1.000000 0.423838
2023000 0.000000 0.423628
2024000 0.000000 0.423419
2025000 1.000000 0.423704
2026000 0.000000 0.423495
2027000 0.000000 0.423286
2028000 0.000000 0.423077
2029000 0.000000 0.422868
2030000 0.000000 0.422660
2031000 0.000000 0.422452
2032000 1.000000 0.422736
2033000 0.000000 0.422528
2034000 0.000000 0.422321
2035000 0.000000 0.422113
2036000 1.000000 0.422397
2037000 0.000000 0.422189
2038000 0.000000 0.421982
2039000 1.000000 0.422266
2040000 1.000000 0.422549
2041000 0.000000 0.422342
2042000 0.000000 0.422135
2043000 0.000000 0.421929
2044000 0.000000 0.421722
2045000 1.000000 0.422005
2046000 0.000000 0.421799
2047000 0.000000 0.421593
2048000 0.000000 0.421387
2049000 1.000000 0.421669
2050000 0.000000 0.421463
2051000 0.000000 0.421258
2052000 0.000000 0.421053
2053000 0.000000 0.420848
2054000 2.000000 0.421616
2055000 1.000000 0.421898
2056000 0.000000 0.421693
2057000 1.000000 0.421974
2058000 1.000000 0.422255
2059000 2.000000 0.423021
2060000 1.000000 0.423301
2061000 1.000000 0.423581
2062000 0.000000 0.423375
2063000 0.000000 0.423170
2064000 0.000000 0.422965
2065000 1.000000 0.423245
2066000 0.000000 0.423040
2067000 0.000000 0.422835
2068000 0.000000 0.422631
2069000 1.000000 0.422910
2070000 0.000000 0.422705
2071000 0.000000 0.422501
2072000 1.000000 0.422780
2073000 0.000000 0.422576
2074000 1.000000 0.422854
2075000 0.000000 0.422651
2076000 0.000000 0.422447
2077000 0.000000 0.422244
2078000 0.000000 0.422040
2079000 0.000000 0.421837
2080000 0.000000 0.421635
2081000 0.000000 0.421432
2082000 0.000000 0.421230
2083000 1.000000 0.421507
2084000 0.000000 0.421305
2085000 0.000000 0.421103
2086000 2.000000 0.421860
2087000 0.000000 0.421658
2088000 0.000000 0.421456
2089000 1.000000 0.421733
2090000 0.000000 0.421531
2091000 0.000000 0.421330
2092000 0.000000 0.421128
2093000 0.000000 0.420927
2094000 0.000000 0.420726
2095000 0.000000 0.420525
2096000 0.000000 0.420324
2097000 1.000000 0.420601
2098000 0.000000 0.420400
2099000 0.000000 0.420200
2100000 0.000000 0.420000
2101000 1.000000 0.420276
2102000 0.000000 0.420076
2103000 0.000000 0.419876
2104000 0.000000 0.419677
2105000 0.000000 0.419477
2106000 0.000000 0.419278
2107000 0.000000 0.419079
2108000 0.000000 0.418880
2109000 1.000000 0.419156
2110000 0.000000 0.418957
2111000 0.000000 0.418759
2112000 1.000000 0.419034
2113000 0.000000 0.418836
2114000 1.000000 0.419111
2115000 0.000000 0.418913
2116000 0.000000 0.418715
2117000 0.000000 0.418517
2118000 1.000000 0.418791
2119000 0.000000 0.418594
2120000 0.000000 0.418396
2121000 1.000000 0.418670
2122000 0.000000 0.418473
2123000 0.000000 0.418276
2124000 0.000000 0.418079
2125000 0.000000 0.417882
2126000 1.000000 0.418156
2127000 1.000000 0.418430
2128000 0.000000 0.418233
2129000 0.000000 0.418037
2130000 0.000000 0.417840
2131000 0.000000 0.417644
2132000 0.000000 0.417448
2133000 0.000000 0.417253
2134000 0.000000 0.417057
2135000 0.000000 0.416862
2136000 0.000000 0.416667
2137000 1.000000 0.416940
2138000 1.000000 0.417212
2139000 0.000000 0.417017
2140000 1.000000 0.417290
2141000 1.000000 0.417562
2142000 1.000000 0.417834
2143000 0.000000 0.417639
2144000 0.000000 0.417444
2145000 0.000000 0.417249
2146000 1.000000 0.417521
2147000 0.000000 0.417327
2148000 0.000000 0.417132
2149000 1.000000 0.417403
2150000 0.000000 0.417209
2151000 0.000000 0.417015
2152000 1.000000 0.417286
2153000 3.000000 0.418486
2154000 2.000000 0.419220
2155000 0.000000 0.419026
2156000 1.000000 0.419295
2157000 0.000000 0.419101
2158000 0.000000 0.418906
2159000 2.000000 0.419639
2160000 0.000000 0.419444
2161000 2.000000 0.420176
2162000 0.000000 0.419981
2163000 0.000000 0.419787
2164000 0.000000 0.419593
2165000 0.000000 0.419400
2166000 1.000000 0.419668
2167000 2.000000 0.420397
2168000 0.000000 0.420203
2169000 0.000000 0.420009
2170000 0.000000 0.419816
2171000 2.000000 0.420544
2172000 1.000000 0.420810
2173000 0.000000 0.420617
2174000 1.000000 0.420883
2175000 0.000000 0.420690
2176000 0.000000 0.420496
2177000 1.000000 0.420763
2178000 0.000000 0.420569
2179000 0.000000 0.420376
2180000 0.000000 0.420183
2181000 1.000000 0.420449
2182000 0.000000 0.420257
2183000 0.000000 0.420064
2184000 0.000000 0.419872
2185000 0.000000 0.419680
2186000 0.000000 0.419488
2187000 0.000000 0.419296
2188000 0.000000 0.419104
2189000 0.000000 0.418913
2190000 0.000000 0.418721
2191000 0.000000 0.418530
2192000 1.000000 0.418796
2193000 0.000000 0.418605
2194000 0.000000 0.418414
2195000 0.000000 0.418223
2196000 1.000000 0.418488
2197000 0.000000 0.418298
2198000 1.000000 0.418562
2199000 0.000000 0.418372
2200000 0.000000 0.418182
2201000 3.000000 0.419355
2202000 1.000000 0.419619
2203000 0.000000 0.419428
2204000 0.000000 0.419238
2205000 1.000000 0.419501
2206000 1.000000 0.419764
2207000 0.000000 0.419574
2208000 0.000000 0.419384
2209000 1.000000 0.419647
2210000 1.000000 0.419910
2211000 1.000000 0.420172
2212000 0.000000 0.419982
2213000 0.000000 0.419792
2214000 0.000000 0.419603
2215000 0.000000 0.419413
2216000 0.000000 0.419224
2217000 2.000000 0.419937
2218000 0.000000 0.419748
2219000 0.000000 0.419558
2220000 1.000000 0.419820
2221000 0.000000 0.419631
2222000 0.000000 0.419442
2223000 0.000000 0.419253
2224000 1.000000 0.419514
2225000 0.000000 0.419326
2226000 0.000000 0.419137
2227000 0.000000 0.418949
2228000 0.000000 0.418761
2229000 2.000000 0.419471
2230000 1.000000 0.419731
2231000 2.000000 0.420439
2232000 1.000000 0.420699
2233000 0.000000 0.420511
2234000 0.000000 0.420322
2235000 1.000000 0.420582
2236000 1.000000 0.420841
2237000 1.000000 0.421100
2238000 0.000000 0.420912
2239000 0.000000 0.420724
2240000 0.000000 0.420536
2241000 0.000000 0.420348
2242000 0.000000 0.420161
2243000 1.000000 0.420419
2244000 0.000000 0.420232
2245000 0.000000 0.420045
2246000 2.000000 0.420748
2247000 0.000000 0.420561
2248000 1.000000 0.420819
2249000 0.000000 0.420631
2250000 1.000000 0.420889
2251000 1.000000 0.421146
2252000 0.000000 0.420959
2253000 0.000000 0.420772
2254000 0.000000 0.420586
2255000 0.000000 0.420399
2256000 0.000000 0.420213
2257000 0.000000 0.420027
2258000 1.000000 0.420283
2259000 0.000000 0.420097
2260000 1.000000 0.420354
2261000 0.000000 0.420168
2262000 0.000000 0.419982
2263000 1.000000 0.420239
2264000 0.000000 0.420053
2265000 0.000000 0.419868
2266000 2.000000 0.420565
2267000 1.000000 0.420820
2268000 0.000000 0.420635
2269000 0.000000 0.420450
2270000 0.000000 0.420264
2271000 0.000000 0.420079
2272000 0.000000 0.419894
2273000 0.000000 0.419710
2274000 0.000000 0.419525
2275000 0.000000 0.419341
2276000 1.000000 0.419596
2277000 1.000000 0.419851
2278000 0.000000 0.419666
2279000 0.000000 0.419482
2280000 0.000000 0.419298
2281000 1.000000 0.419553
2282000 0.000000 0.419369
2283000 0.000000 0.419185
2284000 0.000000 0.419002
2285000 1.000000 0.419256
2286000 0.000000 0.419073
2287000 0.000000 0.418889
2288000 0.000000 0.418706
2289000 1.000000 0.418960
2290000 0.000000 0.418777
2291000 1.000000 0.419031
2292000 0.000000 0.418848
2293000 0.000000 0.418666
2294000 1.000000 0.418919
2295000 1.000000 0.419172
2296000 0.000000 0.418990
2297000 0.000000 0.418807
2298000 0.000000 0.418625
2299000 1.000000 0.418878
2300000 1.000000 0.419130
2301000 0.000000 0.418948
2302000 2.000000 0.419635
2303000 2.000000 0.420321
2304000 1.000000 0.420573
2305000 0.000000 0.420390
2306000 0.000000 0.420208
2307000 0.000000 0.420026
2308000 0.000000 0.419844
2309000 0.000000 0.419662
2310000 0.000000 0.419481
2311000 0.000000 0.419299
2312000 1.000000 0.419550
2313000 0.000000 0.419369
2314000 0.000000 0.419188
2315000 0.000000 0.419006
2316000 0.000000 0.418826
2317000 1.000000 0.419076
2318000 0.000000 0.418896
2319000 0.000000 0.418715
2320000 0.000000 0.418534
2321000 0.000000 0.418354
2322000 0.000000 0.418174
2323000 0.000000 0.417994
2324000 0.000000 0.417814
2325000 1.000000 0.418065
2326000 0.000000 0.417885
2327000 0.000000 0.417705
2328000 1.000000 0.417955
2329000 1.000000 0.418205
2330000 0.000000 0.418026
2331000 2.000000 0.418704
2332000 0.000000 0.418525
2333000 0.000000 0.418345
2334000 1.000000 0.418595
2335000 0.000000 0.418415
2336000 0.000000 0.418236
2337000 3.000000 0.419341
2338000 0.000000 0.419162
2339000 0.000000 0.418982
2340000 0.000000 0.418803
2341000 3.000000 0.419906
2342000 1.000000 0.420154
2343000 0.000000 0.419974
2344000 0.000000 0.419795
2345000 1.000000 0.420043
2346000 0.000000 0.419864
2347000 0.000000 0.419685
2348000 1.000000 0.419932
2349000 0.000000 0.419753
2350000 1.000000 0.420000
2351000 0.000000 0.419821
2352000 1.000000 0.420068
2353000 0.000000 0.419890
2354000 0.000000 0.419711
2355000 2.000000 0.420382
2356000 0.000000 0.420204
2357000 0.000000 0.420025
2358000 1.000000 0.420271
2359000 0.000000 0.420093
2360000 1.000000 0.420339
2361000 1.000000 0.420584
2362000 0.000000 0.420406
2363000 1.000000 0.420652
2364000 1.000000 0.420897
2365000 0.000000 0.420719
2366000 0.000000 0.420541
2367000 1.000000 0.420786
2368000 0.000000 0.420608
2369000 0.000000 0.420431
2370000 0.000000 0.420253
2371000 0.000000 0.420076
2372000 0.000000 0.419899
2373000 0.000000 0.419722
2374000 0.000000 0.419545
2375000 0.000000 0.419368
2376000 0.000000 0.419192
2377000 1.000000 0.419436
2378000 0.000000 0.419260
2379000 0.000000 0.419084
2380000 0.000000 0.418908
2381000 0.000000 0.418732
2382000 1.000000 0.418976
2383000 0.000000 0.418800
2384000 1.000000 0.419044
2385000 0.000000 0.418868
2386000 0.000000 0.418692
2387000 0.000000 0.418517
2388000 0.000000 0.418342
2389000 1.000000 0.418585
2390000 0.000000 0.418410
2391000 2.000000 0.419072
2392000 1.000000 0.419314
2393000 0.000000 0.419139
2394000 2.000000 0.419799
2395000 1.000000 0.420042
2396000 1.000000 0.420284
2397000 1.000000 0.420526
2398000 1.000000 0.420767
2399000 0.000000 0.420592
2400000 0.000000 0.420417
2401000 1.000000 0.420658
2402000 0.000000 0.420483
2403000 0.000000 0.420308
2404000 1.000000 0.420549
2405000 0.000000 0.420374
2406000 0.000000 0.420200
2407000 1.000000 0.420440
2408000 0.000000 0.420266
2409000 0.000000 0.420091
2410000 0.000000 0.419917
2411000 0.000000 0.419743
2412000 0.000000 0.419569
2413000 0.000000 0.419395
2414000 0.000000 0.419221
2415000 0.000000 0.419048
2416000 0.000000 0.418874
2417000 0.000000 0.418701
2418000 2.000000 0.419355
2419000 1.000000 0.419595
2420000 1.000000 0.419835
2421000 0.000000 0.419661
2422000 0.000000 0.419488
2423000 0.000000 0.419315
2424000 0.000000 0.419142
2425000 1.000000 0.419381
2426000 0.000000 0.419209
2427000 1.000000 0.419448
2428000 1.000000 0.419687
2429000 0.000000 0.419514
2430000 0.000000 0.419342
2431000 1.000000 0.419580
2432000 1.000000 0.419819
2433000 0.000000 0.419647
2434000 0.000000 0.419474
2435000 1.000000 0.419713
2436000 0.000000 0.419540
2437000 0.000000 0.419368
2438000 2.000000 0.420016
2439000 0.000000 0.419844
2440000 1.000000 0.420082
2441000 1.000000 0.420320
2442000 1.000000 0.420557
2443000 0.000000 0.420385
2444000 0.000000 0.420213
2445000 0.000000 0.420041
2446000 0.000000 0.419869
2447000 1.000000 0.420106
2448000 0.000000 0.419935
2449000 0.000000 0.419763
2450000 0.000000 0.419592
2451000 0.000000 0.419421
2452000 0.000000 0.419250
2453000 0.000000 0.419079
2454000 0.000000 0.418908
2455000 2.000000 0.419552
2456000 0.000000 0.419381
2457000 1.000000 0.419617
2458000 0.000000 0.419447
2459000 0.000000 0.419276
2460000 0.000000 0.419106
2461000 1.000000 0.419342
2462000 0.000000 0.419171
2463000 0.000000 0.419001
2464000 2.000000 0.419643
2465000 1.000000 0.419878
2466000 0.000000 0.419708
2467000 0.000000 0.419538
2468000 0.000000 0.419368
2469000 2.000000 0.420008
2470000 1.000000 0.420243
2471000 0.000000 0.420073
2472000 0.000000 0.419903
2473000 0.000000 0.419733
2474000 0.000000 0.419563
2475000 0.000000 0.419394
2476000 0.000000 0.419225
2477000 0.000000 0.419055
2478000 1.000000 0.419290
2479000 1.000000 0.419524
2480000 1.000000 0.419758
2481000 1.000000 0.419992
2482000 1.000000 0.420226
2483000 1.000000 0.420459
2484000 1.000000 0.420692
2485000 0.000000 0.420523
2486000 0.000000 0.420354
2487000 1.000000 0.420587
2488000 0.000000 0.420418
2489000 1.000000 0.420651
2490000 0.000000 0.420482
2491000 0.000000 0.420313
2492000 1.000000 0.420546
2493000 0.000000 0.420377
2494000 0.000000 0.420209
2495000 1.000000 0.420441
2496000 0.000000 0.420272
2497000 0.000000 0.420104
2498000 0.000000 0.419936
2499000 0.000000 0.419768
2500000 0.000000 0.419600
2501000 0.000000 0.419432
2502000 0.000000 0.419265
2503000 1.000000 0.419497
2504000 0.000000 0.419329
2505000 1.000000 0.419561
2506000 1.000000 0.419792
2507000 0.000000 0.419625
2508000 0.000000 0.419458
2509000 0.000000 0.419291
2510000 0.000000 0.419124
2511000 0.000000 0.418957
2512000 1.000000 0.419188
2513000 1.000000 0.419419
2514000 1.000000 0.419650
2515000 0.000000 0.419483
2516000 0.000000 0.419316
2517000 1.000000 0.419547
2518000 1.000000 0.419778
2519000 0.000000 0.419611
2520000 0.000000 0.419444
2521000 1.000000 0.419675
2522000 0.000000 0.419508
2523000 0.000000 0.419342
2524000 0.000000 0.419176
2525000 0.000000 0.419010
2526000 0.000000 0.418844
2527000 0.000000 0.418678
2528000 1.000000 0.418908
2529000 0.000000 0.418743
2530000 0.000000 0.418577
2531000 0.000000 0.418412
2532000 1.000000 0.418641
2533000 0.000000 0.418476
2534000 0.000000 0.418311
2535000 0.000000 0.418146
2536000 0.000000 0.417981
2537000 0.000000 0.417816
2538000 0.000000 0.417652
2539000 0.000000 0.417487
2540000 1.000000 0.417717
2541000 1.000000 0.417946
2542000 0.000000 0.417781
2543000 1.000000 0.418010
2544000 1.000000 0.418239
2545000 1.000000 0.418468
2546000 0.000000 0.418303
2547000 1.000000 0.418532
2548000 0.000000 0.418367
2549000 0.000000 0.418203
2550000 2.000000 0.418824
2551000 1.000000 0.419051
2552000 0.000000 0.418887
2553000 1.000000 0.419115
2554000 0.000000 0.418951
2555000 0.000000 0.418787
2556000 2.000000 0.419405
2557000 0.000000 0.419241
2558000 0.000000 0.419077
2559000 0.000000 0.418914
2560000 0.000000 0.418750
2561000 1.000000 0.418977
2562000 0.000000 0.418813
2563000 0.000000 0.418650
2564000 0.000000 0.418487
2565000 0.000000 0.418324
2566000 1.000000 0.418550
2567000 0.000000 0.418387
2568000 0.000000 0.418224
2569000 0.000000 0.418062
2570000 1.000000 0.418288
2571000 0.000000 0.418125
2572000 0.000000 0.417963
2573000 1.000000 0.418189
2574000 0.000000 0.418026
2575000 0.000000 0.417864
2576000 0.000000 0.417702
2577000 2.000000 0.418316
2578000 0.000000 0.418154
2579000 0.000000 0.417991
2580000 1.000000 0.418217
2581000 2.000000 0.418830
2582000 0.000000 0.418668
2583000 1.000000 0.418893
2584000 1.000000 0.419118
2585000 0.000000 0.418956
2586000 0.000000 0.418794
2587000 0.000000 0.418632
2588000 0.000000 0.418470
2589000 0.000000 0.418308
2590000 1.000000 0.418533
2591000 2.000000 0.419143
2592000 1.000000 0.419367
2593000 0.000000 0.419206
2594000 0.000000 0.419044
2595000 0.000000 0.418882
2596000 0.000000 0.418721
2597000 0.000000 0.418560
2598000 1.000000 0.418784
2599000 0.000000 0.418623
2600000 0.000000 0.418462
2601000 1.000000 0.418685
2602000 1.000000 0.418909
2603000 0.000000 0.418748
2604000 0.000000 0.418587
2605000 0.000000 0.418426
2606000 1.000000 0.418649
2607000 1.000000 0.418872
2608000 2.000000 0.419479
2609000 1.000000 0.419701
2610000 0.000000 0.419540
2611000 1.000000 0.419763
2612000 2.000000 0.420368
2613000 0.000000 0.420207
2614000 1.000000 0.420428
2615000 1.000000 0.420650
2616000 0.000000 0.420489
2617000 1.000000 0.420711
2618000 0.000000 0.420550
2619000 0.000000 0.420389
2620000 1.000000 0.420611
2621000 0.000000 0.420450
2622000 0.000000 0.420290
2623000 0.000000 0.420130
2624000 0.000000 0.419970
2625000 1.000000 0.420190
2626000 0.000000 0.420030
2627000 0.000000 0.419871
2628000 1.000000 0.420091
2629000 1.000000 0.420312
2630000 1.000000 0.420532
2631000 0.000000 0.420372
2632000 0.000000 0.420213
2633000 0.000000 0.420053
2634000 0.000000 0.419894
2635000 0.000000 0.419734
2636000 1.000000 0.419954
2637000 0.000000 0.419795
2638000 0.000000 0.419636
2639000 0.000000 0.419477
2640000 0.000000 0.419318
2641000 0.000000 0.419159
2642000 0.000000 0.419001
2643000 0.000000 0.418842
2644000 0.000000 0.418684
2645000 0.000000 0.418526
2646000 0.000000 0.418367
2647000 0.000000 0.418209
2648000 0.000000 0.418051
2649000 0.000000 0.417894
2650000 0.000000 0.417736
2651000 0.000000 0.417578
2652000 0.000000 0.417421
2653000 0.000000 0.417263
2654000 0.000000 0.417106
2655000 0.000000 0.416949
2656000 0.000000 0.416792
2657000 1.000000 0.417012
2658000 0.000000 0.416855
2659000 0.000000 0.416698
2660000 0.000000 0.416541
2661000 0.000000 0.416385
2662000 0.000000 0.416228
2663000 0.000000 0.416072
2664000 1.000000 0.416291
2665000 0.000000 0.416135
2666000 0.000000 0.415979
2667000 1.000000 0.416198
2668000 0.000000 0.416042
2669000 0.000000 0.415886
2670000 0.000000 0.415730
2671000 1.000000 0.415949
2672000 1.000000 0.416168
2673000 1.000000 0.416386
2674000 0.000000 0.416230
2675000 1.000000 0.416449
2676000 0.000000 0.416293
2677000 2.000000 0.416885
2678000 0.000000 0.416729
2679000 0.000000 0.416573
2680000 0.000000 0.416418
2681000 0.000000 0.416263
2682000 1.000000 0.416480
2683000 0.000000 0.416325
2684000 1.000000 0.416542
2685000 0.000000 0.416387
2686000 2.000000 0.416977
2687000 0.000000 0.416822
2688000 1.000000 0.417039
2689000 1.000000 0.417255
2690000 2.000000 0.417844
2691000 0.000000 0.417689
2692000 1.000000 0.417905
2693000 0.000000 0.417750
2694000 2.000000 0.418337
2695000 0.000000 0.418182
2696000 2.000000 0.418769
2697000 0.000000 0.418613
2698000 1.000000 0.418829
2699000 0.000000 0.418674
2700000 1.000000 0.418889
2701000 0.000000 0.418734
2702000 3.000000 0.419689
2703000 0.000000 0.419534
2704000 2.000000 0.420118
2705000 0.000000 0.419963
2706000 1.000000 0.420177
2707000 0.000000 0.420022
2708000 0.000000 0.419867
2709000 0.000000 0.419712
2710000 0.000000 0.419557
2711000 1.000000 0.419771
2712000 0.000000 0.419617
2713000 1.000000 0.419830
2714000 0.000000 0.419676
2715000 1.000000 0.419890
2716000 0.000000 0.419735
2717000 0.000000 0.419580
2718000 0.000000 0.419426
2719000 0.000000 0.419272
2720000 1.000000 0.419485
2721000 2.000000 0.420066
2722000 1.000000 0.420279
2723000 0.000000 0.420125
2724000 0.000000 0.419971
2725000 1.000000 0.420183
2726000 0.000000 0.420029
2727000 1.000000 0.420242
2728000 1.000000 0.420455
2729000 0.000000 0.420300
2730000 0.000000 0.420147
2731000 0.000000 0.419993
2732000 2.000000 0.420571
2733000 0.000000 0.420417
2734000 0.000000 0.420263
2735000 1.000000 0.420475
2736000 1.000000 0.420687
2737000 0.000000 0.420533
2738000 0.000000 0.420380
2739000 0.000000 0.420226
2740000 0.000000 0.420073
2741000 0.000000 0.419920
2742000 0.000000 0.419767
2743000 0.000000 0.419614
2744000 1.000000 0.419825
2745000 1.000000 0.420036
2746000 1.000000 0.420248
2747000 2.000000 0.420823
2748000 0.000000 0.420670
2749000 0.000000 0.420517
2750000 1.000000 0.420727
2751000 0.000000 0.420574
2752000 0.000000 0.420422
2753000 0.000000 0.420269
2754000 0.000000 0.420116
2755000 1.000000 0.420327
2756000 0.000000 0.420174
2757000 1.000000 0.420384
2758000 1.000000 0.420595
2759000 0.000000 0.420442
2760000 2.000000 0.421014
2761000 0.000000 0.420862
2762000 0.000000 0.420710
2763000 1.000000 0.420919
2764000 0.000000 0.420767
2765000 0.000000 0.420615
2766000 1.000000 0.420824
2767000 0.000000 0.420672
2768000 1.000000 0.420882
2769000 0.000000 0.420730
2770000 0.000000 0.420578
2771000 1.000000 0.420787
2772000 0.000000 0.420635
2773000 0.000000 0.420483
2774000 0.000000 0.420332
2775000 0.000000 0.420180
2776000 0.000000 0.420029
2777000 0.000000 0.419878
2778000 1.000000 0.420086
2779000 0.000000 0.419935
2780000 0.000000 0.419784
2781000 0.000000 0.419633
2782000 0.000000 0.419482
2783000 1.000000 0.419691
2784000 0.000000 0.419540
2785000 0.000000 0.419390
2786000 1.000000 0.419598
2787000 1.000000 0.419806
2788000 0.000000 0.419656
2789000 0.000000 0.419505
2790000 0.000000 0.419355
2791000 1.000000 0.419563
2792000 0.000000 0.419413
2793000 0.000000 0.419262
2794000 0.000000 0.419112
2795000 0.000000 0.418962
2796000 0.000000 0.418813
2797000 0.000000 0.418663
2798000 1.000000 0.418871
2799000 0.000000 0.418721
2800000 1.000000 0.418929
2801000 0.000000 0.418779
2802000 1.000000 0.418986
2803000 2.000000 0.419550
2804000 0.000000 0.419401
2805000 0.000000 0.419251
2806000 0.000000 0.419102
2807000 1.000000 0.419309
2808000 1.000000 0.419516
2809000 0.000000 0.419366
2810000 0.000000 0.419217
2811000 0.000000 0.419068
2812000 1.000000 0.419275
2813000 0.000000 0.419125
2814000 1.000000 0.419332
2815000 0.000000 0.419183
2816000 0.000000 0.419034
2817000 0.000000 0.418885
2818000 0.000000 0.418737
2819000 1.000000 0.418943
2820000 1.000000 0.419149
2821000 0.000000 0.419000
2822000 0.000000 0.418852
2823000 0.000000 0.418704
2824000 0.000000 0.418555
2825000 0.000000 0.418407
2826000 1.000000 0.418613
2827000 1.000000 0.418819
2828000 1.000000 0.419024
2829000 0.000000 0.418876
2830000 1.000000 0.419081
2831000 1.000000 0.419286
2832000 0.000000 0.419138
2833000 0.000000 0.418990
2834000 0.000000 0.418843
2835000 0.000000 0.418695
2836000 0.000000 0.418547
2837000 2.000000 0.419105
2838000 0.000000 0.418957
2839000 0.000000 0.418809
2840000 0.000000 0.418662
2841000 0.000000 0.418515
2842000 0.000000 0.418367
2843000 1.000000 0.418572
2844000 0.000000 0.418425
2845000 0.000000 0.418278
2846000 0.000000 0.418131
2847000 0.000000 0.417984
2848000 0.000000 0.417837
2849000 0.000000 0.417690
2850000 0.000000 0.417544
2851000 2.000000 0.418099
2852000 0.000000 0.417952
2853000 1.000000 0.418156
2854000 1.000000 0.418360
2855000 0.000000 0.418214
2856000 0.000000 0.418067
2857000 0.000000 0.417921
2858000 0.000000 0.417775
2859000 1.000000 0.417978
2860000 0.000000 0.417832
2861000 1.000000 0.418036
2862000 0.000000 0.417890
2863000 0.000000 0.417744
2864000 0.000000 0.417598
2865000 2.000000 0.418150
2866000 0.000000 0.418004
2867000 0.000000 0.417858
2868000 0.000000 0.417713
2869000 0.000000 0.417567
2870000 0.000000 0.417422
2871000 1.000000 0.417625
2872000 2.000000 0.418175
2873000 1.000000 0.418378
2874000 0.000000 0.418232
2875000 0.000000 0.418087
2876000 0.000000 0.417942
2877000 1.000000 0.418144
2878000 0.000000 0.417999
2879000 0.000000 0.417853
2880000 1.000000 0.418056
2881000 0.000000 0.417910
2882000 0.000000 0.417765
2883000 0.000000 0.417621
2884000 1.000000 0.417822
2885000 0.000000 0.417678
2886000 0.000000 0.417533
2887000 0.000000 0.417388
2888000 0.000000 0.417244
2889000 1.000000 0.417445
2890000 1.000000 0.417647
2891000 0.000000 0.417503
2892000 1.000000 0.417704
2893000 0.000000 0.417560
2894000 1.000000 0.417761
2895000 0.000000 0.417617
2896000 0.000000 0.417472
2897000 0.000000 0.417328
2898000 1.000000 0.417529
2899000 0.000000 0.417385
2900000 1.000000 0.417586
2901000 1.000000 0.417787
2902000 0.000000 0.417643
2903000 0.000000 0.417499
2904000 0.000000 0.417355
2905000 0.000000 0.417212
2906000 0.000000 0.417068
2907000 0.000000 0.416925
2908000 0.000000 0.416781
2909000 0.000000 0.416638
2910000 2.000000 0.417182
2911000 0.000000 0.417039
2912000 1.000000 0.417239
2913000 0.000000 0.417096
2914000 1.000000 0.417296
2915000 0.000000 0.417153
2916000 1.000000 0.417353
2917000 2.000000 0.417895
2918000 0.000000 0.417752
2919000 1.000000 0.417951
2920000 0.000000 0.417808
2921000 1.000000 0.418008
2922000 1.000000 0.418207
2923000 0.000000 0.418064
2924000 0.000000 0.417921
2925000 0.000000 0.417778
2926000 0.000000 0.417635
2927000 0.000000 0.417492
2928000 1.000000 0.417691
2929000 0.000000 0.417549
2930000 0.000000 0.417406
2931000 0.000000 0.417264
2932000 0.000000 0.417121
2933000 1.000000 0.417320
2934000 0.000000 0.417178
2935000 0.000000 0.417036
2936000 1.000000 0.417234
2937000 1.000000 0.417433
2938000 1.000000 0.417631
2939000 0.000000 0.417489
2940000 1.000000 0.417687
2941000 0.000000 0.417545
2942000 0.000000 0.417403
2943000 1.000000 0.417601
2944000 0.000000 0.417459
2945000 2.000000 0.417997
2946000 0.000000 0.417855
2947000 1.000000 0.418052
2948000 0.000000 0.417910
2949000 0.000000 0.417769
2950000 0.000000 0.417627
2951000 1.000000 0.417824
2952000 0.000000 0.417683
2953000 1.000000 0.417880
2954000 1.000000 0.418077
2955000 0.000000 0.417936
2956000 1.000000 0.418133
2957000 1.000000 0.418329
2958000 0.000000 0.418188
2959000 1.000000 0.418385
2960000 0.000000 0.418243
2961000 0.000000 0.418102
2962000 0.000000 0.417961
2963000 1.000000 0.418157
2964000 0.000000 0.418016
2965000 0.000000 0.417875
2966000 1.000000 0.418071
2967000 1.000000 0.418268
2968000 2.000000 0.418801
2969000 1.000000 0.418996
2970000 0.000000 0.418855
2971000 0.000000 0.418714
2972000 1.000000 0.418910
2973000 0.000000 0.418769
2974000 0.000000 0.418628
2975000 0.000000 0.418487
2976000 1.000000 0.418683
2977000 0.000000 0.418542
2978000 0.000000 0.418402
2979000 1.000000 0.418597
2980000 0.000000 0.418456
2981000 0.000000 0.418316
2982000 0.000000 0.418176
2983000 0.000000 0.418036
2984000 0.000000 0.417895
2985000 1.000000 0.418090
2986000 0.000000 0.417950
2987000 1.000000 0.418145
2988000 1.000000 0.418340
2989000 1.000000 0.418535
2990000 0.000000 0.418395
2991000 0.000000 0.418255
2992000 0.000000 0.418115
2993000 0.000000 0.417975
2994000 2.000000 0.418504
2995000 0.000000 0.418364
2996000 0.000000 0.418224
2997000 0.000000 0.418085
2998000 0.000000 0.417945
2999000 0.000000 0.417806
3000000 1.000000 0.418000
