1000 35.019875 35.019875
2000 35.171568 35.095721
3000 35.303442 35.164962
4000 35.195384 35.172567
5000 35.560085 35.250071
6000 35.514471 35.294138
7000 35.603938 35.338395
8000 35.609555 35.372290
9000 35.694571 35.408099
10000 35.556737 35.422963
11000 35.613187 35.440256
12000 35.529898 35.447726
13000 35.423164 35.445837
14000 35.510230 35.450436
15000 35.688671 35.466318
16000 35.432666 35.464215
17000 35.439259 35.462747
18000 35.097065 35.442431
19000 35.251020 35.432357
20000 35.459327 35.433706
21000 35.851260 35.453589
22000 35.896626 35.473727
23000 35.890728 35.491858
24000 35.850325 35.506794
25000 36.197145 35.534408
26000 36.134560 35.557491
27000 35.954269 35.572186
28000 36.192131 35.594327
29000 35.980000 35.607626
30000 35.665111 35.609542
31000 35.685492 35.611992
32000 35.737788 35.615923
33000 36.045067 35.628928
34000 35.720355 35.631617
35000 35.656244 35.632320
36000 35.584899 35.631003
37000 35.737891 35.633892
38000 35.380215 35.627216
39000 35.374457 35.620735
40000 35.275032 35.612093
41000 35.505499 35.609493
42000 35.578828 35.608763
43000 35.637160 35.609423
44000 35.757236 35.612783
45000 35.829021 35.617588
46000 35.925851 35.624289
47000 35.523824 35.622152
48000 35.516265 35.619946
49000 35.305382 35.613526
50000 35.403290 35.609321
51000 35.615598 35.609444
52000 35.587503 35.609022
53000 35.332173 35.603799
54000 35.548330 35.602772
55000 35.126999 35.594121
56000 35.357586 35.589897
57000 35.311427 35.585012
58000 34.944102 35.573962
59000 34.929132 35.563032
60000 35.191765 35.556845
61000 35.198580 35.550971
62000 35.142893 35.544390
63000 35.234913 35.539477
64000 34.902612 35.529526
65000 35.166286 35.523938
66000 35.339370 35.521141
67000 35.181329 35.516070
68000 35.213869 35.511625
69000 35.299667 35.508554
70000 34.965460 35.500795
71000 35.204000 35.496615
72000 35.034428 35.490196
73000 35.076004 35.484522
74000 34.937483 35.477129
75000 34.951922 35.470127
76000 34.812092 35.461468
77000 35.002934 35.455513
78000 35.168617 35.451835
79000 35.162559 35.448173
80000 35.081141 35.443585
81000 35.242861 35.441107
82000 35.191768 35.438067
83000 34.886275 35.431419
84000 35.051886 35.426900
85000 34.826874 35.419841
86000 34.716832 35.411667
87000 34.540180 35.401650
88000 34.798327 35.394794
89000 34.633917 35.386244
90000 34.845838 35.380240
91000 35.067766 35.376806
92000 35.336095 35.376364
93000 34.925989 35.371521
94000 34.602984 35.363345
95000 34.579401 35.355093
96000 34.825238 35.349574
97000 34.968288 35.345643
98000 34.592086 35.337953
99000 34.995052 35.334490
100000 35.070853 35.331853
101000 35.279716 35.331337
102000 35.149474 35.329554
103000 35.137837 35.327693
104000 35.315661 35.327577
105000 35.251194 35.326850
106000 35.230800 35.325944
107000 35.241826 35.325158
108000 34.805112 35.320342
109000 34.749054 35.315101
110000 34.703771 35.309544
111000 35.051350 35.307217
112000 34.975551 35.304256
113000 35.144816 35.302845
114000 35.143937 35.301451
115000 34.965780 35.298532
116000 34.942890 35.295467
117000 34.772763 35.290999
118000 35.001407 35.288545
119000 34.754345 35.284056
120000 34.946063 35.281239
121000 34.687663 35.276334
122000 34.526215 35.270185
123000 34.458107 35.263583
124000 34.237989 35.255312
125000 34.373321 35.248256
126000 34.688468 35.243813
127000 34.732227 35.239785
128000 34.561697 35.234487
129000 34.619578 35.229721
130000 34.587792 35.224783
131000 34.451187 35.218877
132000 34.541945 35.213749
133000 34.648152 35.209497
134000 34.489226 35.204121
135000 34.493014 35.198854
136000 34.385962 35.192877
137000 34.622710 35.188715
138000 34.318976 35.182412
139000 34.276524 35.175895
140000 34.649562 35.172136
141000 34.718675 35.168920
142000 34.798052 35.166308
143000 34.825813 35.163927
144000 34.741009 35.160990
145000 34.826621 35.158684
146000 34.957513 35.157306
147000 34.771056 35.154679
148000 34.832021 35.152498
149000 34.672415 35.149276
150000 34.462560 35.144698
151000 34.255706 35.138811
152000 34.261581 35.133040
153000 34.274639 35.127429
154000 34.370908 35.122517
155000 34.432222 35.118063
156000 34.541943 35.114370
157000 34.273690 35.109016
158000 34.416460 35.104632
159000 34.398664 35.100192
160000 34.502295 35.096455
161000 34.387730 35.092053
162000 34.186913 35.086466
163000 34.549043 35.083169
164000 34.230571 35.077970
165000 34.337594 35.073483
166000 34.277099 35.068686
167000 33.954267 35.062012
168000 34.387064 35.057995
169000 34.483228 35.054594
170000 34.342974 35.050408
171000 34.373052 35.046447
172000 34.522210 35.043399
173000 34.584883 35.040748
174000 34.458665 35.037403
175000 34.685689 35.035393
176000 34.510092 35.032409
177000 34.661693 35.030314
178000 34.372614 35.026619
179000 34.070816 35.021280
180000 34.306628 35.017309
181000 34.373787 35.013754
182000 34.282487 35.009736
183000 34.311479 35.005920
184000 34.138020 35.001204
185000 34.356395 34.997718
186000 34.302342 34.993980
187000 34.450593 34.991074
188000 34.298443 34.987389
189000 34.365929 34.984101
190000 34.386895 34.980958
191000 34.578373 34.978850
192000 34.608686 34.976922
193000 34.512870 34.974518
194000 34.771692 34.973473
195000 34.600255 34.971559
196000 34.342403 34.968349
197000 34.421170 34.965571
198000 34.573637 34.963592
199000 34.467968 34.961101
200000 34.396907 34.958280
201000 34.165802 34.954337
202000 34.382805 34.951508
203000 34.100590 34.947316
204000 34.012660 34.942735
205000 34.286096 34.939532
206000 34.057133 34.935248
207000 34.044041 34.930943
208000 34.111773 34.927004
209000 34.116039 34.923124
210000 33.983816 34.918651
211000 33.934433 34.913987
212000 34.141340 34.910342
213000 33.880216 34.905506
214000 33.773276 34.900215
215000 34.242334 34.897155
216000 34.065253 34.893304
217000 34.028394 34.889318
218000 33.926994 34.884904
219000 33.649666 34.879263
220000 34.099410 34.875719
221000 34.015117 34.871824
222000 33.944363 34.867647
223000 33.706981 34.862442
224000 33.557157 34.856615
225000 33.918290 34.852444
226000 33.820346 34.847878
227000 33.891171 34.843663
228000 33.565547 34.838057
229000 33.756498 34.833334
230000 33.679352 34.828317
231000 33.106945 34.820865
232000 33.684586 34.815967
233000 33.536470 34.810476
234000 33.603094 34.805316
235000 33.598858 34.800182
236000 33.646268 34.795293
237000 33.426205 34.789516
238000 33.773451 34.785247
239000 33.878313 34.781452
240000 33.663027 34.776792
241000 33.788688 34.772692
242000 33.955231 34.769314
243000 34.027689 34.766262
244000 34.091189 34.763496
245000 34.053694 34.760598
246000 33.814717 34.756753
247000 33.974568 34.753587
248000 33.992146 34.750516
249000 33.979263 34.747419
250000 33.953378 34.744243
251000 34.005509 34.741300
252000 34.183855 34.739087
253000 34.101414 34.736567
254000 34.270825 34.734733
255000 34.094752 34.732224
256000 34.123833 34.729847
257000 33.807471 34.726258
258000 33.822885 34.722757
259000 34.015995 34.720028
260000 33.861829 34.716727
261000 33.771389 34.713105
262000 33.968684 34.710264
263000 33.813305 34.706853
264000 34.010511 34.704216
265000 33.837554 34.700945
266000 33.552955 34.696630
267000 34.040664 34.694173
268000 33.686866 34.690414
269000 33.872555 34.687374
270000 33.744918 34.683883
271000 33.727009 34.680352
272000 33.803008 34.677127
273000 33.565103 34.673053
274000 33.570876 34.669031
275000 33.636412 34.665276
276000 33.570644 34.661310
277000 33.788933 34.658160
278000 33.876954 34.655350
279000 33.618111 34.651633
280000 33.789885 34.648555
281000 33.523224 34.644550
282000 33.436450 34.640266
283000 33.404452 34.635899
284000 33.432173 34.631661
285000 33.446761 34.627503
286000 33.504934 34.623578
287000 33.795685 34.620694
288000 33.678475 34.617422
289000 33.573660 34.613810
290000 33.931482 34.611458
291000 33.833288 34.608783
292000 33.718521 34.605735
293000 33.627357 34.602395
294000 33.796704 34.599655
295000 33.518227 34.595989
296000 33.586920 34.592580
297000 33.317762 34.588288
298000 33.453260 34.584479
299000 33.713074 34.581565
300000 33.609311 34.578324
301000 33.717583 34.575464
302000 33.805875 34.572916
303000 33.943435 34.570838
304000 33.724128 34.568053
305000 33.816756 34.565590
306000 33.750730 34.562927
307000 33.592038 34.559764
308000 33.752046 34.557142
309000 33.626901 34.554131
310000 33.521449 34.550800
311000 33.525267 34.547503
312000 33.777108 34.545033
313000 33.693625 34.542313
314000 33.812175 34.539988
315000 33.530314 34.536783
316000 33.837972 34.534571
317000 33.703935 34.531951
318000 33.515991 34.528756
319000 33.612417 34.525884
320000 33.756740 34.523480
321000 33.919846 34.521599
322000 33.794648 34.519342
323000 33.626193 34.516577
324000 33.534656 34.513546
325000 33.432660 34.510220
326000 33.765219 34.507935
327000 33.513597 34.504894
328000 33.571012 34.502047
329000 33.830751 34.500007
330000 33.780964 34.497828
331000 33.841198 34.495844
332000 33.716252 34.493496
333000 33.805776 34.491431
334000 33.620242 34.488822
335000 33.712152 34.486504
336000 33.784858 34.484416
337000 34.132584 34.483372
338000 33.981716 34.481887
339000 34.034624 34.480568
340000 33.831904 34.478660
341000 34.033558 34.477355
342000 33.932047 34.475760
343000 34.092277 34.474642
344000 34.430108 34.474513
345000 34.490724 34.474560
346000 34.402075 34.474350
347000 34.311737 34.473882
348000 34.554445 34.474113
349000 34.519418 34.474243
350000 34.718386 34.474941
351000 34.791241 34.475842
352000 34.618626 34.476247
353000 34.435393 34.476132
354000 34.551316 34.476344
355000 34.529519 34.476494
356000 34.520753 34.476618
357000 34.265914 34.476028
358000 34.211041 34.475288
359000 34.505672 34.475372
360000 34.579827 34.475663
361000 34.611971 34.476040
362000 34.709857 34.476686
363000 34.189605 34.475895
364000 34.232258 34.475226
365000 34.375343 34.474952
366000 34.393019 34.474728
367000 34.662039 34.475239
368000 34.480377 34.475253
369000 34.468878 34.475235
370000 34.365241 34.474938
371000 34.402878 34.474744
372000 34.231246 34.474089
373000 33.929713 34.472630
374000 33.955528 34.471247
375000 34.043498 34.470107
376000 34.038025 34.468957
377000 33.796328 34.467173
378000 33.521871 34.464672
379000 33.593801 34.462375
380000 33.716894 34.460413
381000 33.710549 34.458445
382000 33.540246 34.456041
383000 33.760896 34.454226
384000 34.062420 34.453206
385000 33.778981 34.451455
386000 34.058165 34.450436
387000 33.994788 34.449258
388000 33.809669 34.447610
389000 33.860175 34.446100
390000 33.562882 34.443835
391000 33.247639 34.440776
392000 33.611741 34.438661
393000 33.653768 34.436664
394000 34.151473 34.435940
395000 33.805514 34.434344
396000 33.684985 34.432451
397000 33.797792 34.430853
398000 33.835849 34.429358
399000 33.947140 34.428149
400000 34.050365 34.427205
401000 34.033972 34.426224
402000 33.984151 34.425125
403000 34.175059 34.424504
404000 33.963876 34.423364
405000 34.285521 34.423023
406000 34.219192 34.422521
407000 34.197404 34.421968
408000 34.261173 34.421574
409000 34.257998 34.421174
410000 34.056931 34.420286
411000 34.193101 34.419733
412000 34.743822 34.420520
413000 34.289400 34.420202
414000 34.209593 34.419694
415000 34.286148 34.419372
416000 34.403283 34.419333
417000 34.389713 34.419262
418000 34.174389 34.418676
419000 34.340894 34.418491
420000 34.358885 34.418349
421000 34.098993 34.417590
422000 33.882286 34.416322
423000 33.776148 34.414808
424000 33.719608 34.413169
425000 33.742734 34.411591
426000 33.951126 34.410510
427000 33.859649 34.409220
428000 34.136268 34.408582
429000 33.962467 34.407542
430000 33.919273 34.406407
431000 33.750200 34.404884
432000 34.065017 34.404098
433000 33.755689 34.402600
434000 33.884793 34.401407
435000 33.905327 34.400267
436000 34.335686 34.400119
437000 34.086100 34.399400
438000 34.141957 34.398812
439000 34.091481 34.398112
440000 34.166342 34.397585
441000 33.975857 34.396629
442000 34.103863 34.395967
443000 34.161705 34.395438
444000 33.992011 34.394529
445000 33.983625 34.393606
446000 33.554116 34.391724
447000 33.820936 34.390447
448000 33.732591 34.388978
449000 33.667322 34.387371
450000 33.865075 34.386210
451000 33.983484 34.385317
452000 34.142474 34.384780
453000 34.175805 34.384319
454000 33.803369 34.383039
455000 33.962302 34.382115
456000 33.925582 34.381113
457000 33.700408 34.379624
458000 34.044758 34.378893
459000 33.744627 34.377511
460000 33.788377 34.376230
461000 34.063130 34.375551
462000 34.023744 34.374789
463000 34.023978 34.374032
464000 33.536659 34.372227
465000 33.615314 34.370599
466000 33.568130 34.368877
467000 33.623441 34.367281
468000 34.019088 34.366537
469000 33.527939 34.364749
470000 33.719718 34.363377
471000 33.451603 34.361441
472000 33.617877 34.359865
473000 33.744303 34.358564
474000 33.696249 34.357167
475000 33.800256 34.355994
476000 33.827059 34.354883
477000 33.902261 34.353934
478000 33.874883 34.352932
479000 33.991175 34.352177
480000 33.745893 34.350914
481000 33.977268 34.350137
482000 33.741130 34.348873
483000 33.765756 34.347666
484000 33.757512 34.346447
485000 33.732888 34.345182
486000 33.919686 34.344306
487000 33.863397 34.343319
488000 33.999557 34.342614
489000 34.259038 34.342443
490000 34.031870 34.341810
491000 34.200574 34.341522
492000 33.893428 34.340611
493000 34.076089 34.340075
494000 34.142495 34.339675
495000 33.864897 34.338715
496000 34.095590 34.338225
497000 34.165435 34.337878
498000 33.990172 34.337179
499000 34.402711 34.337311
500000 34.083353 34.336803
501000 34.220036 34.336570
502000 34.053228 34.336005
503000 34.344309 34.336022
504000 34.161356 34.335675
505000 34.177650 34.335362
506000 34.074638 34.334847
507000 34.095835 34.334376
508000 34.187992 34.334088
509000 34.108625 34.333645
510000 34.186481 34.333356
511000 34.295873 34.333283
512000 34.169403 34.332963
513000 34.163660 34.332633
514000 33.923896 34.331837
515000 33.752232 34.330712
516000 33.912471 34.329901
517000 33.895737 34.329062
518000 33.900373 34.328234
519000 34.035761 34.327670
520000 33.983609 34.327009
521000 33.596163 34.325606
522000 33.931202 34.324850
523000 33.946657 34.324127
524000 34.057282 34.323618
525000 33.979931 34.322963
526000 34.094265 34.322529
527000 34.315463 34.322515
528000 34.302454 34.322477
529000 34.178153 34.322204
530000 34.070825 34.321730
531000 34.132108 34.321373
532000 34.210499 34.321165
533000 34.451245 34.321409
534000 34.361938 34.321485
535000 34.464841 34.321753
536000 34.329291 34.321767
537000 34.451502 34.322008
538000 34.038174 34.321481
539000 34.156030 34.321174
540000 34.047858 34.320668
541000 34.299174 34.320628
542000 34.350066 34.320682
543000 34.427660 34.320879
544000 34.360544 34.320952
545000 34.609058 34.321481
546000 34.561754 34.321921
547000 34.423337 34.322106
548000 34.585835 34.322587
549000 34.646943 34.323178
550000 34.532907 34.323560
551000 34.263105 34.323450
552000 34.137919 34.323114
553000 34.106850 34.322723
554000 34.020799 34.322178
555000 34.071845 34.321727
556000 34.009657 34.321165
557000 34.079063 34.320731
558000 34.082416 34.320304
559000 34.018803 34.319764
560000 33.812751 34.318859
561000 33.905176 34.318121
562000 33.863138 34.317312
563000 34.146720 34.317009
564000 34.531703 34.317389
565000 34.365851 34.317475
566000 34.121011 34.317128
567000 34.021286 34.316606
568000 33.915461 34.315900
569000 33.754143 34.314913
570000 33.824606 34.314053
571000 33.929969 34.313380
572000 33.827599 34.312531
573000 34.100789 34.312161
574000 34.251378 34.312055
575000 34.317522 34.312065
576000 34.247716 34.311953
577000 34.345852 34.312012
578000 34.589542 34.312492
579000 34.429802 34.312695
580000 34.218400 34.312532
581000 34.475668 34.312813
582000 34.267978 34.312736
583000 34.571620 34.313180
584000 34.810528 34.314031
585000 34.514574 34.314374
586000 34.527547 34.314738
587000 34.312462 34.314734
588000 34.867690 34.315675
589000 34.714366 34.316352
590000 34.446760 34.316573
591000 34.711515 34.317241
592000 34.259200 34.317143
593000 34.250091 34.317030
594000 34.501260 34.317340
595000 34.414750 34.317504
596000 34.422709 34.317680
597000 34.152537 34.317403
598000 34.144950 34.317115
599000 34.194020 34.316910
600000 34.306390 34.316892
601000 34.460964 34.317132
602000 34.407655 34.317282
603000 34.063383 34.316861
604000 34.245299 34.316743
605000 34.153424 34.316473
606000 34.280885 34.316414
607000 33.984863 34.315868
608000 34.061230 34.315449
609000 34.187916 34.315239
610000 34.225076 34.315092
611000 34.284435 34.315041
612000 34.492305 34.315331
613000 34.541921 34.315701
614000 34.351108 34.315758
615000 34.539098 34.316122
616000 34.471038 34.316373
617000 34.564928 34.316776
618000 34.568558 34.317183
619000 34.531363 34.317529
620000 34.398838 34.317660
621000 34.719731 34.318308
622000 34.516791 34.318627
623000 34.624306 34.319118
624000 34.500471 34.319408
625000 34.339226 34.319440
626000 34.204139 34.319256
627000 34.170308 34.319018
628000 34.102211 34.318673
629000 33.965566 34.318112
630000 33.907629 34.317460
631000 33.663561 34.316424
632000 33.522090 34.315167
633000 33.470810 34.313833
634000 33.518100 34.312578
635000 33.193719 34.310816
636000 33.033080 34.308807
637000 33.379982 34.307349
638000 33.352561 34.305852
639000 33.718365 34.304933
640000 33.420501 34.303551
641000 33.247264 34.301903
642000 33.495848 34.300648
643000 33.600103 34.299558
644000 33.325977 34.298046
645000 33.681821 34.297091
646000 33.607757 34.296024
647000 33.718077 34.295131
648000 33.833085 34.294418
649000 34.003029 34.293969
650000 33.601830 34.292904
651000 33.614485 34.291862
652000 33.572869 34.290759
653000 33.580917 34.289672
654000 33.869682 34.289030
655000 34.010177 34.288604
656000 34.090184 34.288301
657000 33.829846 34.287604
658000 33.951718 34.287093
659000 33.841116 34.286416
660000 33.665615 34.285476
661000 33.831741 34.284789
662000 33.777101 34.284022
663000 33.792888 34.283282
664000 33.936319 34.282759
665000 34.256371 34.282720
666000 34.044984 34.282363
667000 34.048593 34.282012
668000 33.837641 34.281347
669000 34.172964 34.281185
670000 34.368420 34.281315
671000 34.088553 34.281028
672000 34.293247 34.281046
673000 34.140703 34.280837
674000 34.085976 34.280548
675000 33.812146 34.279854
676000 33.911436 34.279309
677000 34.205038 34.279200
678000 34.445846 34.279445
679000 34.213129 34.279348
680000 34.280793 34.279350
681000 34.082848 34.279061
682000 34.208511 34.278958
683000 34.076619 34.278662
684000 34.036964 34.278308
685000 34.314541 34.278361
686000 34.047710 34.278025
687000 34.096526 34.277761
688000 34.026434 34.277395
689000 34.009876 34.277007
690000 33.916552 34.276485
691000 34.037423 34.276139
692000 34.463029 34.276409
693000 34.584320 34.276853
694000 34.575916 34.277284
695000 34.128352 34.277070
696000 34.281015 34.277076
697000 34.518995 34.277423
698000 34.731146 34.278073
699000 34.374270 34.278210
700000 34.671036 34.278771
701000 34.429059 34.278986
702000 34.518648 34.279327
703000 34.388041 34.279482
704000 34.395671 34.279647
705000 34.329447 34.279718
706000 34.221108 34.279635
707000 34.350961 34.279735
708000 34.215135 34.279644
709000 34.026962 34.279288
710000 34.151218 34.279107
711000 34.228811 34.279037
712000 34.421996 34.279237
713000 34.327676 34.279305
714000 34.223247 34.279227
715000 34.435614 34.279446
716000 34.584410 34.279872
717000 34.621853 34.280349
718000 34.586740 34.280775
719000 34.198740 34.280661
720000 34.219753 34.280577
721000 34.348136 34.280670
722000 34.374544 34.280800
723000 34.594110 34.281234
724000 34.679564 34.281784
725000 34.601438 34.282225
726000 34.555188 34.282601
727000 34.396782 34.282758
728000 34.764883 34.283420
729000 34.738507 34.284044
730000 34.680745 34.284588
731000 34.626288 34.285055
732000 34.593828 34.285477
733000 34.739793 34.286097
734000 34.624503 34.286558
735000 34.476926 34.286817
736000 34.799125 34.287513
737000 34.931388 34.288387
738000 34.987046 34.289333
739000 35.028257 34.290333
740000 34.949474 34.291224
741000 34.781743 34.291886
742000 34.624822 34.292335
743000 34.765966 34.292972
744000 34.699720 34.293519
745000 34.714883 34.294084
746000 34.365385 34.294180
747000 34.568151 34.294547
748000 34.680002 34.295062
749000 34.413473 34.295220
750000 34.554371 34.295566
751000 34.258450 34.295516
752000 34.498453 34.295786
753000 34.683109 34.296300
754000 34.782698 34.296945
755000 34.819548 34.297638
756000 34.937289 34.298484
757000 34.910968 34.299293
758000 34.729974 34.299861
759000 34.687555 34.300372
760000 34.735905 34.300945
761000 34.952900 34.301802
762000 35.004736 34.302724
763000 35.285714 34.304012
764000 34.918530 34.304817
765000 34.939303 34.305646
766000 34.837559 34.306341
767000 34.781673 34.306960
768000 34.804733 34.307608
769000 34.613957 34.308007
770000 34.573800 34.308352
771000 34.883899 34.309098
772000 34.876986 34.309834
773000 34.847244 34.310529
774000 34.999564 34.311420
775000 34.679817 34.311895
776000 34.901740 34.312655
777000 34.720293 34.313180
778000 34.894505 34.313927
779000 34.933795 34.314723
780000 34.938524 34.315522
781000 34.689132 34.316001
782000 34.716599 34.316513
783000 34.630639 34.316914
784000 34.643967 34.317331
785000 34.874751 34.318041
786000 34.758943 34.318602
787000 34.703078 34.319091
788000 34.471931 34.319285
789000 34.172701 34.319099
790000 34.370803 34.319164
791000 34.289304 34.319127
792000 34.331140 34.319142
793000 34.442100 34.319297
794000 34.336313 34.319318
795000 34.611411 34.319686
796000 34.710387 34.320177
797000 34.812310 34.320794
798000 34.803562 34.321399
799000 34.755181 34.321942
800000 34.389350 34.322026
801000 34.266262 34.321957
802000 34.449308 34.322115
803000 34.499837 34.322337
804000 34.072572 34.322026
805000 34.538912 34.322295
806000 34.695894 34.322759
807000 34.529104 34.323015
808000 34.424484 34.323140
809000 34.365387 34.323193
810000 34.376939 34.323259
811000 34.265368 34.323187
812000 34.636807 34.323574
813000 34.549100 34.323851
814000 34.427855 34.323979
815000 34.560862 34.324270
816000 34.531978 34.324524
817000 34.461042 34.324691
818000 34.368189 34.324744
819000 34.671799 34.325168
820000 34.974604 34.325960
821000 34.718217 34.326438
822000 34.581798 34.326749
823000 34.438562 34.326884
824000 34.351313 34.326914
825000 34.630307 34.327282
826000 34.497161 34.327487
827000 34.558064 34.327766
828000 34.571045 34.328060
829000 34.383407 34.328127
830000 34.529237 34.328369
831000 34.624582 34.328726
832000 34.744503 34.329225
833000 34.763036 34.329746
834000 34.953227 34.330494
835000 34.844440 34.331109
836000 34.739236 34.331597
837000 35.111529 34.332529
838000 34.706611 34.332976
839000 34.873820 34.333620
840000 35.036237 34.334457
841000 34.862980 34.335085
842000 34.706232 34.335526
843000 34.442315 34.335653
844000 34.439191 34.335775
845000 34.487275 34.335955
846000 34.422577 34.336057
847000 34.669405 34.336451
848000 34.767515 34.336959
849000 34.452306 34.337095
850000 34.778716 34.337614
851000 34.700363 34.338041
852000 34.371777 34.338080
853000 34.327376 34.338068
854000 34.559007 34.338326
855000 34.207469 34.338173
856000 34.147437 34.337950
857000 34.383557 34.338004
858000 34.741209 34.338474
859000 34.775535 34.338982
860000 34.699703 34.339402
861000 34.583396 34.339685
862000 34.937842 34.340379
863000 34.727095 34.340827
864000 34.531170 34.341048
865000 34.734057 34.341502
866000 34.490275 34.341674
867000 34.742446 34.342136
868000 34.527401 34.342349
869000 34.366749 34.342377
870000 34.511034 34.342571
871000 34.458305 34.342704
872000 34.534710 34.342924
873000 34.366425 34.342951
874000 34.267011 34.342864
875000 34.464873 34.343004
876000 34.543825 34.343233
877000 34.440875 34.343344
878000 34.396781 34.343405
879000 34.422899 34.343496
880000 33.908499 34.343001
881000 34.358849 34.343019
882000 34.210328 34.342869
883000 34.097051 34.342591
884000 34.039838 34.342248
885000 34.042144 34.341909
886000 34.189146 34.341737
887000 34.051447 34.341409
888000 34.184593 34.341233
889000 34.420175 34.341321
890000 34.555632 34.341562
891000 34.565462 34.341814
892000 34.434980 34.341918
893000 34.463024 34.342054
894000 34.727723 34.342485
895000 34.398811 34.342548
896000 34.562816 34.342794
897000 34.795588 34.343299
898000 35.104269 34.344146
899000 34.598971 34.344429
900000 34.958323 34.345112
901000 34.591580 34.345385
902000 34.595084 34.345662
903000 34.473135 34.345803
904000 34.268035 34.345717
905000 34.399781 34.345777
906000 34.347635 34.345779
907000 34.157162 34.345571
908000 34.357472 34.345584
909000 34.506838 34.345761
910000 34.267628 34.345676
911000 34.234809 34.345554
912000 34.208177 34.345403
913000 34.120961 34.345157
914000 34.022068 34.344804
915000 34.303622 34.344759
916000 34.119292 34.344513
917000 34.431174 34.344607
918000 34.734758 34.345032
919000 34.544590 34.345249
920000 34.523931 34.345444
921000 34.647627 34.345772
922000 34.821099 34.346287
923000 34.875795 34.346861
924000 34.676604 34.347218
925000 34.769611 34.347674
926000 34.811808 34.348176
927000 34.878632 34.348748
928000 35.041114 34.349494
929000 34.724566 34.349898
930000 34.829730 34.350414
931000 34.627074 34.350711
932000 34.653269 34.351035
933000 34.395392 34.351083
934000 34.240351 34.350964
935000 34.618844 34.351251
936000 34.712313 34.351637
937000 34.742927 34.352054
938000 34.784700 34.352516
939000 34.721650 34.352909
940000 34.833094 34.353419
941000 34.873137 34.353972
942000 35.087469 34.354750
943000 34.988611 34.355423
944000 35.127402 34.356240
945000 35.068462 34.356994
946000 34.800421 34.357463
947000 34.858592 34.357992
948000 34.951710 34.358618
949000 35.215242 34.359521
950000 35.163404 34.360367
951000 35.000832 34.361041
952000 35.223538 34.361947
953000 35.083676 34.362704
954000 34.866347 34.363232
955000 35.005972 34.363905
956000 34.608842 34.364161
957000 34.732670 34.364546
958000 34.719416 34.364917
959000 34.748163 34.365316
960000 34.978848 34.365955
961000 34.617494 34.366217
962000 34.349506 34.366200
963000 34.302064 34.366133
964000 34.433826 34.366203
965000 34.298756 34.366133
966000 34.342876 34.366109
967000 34.431355 34.366177
968000 34.450965 34.366264
969000 34.649778 34.366557
970000 34.546409 34.366742
971000 34.549262 34.366930
972000 34.375557 34.366939
973000 34.323356 34.366894
974000 34.606558 34.367140
975000 34.417094 34.367192
976000 34.299297 34.367122
977000 34.340982 34.367095
978000 34.015478 34.366736
979000 34.024006 34.366386
980000 33.884561 34.365894
981000 34.024229 34.365546
982000 34.067492 34.365242
983000 33.600610 34.364464
984000 33.638780 34.363727
985000 33.513655 34.362864
986000 33.791146 34.362284
987000 33.661429 34.361574
988000 33.879830 34.361086
989000 33.854728 34.360574
990000 33.977440 34.360187
991000 33.977704 34.359802
992000 34.054735 34.359494
993000 34.155745 34.359289
994000 34.055017 34.358983
995000 34.090933 34.358713
996000 34.042810 34.358396
997000 33.948251 34.357985
998000 33.912937 34.357539
999000 33.977558 34.357158
1000000 34.160052 34.356961
1001000 34.127374 34.356732
1002000 33.988535 34.356365
1003000 33.968751 34.355978
1004000 34.167997 34.355791
1005000 34.269366 34.355705
1006000 34.200185 34.355550
1007000 34.285716 34.355481
1008000 34.204290 34.355331
1009000 34.166716 34.355144
1010000 34.145352 34.354936
1011000 34.074622 34.354659
1012000 34.110119 34.354417
1013000 33.998504 34.354066
1014000 34.077752 34.353794
1015000 34.015848 34.353461
1016000 33.962623 34.353076
1017000 34.068081 34.352796
1018000 34.051881 34.352500
1019000 34.014774 34.352169
1020000 34.096179 34.351918
1021000 34.275866 34.351843
1022000 34.162654 34.351658
1023000 34.006154 34.351320
1024000 34.161312 34.351135
1025000 33.952946 34.350746
1026000 33.466123 34.349884
1027000 33.772069 34.349321
1028000 33.867055 34.348852
1029000 33.720346 34.348242
1030000 34.058005 34.347960
1031000 33.827332 34.347455
1032000 33.935308 34.347055
1033000 33.807869 34.346533
1034000 33.870292 34.346073
1035000 33.690690 34.345440
1036000 33.869763 34.344980
1037000 33.819378 34.344474
1038000 34.062767 34.344202
1039000 33.856230 34.343733
1040000 33.935879 34.343340
1041000 33.642318 34.342667
1042000 33.408799 34.341771
1043000 33.265339 34.340739
1044000 33.667546 34.340094
1045000 33.611525 34.339397
1046000 33.670909 34.338758
1047000 33.603141 34.338055
1048000 33.465057 34.337222
1049000 33.281504 34.336216
1050000 33.506309 34.335425
1051000 33.640224 34.334764
1052000 33.930095 34.334379
1053000 33.865331 34.333934
1054000 33.676271 34.333310
1055000 33.719912 34.332728
1056000 33.654768 34.332086
1057000 33.901680 34.331679
1058000 33.597650 34.330985
1059000 33.723430 34.330412
1060000 34.030725 34.330129
1061000 33.740628 34.329573
1062000 33.879147 34.329149
1063000 33.982001 34.328823
1064000 33.959004 34.328475
1065000 34.207194 34.328361
1066000 33.973029 34.328028
1067000 34.140637 34.327852
1068000 34.086037 34.327626
1069000 33.818509 34.327149
1070000 34.277925 34.327103
1071000 34.234691 34.327017
1072000 33.819979 34.326544
1073000 34.300383 34.326520
1074000 34.018916 34.326233
1075000 34.130499 34.326051
1076000 34.171058 34.325907
1077000 34.026057 34.325629
1078000 33.973618 34.325302
1079000 34.178527 34.325166
1080000 34.143025 34.324998
1081000 34.266319 34.324943
1082000 34.501936 34.325107
1083000 34.419819 34.325194
1084000 34.298353 34.325170
1085000 34.481099 34.325313
1086000 34.558992 34.325529
1087000 34.436967 34.325631
1088000 34.449998 34.325745
1089000 34.580752 34.325980
1090000 34.373658 34.326023
1091000 34.278226 34.325979
1092000 34.113739 34.325785
1093000 34.124360 34.325601
1094000 34.135512 34.325427
1095000 34.225287 34.325336
1096000 34.234708 34.325253
1097000 34.524201 34.325434
1098000 34.317715 34.325427
1099000 34.233872 34.325344
1100000 34.348471 34.325365
1101000 34.361169 34.325397
1102000 34.321772 34.325394
1103000 34.356684 34.325423
1104000 34.288144 34.325389
1105000 34.659967 34.325692
1106000 34.426605 34.325783
1107000 34.403339 34.325853
1108000 34.447109 34.325962
1109000 34.377747 34.326009
1110000 34.325899 34.326009
1111000 34.433050 34.326105
1112000 34.649807 34.326396
1113000 34.147622 34.326236
1114000 34.262069 34.326178
1115000 34.306104 34.326160
1116000 34.440390 34.326262
1117000 34.541526 34.326455
1118000 34.217176 34.326357
1119000 34.601349 34.326603
1120000 34.247003 34.326532
1121000 34.443481 34.326636
1122000 34.427016 34.326726
1123000 34.660424 34.327023
1124000 34.819716 34.327461
1125000 34.588809 34.327694
1126000 34.149403 34.327535
1127000 34.333672 34.327541
1128000 34.387060 34.327594
1129000 34.458030 34.327709
1130000 34.384623 34.327759
1131000 34.341445 34.327772
1132000 34.566179 34.327982
1133000 34.618507 34.328239
1134000 34.601417 34.328479
1135000 34.877289 34.328963
1136000 34.900985 34.329467
1137000 34.715187 34.329806
1138000 34.764435 34.330188
1139000 34.779227 34.330582
1140000 34.948047 34.331124
1141000 34.925542 34.331645
1142000 34.732251 34.331995
1143000 34.899683 34.332492
1144000 34.749769 34.332857
1145000 34.717072 34.333192
1146000 34.856329 34.333649
1147000 34.753391 34.334015
1148000 34.599846 34.334246
1149000 34.865360 34.334709
1150000 34.824369 34.335134
1151000 34.708874 34.335459
1152000 34.689735 34.335767
1153000 34.833416 34.336198
1154000 35.025353 34.336795
1155000 34.965193 34.337339
1156000 34.906389 34.337832
1157000 35.067775 34.338463
1158000 35.154779 34.339168
1159000 35.374717 34.340061
1160000 35.127532 34.340740
1161000 34.958668 34.341272
1162000 34.929399 34.341778
1163000 34.966199 34.342315
1164000 35.048749 34.342922
1165000 34.904378 34.343404
1166000 35.038952 34.344001
1167000 35.224256 34.344755
1168000 34.797980 34.345143
1169000 34.531763 34.345303
1170000 34.626018 34.345542
1171000 34.791124 34.345923
1172000 34.803342 34.346313
1173000 34.838867 34.346733
1174000 34.783421 34.347105
1175000 34.675764 34.347385
1176000 34.737599 34.347717
1177000 34.751026 34.348059
1178000 34.736965 34.348389
1179000 35.183636 34.349098
1180000 34.950883 34.349608
1181000 35.143896 34.350280
1182000 35.024448 34.350851
1183000 34.931733 34.351342
1184000 34.561320 34.351519
1185000 34.625385 34.351750
1186000 34.574335 34.351938
1187000 34.662749 34.352200
1188000 34.447821 34.352280
1189000 34.841623 34.352692
1190000 35.050614 34.353278
1191000 35.100424 34.353906
1192000 35.139045 34.354564
1193000 35.107190 34.355195
1194000 35.004929 34.355739
1195000 34.966941 34.356251
1196000 35.367067 34.357096
1197000 35.194174 34.357795
1198000 34.998761 34.358330
1199000 34.811423 34.358708
1200000 34.729137 34.359017
1201000 34.634353 34.359246
1202000 35.160701 34.359913
1203000 35.081884 34.360513
1204000 35.115289 34.361140
1205000 35.061697 34.361721
1206000 34.869270 34.362142
1207000 34.984473 34.362658
1208000 35.102228 34.363270
1209000 35.227099 34.363985
1210000 35.270751 34.364734
1211000 35.369561 34.365564
1212000 35.148094 34.366209
1213000 35.429124 34.367086
1214000 35.312281 34.367864
1215000 35.263541 34.368601
1216000 35.310553 34.369376
1217000 35.372592 34.370200
1218000 35.117019 34.370813
1219000 35.177684 34.371475
1220000 35.242396 34.372189
1221000 35.375234 34.373011
1222000 35.262318 34.373738
1223000 34.942284 34.374203
1224000 35.089936 34.374788
1225000 34.893406 34.375211
1226000 34.727754 34.375499
1227000 34.791008 34.375838
1228000 34.537398 34.375969
1229000 34.723162 34.376252
1230000 34.647106 34.376472
1231000 34.721733 34.376752
1232000 34.927815 34.377200
1233000 34.811899 34.377552
1234000 34.807191 34.377900
1235000 34.515853 34.378012
1236000 34.639073 34.378223
1237000 34.788276 34.378555
1238000 34.406857 34.378578
1239000 34.448252 34.378634
1240000 34.546563 34.378769
1241000 34.651516 34.378989
1242000 34.552927 34.379129
1243000 34.503928 34.379230
1244000 34.447294 34.379284
1245000 34.153157 34.379103
1246000 34.433569 34.379146
1247000 34.369058 34.379138
1248000 34.649181 34.379355
1249000 34.776552 34.379673
1250000 34.758774 34.379976
1251000 34.854227 34.380355
1252000 35.105285 34.380934
1253000 35.286606 34.381657
1254000 35.519563 34.382564
1255000 35.100820 34.383137
1256000 35.195452 34.383783
1257000 35.183113 34.384419
1258000 35.565969 34.385358
1259000 35.394268 34.386160
1260000 35.035738 34.386675
1261000 35.314528 34.387411
1262000 35.308999 34.388141
1263000 35.192625 34.388778
1264000 35.525898 34.389678
1265000 35.538526 34.390586
1266000 35.539726 34.391494
1267000 35.542081 34.392402
1268000 35.472800 34.393254
1269000 35.338217 34.393999
1270000 35.291850 34.394706
1271000 35.415973 34.395509
1272000 35.059966 34.396032
1273000 34.977078 34.396488
1274000 34.923429 34.396902
1275000 35.117612 34.397467
1276000 35.226097 34.398116
1277000 34.990698 34.398580
1278000 35.086928 34.399119
1279000 35.095278 34.399663
1280000 35.213012 34.400299
1281000 35.065245 34.400818
1282000 34.906851 34.401212
1283000 34.855267 34.401566
1284000 35.052621 34.402073
1285000 35.236451 34.402723
1286000 35.257526 34.403387
1287000 35.182229 34.403993
1288000 35.060471 34.404502
1289000 34.971526 34.404942
1290000 34.822931 34.405266
1291000 34.992953 34.405721
1292000 34.853260 34.406068
1293000 35.059046 34.406573
1294000 34.815236 34.406889
1295000 35.068633 34.407400
1296000 35.033494 34.407883
1297000 35.130371 34.408440
1298000 34.833417 34.408767
1299000 34.758054 34.409036
1300000 34.905005 34.409418
1301000 34.906084 34.409799
1302000 34.965157 34.410226
1303000 34.859786 34.410571
1304000 34.947513 34.410983
1305000 34.906514 34.411362
1306000 34.625864 34.411527
1307000 34.599870 34.411671
1308000 34.817762 34.411981
1309000 34.826168 34.412298
1310000 34.787069 34.412584
1311000 34.966152 34.413006
1312000 35.026719 34.413474
1313000 34.752979 34.413732
1314000 34.556829 34.413841
1315000 34.696694 34.414056
1316000 34.897890 34.414424
1317000 34.892628 34.414787
1318000 34.965103 34.415205
1319000 34.877586 34.415555
1320000 35.156120 34.416116
1321000 35.010596 34.416566
1322000 34.953228 34.416972
1323000 34.847056 34.417297
1324000 34.592609 34.417430
1325000 34.794357 34.417714
1326000 34.747869 34.417963
1327000 35.180858 34.418538
1328000 34.957078 34.418944
1329000 34.891286 34.419299
1330000 34.895302 34.419657
1331000 34.761408 34.419914
1332000 34.764142 34.420172
1333000 34.825359 34.420476
1334000 34.821470 34.420777
1335000 34.931827 34.421159
1336000 34.938973 34.421547
1337000 34.989585 34.421972
1338000 35.128550 34.422500
1339000 35.064109 34.422979
1340000 35.172934 34.423539
1341000 35.134840 34.424069
1342000 35.223657 34.424665
1343000 34.889802 34.425011
1344000 35.336246 34.425689
1345000 35.253280 34.426305
1346000 35.000817 34.426732
1347000 35.266482 34.427355
1348000 35.174092 34.427909
1349000 35.053833 34.428373
1350000 34.966450 34.428771
1351000 34.929896 34.429142
1352000 35.074584 34.429620
1353000 35.119165 34.430129
1354000 35.183494 34.430686
1355000 34.965930 34.431081
1356000 35.053884 34.431540
1357000 35.077134 34.432016
1358000 34.925340 34.432379
1359000 34.828150 34.432670
1360000 34.830153 34.432963
1361000 34.598253 34.433084
1362000 35.004849 34.433504
1363000 35.088105 34.433984
1364000 34.946750 34.434360
1365000 35.190755 34.434914
1366000 34.981227 34.435314
1367000 34.969755 34.435705
1368000 34.884021 34.436033
1369000 34.864993 34.436346
1370000 34.670952 34.436517
1371000 34.883363 34.436843
1372000 34.936337 34.437207
1373000 34.781116 34.437458
1374000 34.838277 34.437750
1375000 34.721288 34.437956
1376000 34.635975 34.438100
1377000 34.787379 34.438353
1378000 34.702475 34.438545
1379000 34.609581 34.438669
1380000 34.662340 34.438831
1381000 34.758599 34.439063
1382000 34.877349 34.439380
1383000 34.960060 34.439756
1384000 34.790166 34.440010
1385000 34.582750 34.440113
1386000 34.547006 34.440190
1387000 34.375526 34.440143
1388000 34.467353 34.440163
1389000 34.876034 34.440476
1390000 34.636771 34.440618
1391000 34.663260 34.440778
1392000 34.758303 34.441006
1393000 34.566575 34.441096
1394000 34.547911 34.441173
1395000 34.697444 34.441356
1396000 34.578843 34.441455
1397000 34.691948 34.441634
1398000 34.669132 34.441797
1399000 34.656414 34.441950
1400000 35.017775 34.442362
1401000 34.844509 34.442649
1402000 34.653501 34.442799
1403000 34.493177 34.442835
1404000 34.677717 34.443002
1405000 34.440747 34.443001
1406000 34.618295 34.443125
1407000 34.765270 34.443354
1408000 34.835422 34.443633
1409000 34.753688 34.443853
1410000 34.526756 34.443912
1411000 34.548118 34.443985
1412000 34.685550 34.444156
1413000 34.792137 34.444403
1414000 34.739456 34.444611
1415000 34.805930 34.444867
1416000 34.999589 34.445259
1417000 35.144872 34.445752
1418000 34.978855 34.446128
1419000 34.810262 34.446385
1420000 34.757045 34.446604
1421000 34.617349 34.446724
1422000 34.354186 34.446659
1423000 34.831946 34.446929
1424000 34.896215 34.447245
1425000 34.442260 34.447241
1426000 34.278263 34.447123
1427000 34.296500 34.447017
1428000 34.710755 34.447202
1429000 34.643937 34.447340
1430000 34.601958 34.447448
1431000 34.421942 34.447430
1432000 34.303487 34.447330
1433000 34.319120 34.447240
1434000 34.282307 34.447125
1435000 34.361351 34.447065
1436000 34.629670 34.447192
1437000 34.437943 34.447186
1438000 34.527303 34.447242
1439000 34.539213 34.447306
1440000 34.728985 34.447501
1441000 34.693589 34.447672
1442000 34.399059 34.447638
1443000 34.217709 34.447479
1444000 34.402174 34.447448
1445000 34.712686 34.447631
1446000 34.614316 34.447746
1447000 34.711534 34.447929
1448000 34.635163 34.448058
1449000 34.815129 34.448311
1450000 34.812022 34.448562
1451000 34.581415 34.448654
1452000 34.736371 34.448852
1453000 34.742575 34.449054
1454000 34.633989 34.449181
1455000 34.859753 34.449463
1456000 34.631111 34.449588
1457000 34.631469 34.449713
1458000 34.446387 34.449711
1459000 34.499023 34.449745
1460000 34.587437 34.449839
1461000 34.496726 34.449871
1462000 34.439001 34.449864
1463000 34.535581 34.449922
1464000 34.623260 34.450040
1465000 34.407704 34.450012
1466000 34.599068 34.450113
1467000 34.708566 34.450289
1468000 34.577678 34.450376
1469000 34.713552 34.450555
1470000 34.625024 34.450674
1471000 34.572603 34.450757
1472000 34.811445 34.451002
1473000 34.813946 34.451248
1474000 34.775073 34.451468
1475000 34.411171 34.451441
1476000 34.347374 34.451370
1477000 34.308498 34.451274
1478000 34.495901 34.451304
1479000 34.602992 34.451406
1480000 34.767173 34.451620
1481000 34.766589 34.451832
1482000 34.431907 34.451819
1483000 34.457031 34.451822
1484000 34.429800 34.451808
1485000 34.472343 34.451821
1486000 34.460618 34.451827
1487000 34.680994 34.451981
1488000 34.593840 34.452077
1489000 34.446607 34.452073
1490000 34.547512 34.452137
1491000 34.490740 34.452163
1492000 34.871076 34.452444
1493000 34.934672 34.452767
1494000 34.932815 34.453088
1495000 34.799340 34.453320
1496000 34.742561 34.453513
1497000 34.711414 34.453685
1498000 34.642498 34.453811
1499000 34.827529 34.454061
1500000 34.905737 34.454362
1501000 35.026426 34.454743
1502000 34.870321 34.455020
1503000 34.944998 34.455346
1504000 34.884236 34.455631
1505000 35.015115 34.456003
1506000 35.023521 34.456379
1507000 34.939191 34.456700
1508000 35.179517 34.457179
1509000 34.956541 34.457510
1510000 34.857124 34.457775
1511000 34.896181 34.458065
1512000 34.722775 34.458240
1513000 34.800922 34.458466
1514000 34.898194 34.458757
1515000 34.752902 34.458951
1516000 35.105695 34.459378
1517000 35.142148 34.459828
1518000 34.924128 34.460133
1519000 35.048127 34.460521
1520000 35.047329 34.460907
1521000 34.987806 34.461253
1522000 34.704781 34.461413
1523000 34.925762 34.461718
1524000 34.820232 34.461953
1525000 34.911193 34.462248
1526000 34.721053 34.462417
1527000 34.716506 34.462584
1528000 34.611385 34.462681
1529000 34.522401 34.462720
1530000 34.669127 34.462855
1531000 34.741856 34.463037
1532000 34.857674 34.463295
1533000 34.556879 34.463356
1534000 34.829472 34.463595
1535000 34.419279 34.463566
1536000 34.625009 34.463671
1537000 34.612145 34.463767
1538000 34.378280 34.463712
1539000 34.684233 34.463855
1540000 34.384013 34.463803
1541000 34.373032 34.463744
1542000 33.975425 34.463428
1543000 34.241069 34.463284
1544000 34.174175 34.463096
1545000 34.070346 34.462842
1546000 34.117080 34.462619
1547000 34.198709 34.462448
1548000 34.340774 34.462369
1549000 34.535491 34.462417
1550000 34.496729 34.462439
1551000 34.550389 34.462495
1552000 34.629114 34.462603
1553000 34.544980 34.462656
1554000 34.541299 34.462706
1555000 34.537096 34.462754
1556000 34.198629 34.462585
1557000 34.074775 34.462335
1558000 34.349144 34.462263
1559000 34.407011 34.462227
1560000 34.583355 34.462305
1561000 34.828649 34.462540
1562000 34.693304 34.462687
1563000 34.749531 34.462871
1564000 34.934724 34.463173
1565000 34.801283 34.463389
1566000 34.904885 34.463671
1567000 34.601902 34.463759
1568000 34.547331 34.463812
1569000 34.630964 34.463919
1570000 34.810642 34.464139
1571000 35.148843 34.464575
1572000 35.123886 34.464995
1573000 34.749716 34.465176
1574000 34.327730 34.465088
1575000 34.417017 34.465058
1576000 34.052625 34.464796
1577000 34.313529 34.464700
1578000 34.187504 34.464525
1579000 34.436424 34.464507
1580000 34.371563 34.464448
1581000 34.184320 34.464271
1582000 34.441311 34.464256
1583000 34.187029 34.464081
1584000 34.056688 34.463824
1585000 34.323072 34.463735
1586000 34.124992 34.463522
1587000 34.272839 34.463401
1588000 34.244747 34.463264
1589000 33.823117 34.462861
1590000 33.995905 34.462567
1591000 34.178372 34.462389
1592000 34.002057 34.462099
1593000 34.194449 34.461931
1594000 34.114362 34.461713
1595000 34.077216 34.461472
1596000 34.198556 34.461308
1597000 34.271359 34.461189
1598000 34.339946 34.461113
1599000 34.222354 34.460963
1600000 33.927331 34.460630
1601000 34.367518 34.460572
1602000 34.352937 34.460505
1603000 34.021270 34.460231
1604000 34.067484 34.459986
1605000 33.917169 34.459647
1606000 33.890371 34.459293
1607000 33.702558 34.458822
1608000 33.986942 34.458529
1609000 34.280047 34.458418
1610000 34.465095 34.458422
1611000 34.415737 34.458395
1612000 34.558374 34.458457
1613000 34.336500 34.458382
1614000 34.239886 34.458246
1615000 34.258926 34.458123
1616000 34.238277 34.457987
1617000 34.080846 34.457754
1618000 34.053343 34.457504
1619000 34.037537 34.457244
1620000 34.352677 34.457180
1621000 34.237731 34.457044
1622000 34.404267 34.457012
1623000 34.439042 34.457001
1624000 34.303377 34.456906
1625000 34.691468 34.457051
1626000 34.436312 34.457038
1627000 34.509903 34.457070
1628000 34.329269 34.456992
1629000 34.350330 34.456926
1630000 34.565152 34.456993
1631000 34.191376 34.456830
1632000 34.209713 34.456678
1633000 34.317867 34.456593
1634000 34.182537 34.456426
1635000 34.449092 34.456421
1636000 34.292500 34.456321
1637000 34.311397 34.456233
1638000 34.309370 34.456143
1639000 34.382606 34.456098
1640000 34.433698 34.456084
1641000 34.322682 34.456003
1642000 34.383678 34.455959
1643000 34.239055 34.455827
1644000 34.366106 34.455772
1645000 34.234819 34.455638
1646000 34.339516 34.455568
1647000 34.352584 34.455505
1648000 34.513529 34.455540
1649000 34.411571 34.455514
1650000 34.365143 34.455459
1651000 34.366566 34.455405
1652000 34.520768 34.455445
1653000 34.723280 34.455607
1654000 34.410606 34.455579
1655000 34.595601 34.455664
1656000 34.464217 34.455669
1657000 34.185194 34.455506
1658000 34.264199 34.455391
1659000 34.064767 34.455155
1660000 34.223446 34.455015
1661000 34.404643 34.454985
1662000 34.325069 34.454907
1663000 34.181203 34.454742
1664000 34.271793 34.454632
1665000 34.522282 34.454673
1666000 34.345593 34.454608
1667000 34.471868 34.454618
1668000 34.482411 34.454635
1669000 34.745150 34.454809
1670000 34.752801 34.454987
1671000 34.512361 34.455021
1672000 34.634758 34.455129
1673000 34.587154 34.455208
1674000 34.605461 34.455298
1675000 34.860755 34.455540
1676000 34.820569 34.455757
1677000 34.666419 34.455883
1678000 34.858102 34.456123
1679000 34.802135 34.456329
1680000 34.840560 34.456558
1681000 34.794221 34.456758
1682000 34.675529 34.456889
1683000 34.461589 34.456891
1684000 34.815277 34.457104
1685000 34.794410 34.457304
1686000 34.663205 34.457426
1687000 34.735139 34.457591
1688000 34.222493 34.457452
1689000 34.561621 34.457513
1690000 34.515235 34.457548
1691000 34.638447 34.457655
1692000 34.705492 34.457801
1693000 34.671613 34.457927
1694000 34.693275 34.458066
1695000 34.492265 34.458086
1696000 34.809658 34.458294
1697000 34.836905 34.458517
1698000 34.840789 34.458742
1699000 34.905507 34.459005
1700000 34.965633 34.459303
1701000 35.080657 34.459668
1702000 34.899175 34.459927
1703000 34.674190 34.460052
1704000 34.922159 34.460324
1705000 34.714358 34.460473
1706000 34.883395 34.460720
1707000 34.713542 34.460869
1708000 34.648439 34.460978
1709000 34.617087 34.461070
1710000 34.714237 34.461218
1711000 34.687902 34.461350
1712000 34.735389 34.461510
1713000 34.623423 34.461605
1714000 34.581639 34.461675
1715000 34.595943 34.461753
1716000 34.714560 34.461900
1717000 34.558372 34.461957
1718000 34.918994 34.462223
1719000 34.805890 34.462423
1720000 34.691585 34.462556
1721000 34.449873 34.462548
1722000 34.435014 34.462532
1723000 34.638767 34.462635
1724000 34.643061 34.462739
1725000 34.581824 34.462808
1726000 34.379800 34.462760
1727000 34.523379 34.462795
1728000 34.429816 34.462776
1729000 34.519725 34.462809
1730000 34.219203 34.462668
1731000 34.491598 34.462685
1732000 34.580336 34.462753
1733000 34.655907 34.462865
1734000 34.737427 34.463023
1735000 34.929679 34.463292
1736000 34.440332 34.463279
1737000 34.458548 34.463276
1738000 34.578491 34.463342
1739000 34.540722 34.463387
1740000 34.692076 34.463518
1741000 34.628613 34.463613
1742000 34.565314 34.463671
1743000 34.778031 34.463852
1744000 34.811539 34.464051
1745000 34.527565 34.464087
1746000 34.804054 34.464282
1747000 34.781971 34.464464
1748000 34.859295 34.464690
1749000 35.000473 34.464996
1750000 34.731635 34.465149
1751000 34.831754 34.465358
1752000 34.810042 34.465555
1753000 34.700367 34.465689
1754000 34.726727 34.465838
1755000 35.023732 34.466155
1756000 34.817864 34.466356
1757000 34.854084 34.466576
1758000 34.901285 34.466824
1759000 34.605964 34.466903
1760000 34.412979 34.466872
1761000 34.298879 34.466777
1762000 34.425342 34.466753
1763000 34.313641 34.466666
1764000 34.507103 34.466689
1765000 34.288517 34.466588
1766000 34.384724 34.466542
1767000 34.564888 34.466598
1768000 34.642652 34.466697
1769000 34.538087 34.466738
1770000 34.499269 34.466756
1771000 34.491484 34.466770
1772000 34.415468 34.466741
1773000 34.602816 34.466818
1774000 34.373015 34.466765
1775000 34.361974 34.466706
1776000 34.284178 34.466603
1777000 34.514955 34.466630
1778000 34.432264 34.466611
1779000 34.546291 34.466656
1780000 34.422713 34.466631
1781000 34.521402 34.466662
1782000 34.499350 34.466680
1783000 34.121623 34.466487
1784000 34.753819 34.466648
1785000 34.618487 34.466733
1786000 34.329773 34.466656
1787000 34.233029 34.466525
1788000 34.418103 34.466498
1789000 34.524190 34.466530
1790000 34.431522 34.466511
1791000 34.467617 34.466511
1792000 34.119544 34.466318
1793000 34.616373 34.466402
1794000 34.432138 34.466382
1795000 34.530070 34.466418
1796000 34.678908 34.466536
1797000 34.825150 34.466736
1798000 34.659372 34.466843
1799000 34.710447 34.466978
1800000 34.693380 34.467104
1801000 34.710897 34.467239
1802000 34.608371 34.467318
1803000 34.356850 34.467257
1804000 34.281632 34.467154
1805000 34.302936 34.467063
1806000 34.403731 34.467028
1807000 34.406531 34.466994
1808000 34.426959 34.466972
1809000 34.183469 34.466815
1810000 34.402112 34.466780
1811000 34.239991 34.466654
1812000 34.158152 34.466484
1813000 34.086595 34.466274
1814000 34.241637 34.466151
1815000 34.276823 34.466046
1816000 34.284121 34.465946
1817000 34.087902 34.465738
1818000 34.433727 34.465721
1819000 34.284522 34.465621
1820000 34.162038 34.465454
1821000 34.215702 34.465317
1822000 34.393430 34.465277
1823000 34.394959 34.465239
1824000 34.482901 34.465249
1825000 34.601716 34.465323
1826000 34.494209 34.465339
1827000 34.470332 34.465342
1828000 34.558015 34.465393
1829000 34.503548 34.465413
1830000 34.564236 34.465467
1831000 34.549530 34.465513
1832000 34.424300 34.465491
1833000 34.084447 34.465283
1834000 34.303662 34.465195
1835000 34.488482 34.465208
1836000 34.500214 34.465227
1837000 34.504591 34.465248
1838000 34.386944 34.465205
1839000 34.252578 34.465090
1840000 34.280217 34.464989
1841000 34.376251 34.464941
1842000 34.363306 34.464886
1843000 34.368145 34.464834
1844000 34.497177 34.464851
1845000 34.524936 34.464884
1846000 34.451806 34.464877
1847000 34.478630 34.464884
1848000 34.573386 34.464943
1849000 34.331395 34.464870
1850000 34.614876 34.464952
1851000 34.389962 34.464911
1852000 33.886039 34.464598
1853000 34.215401 34.464464
1854000 34.148360 34.464293
1855000 34.130249 34.464113
1856000 34.389135 34.464073
1857000 34.506521 34.464096
1858000 34.195674 34.463951
1859000 34.319107 34.463873
1860000 34.332156 34.463803
1861000 34.331436 34.463732
1862000 34.220586 34.463601
1863000 34.317723 34.463523
1864000 34.330452 34.463451
1865000 34.364316 34.463398
1866000 34.287944 34.463304
1867000 34.269128 34.463200
1868000 34.152585 34.463034
1869000 34.329678 34.462962
1870000 34.358663 34.462907
1871000 34.654589 34.463009
1872000 34.597599 34.463081
1873000 34.568214 34.463137
1874000 34.666471 34.463246
1875000 34.487585 34.463259
1876000 34.734989 34.463403
1877000 34.574787 34.463463
1878000 34.691201 34.463584
1879000 34.453979 34.463579
1880000 34.338616 34.463513
1881000 34.364795 34.463460
1882000 33.922912 34.463173
1883000 34.260923 34.463065
1884000 34.113163 34.462880
1885000 34.226540 34.462754
1886000 34.072477 34.462547
1887000 34.069636 34.462339
1888000 34.231292 34.462217
1889000 34.228931 34.462093
1890000 34.266584 34.461990
1891000 34.151881 34.461826
1892000 33.922075 34.461541
1893000 34.214318 34.461410
1894000 34.123816 34.461232
1895000 34.125746 34.461055
1896000 34.695799 34.461178
1897000 34.225249 34.461054
1898000 34.522582 34.461087
1899000 34.600958 34.461160
1900000 34.671959 34.461271
1901000 34.542304 34.461314
1902000 34.517531 34.461343
1903000 34.480740 34.461354
1904000 34.572811 34.461412
1905000 34.365103 34.461361
1906000 34.388208 34.461323
1907000 34.567389 34.461379
1908000 34.551204 34.461426
1909000 34.463466 34.461427
1910000 34.627984 34.461514
1911000 34.586663 34.461580
1912000 34.353968 34.461523
1913000 34.497607 34.461542
1914000 34.519889 34.461573
1915000 34.555382 34.461622
1916000 34.823792 34.461811
1917000 34.840086 34.462008
1918000 34.707763 34.462136
1919000 34.465416 34.462138
1920000 34.537231 34.462177
1921000 34.708552 34.462305
1922000 34.766110 34.462463
1923000 34.865720 34.462673
1924000 34.879569 34.462890
1925000 34.749991 34.463039
1926000 34.631187 34.463126
1927000 34.867947 34.463336
1928000 34.836611 34.463530
1929000 34.788952 34.463698
1930000 34.555551 34.463746
1931000 34.640639 34.463838
1932000 34.272485 34.463739
1933000 34.315190 34.463662
1934000 34.479481 34.463670
1935000 34.380476 34.463627
1936000 34.507951 34.463650
1937000 34.623582 34.463732
1938000 34.464724 34.463733
1939000 34.445721 34.463724
1940000 34.418157 34.463700
1941000 34.303228 34.463617
1942000 34.346214 34.463557
1943000 34.361446 34.463504
1944000 34.475341 34.463511
1945000 34.111231 34.463329
1946000 34.333386 34.463263
1947000 34.479353 34.463271
1948000 34.393842 34.463235
1949000 34.681787 34.463347
1950000 34.432545 34.463332
1951000 34.389268 34.463294
1952000 34.542366 34.463334
1953000 34.384362 34.463294
1954000 34.352414 34.463237
1955000 34.476514 34.463244
1956000 34.353917 34.463188
1957000 34.249038 34.463078
1958000 34.543019 34.463119
1959000 34.618297 34.463198
1960000 34.510011 34.463222
1961000 34.670923 34.463328
1962000 34.824655 34.463512
1963000 34.393949 34.463477
1964000 34.545319 34.463519
1965000 34.514642 34.463545
1966000 34.531945 34.463579
1967000 34.679987 34.463690
1968000 34.300923 34.463607
1969000 34.340923 34.463545
1970000 34.430872 34.463528
1971000 34.551907 34.463573
1972000 34.249692 34.463464
1973000 34.263353 34.463363
1974000 34.098986 34.463178
1975000 34.387050 34.463140
1976000 34.297818 34.463056
1977000 34.409524 34.463029
1978000 34.081259 34.462836
1979000 34.176445 34.462691
1980000 33.949696 34.462432
1981000 34.125384 34.462262
1982000 34.075044 34.462067
1983000 34.261485 34.461966
1984000 33.989263 34.461727
1985000 34.099324 34.461545
1986000 34.309823 34.461468
1987000 33.881437 34.461176
1988000 33.962231 34.460925
1989000 33.872383 34.460630
1990000 33.771965 34.460283
1991000 33.685089 34.459894
1992000 33.708200 34.459517
1993000 33.783504 34.459178
1994000 33.871542 34.458883
1995000 34.058838 34.458682
1996000 33.616561 34.458260
1997000 33.829665 34.457946
1998000 33.645150 34.457539
1999000 33.879848 34.457250
2000000 33.945789 34.456994
