1000 1.000000 1.000000
2000 0.000000 0.500000
3000 2.000000 1.000000
4000 2.000000 1.250000
5000 1.000000 1.200000
6000 2.000000 1.333333
7000 1.000000 1.285714
8000 2.000000 1.375000
9000 0.000000 1.222222
10000 0.000000 1.100000
11000 5.000000 1.454545
12000 3.000000 1.583333
13000 0.000000 1.461538
14000 0.000000 1.357143
15000 1.000000 1.333333
16000 1.000000 1.312500
17000 1.000000 1.294118
18000 2.000000 1.333333
19000 0.000000 1.263158
20000 0.000000 1.200000
21000 3.000000 1.285714
22000 2.000000 1.318182
23000 4.000000 1.434783
24000 1.000000 1.416667
25000 1.000000 1.400000
26000 1.000000 1.384615
27000 2.000000 1.407407
28000 0.000000 1.357143
29000 1.000000 1.344828
30000 1.000000 1.333333
31000 3.000000 1.387097
32000 2.000000 1.406250
33000 2.000000 1.424242
34000 0.000000 1.382353
35000 1.000000 1.371429
36000 0.000000 1.333333
37000 1.000000 1.324324
38000 2.000000 1.342105
39000 1.000000 1.333333
40000 0.000000 1.300000
41000 1.000000 1.292683
42000 0.000000 1.261905
43000 0.000000 1.232558
44000 0.000000 1.204545
45000 4.000000 1.266667
46000 2.000000 1.282609
47000 0.000000 1.255319
48000 1.000000 1.250000
49000 1.000000 1.244898
50000 2.000000 1.260000
51000 1.000000 1.254902
52000 2.000000 1.269231
53000 2.000000 1.283019
54000 0.000000 1.259259
55000 0.000000 1.236364
56000 5.000000 1.303571
57000 1.000000 1.298246
58000 1.000000 1.293103
59000 0.000000 1.271186
60000 1.000000 1.266667
61000 2.000000 1.278689
62000 1.000000 1.274194
63000 1.000000 1.269841
64000 1.000000 1.265625
65000 0.000000 1.246154
66000 0.000000 1.227273
67000 0.000000 1.208955
68000 1.000000 1.205882
69000 1.000000 1.202899
70000 1.000000 1.200000
71000 0.000000 1.183099
72000 0.000000 1.166667
73000 0.000000 1.150685
74000 0.000000 1.135135
75000 1.000000 1.133333
76000 1.000000 1.131579
77000 0.000000 1.116883
78000 0.000000 1.102564
79000 0.000000 1.088608
80000 2.000000 1.100000
81000 1.000000 1.098765
82000 0.000000 1.085366
83000 2.000000 1.096386
84000 0.000000 1.083333
85000 1.000000 1.082353
86000 1.000000 1.081395
87000 1.000000 1.080460
88000 0.000000 1.068182
89000 2.000000 1.078652
90000 0.000000 1.066667
91000 2.000000 1.076923
92000 4.000000 1.108696
93000 1.000000 1.107527
94000 0.000000 1.095745
95000 1.000000 1.094737
96000 1.000000 1.093750
97000 1.000000 1.092784
98000 1.000000 1.091837
99000 2.000000 1.101010
100000 2.000000 1.110000
101000 4.000000 1.138614
102000 0.000000 1.127451
103000 0.000000 1.116505
104000 1.000000 1.115385
105000 1.000000 1.114286
106000 0.000000 1.103774
107000 1.000000 1.102804
108000 0.000000 1.092593
109000 0.000000 1.082569
110000 3.000000 1.100000
111000 2.000000 1.108108
112000 0.000000 1.098214
113000 0.000000 1.088496
114000 0.000000 1.078947
115000 1.000000 1.078261
116000 1.000000 1.077586
117000 0.000000 1.068376
118000 2.000000 1.076271
119000 2.000000 1.084034
120000 1.000000 1.083333
121000 1.000000 1.082645
122000 0.000000 1.073770
123000 1.000000 1.073171
124000 1.000000 1.072581
125000 3.000000 1.088000
126000 0.000000 1.079365
127000 2.000000 1.086614
128000 4.000000 1.109375
129000 0.000000 1.100775
130000 2.000000 1.107692
131000 1.000000 1.106870
132000 0.000000 1.098485
133000 1.000000 1.097744
134000 1.000000 1.097015
135000 3.000000 1.111111
136000 2.000000 1.117647
137000 1.000000 1.116788
138000 0.000000 1.108696
139000 1.000000 1.107914
140000 3.000000 1.121429
141000 0.000000 1.113475
142000 0.000000 1.105634
143000 4.000000 1.125874
144000 2.000000 1.131944
145000 3.000000 1.144828
146000 2.000000 1.150685
147000 0.000000 1.142857
148000 2.000000 1.148649
149000 1.000000 1.147651
150000 2.000000 1.153333
151000 3.000000 1.165563
152000 0.000000 1.157895
153000 1.000000 1.156863
154000 4.000000 1.175325
155000 1.000000 1.174194
156000 0.000000 1.166667
157000 1.000000 1.165605
158000 0.000000 1.158228
159000 2.000000 1.163522
160000 1.000000 1.162500
161000 1.000000 1.161491
162000 2.000000 1.166667
163000 1.000000 1.165644
164000 0.000000 1.158537
165000 2.000000 1.163636
166000 0.000000 1.156627
167000 1.000000 1.155689
168000 1.000000 1.154762
169000 2.000000 1.159763
170000 2.000000 1.164706
171000 1.000000 1.163743
172000 3.000000 1.174419
173000 3.000000 1.184971
174000 4.000000 1.201149
175000 1.000000 1.200000
176000 0.000000 1.193182
177000 0.000000 1.186441
178000 1.000000 1.185393
179000 0.000000 1.178771
180000 1.000000 1.177778
181000 1.000000 1.176796
182000 2.000000 1.181319
183000 2.000000 1.185792
184000 2.000000 1.190217
185000 1.000000 1.189189
186000 2.000000 1.193548
187000 0.000000 1.187166
188000 2.000000 1.191489
189000 1.000000 1.190476
190000 1.000000 1.189474
191000 0.000000 1.183246
192000 1.000000 1.182292
193000 1.000000 1.181347
194000 1.000000 1.180412
195000 0.000000 1.174359
196000 0.000000 1.168367
197000 0.000000 1.162437
198000 1.000000 1.161616
199000 0.000000 1.155779
200000 2.000000 1.160000
201000 0.000000 1.154229
202000 1.000000 1.153465
203000 0.000000 1.147783
204000 3.000000 1.156863
205000 3.000000 1.165854
206000 0.000000 1.160194
207000 0.000000 1.154589
208000 0.000000 1.149038
209000 2.000000 1.153110
210000 1.000000 1.152381
211000 1.000000 1.151659
212000 3.000000 1.160377
213000 1.000000 1.159624
214000 0.000000 1.154206
215000 0.000000 1.148837
216000 3.000000 1.157407
217000 0.000000 1.152074
218000 0.000000 1.146789
219000 1.000000 1.146119
220000 1.000000 1.145455
221000 0.000000 1.140271
222000 1.000000 1.139640
223000 1.000000 1.139013
224000 0.000000 1.133929
225000 1.000000 1.133333
226000 0.000000 1.128319
227000 0.000000 1.123348
228000 1.000000 1.122807
229000 0.000000 1.117904
230000 0.000000 1.113043
231000 1.000000 1.112554
232000 1.000000 1.112069
233000 2.000000 1.115880
234000 1.000000 1.115385
235000 2.000000 1.119149
236000 1.000000 1.118644
237000 0.000000 1.113924
238000 1.000000 1.113445
239000 0.000000 1.108787
240000 0.000000 1.104167
241000 3.000000 1.112033
242000 1.000000 1.111570
243000 1.000000 1.111111
244000 0.000000 1.106557
245000 1.000000 1.106122
246000 0.000000 1.101626
247000 1.000000 1.101215
248000 1.000000 1.100806
249000 1.000000 1.100402
250000 0.000000 1.096000
251000 1.000000 1.095618
252000 0.000000 1.091270
253000 1.000000 1.090909
254000 0.000000 1.086614
255000 1.000000 1.086275
256000 0.000000 1.082031
257000 2.000000 1.085603
258000 1.000000 1.085271
259000 0.000000 1.081081
260000 1.000000 1.080769
261000 2.000000 1.084291
262000 2.000000 1.087786
263000 0.000000 1.083650
264000 0.000000 1.079545
265000 0.000000 1.075472
266000 2.000000 1.078947
267000 0.000000 1.074906
268000 2.000000 1.078358
269000 1.000000 1.078067
270000 0.000000 1.074074
271000 0.000000 1.070111
272000 0.000000 1.066176
273000 3.000000 1.073260
274000 0.000000 1.069343
275000 1.000000 1.069091
276000 0.000000 1.065217
277000 1.000000 1.064982
278000 0.000000 1.061151
279000 1.000000 1.060932
280000 1.000000 1.060714
281000 1.000000 1.060498
282000 1.000000 1.060284
283000 1.000000 1.060071
284000 0.000000 1.056338
285000 0.000000 1.052632
286000 0.000000 1.048951
287000 0.000000 1.045296
288000 1.000000 1.045139
289000 1.000000 1.044983
290000 6.000000 1.062069
291000 0.000000 1.058419
292000 0.000000 1.054795
293000 2.000000 1.058020
294000 0.000000 1.054422
295000 1.000000 1.054237
296000 0.000000 1.050676
297000 0.000000 1.047138
298000 2.000000 1.050336
299000 0.000000 1.046823
300000 1.000000 1.046667
301000 0.000000 1.043189
302000 1.000000 1.043046
303000 1.000000 1.042904
304000 2.000000 1.046053
305000 1.000000 1.045902
306000 2.000000 1.049020
307000 2.000000 1.052117
308000 3.000000 1.058442
309000 0.000000 1.055016
310000 1.000000 1.054839
311000 2.000000 1.057878
312000 0.000000 1.054487
313000 0.000000 1.051118
314000 3.000000 1.057325
315000 1.000000 1.057143
316000 0.000000 1.053797
317000 0.000000 1.050473
318000 1.000000 1.050314
319000 0.000000 1.047022
320000 1.000000 1.046875
321000 2.000000 1.049844
322000 0.000000 1.046584
323000 0.000000 1.043344
324000 1.000000 1.043210
325000 1.000000 1.043077
326000 1.000000 1.042945
327000 0.000000 1.039755
328000 1.000000 1.039634
329000 0.000000 1.036474
330000 1.000000 1.036364
331000 0.000000 1.033233
332000 1.000000 1.033133
333000 0.000000 1.030030
334000 0.000000 1.026946
335000 0.000000 1.023881
336000 0.000000 1.020833
337000 0.000000 1.017804
338000 0.000000 1.014793
339000 2.000000 1.017699
340000 1.000000 1.017647
341000 1.000000 1.017595
342000 2.000000 1.020468
343000 0.000000 1.017493
344000 1.000000 1.017442
345000 0.000000 1.014493
346000 0.000000 1.011561
347000 1.000000 1.011527
348000 0.000000 1.008621
349000 2.000000 1.011461
350000 1.000000 1.011429
351000 1.000000 1.011396
352000 4.000000 1.019886
353000 0.000000 1.016997
354000 3.000000 1.022599
355000 1.000000 1.022535
356000 1.000000 1.022472
357000 0.000000 1.019608
358000 1.000000 1.019553
359000 1.000000 1.019499
360000 3.000000 1.025000
361000 1.000000 1.024931
362000 1.000000 1.024862
363000 1.000000 1.024793
364000 0.000000 1.021978
365000 1.000000 1.021918
366000 2.000000 1.024590
367000 2.000000 1.027248
368000 0.000000 1.024457
369000 3.000000 1.029810
370000 1.000000 1.029730
371000 1.000000 1.029650
372000 0.000000 1.026882
373000 2.000000 1.029491
374000 2.000000 1.032086
375000 1.000000 1.032000
376000 1.000000 1.031915
377000 2.000000 1.034483
378000 2.000000 1.037037
379000 1.000000 1.036939
380000 1.000000 1.036842
381000 2.000000 1.039370
382000 1.000000 1.039267
383000 1.000000 1.039164
384000 0.000000 1.036458
385000 0.000000 1.033766
386000 2.000000 1.036269
387000 0.000000 1.033592
388000 1.000000 1.033505
389000 1.000000 1.033419
390000 0.000000 1.030769
391000 1.000000 1.030691
392000 0.000000 1.028061
393000 1.000000 1.027990
394000 1.000000 1.027919
395000 0.000000 1.025316
396000 1.000000 1.025253
397000 1.000000 1.025189
398000 1.000000 1.025126
399000 1.000000 1.025063
400000 2.000000 1.027500
401000 0.000000 1.024938
402000 0.000000 1.022388
403000 1.000000 1.022333
404000 2.000000 1.024752
405000 1.000000 1.024691
406000 1.000000 1.024631
407000 0.000000 1.022113
408000 0.000000 1.019608
409000 1.000000 1.019560
410000 1.000000 1.019512
411000 1.000000 1.019465
412000 1.000000 1.019417
413000 1.000000 1.019370
414000 1.000000 1.019324
415000 1.000000 1.019277
416000 3.000000 1.024038
417000 2.000000 1.026379
418000 0.000000 1.023923
419000 1.000000 1.023866
420000 1.000000 1.023810
421000 3.000000 1.028504
422000 1.000000 1.028436
423000 1.000000 1.028369
424000 1.000000 1.028302
425000 0.000000 1.025882
426000 0.000000 1.023474
427000 1.000000 1.023419
428000 0.000000 1.021028
429000 1.000000 1.020979
430000 1.000000 1.020930
431000 0.000000 1.018561
432000 1.000000 1.018519
433000 0.000000 1.016166
434000 2.000000 1.018433
435000 0.000000 1.016092
436000 4.000000 1.022936
437000 1.000000 1.022883
438000 0.000000 1.020548
439000 0.000000 1.018223
440000 0.000000 1.015909
441000 0.000000 1.013605
442000 2.000000 1.015837
443000 4.000000 1.022573
444000 0.000000 1.020270
445000 3.000000 1.024719
446000 1.000000 1.024664
447000 1.000000 1.024609
448000 0.000000 1.022321
449000 2.000000 1.024499
450000 1.000000 1.024444
451000 0.000000 1.022173
452000 0.000000 1.019912
453000 2.000000 1.022075
454000 0.000000 1.019824
455000 0.000000 1.017582
456000 1.000000 1.017544
457000 3.000000 1.021882
458000 2.000000 1.024017
459000 1.000000 1.023965
460000 0.000000 1.021739
461000 2.000000 1.023861
462000 0.000000 1.021645
463000 0.000000 1.019438
464000 0.000000 1.017241
465000 2.000000 1.019355
466000 1.000000 1.019313
467000 2.000000 1.021413
468000 1.000000 1.021368
469000 0.000000 1.019190
470000 0.000000 1.017021
471000 1.000000 1.016985
472000 0.000000 1.014831
473000 1.000000 1.014799
474000 0.000000 1.012658
475000 3.000000 1.016842
476000 1.000000 1.016807
477000 0.000000 1.014675
478000 0.000000 1.012552
479000 1.000000 1.012526
480000 1.000000 1.012500
481000 1.000000 1.012474
482000 4.000000 1.018672
483000 0.000000 1.016563
484000 2.000000 1.018595
485000 0.000000 1.016495
486000 2.000000 1.018519
487000 0.000000 1.016427
488000 2.000000 1.018443
489000 1.000000 1.018405
490000 0.000000 1.016327
491000 1.000000 1.016293
492000 0.000000 1.014228
493000 1.000000 1.014199
494000 0.000000 1.012146
495000 1.000000 1.012121
496000 0.000000 1.010081
497000 1.000000 1.010060
498000 3.000000 1.014056
499000 1.000000 1.014028
500000 0.000000 1.012000
501000 1.000000 1.011976
502000 1.000000 1.011952
503000 0.000000 1.009940
504000 1.000000 1.009921
505000 3.000000 1.013861
506000 0.000000 1.011858
507000 2.000000 1.013807
508000 1.000000 1.013780
509000 2.000000 1.015717
510000 0.000000 1.013725
511000 0.000000 1.011742
512000 0.000000 1.009766
513000 1.000000 1.009747
514000 0.000000 1.007782
515000 2.000000 1.009709
516000 0.000000 1.007752
517000 0.000000 1.005803
518000 0.000000 1.003861
519000 0.000000 1.001927
520000 1.000000 1.001923
521000 0.000000 1.000000
522000 5.000000 1.007663
523000 0.000000 1.005736
524000 1.000000 1.005725
525000 0.000000 1.003810
526000 2.000000 1.005703
527000 1.000000 1.005693
528000 1.000000 1.005682
529000 1.000000 1.005671
530000 0.000000 1.003774
531000 1.000000 1.003766
532000 1.000000 1.003759
533000 0.000000 1.001876
534000 0.000000 1.000000
535000 1.000000 1.000000
536000 2.000000 1.001866
537000 0.000000 1.000000
538000 1.000000 1.000000
539000 1.000000 1.000000
540000 2.000000 1.001852
541000 0.000000 1.000000
542000 2.000000 1.001845
543000 0.000000 1.000000
544000 0.000000 0.998162
545000 3.000000 1.001835
546000 0.000000 1.000000
547000 1.000000 1.000000
548000 0.000000 0.998175
549000 0.000000 0.996357
550000 0.000000 0.994545
551000 2.000000 0.996370
552000 3.000000 1.000000
553000 1.000000 1.000000
554000 0.000000 0.998195
555000 3.000000 1.001802
556000 0.000000 1.000000
557000 0.000000 0.998205
558000 1.000000 0.998208
559000 1.000000 0.998211
560000 2.000000 1.000000
561000 3.000000 1.003565
562000 0.000000 1.001779
563000 1.000000 1.001776
564000 0.000000 1.000000
565000 0.000000 0.998230
566000 1.000000 0.998233
567000 3.000000 1.001764
568000 1.000000 1.001761
569000 0.000000 1.000000
570000 1.000000 1.000000
571000 1.000000 1.000000
572000 0.000000 0.998252
573000 0.000000 0.996510
574000 0.000000 0.994774
575000 0.000000 0.993043
576000 1.000000 0.993056
577000 2.000000 0.994801
578000 0.000000 0.993080
579000 3.000000 0.996546
580000 0.000000 0.994828
581000 1.000000 0.994836
582000 0.000000 0.993127
583000 1.000000 0.993139
584000 0.000000 0.991438
585000 0.000000 0.989744
586000 0.000000 0.988055
587000 1.000000 0.988075
588000 3.000000 0.991497
589000 1.000000 0.991511
590000 1.000000 0.991525
591000 2.000000 0.993232
592000 1.000000 0.993243
593000 0.000000 0.991568
594000 0.000000 0.989899
595000 3.000000 0.993277
596000 1.000000 0.993289
597000 1.000000 0.993300
598000 1.000000 0.993311
599000 0.000000 0.991653
600000 0.000000 0.990000
601000 0.000000 0.988353
602000 1.000000 0.988372
603000 1.000000 0.988391
604000 1.000000 0.988411
605000 2.000000 0.990083
606000 1.000000 0.990099
607000 1.000000 0.990115
608000 1.000000 0.990132
609000 0.000000 0.988506
610000 1.000000 0.988525
611000 1.000000 0.988543
612000 0.000000 0.986928
613000 1.000000 0.986949
614000 1.000000 0.986971
615000 0.000000 0.985366
616000 0.000000 0.983766
617000 0.000000 0.982172
618000 1.000000 0.982201
619000 1.000000 0.982229
620000 0.000000 0.980645
621000 2.000000 0.982287
622000 3.000000 0.985531
623000 1.000000 0.985554
624000 2.000000 0.987179
625000 0.000000 0.985600
626000 1.000000 0.985623
627000 0.000000 0.984051
628000 0.000000 0.982484
629000 1.000000 0.982512
630000 0.000000 0.980952
631000 2.000000 0.982567
632000 0.000000 0.981013
633000 3.000000 0.984202
634000 2.000000 0.985804
635000 2.000000 0.987402
636000 1.000000 0.987421
637000 3.000000 0.990581
638000 1.000000 0.990596
639000 3.000000 0.993740
640000 0.000000 0.992188
641000 0.000000 0.990640
642000 0.000000 0.989097
643000 1.000000 0.989114
644000 2.000000 0.990683
645000 1.000000 0.990698
646000 0.000000 0.989164
647000 2.000000 0.990726
648000 2.000000 0.992284
649000 1.000000 0.992296
650000 4.000000 0.996923
651000 0.000000 0.995392
652000 0.000000 0.993865
653000 2.000000 0.995406
654000 0.000000 0.993884
655000 1.000000 0.993893
656000 2.000000 0.995427
657000 1.000000 0.995434
658000 1.000000 0.995441
659000 0.000000 0.993930
660000 1.000000 0.993939
661000 0.000000 0.992436
662000 1.000000 0.992447
663000 0.000000 0.990950
664000 2.000000 0.992470
665000 4.000000 0.996992
666000 1.000000 0.996997
667000 1.000000 0.997001
668000 1.000000 0.997006
669000 1.000000 0.997010
670000 3.000000 1.000000
671000 0.000000 0.998510
672000 1.000000 0.998512
673000 1.000000 0.998514
674000 0.000000 0.997033
675000 0.000000 0.995556
676000 0.000000 0.994083
677000 0.000000 0.992614
678000 0.000000 0.991150
679000 3.000000 0.994109
680000 1.000000 0.994118
681000 2.000000 0.995595
682000 0.000000 0.994135
683000 0.000000 0.992679
684000 2.000000 0.994152
685000 1.000000 0.994161
686000 1.000000 0.994169
687000 2.000000 0.995633
688000 1.000000 0.995640
689000 0.000000 0.994194
690000 0.000000 0.992754
691000 0.000000 0.991317
692000 1.000000 0.991329
693000 0.000000 0.989899
694000 0.000000 0.988473
695000 0.000000 0.987050
696000 1.000000 0.987069
697000 2.000000 0.988522
698000 0.000000 0.987106
699000 0.000000 0.985694
700000 1.000000 0.985714
701000 1.000000 0.985735
702000 1.000000 0.985755
703000 0.000000 0.984353
704000 0.000000 0.982955
705000 1.000000 0.982979
706000 0.000000 0.981586
707000 3.000000 0.984441
708000 3.000000 0.987288
709000 1.000000 0.987306
710000 1.000000 0.987324
711000 2.000000 0.988748
712000 1.000000 0.988764
713000 1.000000 0.988780
714000 0.000000 0.987395
715000 3.000000 0.990210
716000 0.000000 0.988827
717000 0.000000 0.987448
718000 3.000000 0.990251
719000 0.000000 0.988873
720000 1.000000 0.988889
721000 1.000000 0.988904
722000 1.000000 0.988920
723000 3.000000 0.991701
724000 1.000000 0.991713
725000 2.000000 0.993103
726000 0.000000 0.991736
727000 5.000000 0.997249
728000 1.000000 0.997253
729000 2.000000 0.998628
730000 1.000000 0.998630
731000 1.000000 0.998632
732000 0.000000 0.997268
733000 2.000000 0.998636
734000 1.000000 0.998638
735000 0.000000 0.997279
736000 0.000000 0.995924
737000 1.000000 0.995929
738000 2.000000 0.997290
739000 0.000000 0.995940
740000 2.000000 0.997297
741000 2.000000 0.998650
742000 5.000000 1.004043
743000 0.000000 1.002692
744000 2.000000 1.004032
745000 0.000000 1.002685
746000 0.000000 1.001340
747000 2.000000 1.002677
748000 3.000000 1.005348
749000 1.000000 1.005340
750000 0.000000 1.004000
751000 0.000000 1.002663
752000 2.000000 1.003989
753000 0.000000 1.002656
754000 1.000000 1.002653
755000 2.000000 1.003974
756000 2.000000 1.005291
757000 0.000000 1.003963
758000 1.000000 1.003958
759000 0.000000 1.002635
760000 1.000000 1.002632
761000 1.000000 1.002628
762000 2.000000 1.003937
763000 1.000000 1.003932
764000 1.000000 1.003927
765000 2.000000 1.005229
766000 1.000000 1.005222
767000 0.000000 1.003911
768000 0.000000 1.002604
769000 1.000000 1.002601
770000 0.000000 1.001299
771000 0.000000 1.000000
772000 0.000000 0.998705
773000 1.000000 0.998706
774000 1.000000 0.998708
775000 0.000000 0.997419
776000 2.000000 0.998711
777000 1.000000 0.998713
778000 0.000000 0.997429
779000 2.000000 0.998716
780000 2.000000 1.000000
781000 1.000000 1.000000
782000 1.000000 1.000000
783000 0.000000 0.998723
784000 0.000000 0.997449
785000 0.000000 0.996178
786000 1.000000 0.996183
787000 0.000000 0.994917
788000 1.000000 0.994924
789000 1.000000 0.994930
790000 1.000000 0.994937
791000 0.000000 0.993679
792000 1.000000 0.993687
793000 1.000000 0.993695
794000 1.000000 0.993703
795000 3.000000 0.996226
796000 1.000000 0.996231
797000 0.000000 0.994981
798000 0.000000 0.993734
799000 1.000000 0.993742
800000 1.000000 0.993750
801000 1.000000 0.993758
802000 0.000000 0.992519
803000 2.000000 0.993773
804000 1.000000 0.993781
805000 1.000000 0.993789
806000 3.000000 0.996278
807000 2.000000 0.997522
808000 0.000000 0.996287
809000 1.000000 0.996292
810000 0.000000 0.995062
811000 2.000000 0.996301
812000 0.000000 0.995074
813000 1.000000 0.995080
814000 2.000000 0.996314
815000 1.000000 0.996319
816000 2.000000 0.997549
817000 1.000000 0.997552
818000 2.000000 0.998778
819000 1.000000 0.998779
820000 1.000000 0.998780
821000 1.000000 0.998782
822000 0.000000 0.997567
823000 0.000000 0.996355
824000 1.000000 0.996359
825000 2.000000 0.997576
826000 3.000000 1.000000
827000 0.000000 0.998791
828000 1.000000 0.998792
829000 0.000000 0.997587
830000 1.000000 0.997590
831000 1.000000 0.997593
832000 1.000000 0.997596
833000 0.000000 0.996399
834000 0.000000 0.995204
835000 1.000000 0.995210
836000 2.000000 0.996411
837000 0.000000 0.995221
838000 0.000000 0.994033
839000 1.000000 0.994041
840000 1.000000 0.994048
841000 0.000000 0.992866
842000 2.000000 0.994062
843000 2.000000 0.995255
844000 0.000000 0.994076
845000 4.000000 0.997633
846000 1.000000 0.997636
847000 1.000000 0.997639
848000 4.000000 1.001179
849000 2.000000 1.002356
850000 0.000000 1.001176
851000 2.000000 1.002350
852000 0.000000 1.001174
853000 2.000000 1.002345
854000 2.000000 1.003513
855000 1.000000 1.003509
856000 1.000000 1.003505
857000 0.000000 1.002334
858000 1.000000 1.002331
859000 1.000000 1.002328
860000 1.000000 1.002326
861000 0.000000 1.001161
862000 1.000000 1.001160
863000 1.000000 1.001159
864000 1.000000 1.001157
865000 3.000000 1.003468
866000 2.000000 1.004619
867000 0.000000 1.003460
868000 0.000000 1.002304
869000 0.000000 1.001151
870000 0.000000 1.000000
871000 0.000000 0.998852
872000 0.000000 0.997706
873000 0.000000 0.996564
874000 2.000000 0.997712
875000 1.000000 0.997714
876000 0.000000 0.996575
877000 1.000000 0.996579
878000 1.000000 0.996583
879000 2.000000 0.997725
880000 2.000000 0.998864
881000 1.000000 0.998865
882000 0.000000 0.997732
883000 2.000000 0.998867
884000 0.000000 0.997738
885000 1.000000 0.997740
886000 1.000000 0.997743
887000 1.000000 0.997745
888000 1.000000 0.997748
889000 0.000000 0.996625
890000 1.000000 0.996629
891000 0.000000 0.995511
892000 3.000000 0.997758
893000 2.000000 0.998880
894000 1.000000 0.998881
895000 3.000000 1.001117
896000 1.000000 1.001116
897000 2.000000 1.002230
898000 1.000000 1.002227
899000 1.000000 1.002225
900000 1.000000 1.002222
901000 2.000000 1.003330
902000 1.000000 1.003326
903000 0.000000 1.002215
904000 0.000000 1.001106
905000 1.000000 1.001105
906000 2.000000 1.002208
907000 0.000000 1.001103
908000 0.000000 1.000000
909000 0.000000 0.998900
910000 1.000000 0.998901
911000 0.000000 0.997805
912000 0.000000 0.996711
913000 0.000000 0.995619
914000 1.000000 0.995624
915000 3.000000 0.997814
916000 1.000000 0.997817
917000 2.000000 0.998909
918000 1.000000 0.998911
919000 1.000000 0.998912
920000 2.000000 1.000000
921000 4.000000 1.003257
922000 0.000000 1.002169
923000 0.000000 1.001083
924000 2.000000 1.002165
925000 2.000000 1.003243
926000 0.000000 1.002160
927000 1.000000 1.002157
928000 0.000000 1.001078
929000 1.000000 1.001076
930000 2.000000 1.002151
931000 3.000000 1.004296
932000 3.000000 1.006438
933000 0.000000 1.005359
934000 0.000000 1.004283
935000 0.000000 1.003209
936000 2.000000 1.004274
937000 1.000000 1.004269
938000 1.000000 1.004264
939000 1.000000 1.004260
940000 0.000000 1.003191
941000 1.000000 1.003188
942000 1.000000 1.003185
943000 1.000000 1.003181
944000 2.000000 1.004237
945000 0.000000 1.003175
946000 0.000000 1.002114
947000 1.000000 1.002112
948000 0.000000 1.001055
949000 1.000000 1.001054
950000 0.000000 1.000000
951000 1.000000 1.000000
952000 2.000000 1.001050
953000 1.000000 1.001049
954000 1.000000 1.001048
955000 0.000000 1.000000
956000 2.000000 1.001046
957000 0.000000 1.000000
958000 1.000000 1.000000
959000 1.000000 1.000000
960000 4.000000 1.003125
961000 1.000000 1.003122
962000 2.000000 1.004158
963000 1.000000 1.004154
964000 2.000000 1.005187
965000 0.000000 1.004145
966000 2.000000 1.005176
967000 0.000000 1.004137
968000 0.000000 1.003099
969000 1.000000 1.003096
970000 1.000000 1.003093
971000 1.000000 1.003090
972000 3.000000 1.005144
973000 0.000000 1.004111
974000 0.000000 1.003080
975000 2.000000 1.004103
976000 0.000000 1.003074
977000 4.000000 1.006141
978000 0.000000 1.005112
979000 1.000000 1.005107
980000 1.000000 1.005102
981000 1.000000 1.005097
982000 1.000000 1.005092
983000 2.000000 1.006104
984000 0.000000 1.005081
985000 2.000000 1.006091
986000 2.000000 1.007099
987000 1.000000 1.007092
988000 0.000000 1.006073
989000 4.000000 1.009100
990000 1.000000 1.009091
991000 0.000000 1.008073
992000 0.000000 1.007056
993000 2.000000 1.008056
994000 2.000000 1.009054
995000 0.000000 1.008040
996000 1.000000 1.008032
997000 0.000000 1.007021
998000 1.000000 1.007014
999000 2.000000 1.008008
1000000 1.000000 1.008000
1001000 1.000000 1.007992
1002000 1.000000 1.007984
1003000 0.000000 1.006979
1004000 0.000000 1.005976
1005000 0.000000 1.004975
1006000 1.000000 1.004970
1007000 2.000000 1.005958
1008000 3.000000 1.007937
1009000 2.000000 1.008920
1010000 0.000000 1.007921
1011000 1.000000 1.007913
1012000 3.000000 1.009881
1013000 2.000000 1.010859
1014000 1.000000 1.010848
1015000 3.000000 1.012808
1016000 0.000000 1.011811
1017000 0.000000 1.010816
1018000 1.000000 1.010806
1019000 0.000000 1.009814
1020000 4.000000 1.012745
1021000 0.000000 1.011753
1022000 0.000000 1.010763
1023000 4.000000 1.013685
1024000 1.000000 1.013672
1025000 1.000000 1.013659
1026000 2.000000 1.014620
1027000 0.000000 1.013632
1028000 0.000000 1.012646
1029000 0.000000 1.011662
1030000 2.000000 1.012621
1031000 1.000000 1.012609
1032000 1.000000 1.012597
1033000 1.000000 1.012585
1034000 0.000000 1.011605
1035000 1.000000 1.011594
1036000 0.000000 1.010618
1037000 1.000000 1.010608
1038000 0.000000 1.009634
1039000 0.000000 1.008662
1040000 1.000000 1.008654
1041000 1.000000 1.008646
1042000 1.000000 1.008637
1043000 0.000000 1.007670
1044000 3.000000 1.009579
1045000 1.000000 1.009569
1046000 0.000000 1.008604
1047000 0.000000 1.007641
1048000 1.000000 1.007634
1049000 1.000000 1.007626
1050000 2.000000 1.008571
1051000 1.000000 1.008563
1052000 0.000000 1.007605
1053000 3.000000 1.009497
1054000 0.000000 1.008539
1055000 0.000000 1.007583
1056000 3.000000 1.009470
1057000 1.000000 1.009461
1058000 2.000000 1.010397
1059000 1.000000 1.010387
1060000 3.000000 1.012264
1061000 0.000000 1.011310
1062000 1.000000 1.011299
1063000 2.000000 1.012230
1064000 0.000000 1.011278
1065000 0.000000 1.010329
1066000 0.000000 1.009381
1067000 0.000000 1.008435
1068000 1.000000 1.008427
1069000 1.000000 1.008419
1070000 2.000000 1.009346
1071000 0.000000 1.008403
1072000 1.000000 1.008396
1073000 2.000000 1.009320
1074000 2.000000 1.010242
1075000 2.000000 1.011163
1076000 0.000000 1.010223
1077000 0.000000 1.009285
1078000 1.000000 1.009276
1079000 4.000000 1.012048
1080000 1.000000 1.012037
1081000 3.000000 1.013876
1082000 0.000000 1.012939
1083000 2.000000 1.013850
1084000 1.000000 1.013838
1085000 0.000000 1.012903
1086000 3.000000 1.014733
1087000 0.000000 1.013799
1088000 0.000000 1.012868
1089000 3.000000 1.014692
1090000 0.000000 1.013761
1091000 2.000000 1.014665
1092000 1.000000 1.014652
1093000 2.000000 1.015554
1094000 0.000000 1.014625
1095000 1.000000 1.014612
1096000 0.000000 1.013686
1097000 0.000000 1.012762
1098000 1.000000 1.012750
1099000 1.000000 1.012739
1100000 0.000000 1.011818
1101000 0.000000 1.010899
1102000 0.000000 1.009982
1103000 2.000000 1.010879
1104000 2.000000 1.011775
1105000 1.000000 1.011765
1106000 1.000000 1.011754
1107000 0.000000 1.010840
1108000 1.000000 1.010830
1109000 0.000000 1.009919
1110000 2.000000 1.010811
1111000 2.000000 1.011701
1112000 1.000000 1.011691
1113000 1.000000 1.011680
1114000 0.000000 1.010772
1115000 0.000000 1.009865
1116000 0.000000 1.008961
1117000 0.000000 1.008057
1118000 0.000000 1.007156
1119000 0.000000 1.006256
1120000 0.000000 1.005357
1121000 0.000000 1.004460
1122000 0.000000 1.003565
1123000 0.000000 1.002671
1124000 1.000000 1.002669
1125000 1.000000 1.002667
1126000 1.000000 1.002664
1127000 0.000000 1.001775
1128000 1.000000 1.001773
1129000 1.000000 1.001771
1130000 1.000000 1.001770
1131000 1.000000 1.001768
1132000 1.000000 1.001767
1133000 2.000000 1.002648
1134000 0.000000 1.001764
1135000 0.000000 1.000881
1136000 0.000000 1.000000
1137000 2.000000 1.000880
1138000 1.000000 1.000879
1139000 0.000000 1.000000
1140000 0.000000 0.999123
1141000 1.000000 0.999124
1142000 0.000000 0.998249
1143000 0.000000 0.997375
1144000 2.000000 0.998252
1145000 2.000000 0.999127
1146000 0.000000 0.998255
1147000 1.000000 0.998256
1148000 1.000000 0.998258
1149000 0.000000 0.997389
1150000 2.000000 0.998261
1151000 0.000000 0.997394
1152000 0.000000 0.996528
1153000 0.000000 0.995663
1154000 0.000000 0.994801
1155000 1.000000 0.994805
1156000 2.000000 0.995675
1157000 1.000000 0.995678
1158000 1.000000 0.995682
1159000 0.000000 0.994823
1160000 0.000000 0.993966
1161000 0.000000 0.993109
1162000 2.000000 0.993976
1163000 0.000000 0.993121
1164000 1.000000 0.993127
1165000 2.000000 0.993991
1166000 0.000000 0.993139
1167000 0.000000 0.992288
1168000 1.000000 0.992295
1169000 1.000000 0.992301
1170000 1.000000 0.992308
1171000 1.000000 0.992314
1172000 0.000000 0.991468
1173000 1.000000 0.991475
1174000 3.000000 0.993186
1175000 0.000000 0.992340
1176000 1.000000 0.992347
1177000 2.000000 0.993203
1178000 0.000000 0.992360
1179000 1.000000 0.992366
1180000 1.000000 0.992373
1181000 1.000000 0.992379
1182000 1.000000 0.992386
1183000 0.000000 0.991547
1184000 0.000000 0.990709
1185000 0.000000 0.989873
1186000 2.000000 0.990725
1187000 1.000000 0.990733
1188000 1.000000 0.990741
1189000 1.000000 0.990749
1190000 0.000000 0.989916
1191000 0.000000 0.989085
1192000 0.000000 0.988255
1193000 1.000000 0.988265
1194000 0.000000 0.987437
1195000 1.000000 0.987448
1196000 0.000000 0.986622
1197000 1.000000 0.986633
1198000 0.000000 0.985810
1199000 1.000000 0.985822
1200000 1.000000 0.985833
1201000 2.000000 0.986678
1202000 0.000000 0.985857
1203000 0.000000 0.985037
1204000 1.000000 0.985050
1205000 1.000000 0.985062
1206000 1.000000 0.985075
1207000 1.000000 0.985087
1208000 1.000000 0.985099
1209000 1.000000 0.985112
1210000 0.000000 0.984298
1211000 1.000000 0.984310
1212000 0.000000 0.983498
1213000 1.000000 0.983512
1214000 1.000000 0.983526
1215000 1.000000 0.983539
1216000 1.000000 0.983553
1217000 0.000000 0.982744
1218000 0.000000 0.981938
1219000 0.000000 0.981132
1220000 2.000000 0.981967
1221000 1.000000 0.981982
1222000 1.000000 0.981997
1223000 0.000000 0.981194
1224000 2.000000 0.982026
1225000 1.000000 0.982041
1226000 0.000000 0.981240
1227000 1.000000 0.981255
1228000 0.000000 0.980456
1229000 2.000000 0.981286
1230000 4.000000 0.983740
1231000 1.000000 0.983753
1232000 1.000000 0.983766
1233000 1.000000 0.983779
1234000 2.000000 0.984603
1235000 1.000000 0.984615
1236000 3.000000 0.986246
1237000 0.000000 0.985449
1238000 1.000000 0.985460
1239000 1.000000 0.985472
1240000 0.000000 0.984677
1241000 0.000000 0.983884
1242000 2.000000 0.984702
1243000 2.000000 0.985519
1244000 3.000000 0.987138
1245000 1.000000 0.987149
1246000 1.000000 0.987159
1247000 0.000000 0.986367
1248000 1.000000 0.986378
1249000 1.000000 0.986389
1250000 2.000000 0.987200
1251000 1.000000 0.987210
1252000 1.000000 0.987220
1253000 1.000000 0.987231
1254000 2.000000 0.988038
1255000 2.000000 0.988845
1256000 0.000000 0.988057
1257000 1.000000 0.988067
1258000 1.000000 0.988076
1259000 1.000000 0.988086
1260000 0.000000 0.987302
1261000 2.000000 0.988105
1262000 2.000000 0.988906
1263000 0.000000 0.988124
1264000 3.000000 0.989715
1265000 2.000000 0.990514
1266000 0.000000 0.989731
1267000 0.000000 0.988950
1268000 0.000000 0.988170
1269000 1.000000 0.988180
1270000 0.000000 0.987402
1271000 1.000000 0.987411
1272000 0.000000 0.986635
1273000 0.000000 0.985860
1274000 1.000000 0.985871
1275000 2.000000 0.986667
1276000 0.000000 0.985893
1277000 1.000000 0.985904
1278000 3.000000 0.987480
1279000 0.000000 0.986708
1280000 1.000000 0.986719
1281000 3.000000 0.988290
1282000 1.000000 0.988300
1283000 0.000000 0.987529
1284000 2.000000 0.988318
1285000 1.000000 0.988327
1286000 2.000000 0.989114
1287000 2.000000 0.989899
1288000 1.000000 0.989907
1289000 1.000000 0.989915
1290000 0.000000 0.989147
1291000 2.000000 0.989930
1292000 1.000000 0.989938
1293000 0.000000 0.989172
1294000 1.000000 0.989181
1295000 1.000000 0.989189
1296000 1.000000 0.989198
1297000 2.000000 0.989977
1298000 0.000000 0.989214
1299000 3.000000 0.990762
1300000 0.000000 0.990000
1301000 4.000000 0.992314
1302000 0.000000 0.991551
1303000 0.000000 0.990790
1304000 1.000000 0.990798
1305000 0.000000 0.990038
1306000 1.000000 0.990046
1307000 2.000000 0.990819
1308000 0.000000 0.990061
1309000 1.000000 0.990069
1310000 1.000000 0.990076
1311000 2.000000 0.990847
1312000 0.000000 0.990091
1313000 4.000000 0.992384
1314000 0.000000 0.991629
1315000 0.000000 0.990875
1316000 3.000000 0.992401
1317000 0.000000 0.991648
1318000 2.000000 0.992413
1319000 0.000000 0.991660
1320000 1.000000 0.991667
1321000 0.000000 0.990916
1322000 0.000000 0.990166
1323000 1.000000 0.990174
1324000 1.000000 0.990181
1325000 0.000000 0.989434
1326000 0.000000 0.988688
1327000 0.000000 0.987943
1328000 3.000000 0.989458
1329000 0.000000 0.988713
1330000 0.000000 0.987970
1331000 1.000000 0.987979
1332000 0.000000 0.987237
1333000 2.000000 0.987997
1334000 1.000000 0.988006
1335000 0.000000 0.987266
1336000 1.000000 0.987275
1337000 0.000000 0.986537
1338000 1.000000 0.986547
1339000 0.000000 0.985810
1340000 2.000000 0.986567
1341000 0.000000 0.985831
1342000 0.000000 0.985097
1343000 0.000000 0.984363
1344000 1.000000 0.984375
1345000 1.000000 0.984387
1346000 1.000000 0.984398
1347000 1.000000 0.984410
1348000 1.000000 0.984421
1349000 0.000000 0.983692
1350000 3.000000 0.985185
1351000 0.000000 0.984456
1352000 2.000000 0.985207
1353000 0.000000 0.984479
1354000 0.000000 0.983752
1355000 1.000000 0.983764
1356000 1.000000 0.983776
1357000 1.000000 0.983788
1358000 1.000000 0.983800
1359000 2.000000 0.984547
1360000 1.000000 0.984559
1361000 1.000000 0.984570
1362000 0.000000 0.983847
1363000 1.000000 0.983859
1364000 3.000000 0.985337
1365000 3.000000 0.986813
1366000 2.000000 0.987555
1367000 1.000000 0.987564
1368000 3.000000 0.989035
1369000 1.000000 0.989043
1370000 0.000000 0.988321
1371000 2.000000 0.989059
1372000 1.000000 0.989067
1373000 1.000000 0.989075
1374000 1.000000 0.989083
1375000 1.000000 0.989091
1376000 0.000000 0.988372
1377000 1.000000 0.988381
1378000 1.000000 0.988389
1379000 1.000000 0.988397
1380000 2.000000 0.989130
1381000 1.000000 0.989138
1382000 0.000000 0.988423
1383000 0.000000 0.987708
1384000 0.000000 0.986994
1385000 0.000000 0.986282
1386000 0.000000 0.985570
1387000 0.000000 0.984859
1388000 3.000000 0.986311
1389000 1.000000 0.986321
1390000 1.000000 0.986331
1391000 0.000000 0.985622
1392000 1.000000 0.985632
1393000 2.000000 0.986360
1394000 0.000000 0.985653
1395000 1.000000 0.985663
1396000 3.000000 0.987106
1397000 3.000000 0.988547
1398000 1.000000 0.988555
1399000 1.000000 0.988563
1400000 1.000000 0.988571
1401000 0.000000 0.987866
1402000 1.000000 0.987874
1403000 0.000000 0.987170
1404000 3.000000 0.988604
1405000 1.000000 0.988612
1406000 0.000000 0.987909
1407000 0.000000 0.987207
1408000 1.000000 0.987216
1409000 0.000000 0.986515
1410000 0.000000 0.985816
1411000 2.000000 0.986534
1412000 2.000000 0.987252
1413000 2.000000 0.987969
1414000 1.000000 0.987977
1415000 1.000000 0.987986
1416000 0.000000 0.987288
1417000 3.000000 0.988709
1418000 0.000000 0.988011
1419000 1.000000 0.988020
1420000 2.000000 0.988732
1421000 2.000000 0.989444
1422000 0.000000 0.988748
1423000 0.000000 0.988053
1424000 3.000000 0.989466
1425000 3.000000 0.990877
1426000 1.000000 0.990884
1427000 2.000000 0.991591
1428000 0.000000 0.990896
1429000 2.000000 0.991603
1430000 0.000000 0.990909
1431000 4.000000 0.993012
1432000 0.000000 0.992318
1433000 1.000000 0.992324
1434000 1.000000 0.992329
1435000 0.000000 0.991638
1436000 3.000000 0.993036
1437000 0.000000 0.992345
1438000 1.000000 0.992350
1439000 0.000000 0.991661
1440000 1.000000 0.991667
1441000 2.000000 0.992366
1442000 1.000000 0.992372
1443000 2.000000 0.993070
1444000 0.000000 0.992382
1445000 1.000000 0.992388
1446000 1.000000 0.992393
1447000 0.000000 0.991707
1448000 0.000000 0.991022
1449000 1.000000 0.991028
1450000 2.000000 0.991724
1451000 2.000000 0.992419
1452000 1.000000 0.992424
1453000 0.000000 0.991741
1454000 0.000000 0.991059
1455000 0.000000 0.990378
1456000 2.000000 0.991071
1457000 1.000000 0.991078
1458000 2.000000 0.991770
1459000 1.000000 0.991775
1460000 1.000000 0.991781
1461000 1.000000 0.991786
1462000 3.000000 0.993160
1463000 0.000000 0.992481
1464000 1.000000 0.992486
1465000 3.000000 0.993857
1466000 3.000000 0.995225
1467000 2.000000 0.995910
1468000 1.000000 0.995913
1469000 1.000000 0.995916
1470000 0.000000 0.995238
1471000 0.000000 0.994562
1472000 1.000000 0.994565
1473000 0.000000 0.993890
1474000 2.000000 0.994573
1475000 2.000000 0.995254
1476000 0.000000 0.994580
1477000 3.000000 0.995938
1478000 1.000000 0.995940
1479000 1.000000 0.995943
1480000 1.000000 0.995946
1481000 0.000000 0.995273
1482000 2.000000 0.995951
1483000 1.000000 0.995954
1484000 2.000000 0.996631
1485000 1.000000 0.996633
1486000 2.000000 0.997308
1487000 1.000000 0.997310
1488000 1.000000 0.997312
1489000 4.000000 0.999328
1490000 3.000000 1.000671
1491000 2.000000 1.001341
1492000 2.000000 1.002011
1493000 1.000000 1.002009
1494000 3.000000 1.003347
1495000 0.000000 1.002676
1496000 1.000000 1.002674
1497000 0.000000 1.002004
1498000 0.000000 1.001335
1499000 3.000000 1.002668
1500000 0.000000 1.002000
1501000 1.000000 1.001999
1502000 1.000000 1.001997
1503000 2.000000 1.002661
1504000 0.000000 1.001995
1505000 2.000000 1.002658
1506000 0.000000 1.001992
1507000 1.000000 1.001991
1508000 1.000000 1.001989
1509000 0.000000 1.001325
1510000 0.000000 1.000662
1511000 3.000000 1.001985
1512000 1.000000 1.001984
1513000 2.000000 1.002644
1514000 0.000000 1.001982
1515000 0.000000 1.001320
1516000 0.000000 1.000660
1517000 1.000000 1.000659
1518000 1.000000 1.000659
1519000 0.000000 1.000000
1520000 0.000000 0.999342
1521000 1.000000 0.999343
1522000 3.000000 1.000657
1523000 0.000000 1.000000
1524000 1.000000 1.000000
1525000 0.000000 0.999344
1526000 2.000000 1.000000
1527000 0.000000 0.999345
1528000 0.000000 0.998691
1529000 1.000000 0.998692
1530000 1.000000 0.998693
1531000 1.000000 0.998694
1532000 1.000000 0.998695
1533000 3.000000 1.000000
1534000 2.000000 1.000652
1535000 1.000000 1.000651
1536000 1.000000 1.000651
1537000 0.000000 1.000000
1538000 1.000000 1.000000
1539000 2.000000 1.000650
1540000 1.000000 1.000649
1541000 0.000000 1.000000
1542000 1.000000 1.000000
1543000 0.000000 0.999352
1544000 0.000000 0.998705
1545000 1.000000 0.998706
1546000 2.000000 0.999353
1547000 0.000000 0.998707
1548000 2.000000 0.999354
1549000 0.000000 0.998709
1550000 3.000000 1.000000
1551000 0.000000 0.999355
1552000 1.000000 0.999356
1553000 0.000000 0.998712
1554000 1.000000 0.998713
1555000 0.000000 0.998071
1556000 3.000000 0.999357
1557000 1.000000 0.999358
1558000 0.000000 0.998716
1559000 2.000000 0.999359
1560000 2.000000 1.000000
1561000 1.000000 1.000000
1562000 0.000000 0.999360
1563000 1.000000 0.999360
1564000 1.000000 0.999361
1565000 0.000000 0.998722
1566000 1.000000 0.998723
1567000 2.000000 0.999362
1568000 2.000000 1.000000
1569000 2.000000 1.000637
1570000 0.000000 1.000000
1571000 0.000000 0.999363
1572000 0.000000 0.998728
1573000 1.000000 0.998729
1574000 2.000000 0.999365
1575000 0.000000 0.998730
1576000 0.000000 0.998096
1577000 2.000000 0.998732
1578000 2.000000 0.999366
1579000 2.000000 1.000000
1580000 0.000000 0.999367
1581000 0.000000 0.998735
1582000 2.000000 0.999368
1583000 1.000000 0.999368
1584000 3.000000 1.000631
1585000 2.000000 1.001262
1586000 0.000000 1.000631
1587000 2.000000 1.001260
1588000 1.000000 1.001259
1589000 2.000000 1.001888
1590000 1.000000 1.001887
1591000 4.000000 1.003771
1592000 2.000000 1.004397
1593000 0.000000 1.003766
1594000 0.000000 1.003137
1595000 1.000000 1.003135
1596000 1.000000 1.003133
1597000 1.000000 1.003131
1598000 0.000000 1.002503
1599000 1.000000 1.002502
1600000 0.000000 1.001875
1601000 1.000000 1.001874
1602000 2.000000 1.002497
1603000 1.000000 1.002495
1604000 1.000000 1.002494
1605000 1.000000 1.002492
1606000 1.000000 1.002491
1607000 0.000000 1.001867
1608000 0.000000 1.001244
1609000 0.000000 1.000622
1610000 2.000000 1.001242
1611000 0.000000 1.000621
1612000 0.000000 1.000000
1613000 1.000000 1.000000
1614000 1.000000 1.000000
1615000 1.000000 1.000000
1616000 1.000000 1.000000
1617000 2.000000 1.000618
1618000 0.000000 1.000000
1619000 2.000000 1.000618
1620000 0.000000 1.000000
1621000 0.000000 0.999383
1622000 0.000000 0.998767
1623000 0.000000 0.998152
1624000 1.000000 0.998153
1625000 0.000000 0.997538
1626000 2.000000 0.998155
1627000 1.000000 0.998156
1628000 1.000000 0.998157
1629000 1.000000 0.998158
1630000 0.000000 0.997546
1631000 3.000000 0.998774
1632000 1.000000 0.998775
1633000 0.000000 0.998163
1634000 1.000000 0.998164
1635000 0.000000 0.997554
1636000 5.000000 1.000000
1637000 1.000000 1.000000
1638000 2.000000 1.000611
1639000 1.000000 1.000610
1640000 2.000000 1.001220
1641000 1.000000 1.001219
1642000 1.000000 1.001218
1643000 1.000000 1.001217
1644000 3.000000 1.002433
1645000 2.000000 1.003040
1646000 2.000000 1.003645
1647000 2.000000 1.004250
1648000 0.000000 1.003641
1649000 0.000000 1.003032
1650000 3.000000 1.004242
1651000 3.000000 1.005451
1652000 2.000000 1.006053
1653000 0.000000 1.005445
1654000 1.000000 1.005441
1655000 4.000000 1.007251
1656000 1.000000 1.007246
1657000 1.000000 1.007242
1658000 2.000000 1.007841
1659000 2.000000 1.008439
1660000 0.000000 1.007831
1661000 1.000000 1.007827
1662000 0.000000 1.007220
1663000 0.000000 1.006615
1664000 2.000000 1.007212
1665000 3.000000 1.008408
1666000 0.000000 1.007803
1667000 3.000000 1.008998
1668000 0.000000 1.008393
1669000 1.000000 1.008388
1670000 2.000000 1.008982
1671000 2.000000 1.009575
1672000 1.000000 1.009569
1673000 5.000000 1.011955
1674000 1.000000 1.011947
1675000 1.000000 1.011940
1676000 0.000000 1.011337
1677000 2.000000 1.011926
1678000 3.000000 1.013111
1679000 1.000000 1.013103
1680000 1.000000 1.013095
1681000 0.000000 1.012493
1682000 0.000000 1.011891
1683000 3.000000 1.013072
1684000 0.000000 1.012470
1685000 1.000000 1.012463
1686000 0.000000 1.011862
1687000 3.000000 1.013041
1688000 0.000000 1.012441
1689000 1.000000 1.012433
1690000 1.000000 1.012426
1691000 1.000000 1.012419
1692000 1.000000 1.012411
1693000 1.000000 1.012404
1694000 1.000000 1.012397
1695000 2.000000 1.012979
1696000 1.000000 1.012972
1697000 2.000000 1.013553
1698000 3.000000 1.014723
1699000 0.000000 1.014126
1700000 1.000000 1.014118
1701000 2.000000 1.014697
1702000 2.000000 1.015276
1703000 2.000000 1.015854
1704000 1.000000 1.015845
1705000 0.000000 1.015249
1706000 2.000000 1.015826
1707000 1.000000 1.015817
1708000 1.000000 1.015808
1709000 2.000000 1.016384
1710000 2.000000 1.016959
1711000 1.000000 1.016949
1712000 1.000000 1.016939
1713000 3.000000 1.018097
1714000 2.000000 1.018670
1715000 2.000000 1.019242
1716000 0.000000 1.018648
1717000 3.000000 1.019802
1718000 3.000000 1.020955
1719000 0.000000 1.020361
1720000 1.000000 1.020349
1721000 0.000000 1.019756
1722000 1.000000 1.019744
1723000 0.000000 1.019153
1724000 0.000000 1.018561
1725000 4.000000 1.020290
1726000 1.000000 1.020278
1727000 0.000000 1.019687
1728000 1.000000 1.019676
1729000 0.000000 1.019086
1730000 1.000000 1.019075
1731000 2.000000 1.019642
1732000 3.000000 1.020785
1733000 1.000000 1.020773
1734000 0.000000 1.020185
1735000 1.000000 1.020173
1736000 2.000000 1.020737
1737000 0.000000 1.020150
1738000 1.000000 1.020138
1739000 1.000000 1.020127
1740000 0.000000 1.019540
1741000 0.000000 1.018955
1742000 2.000000 1.019518
1743000 3.000000 1.020654
1744000 0.000000 1.020069
1745000 1.000000 1.020057
1746000 1.000000 1.020046
1747000 0.000000 1.019462
1748000 4.000000 1.021167
1749000 3.000000 1.022298
1750000 0.000000 1.021714
1751000 2.000000 1.022273
1752000 0.000000 1.021689
1753000 1.000000 1.021677
1754000 1.000000 1.021665
1755000 1.000000 1.021652
1756000 0.000000 1.021071
1757000 0.000000 1.020489
1758000 1.000000 1.020478
1759000 0.000000 1.019898
1760000 0.000000 1.019318
1761000 2.000000 1.019875
1762000 2.000000 1.020431
1763000 0.000000 1.019853
1764000 1.000000 1.019841
1765000 1.000000 1.019830
1766000 0.000000 1.019253
1767000 1.000000 1.019242
1768000 1.000000 1.019231
1769000 3.000000 1.020350
1770000 1.000000 1.020339
1771000 1.000000 1.020327
1772000 0.000000 1.019752
1773000 2.000000 1.020305
1774000 2.000000 1.020857
1775000 2.000000 1.021408
1776000 2.000000 1.021959
1777000 0.000000 1.021384
1778000 1.000000 1.021372
1779000 0.000000 1.020798
1780000 3.000000 1.021910
1781000 3.000000 1.023021
1782000 3.000000 1.024130
1783000 0.000000 1.023556
1784000 1.000000 1.023543
1785000 0.000000 1.022969
1786000 1.000000 1.022956
1787000 0.000000 1.022384
1788000 1.000000 1.022371
1789000 2.000000 1.022918
1790000 2.000000 1.023464
1791000 1.000000 1.023451
1792000 0.000000 1.022879
1793000 2.000000 1.023424
1794000 3.000000 1.024526
1795000 0.000000 1.023955
1796000 1.000000 1.023942
1797000 0.000000 1.023372
1798000 1.000000 1.023359
1799000 0.000000 1.022790
1800000 0.000000 1.022222
1801000 0.000000 1.021655
1802000 0.000000 1.021088
1803000 0.000000 1.020521
1804000 0.000000 1.019956
1805000 2.000000 1.020499
1806000 2.000000 1.021041
1807000 0.000000 1.020476
1808000 2.000000 1.021018
1809000 1.000000 1.021006
1810000 0.000000 1.020442
1811000 0.000000 1.019879
1812000 0.000000 1.019316
1813000 0.000000 1.018753
1814000 1.000000 1.018743
1815000 0.000000 1.018182
1816000 0.000000 1.017621
1817000 1.000000 1.017611
1818000 0.000000 1.017052
1819000 1.000000 1.017042
1820000 2.000000 1.017582
1821000 2.000000 1.018122
1822000 3.000000 1.019210
1823000 1.000000 1.019199
1824000 0.000000 1.018640
1825000 1.000000 1.018630
1826000 0.000000 1.018072
1827000 1.000000 1.018062
1828000 1.000000 1.018053
1829000 1.000000 1.018043
1830000 0.000000 1.017486
1831000 2.000000 1.018023
1832000 3.000000 1.019105
1833000 2.000000 1.019640
1834000 1.000000 1.019629
1835000 1.000000 1.019619
1836000 1.000000 1.019608
1837000 1.000000 1.019597
1838000 1.000000 1.019587
1839000 1.000000 1.019576
1840000 0.000000 1.019022
1841000 1.000000 1.019011
1842000 1.000000 1.019001
1843000 0.000000 1.018448
1844000 0.000000 1.017896
1845000 0.000000 1.017344
1846000 0.000000 1.016793
1847000 3.000000 1.017867
1848000 1.000000 1.017857
1849000 0.000000 1.017307
1850000 3.000000 1.018378
1851000 0.000000 1.017828
1852000 0.000000 1.017279
1853000 0.000000 1.016730
1854000 1.000000 1.016721
1855000 4.000000 1.018329
1856000 0.000000 1.017780
1857000 1.000000 1.017771
1858000 2.000000 1.018299
1859000 0.000000 1.017751
1860000 1.000000 1.017742
1861000 2.000000 1.018270
1862000 0.000000 1.017723
1863000 1.000000 1.017713
1864000 0.000000 1.017167
1865000 1.000000 1.017158
1866000 1.000000 1.017149
1867000 0.000000 1.016604
1868000 2.000000 1.017131
1869000 0.000000 1.016586
1870000 0.000000 1.016043
1871000 0.000000 1.015500
1872000 0.000000 1.014957
1873000 0.000000 1.014415
1874000 0.000000 1.013874
1875000 0.000000 1.013333
1876000 0.000000 1.012793
1877000 1.000000 1.012786
1878000 2.000000 1.013312
1879000 1.000000 1.013305
1880000 2.000000 1.013830
1881000 1.000000 1.013822
1882000 1.000000 1.013815
1883000 1.000000 1.013808
1884000 0.000000 1.013270
1885000 0.000000 1.012732
1886000 0.000000 1.012195
1887000 3.000000 1.013249
1888000 1.000000 1.013242
1889000 0.000000 1.012705
1890000 2.000000 1.013228
1891000 1.000000 1.013221
1892000 1.000000 1.013214
1893000 0.000000 1.012678
1894000 1.000000 1.012672
1895000 0.000000 1.012137
1896000 0.000000 1.011603
1897000 0.000000 1.011070
1898000 0.000000 1.010537
1899000 2.000000 1.011058
1900000 4.000000 1.012632
1901000 1.000000 1.012625
1902000 0.000000 1.012093
1903000 1.000000 1.012086
1904000 2.000000 1.012605
1905000 2.000000 1.013123
1906000 2.000000 1.013641
1907000 1.000000 1.013634
1908000 0.000000 1.013103
1909000 4.000000 1.014667
1910000 1.000000 1.014660
1911000 0.000000 1.014129
1912000 0.000000 1.013598
1913000 0.000000 1.013068
1914000 1.000000 1.013062
1915000 2.000000 1.013577
1916000 1.000000 1.013570
1917000 2.000000 1.014085
1918000 2.000000 1.014599
1919000 3.000000 1.015633
1920000 0.000000 1.015104
1921000 0.000000 1.014576
1922000 2.000000 1.015088
1923000 0.000000 1.014561
1924000 0.000000 1.014033
1925000 0.000000 1.013506
1926000 0.000000 1.012980
1927000 2.000000 1.013492
1928000 0.000000 1.012967
1929000 1.000000 1.012960
1930000 1.000000 1.012953
1931000 1.000000 1.012947
1932000 1.000000 1.012940
1933000 2.000000 1.013451
1934000 2.000000 1.013961
1935000 1.000000 1.013953
1936000 0.000000 1.013430
1937000 2.000000 1.013939
1938000 1.000000 1.013932
1939000 1.000000 1.013925
1940000 2.000000 1.014433
1941000 3.000000 1.015456
1942000 1.000000 1.015448
1943000 1.000000 1.015440
1944000 0.000000 1.014918
1945000 2.000000 1.015424
1946000 3.000000 1.016444
1947000 1.000000 1.016436
1948000 1.000000 1.016427
1949000 0.000000 1.015906
1950000 1.000000 1.015897
1951000 1.000000 1.015889
1952000 2.000000 1.016393
1953000 1.000000 1.016385
1954000 0.000000 1.015865
1955000 1.000000 1.015857
1956000 1.000000 1.015849
1957000 0.000000 1.015330
1958000 1.000000 1.015322
1959000 0.000000 1.014803
1960000 1.000000 1.014796
1961000 2.000000 1.015298
1962000 0.000000 1.014781
1963000 0.000000 1.014264
1964000 4.000000 1.015784
1965000 2.000000 1.016285
1966000 1.000000 1.016277
1967000 1.000000 1.016268
1968000 1.000000 1.016260
1969000 1.000000 1.016252
1970000 1.000000 1.016244
1971000 0.000000 1.015728
1972000 1.000000 1.015720
1973000 0.000000 1.015205
1974000 1.000000 1.015198
1975000 1.000000 1.015190
1976000 0.000000 1.014676
1977000 0.000000 1.014163
1978000 3.000000 1.015167
1979000 1.000000 1.015159
1980000 1.000000 1.015152
1981000 0.000000 1.014639
1982000 0.000000 1.014127
1983000 0.000000 1.013616
1984000 0.000000 1.013105
1985000 1.000000 1.013098
1986000 1.000000 1.013092
1987000 1.000000 1.013085
1988000 1.000000 1.013078
1989000 1.000000 1.013072
1990000 0.000000 1.012563
1991000 1.000000 1.012557
1992000 1.000000 1.012550
1993000 0.000000 1.012042
1994000 1.000000 1.012036
1995000 0.000000 1.011529
1996000 1.000000 1.011523
1997000 2.000000 1.012018
1998000 3.000000 1.013013
1999000 0.000000 1.012506
2000000 1.000000 1.012500
