1000 0.722863 0.722863
2000 0.726590 0.724727
3000 0.716424 0.721959
4000 0.726062 0.722985
5000 0.723638 0.723115
6000 0.734563 0.725023
7000 0.736724 0.726695
8000 0.727255 0.726765
9000 0.709782 0.724878
10000 0.723395 0.724730
11000 0.719907 0.724291
12000 0.716767 0.723664
13000 0.721771 0.723519
14000 0.715591 0.722952
15000 0.704635 0.721731
16000 0.721596 0.721723
17000 0.702733 0.720606
18000 0.717336 0.720424
19000 0.728171 0.720832
20000 0.730798 0.721330
21000 0.713828 0.720973
22000 0.723854 0.721104
23000 0.739912 0.721922
24000 0.726359 0.722106
25000 0.723102 0.722146
26000 0.715216 0.721880
27000 0.714113 0.721592
28000 0.717902 0.721460
29000 0.732913 0.721855
30000 0.728722 0.722084
31000 0.734870 0.722497
32000 0.722794 0.722506
33000 0.704330 0.721955
34000 0.723687 0.722006
35000 0.730744 0.722256
36000 0.721009 0.722221
37000 0.712383 0.721955
38000 0.720719 0.721923
39000 0.725833 0.722023
40000 0.726070 0.722124
41000 0.734988 0.722438
42000 0.728744 0.722588
43000 0.712618 0.722356
44000 0.725227 0.722421
45000 0.722298 0.722419
46000 0.737124 0.722738
47000 0.727801 0.722846
48000 0.731867 0.723034
49000 0.726540 0.723105
50000 0.728550 0.723214
51000 0.722767 0.723206
52000 0.715750 0.723062
53000 0.724308 0.723086
54000 0.738297 0.723367
55000 0.729869 0.723486
56000 0.738345 0.723751
57000 0.734130 0.723933
58000 0.711101 0.723712
59000 0.725396 0.723740
60000 0.712217 0.723548
61000 0.724012 0.723556
62000 0.723876 0.723561
63000 0.715941 0.723440
64000 0.725959 0.723479
65000 0.725304 0.723508
66000 0.739258 0.723746
67000 0.725100 0.723766
68000 0.730221 0.723861
69000 0.733978 0.724008
70000 0.732152 0.724124
71000 0.722441 0.724101
72000 0.725748 0.724123
73000 0.710950 0.723943
74000 0.731897 0.724050
75000 0.724142 0.724052
76000 0.721247 0.724015
77000 0.705703 0.723777
78000 0.708404 0.723580
79000 0.694082 0.723206
80000 0.693063 0.722830
81000 0.682264 0.722329
82000 0.693396 0.721976
83000 0.707026 0.721796
84000 0.699569 0.721531
85000 0.692730 0.721192
86000 0.680348 0.720718
87000 0.671892 0.720156
88000 0.673223 0.719623
89000 0.667798 0.719041
90000 0.689129 0.718708
91000 0.680324 0.718287
92000 0.690962 0.717990
93000 0.717026 0.717979
94000 0.730760 0.718115
95000 0.695261 0.717875
96000 0.708053 0.717772
97000 0.683717 0.717421
98000 0.687631 0.717117
99000 0.680775 0.716750
100000 0.704992 0.716633
101000 0.711287 0.716580
102000 0.698993 0.716407
103000 0.700698 0.716255
104000 0.685501 0.715959
105000 0.707846 0.715882
106000 0.680768 0.715550
107000 0.657624 0.715009
108000 0.681598 0.714700
109000 0.694214 0.714512
110000 0.685928 0.714252
111000 0.682646 0.713967
112000 0.692643 0.713777
113000 0.675861 0.713441
114000 0.691018 0.713245
115000 0.668885 0.712859
116000 0.655076 0.712361
117000 0.681764 0.712099
118000 0.673260 0.711770
119000 0.679780 0.711501
120000 0.687965 0.711305
121000 0.678801 0.711036
122000 0.682077 0.710799
123000 0.682350 0.710568
124000 0.687847 0.710385
125000 0.694266 0.710256
126000 0.689858 0.710094
127000 0.705144 0.710055
128000 0.709529 0.710051
129000 0.700285 0.709975
130000 0.688841 0.709812
131000 0.706050 0.709784
132000 0.693458 0.709660
133000 0.721077 0.709746
134000 0.721087 0.709830
135000 0.727801 0.709964
136000 0.722620 0.710057
137000 0.710050 0.710057
138000 0.715159 0.710094
139000 0.692140 0.709964
140000 0.701428 0.709903
141000 0.681361 0.709701
142000 0.697462 0.709615
143000 0.691296 0.709487
144000 0.671483 0.709223
145000 0.678994 0.709014
146000 0.686973 0.708863
147000 0.686358 0.708710
148000 0.700852 0.708657
149000 0.697904 0.708585
150000 0.712480 0.708611
151000 0.707985 0.708607
152000 0.707368 0.708599
153000 0.706488 0.708585
154000 0.707578 0.708578
155000 0.699644 0.708521
156000 0.696945 0.708446
157000 0.703376 0.708414
158000 0.700110 0.708362
159000 0.736924 0.708541
160000 0.681926 0.708375
161000 0.708247 0.708374
162000 0.701258 0.708330
163000 0.704773 0.708308
164000 0.708097 0.708307
165000 0.714970 0.708347
166000 0.717668 0.708404
167000 0.699211 0.708349
168000 0.693448 0.708260
169000 0.677394 0.708077
170000 0.687100 0.707954
171000 0.697676 0.707894
172000 0.697056 0.707831
173000 0.706930 0.707825
174000 0.687250 0.707707
175000 0.698903 0.707657
176000 0.696975 0.707596
177000 0.692666 0.707512
178000 0.674087 0.707324
179000 0.692363 0.707241
180000 0.691682 0.707154
181000 0.690723 0.707063
182000 0.694785 0.706996
183000 0.678391 0.706840
184000 0.699365 0.706799
185000 0.694431 0.706732
186000 0.711184 0.706756
187000 0.686098 0.706646
188000 0.680808 0.706508
189000 0.691925 0.706431
190000 0.687661 0.706332
191000 0.692978 0.706262
192000 0.699258 0.706226
193000 0.698396 0.706185
194000 0.702005 0.706164
195000 0.704794 0.706157
196000 0.700479 0.706128
197000 0.715794 0.706177
198000 0.716001 0.706226
199000 0.708416 0.706237
200000 0.709493 0.706254
201000 0.721371 0.706329
202000 0.719967 0.706396
203000 0.713959 0.706434
204000 0.709810 0.706450
205000 0.708726 0.706461
206000 0.723788 0.706545
207000 0.720016 0.706610
208000 0.740737 0.706774
209000 0.689203 0.706690
210000 0.707947 0.706696
211000 0.711980 0.706721
212000 0.692723 0.706655
213000 0.733028 0.706779
214000 0.718892 0.706836
215000 0.716434 0.706880
216000 0.717780 0.706931
217000 0.725893 0.707018
218000 0.722837 0.707091
219000 0.717952 0.707140
220000 0.730527 0.707247
221000 0.737672 0.707384
222000 0.745990 0.707558
223000 0.718730 0.707608
224000 0.739327 0.707750
225000 0.718188 0.707796
226000 0.712310 0.707816
227000 0.710637 0.707829
228000 0.735807 0.707952
229000 0.725795 0.708029
230000 0.711897 0.708046
231000 0.728060 0.708133
232000 0.728982 0.708223
233000 0.736390 0.708344
234000 0.745126 0.708501
235000 0.716860 0.708536
236000 0.716559 0.708570
237000 0.730061 0.708661
238000 0.729614 0.708749
239000 0.727384 0.708827
240000 0.715810 0.708856
241000 0.719574 0.708901
242000 0.720303 0.708948
243000 0.718343 0.708986
244000 0.727562 0.709063
245000 0.740891 0.709192
246000 0.723242 0.709250
247000 0.746636 0.709401
248000 0.712687 0.709414
249000 0.716110 0.709441
250000 0.728753 0.709518
251000 0.727308 0.709589
252000 0.743282 0.709723
253000 0.712434 0.709734
254000 0.731023 0.709817
255000 0.720990 0.709861
256000 0.710172 0.709862
257000 0.708662 0.709858
258000 0.722417 0.709906
259000 0.718472 0.709940
260000 0.740695 0.710058
261000 0.732490 0.710144
262000 0.735242 0.710240
263000 0.733058 0.710326
264000 0.726749 0.710389
265000 0.747025 0.710527
266000 0.745960 0.710660
267000 0.741763 0.710777
268000 0.744113 0.710901
269000 0.747188 0.711036
270000 0.722978 0.711080
271000 0.749664 0.711222
272000 0.735218 0.711311
273000 0.742173 0.711424
274000 0.743658 0.711541
275000 0.722777 0.711582
276000 0.727315 0.711639
277000 0.737552 0.711733
278000 0.727849 0.711791
279000 0.727702 0.711848
280000 0.728949 0.711909
281000 0.733343 0.711985
282000 0.701160 0.711947
283000 0.701295 0.711909
284000 0.722166 0.711945
285000 0.716084 0.711960
286000 0.731959 0.712030
287000 0.738139 0.712121
288000 0.743103 0.712228
289000 0.738372 0.712319
290000 0.724359 0.712360
291000 0.728608 0.712416
292000 0.721422 0.712447
293000 0.752196 0.712582
294000 0.755653 0.712729
295000 0.734906 0.712804
296000 0.742104 0.712903
297000 0.750065 0.713028
298000 0.751742 0.713158
299000 0.758525 0.713310
300000 0.751890 0.713439
301000 0.744034 0.713540
302000 0.728621 0.713590
303000 0.729385 0.713642
304000 0.720731 0.713666
305000 0.730228 0.713720
306000 0.718749 0.713736
307000 0.731688 0.713795
308000 0.730284 0.713848
309000 0.740892 0.713936
310000 0.737511 0.714012
311000 0.732826 0.714072
312000 0.742596 0.714164
313000 0.740109 0.714247
314000 0.729148 0.714294
315000 0.740237 0.714376
316000 0.721858 0.714400
317000 0.736936 0.714471
318000 0.718654 0.714484
319000 0.710547 0.714472
320000 0.718654 0.714485
321000 0.693896 0.714421
322000 0.691879 0.714351
323000 0.703193 0.714316
324000 0.702684 0.714281
325000 0.711975 0.714273
326000 0.710357 0.714261
327000 0.718117 0.714273
328000 0.723737 0.714302
329000 0.708432 0.714284
330000 0.700894 0.714244
331000 0.701184 0.714204
332000 0.684012 0.714113
333000 0.700683 0.714073
334000 0.710800 0.714063
335000 0.694853 0.714006
336000 0.688610 0.713930
337000 0.686090 0.713848
338000 0.705629 0.713823
339000 0.704725 0.713796
340000 0.708883 0.713782
341000 0.695097 0.713727
342000 0.694677 0.713672
343000 0.718845 0.713687
344000 0.690755 0.713620
345000 0.717326 0.713631
346000 0.702173 0.713598
347000 0.718586 0.713612
348000 0.715345 0.713617
349000 0.719739 0.713634
350000 0.722795 0.713661
351000 0.723938 0.713690
352000 0.715654 0.713695
353000 0.720346 0.713714
354000 0.717679 0.713726
355000 0.732284 0.713778
356000 0.736976 0.713843
357000 0.733996 0.713899
358000 0.731184 0.713948
359000 0.718663 0.713961
360000 0.726419 0.713995
361000 0.705204 0.713971
362000 0.695831 0.713921
363000 0.707091 0.713902
364000 0.702498 0.713871
365000 0.696361 0.713823
366000 0.703145 0.713794
367000 0.701493 0.713760
368000 0.717976 0.713772
369000 0.707039 0.713753
370000 0.715420 0.713758
371000 0.705536 0.713736
372000 0.705415 0.713713
373000 0.699551 0.713675
374000 0.725784 0.713708
375000 0.697254 0.713664
376000 0.705918 0.713643
377000 0.728671 0.713683
378000 0.706671 0.713665
379000 0.717811 0.713676
380000 0.711638 0.713670
381000 0.719949 0.713687
382000 0.711667 0.713681
383000 0.717880 0.713692
384000 0.719330 0.713707
385000 0.695878 0.713661
386000 0.711464 0.713655
387000 0.676298 0.713558
388000 0.698037 0.713518
389000 0.695662 0.713473
390000 0.696899 0.713430
391000 0.705876 0.713411
392000 0.703056 0.713384
393000 0.714108 0.713386
394000 0.701974 0.713357
395000 0.712401 0.713355
396000 0.721620 0.713376
397000 0.730617 0.713419
398000 0.727738 0.713455
399000 0.707374 0.713440
400000 0.723271 0.713464
401000 0.717216 0.713474
402000 0.697112 0.713433
403000 0.703026 0.713407
404000 0.717687 0.713418
405000 0.707162 0.713402
406000 0.705191 0.713382
407000 0.709727 0.713373
408000 0.719591 0.713388
409000 0.712506 0.713386
410000 0.717690 0.713397
411000 0.711241 0.713392
412000 0.700675 0.713361
413000 0.699636 0.713327
414000 0.706212 0.713310
415000 0.718786 0.713323
416000 0.732978 0.713371
417000 0.723988 0.713396
418000 0.711865 0.713392
419000 0.716917 0.713401
420000 0.714911 0.713404
421000 0.702005 0.713377
422000 0.716018 0.713384
423000 0.734570 0.713434
424000 0.719143 0.713447
425000 0.726554 0.713478
426000 0.741377 0.713544
427000 0.735887 0.713596
428000 0.733408 0.713642
429000 0.729600 0.713679
430000 0.731223 0.713720
431000 0.728367 0.713754
432000 0.717674 0.713763
433000 0.708030 0.713750
434000 0.716725 0.713757
435000 0.695700 0.713715
436000 0.708198 0.713703
437000 0.724821 0.713728
438000 0.704610 0.713707
439000 0.700874 0.713678
440000 0.696443 0.713639
441000 0.709537 0.713630
442000 0.704608 0.713609
443000 0.700481 0.713580
444000 0.705301 0.713561
445000 0.715080 0.713564
446000 0.715698 0.713569
447000 0.723581 0.713591
448000 0.709988 0.713583
449000 0.706919 0.713569
450000 0.702759 0.713545
451000 0.702129 0.713519
452000 0.704157 0.713499
453000 0.718516 0.713510
454000 0.698452 0.713476
455000 0.697457 0.713441
456000 0.703665 0.713420
457000 0.710228 0.713413
458000 0.717074 0.713421
459000 0.717875 0.713431
460000 0.723371 0.713452
461000 0.719035 0.713464
462000 0.729118 0.713498
463000 0.730828 0.713536
464000 0.739114 0.713591
465000 0.732162 0.713631
466000 0.709565 0.713622
467000 0.710951 0.713616
468000 0.712748 0.713614
469000 0.704539 0.713595
470000 0.717158 0.713603
471000 0.730500 0.713638
472000 0.712982 0.713637
473000 0.725653 0.713662
474000 0.719202 0.713674
475000 0.704025 0.713654
476000 0.716667 0.713660
477000 0.693146 0.713617
478000 0.701503 0.713592
479000 0.703691 0.713571
480000 0.709418 0.713562
481000 0.699407 0.713533
482000 0.692291 0.713489
483000 0.698790 0.713459
484000 0.707210 0.713446
485000 0.689052 0.713395
486000 0.718889 0.713407
487000 0.725481 0.713431
488000 0.691768 0.713387
489000 0.671660 0.713302
490000 0.667710 0.713209
491000 0.697965 0.713178
492000 0.697871 0.713147
493000 0.707270 0.713135
494000 0.707789 0.713124
495000 0.710035 0.713118
496000 0.720480 0.713132
497000 0.726914 0.713160
498000 0.728320 0.713191
499000 0.728953 0.713222
500000 0.727732 0.713251
501000 0.715516 0.713256
502000 0.718354 0.713266
503000 0.720818 0.713281
504000 0.723127 0.713300
505000 0.730528 0.713334
506000 0.723255 0.713354
507000 0.736126 0.713399
508000 0.746207 0.713464
509000 0.743933 0.713523
510000 0.736054 0.713568
511000 0.742326 0.713624
512000 0.759634 0.713714
513000 0.769237 0.713822
514000 0.746020 0.713885
515000 0.762588 0.713979
516000 0.760272 0.714069
517000 0.753720 0.714146
518000 0.741405 0.714198
519000 0.736662 0.714242
520000 0.756762 0.714323
521000 0.748302 0.714389
522000 0.739745 0.714437
523000 0.749969 0.714505
524000 0.733922 0.714542
525000 0.742476 0.714595
526000 0.741224 0.714646
527000 0.746661 0.714707
528000 0.738449 0.714752
529000 0.740800 0.714801
530000 0.723965 0.714818
531000 0.744255 0.714874
532000 0.744099 0.714929
533000 0.743534 0.714982
534000 0.756694 0.715060
535000 0.732524 0.715093
536000 0.751780 0.715161
537000 0.751386 0.715229
538000 0.745479 0.715285
539000 0.741553 0.715334
540000 0.721479 0.715345
541000 0.724909 0.715363
542000 0.732540 0.715395
543000 0.732902 0.715427
544000 0.748288 0.715487
545000 0.732116 0.715518
546000 0.731688 0.715547
547000 0.745467 0.715602
548000 0.745347 0.715656
549000 0.748763 0.715717
550000 0.737159 0.715756
551000 0.747082 0.715812
552000 0.754160 0.715882
553000 0.753450 0.715950
554000 0.740732 0.715995
555000 0.728723 0.716018
556000 0.729608 0.716042
557000 0.726817 0.716061
558000 0.719309 0.716067
559000 0.723064 0.716080
560000 0.730246 0.716105
561000 0.734312 0.716137
562000 0.743677 0.716186
563000 0.738067 0.716225
564000 0.742293 0.716272
565000 0.721581 0.716281
566000 0.723998 0.716295
567000 0.733054 0.716324
568000 0.741876 0.716369
569000 0.729445 0.716392
570000 0.739435 0.716433
571000 0.726670 0.716450
572000 0.738083 0.716488
573000 0.741671 0.716532
574000 0.739858 0.716573
575000 0.721935 0.716582
576000 0.707311 0.716566
577000 0.734084 0.716596
578000 0.734020 0.716627
579000 0.729556 0.716649
580000 0.747068 0.716701
581000 0.750691 0.716760
582000 0.742441 0.716804
583000 0.739512 0.716843
584000 0.744735 0.716891
585000 0.733401 0.716919
586000 0.722553 0.716929
587000 0.726951 0.716946
588000 0.746082 0.716995
589000 0.739946 0.717034
590000 0.749189 0.717089
591000 0.749088 0.717143
592000 0.756693 0.717210
593000 0.742732 0.717253
594000 0.739567 0.717290
595000 0.732784 0.717316
596000 0.742621 0.717359
597000 0.732560 0.717384
598000 0.751063 0.717440
599000 0.749059 0.717493
600000 0.731341 0.717516
601000 0.738721 0.717552
602000 0.753733 0.717612
603000 0.758181 0.717679
604000 0.743728 0.717722
605000 0.739833 0.717759
606000 0.746438 0.717806
607000 0.750314 0.717860
608000 0.761783 0.717932
609000 0.744113 0.717975
610000 0.755989 0.718037
611000 0.736941 0.718068
612000 0.747205 0.718116
613000 0.746943 0.718163
614000 0.749015 0.718213
615000 0.756117 0.718275
616000 0.759026 0.718341
617000 0.767604 0.718421
618000 0.755217 0.718480
619000 0.743185 0.718520
620000 0.750676 0.718572
621000 0.747220 0.718618
622000 0.749288 0.718667
623000 0.741681 0.718704
624000 0.743966 0.718745
625000 0.749184 0.718793
626000 0.758969 0.718858
627000 0.748660 0.718905
628000 0.751273 0.718957
629000 0.739231 0.718989
630000 0.742798 0.719027
631000 0.724732 0.719036
632000 0.744754 0.719076
633000 0.733401 0.719099
634000 0.742421 0.719136
635000 0.735457 0.719162
636000 0.741391 0.719197
637000 0.751951 0.719248
638000 0.735387 0.719273
639000 0.731458 0.719292
640000 0.731966 0.719312
641000 0.741705 0.719347
642000 0.743855 0.719385
643000 0.763401 0.719454
644000 0.758177 0.719514
645000 0.761075 0.719578
646000 0.764668 0.719648
647000 0.766484 0.719720
648000 0.755477 0.719776
649000 0.761958 0.719841
650000 0.772032 0.719921
651000 0.778121 0.720010
652000 0.767054 0.720082
653000 0.763172 0.720148
654000 0.770456 0.720225
655000 0.770839 0.720303
656000 0.776109 0.720388
657000 0.758535 0.720446
658000 0.776440 0.720531
659000 0.772098 0.720609
660000 0.778874 0.720697
661000 0.766272 0.720766
662000 0.774367 0.720847
663000 0.759895 0.720906
664000 0.759846 0.720965
665000 0.758750 0.721022
666000 0.761164 0.721082
667000 0.761648 0.721143
668000 0.766791 0.721211
669000 0.759432 0.721268
670000 0.754719 0.721318
671000 0.753563 0.721366
672000 0.769913 0.721438
673000 0.755323 0.721489
674000 0.747556 0.721527
675000 0.760872 0.721586
676000 0.769143 0.721656
677000 0.765076 0.721720
678000 0.756875 0.721772
679000 0.752367 0.721817
680000 0.756029 0.721867
681000 0.751350 0.721911
682000 0.748288 0.721949
683000 0.763528 0.722010
684000 0.751610 0.722054
685000 0.748780 0.722093
686000 0.750439 0.722134
687000 0.748135 0.722172
688000 0.747638 0.722209
689000 0.755711 0.722257
690000 0.747491 0.722294
691000 0.753809 0.722340
692000 0.746793 0.722375
693000 0.752864 0.722419
694000 0.731122 0.722431
695000 0.732090 0.722445
696000 0.740273 0.722471
697000 0.740130 0.722496
698000 0.739516 0.722521
699000 0.753578 0.722565
700000 0.743512 0.722595
701000 0.737545 0.722616
702000 0.738556 0.722639
703000 0.733964 0.722655
704000 0.731471 0.722668
705000 0.733733 0.722683
706000 0.729666 0.722693
707000 0.738525 0.722716
708000 0.762943 0.722772
709000 0.756386 0.722820
710000 0.750756 0.722859
711000 0.750071 0.722898
712000 0.743544 0.722927
713000 0.740578 0.722951
714000 0.735008 0.722968
715000 0.741148 0.722994
716000 0.737616 0.723014
717000 0.733829 0.723029
718000 0.748231 0.723064
719000 0.746340 0.723097
720000 0.728074 0.723103
721000 0.729326 0.723112
722000 0.732572 0.723125
723000 0.726609 0.723130
724000 0.721629 0.723128
725000 0.709993 0.723110
726000 0.701569 0.723080
727000 0.703641 0.723053
728000 0.711608 0.723038
729000 0.707236 0.723016
730000 0.705080 0.722991
731000 0.704591 0.722966
732000 0.713917 0.722954
733000 0.736223 0.722972
734000 0.741578 0.722997
735000 0.718584 0.722991
736000 0.723340 0.722992
737000 0.718586 0.722986
738000 0.719480 0.722981
739000 0.716836 0.722973
740000 0.724814 0.722975
741000 0.727692 0.722982
742000 0.730823 0.722992
743000 0.720532 0.722989
744000 0.739821 0.723012
745000 0.727493 0.723018
746000 0.739204 0.723039
747000 0.736967 0.723058
748000 0.720315 0.723054
749000 0.740346 0.723077
750000 0.735966 0.723095
751000 0.736915 0.723113
752000 0.747254 0.723145
753000 0.751217 0.723182
754000 0.753363 0.723222
755000 0.746672 0.723253
756000 0.749608 0.723288
757000 0.740769 0.723311
758000 0.737104 0.723330
759000 0.744647 0.723358
760000 0.756165 0.723401
761000 0.732773 0.723413
762000 0.718441 0.723407
763000 0.729660 0.723415
764000 0.742652 0.723440
765000 0.742052 0.723464
766000 0.734305 0.723478
767000 0.744421 0.723506
768000 0.742876 0.723531
769000 0.738146 0.723550
770000 0.742703 0.723575
771000 0.752072 0.723612
772000 0.751480 0.723648
773000 0.752844 0.723686
774000 0.750331 0.723720
775000 0.736483 0.723737
776000 0.746026 0.723765
777000 0.749785 0.723799
778000 0.757538 0.723842
779000 0.737799 0.723860
780000 0.763289 0.723911
781000 0.754334 0.723950
782000 0.741537 0.723972
783000 0.753564 0.724010
784000 0.742217 0.724033
785000 0.749927 0.724066
786000 0.753951 0.724104
787000 0.758063 0.724147
788000 0.760962 0.724194
789000 0.748156 0.724224
790000 0.731653 0.724234
791000 0.734228 0.724246
792000 0.751065 0.724280
793000 0.746498 0.724308
794000 0.745729 0.724335
795000 0.748646 0.724366
796000 0.742932 0.724389
797000 0.724203 0.724389
798000 0.735839 0.724403
799000 0.741419 0.724425
800000 0.742469 0.724447
801000 0.730937 0.724455
802000 0.758701 0.724498
803000 0.758469 0.724540
804000 0.747422 0.724569
805000 0.749130 0.724599
806000 0.744166 0.724623
807000 0.753882 0.724660
808000 0.738949 0.724677
809000 0.747843 0.724706
810000 0.740394 0.724725
811000 0.756564 0.724765
812000 0.728896 0.724770
813000 0.715718 0.724759
814000 0.726149 0.724760
815000 0.754956 0.724797
816000 0.720244 0.724792
817000 0.704298 0.724767
818000 0.751963 0.724800
819000 0.734670 0.724812
820000 0.730709 0.724819
821000 0.731517 0.724827
822000 0.741455 0.724848
823000 0.730753 0.724855
824000 0.720661 0.724850
825000 0.724702 0.724849
826000 0.715852 0.724839
827000 0.711480 0.724822
828000 0.726888 0.724825
829000 0.719741 0.724819
830000 0.734063 0.724830
831000 0.727153 0.724833
832000 0.716377 0.724823
833000 0.731322 0.724830
834000 0.710397 0.724813
835000 0.713323 0.724799
836000 0.726821 0.724802
837000 0.727770 0.724805
838000 0.738812 0.724822
839000 0.720006 0.724816
840000 0.721897 0.724813
841000 0.719498 0.724806
842000 0.711990 0.724791
843000 0.711837 0.724776
844000 0.713176 0.724762
845000 0.737084 0.724777
846000 0.729945 0.724783
847000 0.739787 0.724801
848000 0.737234 0.724815
849000 0.752313 0.724848
850000 0.745852 0.724872
851000 0.728195 0.724876
852000 0.745099 0.724900
853000 0.738003 0.724915
854000 0.748693 0.724943
855000 0.740662 0.724962
856000 0.731947 0.724970
857000 0.742347 0.724990
858000 0.737976 0.725005
859000 0.736734 0.725019
860000 0.732771 0.725028
861000 0.744737 0.725051
862000 0.751092 0.725081
863000 0.742294 0.725101
864000 0.728185 0.725104
865000 0.733246 0.725114
866000 0.739055 0.725130
867000 0.753199 0.725162
868000 0.737740 0.725177
869000 0.750330 0.725206
870000 0.750634 0.725235
871000 0.716571 0.725225
872000 0.739132 0.725241
873000 0.744894 0.725263
874000 0.728675 0.725267
875000 0.734295 0.725278
876000 0.742135 0.725297
877000 0.728177 0.725300
878000 0.728528 0.725304
879000 0.729185 0.725308
880000 0.727921 0.725311
881000 0.736479 0.725324
882000 0.737234 0.725337
883000 0.722688 0.725334
884000 0.725500 0.725335
885000 0.713938 0.725322
886000 0.724387 0.725321
887000 0.718112 0.725313
888000 0.720508 0.725307
889000 0.716130 0.725297
890000 0.706829 0.725276
891000 0.705879 0.725254
892000 0.703446 0.725230
893000 0.703396 0.725205
894000 0.709071 0.725187
895000 0.721469 0.725183
896000 0.698660 0.725154
897000 0.694856 0.725120
898000 0.695970 0.725087
899000 0.697105 0.725056
900000 0.711144 0.725041
901000 0.715103 0.725030
902000 0.699005 0.725001
903000 0.700944 0.724974
904000 0.699090 0.724946
905000 0.694196 0.724912
906000 0.703675 0.724888
907000 0.703428 0.724865
908000 0.683411 0.724819
909000 0.682672 0.724773
910000 0.692661 0.724737
911000 0.705890 0.724717
912000 0.707675 0.724698
913000 0.714658 0.724687
914000 0.715246 0.724677
915000 0.709726 0.724660
916000 0.729632 0.724666
917000 0.697355 0.724636
918000 0.705065 0.724615
919000 0.715219 0.724604
920000 0.705850 0.724584
921000 0.706550 0.724564
922000 0.708739 0.724547
923000 0.716881 0.724539
924000 0.719094 0.724533
925000 0.708770 0.724516
926000 0.705939 0.724496
927000 0.711849 0.724482
928000 0.705220 0.724461
929000 0.698121 0.724433
930000 0.719781 0.724428
931000 0.723259 0.724427
932000 0.717210 0.724419
933000 0.714660 0.724409
934000 0.725404 0.724410
935000 0.707032 0.724391
936000 0.714573 0.724381
937000 0.711283 0.724367
938000 0.711167 0.724353
939000 0.721552 0.724350
940000 0.707857 0.724332
941000 0.706435 0.724313
942000 0.705542 0.724293
943000 0.700062 0.724267
944000 0.708147 0.724250
945000 0.718918 0.724245
946000 0.716263 0.724236
947000 0.713599 0.724225
948000 0.703955 0.724204
949000 0.707165 0.724186
950000 0.682172 0.724141
951000 0.681274 0.724096
952000 0.697183 0.724068
953000 0.714401 0.724058
954000 0.715703 0.724049
955000 0.710335 0.724035
956000 0.708008 0.724018
957000 0.700148 0.723993
958000 0.697708 0.723966
959000 0.696446 0.723937
960000 0.694219 0.723906
961000 0.690511 0.723871
962000 0.680405 0.723826
963000 0.677547 0.723778
964000 0.668268 0.723720
965000 0.693939 0.723690
966000 0.684476 0.723649
967000 0.689566 0.723614
968000 0.690133 0.723579
969000 0.686297 0.723541
970000 0.680333 0.723496
971000 0.697196 0.723469
972000 0.695794 0.723441
973000 0.685204 0.723401
974000 0.686614 0.723364
975000 0.688761 0.723328
976000 0.689709 0.723294
977000 0.682507 0.723252
978000 0.677202 0.723205
979000 0.685100 0.723166
980000 0.690214 0.723132
981000 0.682810 0.723091
982000 0.696298 0.723064
983000 0.685501 0.723026
984000 0.684338 0.722986
985000 0.680161 0.722943
986000 0.670402 0.722890
987000 0.665092 0.722831
988000 0.665378 0.722773
989000 0.674645 0.722724
990000 0.687314 0.722688
991000 0.685469 0.722651
992000 0.681647 0.722610
993000 0.685979 0.722573
994000 0.684421 0.722534
995000 0.688846 0.722500
996000 0.688330 0.722466
997000 0.679219 0.722423
998000 0.694765 0.722395
999000 0.674836 0.722347
1000000 0.672452 0.722297
1001000 0.689085 0.722264
1002000 0.682404 0.722225
1003000 0.673228 0.722176
1004000 0.681501 0.722135
1005000 0.694653 0.722108
1006000 0.684248 0.722070
1007000 0.702405 0.722051
1008000 0.681034 0.722010
1009000 0.687562 0.721976
1010000 0.695249 0.721949
1011000 0.698410 0.721926
1012000 0.691345 0.721896
1013000 0.684111 0.721859
1014000 0.688234 0.721825
1015000 0.684317 0.721788
1016000 0.690588 0.721758
1017000 0.686017 0.721723
1018000 0.695007 0.721696
1019000 0.715396 0.721690
1020000 0.687397 0.721657
1021000 0.703689 0.721639
1022000 0.688620 0.721607
1023000 0.702527 0.721588
1024000 0.705664 0.721572
1025000 0.703545 0.721555
1026000 0.700458 0.721534
1027000 0.702139 0.721515
1028000 0.678903 0.721474
1029000 0.690270 0.721444
1030000 0.694841 0.721418
1031000 0.692376 0.721390
1032000 0.698202 0.721367
1033000 0.684139 0.721331
1034000 0.689800 0.721301
1035000 0.694368 0.721275
1036000 0.686457 0.721241
1037000 0.669871 0.721191
1038000 0.696282 0.721167
1039000 0.683363 0.721131
1040000 0.699397 0.721110
1041000 0.700634 0.721091
1042000 0.694601 0.721065
1043000 0.678389 0.721024
1044000 0.678997 0.720984
1045000 0.675756 0.720941
1046000 0.691651 0.720913
1047000 0.676928 0.720871
1048000 0.696952 0.720848
1049000 0.691782 0.720820
1050000 0.687628 0.720788
1051000 0.700868 0.720770
1052000 0.699463 0.720749
1053000 0.712266 0.720741
1054000 0.722618 0.720743
1055000 0.690223 0.720714
1056000 0.701125 0.720696
1057000 0.710334 0.720686
1058000 0.709056 0.720675
1059000 0.714181 0.720669
1060000 0.708272 0.720657
1061000 0.715078 0.720652
1062000 0.726704 0.720657
1063000 0.722230 0.720659
1064000 0.727093 0.720665
1065000 0.727172 0.720671
1066000 0.720566 0.720671
1067000 0.723508 0.720674
1068000 0.718892 0.720672
1069000 0.722238 0.720673
1070000 0.734450 0.720686
1071000 0.718750 0.720684
1072000 0.716684 0.720681
1073000 0.716139 0.720676
1074000 0.726479 0.720682
1075000 0.715408 0.720677
1076000 0.726502 0.720682
1077000 0.736977 0.720697
1078000 0.714515 0.720692
1079000 0.690465 0.720664
1080000 0.705775 0.720650
1081000 0.713051 0.720643
1082000 0.714347 0.720637
1083000 0.714965 0.720632
1084000 0.711764 0.720624
1085000 0.704224 0.720609
1086000 0.706072 0.720595
1087000 0.703010 0.720579
1088000 0.690621 0.720551
1089000 0.695968 0.720529
1090000 0.690299 0.720501
1091000 0.694875 0.720478
1092000 0.705654 0.720464
1093000 0.699835 0.720445
1094000 0.695221 0.720422
1095000 0.679111 0.720384
1096000 0.697367 0.720363
1097000 0.693766 0.720339
1098000 0.704742 0.720325
1099000 0.717870 0.720323
1100000 0.707536 0.720311
1101000 0.698696 0.720292
1102000 0.705306 0.720278
1103000 0.715217 0.720273
1104000 0.700968 0.720256
1105000 0.714612 0.720251
1106000 0.695764 0.720229
1107000 0.710323 0.720220
1108000 0.688936 0.720191
1109000 0.693087 0.720167
1110000 0.693452 0.720143
1111000 0.701092 0.720126
1112000 0.693177 0.720102
1113000 0.695705 0.720080
1114000 0.698072 0.720060
1115000 0.701029 0.720043
1116000 0.684065 0.720011
1117000 0.682447 0.719977
1118000 0.703264 0.719962
1119000 0.680045 0.719926
1120000 0.681366 0.719892
1121000 0.677375 0.719854
1122000 0.682933 0.719821
1123000 0.681160 0.719787
1124000 0.670183 0.719742
1125000 0.688843 0.719715
1126000 0.667859 0.719669
1127000 0.681528 0.719635
1128000 0.670981 0.719592
1129000 0.682242 0.719559
1130000 0.690803 0.719533
1131000 0.690504 0.719508
1132000 0.704043 0.719494
1133000 0.682447 0.719461
1134000 0.687063 0.719433
1135000 0.694388 0.719411
1136000 0.708553 0.719401
1137000 0.712142 0.719395
1138000 0.716764 0.719393
1139000 0.709792 0.719384
1140000 0.700010 0.719367
1141000 0.711334 0.719360
1142000 0.707691 0.719350
1143000 0.692280 0.719326
1144000 0.712917 0.719321
1145000 0.706924 0.719310
1146000 0.695155 0.719289
1147000 0.698994 0.719271
1148000 0.684751 0.719241
1149000 0.694632 0.719219
1150000 0.721454 0.719221
1151000 0.699914 0.719205
1152000 0.702992 0.719191
1153000 0.709281 0.719182
1154000 0.704413 0.719169
1155000 0.700753 0.719153
1156000 0.696654 0.719134
1157000 0.712644 0.719128
1158000 0.713044 0.719123
1159000 0.696690 0.719104
1160000 0.696581 0.719084
1161000 0.691927 0.719061
1162000 0.709933 0.719053
1163000 0.698461 0.719035
1164000 0.699718 0.719019
1165000 0.702346 0.719004
1166000 0.695183 0.718984
1167000 0.698021 0.718966
1168000 0.678016 0.718931
1169000 0.706610 0.718920
1170000 0.701784 0.718906
1171000 0.707175 0.718896
1172000 0.706642 0.718885
1173000 0.697995 0.718867
1174000 0.695628 0.718848
1175000 0.716847 0.718846
1176000 0.730046 0.718855
1177000 0.713343 0.718851
1178000 0.710614 0.718844
1179000 0.702205 0.718830
1180000 0.696808 0.718811
1181000 0.674466 0.718773
1182000 0.694918 0.718753
1183000 0.694626 0.718733
1184000 0.701585 0.718718
1185000 0.691168 0.718695
1186000 0.713189 0.718690
1187000 0.694617 0.718670
1188000 0.687406 0.718644
1189000 0.710461 0.718637
1190000 0.708589 0.718628
1191000 0.716771 0.718627
1192000 0.696023 0.718608
1193000 0.697228 0.718590
1194000 0.711036 0.718584
1195000 0.687702 0.718558
1196000 0.709328 0.718550
1197000 0.692367 0.718528
1198000 0.689762 0.718504
1199000 0.689979 0.718480
1200000 0.685788 0.718453
1201000 0.695051 0.718434
1202000 0.700836 0.718419
1203000 0.688007 0.718394
1204000 0.680079 0.718362
1205000 0.699454 0.718346
1206000 0.693532 0.718326
1207000 0.713204 0.718322
1208000 0.695557 0.718303
1209000 0.706541 0.718293
1210000 0.706517 0.718283
1211000 0.695089 0.718264
1212000 0.701548 0.718250
1213000 0.685561 0.718223
1214000 0.679019 0.718191
1215000 0.680810 0.718160
1216000 0.694731 0.718141
1217000 0.677985 0.718108
1218000 0.680530 0.718077
1219000 0.706472 0.718068
1220000 0.702226 0.718055
1221000 0.698665 0.718039
1222000 0.706670 0.718029
1223000 0.702550 0.718017
1224000 0.697199 0.718000
1225000 0.714810 0.717997
1226000 0.700575 0.717983
1227000 0.707982 0.717975
1228000 0.718951 0.717976
1229000 0.718002 0.717976
1230000 0.718292 0.717976
1231000 0.714282 0.717973
1232000 0.728561 0.717981
1233000 0.727397 0.717989
1234000 0.720143 0.717991
1235000 0.709744 0.717984
1236000 0.719934 0.717986
1237000 0.720728 0.717988
1238000 0.719382 0.717989
1239000 0.723394 0.717993
1240000 0.728735 0.718002
1241000 0.716914 0.718001
1242000 0.728018 0.718009
1243000 0.702692 0.717997
1244000 0.705194 0.717987
1245000 0.704250 0.717976
1246000 0.698330 0.717960
1247000 0.702607 0.717948
1248000 0.720841 0.717950
1249000 0.714455 0.717947
1250000 0.725437 0.717953
1251000 0.728384 0.717961
1252000 0.731224 0.717972
1253000 0.729066 0.717981
1254000 0.714753 0.717978
1255000 0.734904 0.717992
1256000 0.720713 0.717994
1257000 0.718804 0.717995
1258000 0.726217 0.718001
1259000 0.729612 0.718010
1260000 0.731971 0.718021
1261000 0.733411 0.718034
1262000 0.737996 0.718049
1263000 0.734724 0.718063
1264000 0.727136 0.718070
1265000 0.745388 0.718091
1266000 0.732156 0.718103
1267000 0.743708 0.718123
1268000 0.738091 0.718139
1269000 0.726259 0.718145
1270000 0.739999 0.718162
1271000 0.725491 0.718168
1272000 0.711482 0.718163
1273000 0.726069 0.718169
1274000 0.726897 0.718176
1275000 0.749766 0.718200
1276000 0.718742 0.718201
1277000 0.708703 0.718193
1278000 0.706162 0.718184
1279000 0.701962 0.718171
1280000 0.702118 0.718159
1281000 0.708680 0.718151
1282000 0.710955 0.718146
1283000 0.703553 0.718134
1284000 0.695478 0.718117
1285000 0.702621 0.718105
1286000 0.712902 0.718101
1287000 0.711876 0.718096
1288000 0.721187 0.718098
1289000 0.722038 0.718101
1290000 0.713097 0.718097
1291000 0.707928 0.718090
1292000 0.711088 0.718084
1293000 0.707491 0.718076
1294000 0.703345 0.718065
1295000 0.708924 0.718057
1296000 0.694688 0.718039
1297000 0.703771 0.718028
1298000 0.710027 0.718022
1299000 0.713815 0.718019
1300000 0.709222 0.718012
1301000 0.700733 0.717999
1302000 0.693076 0.717980
1303000 0.697256 0.717964
1304000 0.714409 0.717961
1305000 0.712324 0.717957
1306000 0.702724 0.717945
1307000 0.725210 0.717951
1308000 0.733167 0.717962
1309000 0.709485 0.717956
1310000 0.722117 0.717959
1311000 0.721843 0.717962
1312000 0.717610 0.717962
1313000 0.696654 0.717946
1314000 0.709645 0.717939
1315000 0.713396 0.717936
1316000 0.716904 0.717935
1317000 0.705789 0.717926
1318000 0.699910 0.717912
1319000 0.704531 0.717902
1320000 0.703877 0.717891
1321000 0.701939 0.717879
1322000 0.704130 0.717869
1323000 0.693369 0.717850
1324000 0.686480 0.717827
1325000 0.694685 0.717809
1326000 0.703824 0.717799
1327000 0.700381 0.717786
1328000 0.690911 0.717765
1329000 0.688228 0.717743
1330000 0.702041 0.717731
1331000 0.685218 0.717707
1332000 0.702555 0.717695
1333000 0.696421 0.717680
1334000 0.693948 0.717662
1335000 0.687378 0.717639
1336000 0.696487 0.717623
1337000 0.697826 0.717608
1338000 0.689357 0.717587
1339000 0.686657 0.717564
1340000 0.689958 0.717544
1341000 0.706303 0.717535
1342000 0.701636 0.717523
1343000 0.687912 0.717501
1344000 0.692419 0.717483
1345000 0.687782 0.717461
1346000 0.670364 0.717426
1347000 0.683225 0.717400
1348000 0.697478 0.717385
1349000 0.698962 0.717372
1350000 0.672863 0.717339
1351000 0.682586 0.717313
1352000 0.677036 0.717283
1353000 0.689380 0.717263
1354000 0.677779 0.717233
1355000 0.688201 0.717212
1356000 0.670794 0.717178
1357000 0.671588 0.717144
1358000 0.686046 0.717121
1359000 0.676576 0.717092
1360000 0.663426 0.717052
1361000 0.677264 0.717023
1362000 0.670110 0.716988
1363000 0.680996 0.716962
1364000 0.687425 0.716940
1365000 0.699869 0.716928
1366000 0.675536 0.716897
1367000 0.679203 0.716870
1368000 0.684155 0.716846
1369000 0.675313 0.716816
1370000 0.669252 0.716781
1371000 0.691709 0.716763
1372000 0.664017 0.716724
1373000 0.683982 0.716700
1374000 0.668682 0.716665
1375000 0.675283 0.716635
1376000 0.667854 0.716600
1377000 0.668545 0.716565
1378000 0.665657 0.716528
1379000 0.664980 0.716491
1380000 0.681129 0.716465
1381000 0.659718 0.716424
1382000 0.664211 0.716386
1383000 0.673055 0.716355
1384000 0.668472 0.716320
1385000 0.668513 0.716286
1386000 0.666607 0.716250
1387000 0.668842 0.716216
1388000 0.650585 0.716168
1389000 0.655232 0.716125
1390000 0.652513 0.716079
1391000 0.676083 0.716050
1392000 0.658065 0.716008
1393000 0.652507 0.715963
1394000 0.661503 0.715924
1395000 0.649650 0.715876
1396000 0.673737 0.715846
1397000 0.646138 0.715796
1398000 0.650284 0.715749
1399000 0.636927 0.715693
1400000 0.620780 0.715625
1401000 0.653362 0.715581
1402000 0.662305 0.715543
1403000 0.669877 0.715510
1404000 0.655861 0.715468
1405000 0.655143 0.715425
1406000 0.662558 0.715387
1407000 0.665425 0.715352
1408000 0.688984 0.715333
1409000 0.657571 0.715292
1410000 0.658685 0.715252
1411000 0.663712 0.715215
1412000 0.660647 0.715177
1413000 0.644143 0.715126
1414000 0.651972 0.715082
1415000 0.655232 0.715039
1416000 0.678799 0.715014
1417000 0.665197 0.714979
1418000 0.665834 0.714944
1419000 0.661085 0.714906
1420000 0.657971 0.714866
1421000 0.681368 0.714842
1422000 0.660118 0.714804
1423000 0.668336 0.714771
1424000 0.659528 0.714732
1425000 0.668470 0.714700
1426000 0.670508 0.714669
1427000 0.660797 0.714631
1428000 0.676646 0.714605
1429000 0.673955 0.714576
1430000 0.670740 0.714545
1431000 0.676523 0.714519
1432000 0.658963 0.714480
1433000 0.655417 0.714439
1434000 0.656160 0.714398
1435000 0.644305 0.714349
1436000 0.637990 0.714296
1437000 0.653212 0.714254
1438000 0.647308 0.714207
1439000 0.660590 0.714170
1440000 0.635332 0.714115
1441000 0.642124 0.714065
1442000 0.641555 0.714015
1443000 0.649471 0.713970
1444000 0.656082 0.713930
1445000 0.647529 0.713884
1446000 0.653346 0.713842
1447000 0.639976 0.713791
1448000 0.644966 0.713744
1449000 0.648329 0.713699
1450000 0.636459 0.713645
1451000 0.632489 0.713589
1452000 0.632462 0.713533
1453000 0.632169 0.713477
1454000 0.627915 0.713419
1455000 0.632001 0.713363
1456000 0.636755 0.713310
1457000 0.618860 0.713245
1458000 0.629151 0.713188
1459000 0.650498 0.713145
1460000 0.647831 0.713100
1461000 0.655152 0.713060
1462000 0.638551 0.713009
1463000 0.660998 0.712974
1464000 0.669063 0.712944
1465000 0.650417 0.712901
1466000 0.651755 0.712859
1467000 0.652007 0.712818
1468000 0.648073 0.712774
1469000 0.659241 0.712737
1470000 0.651331 0.712695
1471000 0.659629 0.712659
1472000 0.646557 0.712614
1473000 0.653699 0.712574
1474000 0.643298 0.712527
1475000 0.649947 0.712485
1476000 0.647863 0.712441
1477000 0.657083 0.712404
1478000 0.652538 0.712363
1479000 0.649623 0.712321
1480000 0.656641 0.712283
1481000 0.649429 0.712241
1482000 0.651888 0.712200
1483000 0.644042 0.712154
1484000 0.658920 0.712118
1485000 0.655861 0.712080
1486000 0.666903 0.712050
1487000 0.667805 0.712020
1488000 0.662151 0.711987
1489000 0.645949 0.711942
1490000 0.638422 0.711893
1491000 0.642949 0.711847
1492000 0.645081 0.711802
1493000 0.655287 0.711764
1494000 0.652020 0.711724
1495000 0.650255 0.711683
1496000 0.662115 0.711650
1497000 0.655546 0.711612
1498000 0.654756 0.711575
1499000 0.656434 0.711538
1500000 0.676422 0.711514
1501000 0.658978 0.711479
1502000 0.681337 0.711459
1503000 0.653702 0.711421
1504000 0.646534 0.711378
1505000 0.669184 0.711350
1506000 0.671775 0.711323
1507000 0.683968 0.711305
1508000 0.672973 0.711280
1509000 0.646332 0.711237
1510000 0.662917 0.711205
1511000 0.664575 0.711174
1512000 0.659925 0.711140
1513000 0.658850 0.711105
1514000 0.647579 0.711063
1515000 0.642252 0.711018
1516000 0.662924 0.710986
1517000 0.652781 0.710948
1518000 0.661000 0.710915
1519000 0.652628 0.710877
1520000 0.653093 0.710839
1521000 0.631442 0.710786
1522000 0.651885 0.710748
1523000 0.627812 0.710693
1524000 0.627991 0.710639
1525000 0.626551 0.710584
1526000 0.639477 0.710537
1527000 0.647424 0.710496
1528000 0.643934 0.710452
1529000 0.644898 0.710410
1530000 0.649848 0.710370
1531000 0.652679 0.710332
1532000 0.646821 0.710291
1533000 0.654286 0.710254
1534000 0.665915 0.710225
1535000 0.662904 0.710195
1536000 0.650988 0.710156
1537000 0.667405 0.710128
1538000 0.639894 0.710083
1539000 0.635324 0.710034
1540000 0.634682 0.709985
1541000 0.651496 0.709947
1542000 0.655481 0.709912
1543000 0.647049 0.709871
1544000 0.642214 0.709827
1545000 0.648379 0.709787
1546000 0.629645 0.709736
1547000 0.657597 0.709702
1548000 0.642301 0.709658
1549000 0.630633 0.709607
1550000 0.637844 0.709561
1551000 0.643176 0.709518
1552000 0.626419 0.709465
1553000 0.655517 0.709430
1554000 0.634790 0.709382
1555000 0.647344 0.709342
1556000 0.639518 0.709297
1557000 0.667299 0.709270
1558000 0.669797 0.709245
1559000 0.655518 0.709210
1560000 0.646041 0.709170
1561000 0.637840 0.709124
1562000 0.622662 0.709069
1563000 0.633101 0.709020
1564000 0.620120 0.708963
1565000 0.633641 0.708915
1566000 0.652381 0.708879
1567000 0.640158 0.708835
1568000 0.628616 0.708784
1569000 0.645865 0.708744
1570000 0.636374 0.708698
1571000 0.633813 0.708650
1572000 0.657015 0.708617
1573000 0.650383 0.708580
1574000 0.659731 0.708549
1575000 0.645679 0.708509
1576000 0.649194 0.708472
1577000 0.647417 0.708433
1578000 0.633383 0.708386
1579000 0.647530 0.708347
1580000 0.645355 0.708307
1581000 0.656829 0.708275
1582000 0.644101 0.708234
1583000 0.627605 0.708183
1584000 0.636514 0.708138
1585000 0.646279 0.708099
1586000 0.641477 0.708057
1587000 0.653827 0.708023
1588000 0.657644 0.707991
1589000 0.662511 0.707962
1590000 0.654801 0.707929
1591000 0.654416 0.707895
1592000 0.647734 0.707857
1593000 0.654431 0.707824
1594000 0.637381 0.707780
1595000 0.637138 0.707735
1596000 0.625309 0.707684
1597000 0.636315 0.707639
1598000 0.623106 0.707586
1599000 0.616398 0.707529
1600000 0.619911 0.707474
1601000 0.639793 0.707432
1602000 0.650443 0.707397
1603000 0.639585 0.707354
1604000 0.621959 0.707301
1605000 0.630747 0.707253
1606000 0.617091 0.707197
1607000 0.624437 0.707146
1608000 0.644755 0.707107
1609000 0.647174 0.707070
1610000 0.641873 0.707029
1611000 0.631071 0.706982
1612000 0.640341 0.706941
1613000 0.635560 0.706896
1614000 0.671133 0.706874
1615000 0.655410 0.706842
1616000 0.657494 0.706812
1617000 0.645078 0.706774
1618000 0.637003 0.706730
1619000 0.633866 0.706685
1620000 0.627739 0.706637
1621000 0.642187 0.706597
1622000 0.645287 0.706559
1623000 0.657744 0.706529
1624000 0.639315 0.706488
1625000 0.655059 0.706456
1626000 0.638538 0.706414
1627000 0.649592 0.706379
1628000 0.664875 0.706354
1629000 0.655232 0.706323
1630000 0.647072 0.706286
1631000 0.663400 0.706260
1632000 0.643108 0.706221
1633000 0.667305 0.706197
1634000 0.646793 0.706161
1635000 0.655567 0.706130
1636000 0.665275 0.706105
1637000 0.643250 0.706067
1638000 0.662597 0.706040
1639000 0.671661 0.706019
1640000 0.642933 0.705981
1641000 0.648014 0.705945
1642000 0.664427 0.705920
1643000 0.674532 0.705901
1644000 0.660915 0.705874
1645000 0.652085 0.705841
1646000 0.672141 0.705820
1647000 0.674163 0.705801
1648000 0.658013 0.705772
1649000 0.688724 0.705762
1650000 0.689020 0.705752
1651000 0.695361 0.705745
1652000 0.690045 0.705736
1653000 0.683147 0.705722
1654000 0.694149 0.705715
1655000 0.672432 0.705695
1656000 0.668760 0.705673
1657000 0.666862 0.705649
1658000 0.684013 0.705636
1659000 0.666206 0.705613
1660000 0.663457 0.705587
1661000 0.649347 0.705553
1662000 0.654165 0.705522
1663000 0.650899 0.705490
1664000 0.687573 0.705479
1665000 0.691993 0.705471
1666000 0.685882 0.705459
1667000 0.686250 0.705447
1668000 0.666399 0.705424
1669000 0.657606 0.705395
1670000 0.638110 0.705355
1671000 0.612869 0.705300
1672000 0.609855 0.705243
1673000 0.627879 0.705196
1674000 0.626858 0.705150
1675000 0.633849 0.705107
1676000 0.637103 0.705066
1677000 0.613909 0.705012
1678000 0.621723 0.704962
1679000 0.629040 0.704917
1680000 0.620701 0.704867
1681000 0.602827 0.704806
1682000 0.604767 0.704747
1683000 0.604804 0.704688
1684000 0.599185 0.704625
1685000 0.598923 0.704562
1686000 0.584702 0.704491
1687000 0.582702 0.704419
1688000 0.579587 0.704345
1689000 0.579506 0.704271
1690000 0.588541 0.704203
1691000 0.597666 0.704140
1692000 0.613398 0.704086
1693000 0.589447 0.704018
1694000 0.606971 0.703961
1695000 0.613312 0.703907
1696000 0.599588 0.703846
1697000 0.623310 0.703798
1698000 0.625784 0.703753
1699000 0.585739 0.703683
1700000 0.607430 0.703626
1701000 0.609319 0.703571
1702000 0.611153 0.703517
1703000 0.608343 0.703461
1704000 0.629924 0.703418
1705000 0.616041 0.703366
1706000 0.623109 0.703319
1707000 0.622927 0.703272
1708000 0.619274 0.703223
1709000 0.615342 0.703172
1710000 0.614433 0.703120
1711000 0.607458 0.703064
1712000 0.617221 0.703014
1713000 0.601515 0.702954
1714000 0.609847 0.702900
1715000 0.589282 0.702834
1716000 0.606906 0.702778
1717000 0.591903 0.702713
1718000 0.595035 0.702651
1719000 0.599123 0.702591
1720000 0.595299 0.702528
1721000 0.620439 0.702480
1722000 0.599516 0.702421
1723000 0.614991 0.702370
1724000 0.634702 0.702331
1725000 0.612668 0.702279
1726000 0.631681 0.702238
1727000 0.626923 0.702194
1728000 0.621144 0.702147
1729000 0.616789 0.702098
1730000 0.626132 0.702054
1731000 0.626962 0.702011
1732000 0.631619 0.701970
1733000 0.634159 0.701931
1734000 0.633343 0.701891
1735000 0.639134 0.701855
1736000 0.647815 0.701824
1737000 0.642128 0.701790
1738000 0.623828 0.701745
1739000 0.614210 0.701694
1740000 0.637864 0.701658
1741000 0.624633 0.701614
1742000 0.615600 0.701564
1743000 0.632510 0.701525
1744000 0.621174 0.701478
1745000 0.607257 0.701424
1746000 0.632071 0.701385
1747000 0.637055 0.701348
1748000 0.625987 0.701305
1749000 0.599187 0.701246
1750000 0.604328 0.701191
1751000 0.604195 0.701136
1752000 0.608894 0.701083
1753000 0.613968 0.701033
1754000 0.621507 0.700988
1755000 0.613806 0.700938
1756000 0.627473 0.700896
1757000 0.628532 0.700855
1758000 0.632345 0.700816
1759000 0.622027 0.700771
1760000 0.640755 0.700737
1761000 0.651680 0.700710
1762000 0.643904 0.700677
1763000 0.658573 0.700653
1764000 0.650310 0.700625
1765000 0.629664 0.700585
1766000 0.636030 0.700548
1767000 0.637395 0.700512
1768000 0.639122 0.700478
1769000 0.621313 0.700433
1770000 0.619210 0.700387
1771000 0.625185 0.700345
1772000 0.627031 0.700303
1773000 0.638147 0.700268
1774000 0.626793 0.700227
1775000 0.634844 0.700190
1776000 0.647626 0.700160
1777000 0.643029 0.700128
1778000 0.631056 0.700089
1779000 0.650444 0.700061
1780000 0.635078 0.700025
1781000 0.641186 0.699992
1782000 0.647958 0.699963
1783000 0.652636 0.699936
1784000 0.650554 0.699908
1785000 0.647732 0.699879
1786000 0.618890 0.699834
1787000 0.616576 0.699787
1788000 0.602350 0.699733
1789000 0.633605 0.699696
1790000 0.624186 0.699654
1791000 0.598489 0.699597
1792000 0.634306 0.699561
1793000 0.632445 0.699523
1794000 0.633605 0.699486
1795000 0.625136 0.699445
1796000 0.643033 0.699414
1797000 0.630319 0.699375
1798000 0.634368 0.699339
1799000 0.622223 0.699296
1800000 0.627061 0.699256
1801000 0.637411 0.699222
1802000 0.634113 0.699186
1803000 0.611439 0.699137
1804000 0.612011 0.699089
1805000 0.614229 0.699042
1806000 0.619278 0.698997
1807000 0.602140 0.698944
1808000 0.601678 0.698890
1809000 0.603576 0.698837
1810000 0.619753 0.698794
1811000 0.600321 0.698739
1812000 0.593665 0.698681
1813000 0.600321 0.698627
1814000 0.626182 0.698587
1815000 0.604033 0.698535
1816000 0.598468 0.698480
1817000 0.621716 0.698438
1818000 0.593431 0.698380
1819000 0.629483 0.698342
1820000 0.605941 0.698291
1821000 0.619564 0.698248
1822000 0.609240 0.698199
1823000 0.654053 0.698175
1824000 0.624363 0.698134
1825000 0.598017 0.698080
1826000 0.610876 0.698032
1827000 0.594932 0.697975
1828000 0.622245 0.697934
1829000 0.634515 0.697899
1830000 0.616783 0.697855
1831000 0.618377 0.697812
1832000 0.636143 0.697778
1833000 0.625363 0.697738
1834000 0.623426 0.697698
1835000 0.593037 0.697641
1836000 0.604013 0.697590
1837000 0.611097 0.697543
1838000 0.612489 0.697497
1839000 0.625236 0.697457
1840000 0.637605 0.697425
1841000 0.605880 0.697375
1842000 0.627742 0.697337
1843000 0.632702 0.697302
1844000 0.628196 0.697265
1845000 0.627679 0.697227
1846000 0.630382 0.697191
1847000 0.633831 0.697156
1848000 0.632146 0.697121
1849000 0.629707 0.697085
1850000 0.639404 0.697054
1851000 0.642065 0.697024
1852000 0.663980 0.697006
1853000 0.641047 0.696976
1854000 0.644712 0.696948
1855000 0.650464 0.696923
1856000 0.654350 0.696900
1857000 0.642339 0.696870
1858000 0.666626 0.696854
1859000 0.649139 0.696828
1860000 0.644680 0.696800
1861000 0.650836 0.696776
1862000 0.640005 0.696745
1863000 0.637580 0.696713
1864000 0.649488 0.696688
1865000 0.630775 0.696653
1866000 0.643359 0.696624
1867000 0.666257 0.696608
1868000 0.630578 0.696572
1869000 0.652835 0.696549
1870000 0.655738 0.696527
1871000 0.652435 0.696504
1872000 0.654734 0.696481
1873000 0.636330 0.696449
1874000 0.621548 0.696409
1875000 0.597047 0.696356
1876000 0.627405 0.696320
1877000 0.652893 0.696296
1878000 0.637653 0.696265
1879000 0.637026 0.696234
1880000 0.622474 0.696194
1881000 0.621418 0.696155
1882000 0.614917 0.696112
1883000 0.622590 0.696072
1884000 0.620699 0.696032
1885000 0.648805 0.696007
1886000 0.632146 0.695974
1887000 0.636518 0.695942
1888000 0.616273 0.695900
1889000 0.609529 0.695854
1890000 0.613379 0.695810
1891000 0.598670 0.695759
1892000 0.643398 0.695731
1893000 0.613992 0.695688
1894000 0.629265 0.695653
1895000 0.598895 0.695602
1896000 0.615966 0.695560
1897000 0.620740 0.695521
1898000 0.590697 0.695465
1899000 0.603490 0.695417
1900000 0.588827 0.695361
1901000 0.608861 0.695315
1902000 0.611251 0.695271
1903000 0.623605 0.695234
1904000 0.620507 0.695194
1905000 0.607884 0.695148
1906000 0.625872 0.695112
1907000 0.624822 0.695075
1908000 0.613437 0.695032
1909000 0.636592 0.695002
1910000 0.611779 0.694958
1911000 0.616824 0.694917
1912000 0.619389 0.694878
1913000 0.606072 0.694831
1914000 0.600494 0.694782
1915000 0.624241 0.694745
1916000 0.634627 0.694714
1917000 0.633306 0.694682
1918000 0.606572 0.694636
1919000 0.632755 0.694604
1920000 0.627020 0.694569
1921000 0.613813 0.694527
1922000 0.612100 0.694484
1923000 0.620302 0.694445
1924000 0.640130 0.694417
1925000 0.650141 0.694394
1926000 0.656464 0.694374
1927000 0.650679 0.694351
1928000 0.637451 0.694322
1929000 0.646497 0.694297
1930000 0.677745 0.694289
1931000 0.647491 0.694264
1932000 0.659042 0.694246
1933000 0.666380 0.694232
1934000 0.671232 0.694220
1935000 0.708704 0.694227
1936000 0.650676 0.694205
1937000 0.656859 0.694186
1938000 0.661678 0.694169
1939000 0.656351 0.694149
1940000 0.646707 0.694125
1941000 0.643597 0.694099
1942000 0.646603 0.694074
1943000 0.625276 0.694039
1944000 0.632335 0.694007
1945000 0.640227 0.693979
1946000 0.647774 0.693956
1947000 0.647701 0.693932
1948000 0.621447 0.693895
1949000 0.621642 0.693858
1950000 0.613614 0.693817
1951000 0.633198 0.693785
1952000 0.617248 0.693746
1953000 0.604164 0.693700
1954000 0.642500 0.693674
1955000 0.633046 0.693643
1956000 0.618674 0.693605
1957000 0.632244 0.693574
1958000 0.651503 0.693552
1959000 0.636742 0.693523
1960000 0.641224 0.693496
1961000 0.635831 0.693467
1962000 0.643848 0.693442
1963000 0.618334 0.693403
1964000 0.631001 0.693372
1965000 0.624817 0.693337
1966000 0.622817 0.693301
1967000 0.616711 0.693262
1968000 0.601364 0.693215
1969000 0.599659 0.693168
1970000 0.609618 0.693125
1971000 0.630269 0.693093
1972000 0.618107 0.693055
1973000 0.615462 0.693016
1974000 0.657926 0.692998
1975000 0.673930 0.692989
1976000 0.653832 0.692969
1977000 0.649321 0.692947
1978000 0.659853 0.692930
1979000 0.650982 0.692909
1980000 0.648388 0.692886
1981000 0.625360 0.692852
1982000 0.642421 0.692827
1983000 0.630699 0.692795
1984000 0.634430 0.692766
1985000 0.620964 0.692730
1986000 0.635160 0.692701
1987000 0.620893 0.692665
1988000 0.642878 0.692640
1989000 0.625262 0.692606
1990000 0.609003 0.692564
1991000 0.603746 0.692519
1992000 0.577030 0.692461
1993000 0.615473 0.692423
1994000 0.614648 0.692384
1995000 0.587480 0.692331
1996000 0.620928 0.692295
1997000 0.607211 0.692253
1998000 0.595223 0.692204
1999000 0.601893 0.692159
2000000 0.587268 0.692106
