1000 0.000000 0.000000
2000 0.000000 0.000000
3000 0.000000 0.000000
4000 0.000000 0.000000
5000 0.000000 0.000000
6000 0.000000 0.000000
7000 0.000000 0.000000
8000 1.000000 0.125000
9000 0.000000 0.111111
10000 1.000000 0.200000
11000 0.000000 0.181818
12000 0.000000 0.166667
13000 0.000000 0.153846
14000 0.000000 0.142857
15000 0.000000 0.133333
16000 0.000000 0.125000
17000 1.000000 0.176471
18000 0.000000 0.166667
19000 1.000000 0.210526
20000 1.000000 0.250000
21000 0.000000 0.238095
22000 1.000000 0.272727
23000 0.000000 0.260870
24000 0.000000 0.250000
25000 0.000000 0.240000
26000 0.000000 0.230769
27000 0.000000 0.222222
28000 0.000000 0.214286
29000 0.000000 0.206897
30000 0.000000 0.200000
31000 0.000000 0.193548
32000 0.000000 0.187500
33000 0.000000 0.181818
34000 0.000000 0.176471
35000 0.000000 0.171429
36000 0.000000 0.166667
37000 0.000000 0.162162
38000 0.000000 0.157895
39000 0.000000 0.153846
40000 0.000000 0.150000
41000 2.000000 0.195122
42000 1.000000 0.214286
43000 0.000000 0.209302
44000 2.000000 0.250000
45000 0.000000 0.244444
46000 0.000000 0.239130
47000 0.000000 0.234043
48000 1.000000 0.250000
49000 0.000000 0.244898
50000 0.000000 0.240000
51000 0.000000 0.235294
52000 0.000000 0.230769
53000 0.000000 0.226415
54000 1.000000 0.240741
55000 0.000000 0.236364
56000 0.000000 0.232143
57000 0.000000 0.228070
58000 0.000000 0.224138
59000 0.000000 0.220339
60000 0.000000 0.216667
61000 0.000000 0.213115
62000 0.000000 0.209677
63000 0.000000 0.206349
64000 0.000000 0.203125
65000 0.000000 0.200000
66000 0.000000 0.196970
67000 0.000000 0.194030
68000 0.000000 0.191176
69000 1.000000 0.202899
70000 1.000000 0.214286
71000 0.000000 0.211268
72000 0.000000 0.208333
73000 1.000000 0.219178
74000 1.000000 0.229730
75000 0.000000 0.226667
76000 0.000000 0.223684
77000 0.000000 0.220779
78000 0.000000 0.217949
79000 0.000000 0.215190
80000 1.000000 0.225000
81000 0.000000 0.222222
82000 0.000000 0.219512
83000 0.000000 0.216867
84000 0.000000 0.214286
85000 0.000000 0.211765
86000 0.000000 0.209302
87000 2.000000 0.229885
88000 0.000000 0.227273
89000 0.000000 0.224719
90000 0.000000 0.222222
91000 0.000000 0.219780
92000 0.000000 0.217391
93000 0.000000 0.215054
94000 1.000000 0.223404
95000 0.000000 0.221053
96000 0.000000 0.218750
97000 0.000000 0.216495
98000 1.000000 0.224490
99000 1.000000 0.232323
100000 1.000000 0.240000
101000 0.000000 0.237624
102000 0.000000 0.235294
103000 0.000000 0.233010
104000 0.000000 0.230769
105000 0.000000 0.228571
106000 0.000000 0.226415
107000 0.000000 0.224299
108000 0.000000 0.222222
109000 0.000000 0.220183
110000 0.000000 0.218182
111000 0.000000 0.216216
112000 0.000000 0.214286
113000 0.000000 0.212389
114000 0.000000 0.210526
115000 0.000000 0.208696
116000 1.000000 0.215517
117000 0.000000 0.213675
118000 0.000000 0.211864
119000 0.000000 0.210084
120000 0.000000 0.208333
121000 1.000000 0.214876
122000 0.000000 0.213115
123000 0.000000 0.211382
124000 0.000000 0.209677
125000 1.000000 0.216000
126000 0.000000 0.214286
127000 0.000000 0.212598
128000 0.000000 0.210938
129000 2.000000 0.224806
130000 0.000000 0.223077
131000 0.000000 0.221374
132000 0.000000 0.219697
133000 0.000000 0.218045
134000 1.000000 0.223881
135000 0.000000 0.222222
136000 1.000000 0.227941
137000 0.000000 0.226277
138000 0.000000 0.224638
139000 1.000000 0.230216
140000 0.000000 0.228571
141000 0.000000 0.226950
142000 2.000000 0.239437
143000 1.000000 0.244755
144000 0.000000 0.243056
145000 0.000000 0.241379
146000 0.000000 0.239726
147000 0.000000 0.238095
148000 1.000000 0.243243
149000 0.000000 0.241611
150000 0.000000 0.240000
151000 1.000000 0.245033
152000 0.000000 0.243421
153000 0.000000 0.241830
154000 0.000000 0.240260
155000 0.000000 0.238710
156000 0.000000 0.237179
157000 0.000000 0.235669
158000 0.000000 0.234177
159000 0.000000 0.232704
160000 0.000000 0.231250
161000 0.000000 0.229814
162000 0.000000 0.228395
163000 0.000000 0.226994
164000 1.000000 0.231707
165000 0.000000 0.230303
166000 0.000000 0.228916
167000 0.000000 0.227545
168000 0.000000 0.226190
169000 0.000000 0.224852
170000 0.000000 0.223529
171000 0.000000 0.222222
172000 0.000000 0.220930
173000 0.000000 0.219653
174000 0.000000 0.218391
175000 0.000000 0.217143
176000 0.000000 0.215909
177000 0.000000 0.214689
178000 0.000000 0.213483
179000 0.000000 0.212291
180000 0.000000 0.211111
181000 1.000000 0.215470
182000 0.000000 0.214286
183000 0.000000 0.213115
184000 0.000000 0.211957
185000 0.000000 0.210811
186000 0.000000 0.209677
187000 0.000000 0.208556
188000 0.000000 0.207447
189000 0.000000 0.206349
190000 0.000000 0.205263
191000 0.000000 0.204188
192000 0.000000 0.203125
193000 0.000000 0.202073
194000 0.000000 0.201031
195000 0.000000 0.200000
196000 0.000000 0.198980
197000 1.000000 0.203046
198000 0.000000 0.202020
199000 0.000000 0.201005
200000 0.000000 0.200000
201000 0.000000 0.199005
202000 0.000000 0.198020
203000 0.000000 0.197044
204000 0.000000 0.196078
205000 0.000000 0.195122
206000 0.000000 0.194175
207000 0.000000 0.193237
208000 0.000000 0.192308
209000 1.000000 0.196172
210000 0.000000 0.195238
211000 0.000000 0.194313
212000 0.000000 0.193396
213000 0.000000 0.192488
214000 0.000000 0.191589
215000 0.000000 0.190698
216000 0.000000 0.189815
217000 0.000000 0.188940
218000 1.000000 0.192661
219000 0.000000 0.191781
220000 0.000000 0.190909
221000 0.000000 0.190045
222000 0.000000 0.189189
223000 0.000000 0.188341
224000 1.000000 0.191964
225000 0.000000 0.191111
226000 0.000000 0.190265
227000 1.000000 0.193833
228000 0.000000 0.192982
229000 0.000000 0.192140
230000 1.000000 0.195652
231000 0.000000 0.194805
232000 0.000000 0.193966
233000 0.000000 0.193133
234000 0.000000 0.192308
235000 0.000000 0.191489
236000 0.000000 0.190678
237000 0.000000 0.189873
238000 0.000000 0.189076
239000 0.000000 0.188285
240000 0.000000 0.187500
241000 0.000000 0.186722
242000 1.000000 0.190083
243000 0.000000 0.189300
244000 0.000000 0.188525
245000 0.000000 0.187755
246000 0.000000 0.186992
247000 0.000000 0.186235
248000 0.000000 0.185484
249000 0.000000 0.184739
250000 0.000000 0.184000
251000 2.000000 0.191235
252000 1.000000 0.194444
253000 0.000000 0.193676
254000 0.000000 0.192913
255000 0.000000 0.192157
256000 0.000000 0.191406
257000 0.000000 0.190661
258000 0.000000 0.189922
259000 0.000000 0.189189
260000 0.000000 0.188462
261000 0.000000 0.187739
262000 0.000000 0.187023
263000 0.000000 0.186312
264000 0.000000 0.185606
265000 1.000000 0.188679
266000 0.000000 0.187970
267000 0.000000 0.187266
268000 0.000000 0.186567
269000 0.000000 0.185874
270000 0.000000 0.185185
271000 0.000000 0.184502
272000 0.000000 0.183824
273000 0.000000 0.183150
274000 0.000000 0.182482
275000 1.000000 0.185455
276000 0.000000 0.184783
277000 0.000000 0.184116
278000 0.000000 0.183453
279000 0.000000 0.182796
280000 0.000000 0.182143
281000 0.000000 0.181495
282000 0.000000 0.180851
283000 1.000000 0.183746
284000 0.000000 0.183099
285000 0.000000 0.182456
286000 0.000000 0.181818
287000 0.000000 0.181185
288000 1.000000 0.184028
289000 0.000000 0.183391
290000 0.000000 0.182759
291000 0.000000 0.182131
292000 1.000000 0.184932
293000 0.000000 0.184300
294000 1.000000 0.187075
295000 0.000000 0.186441
296000 0.000000 0.185811
297000 0.000000 0.185185
298000 0.000000 0.184564
299000 0.000000 0.183946
300000 0.000000 0.183333
301000 0.000000 0.182724
302000 0.000000 0.182119
303000 0.000000 0.181518
304000 1.000000 0.184211
305000 0.000000 0.183607
306000 0.000000 0.183007
307000 0.000000 0.182410
308000 0.000000 0.181818
309000 1.000000 0.184466
310000 1.000000 0.187097
311000 0.000000 0.186495
312000 0.000000 0.185897
313000 0.000000 0.185304
314000 0.000000 0.184713
315000 0.000000 0.184127
316000 0.000000 0.183544
317000 0.000000 0.182965
318000 0.000000 0.182390
319000 0.000000 0.181818
320000 1.000000 0.184375
321000 0.000000 0.183801
322000 0.000000 0.183230
323000 0.000000 0.182663
324000 0.000000 0.182099
325000 2.000000 0.187692
326000 0.000000 0.187117
327000 2.000000 0.192661
328000 0.000000 0.192073
329000 0.000000 0.191489
330000 0.000000 0.190909
331000 0.000000 0.190332
332000 0.000000 0.189759
333000 1.000000 0.192192
334000 0.000000 0.191617
335000 0.000000 0.191045
336000 0.000000 0.190476
337000 1.000000 0.192878
338000 0.000000 0.192308
339000 0.000000 0.191740
340000 1.000000 0.194118
341000 0.000000 0.193548
342000 0.000000 0.192982
343000 0.000000 0.192420
344000 0.000000 0.191860
345000 0.000000 0.191304
346000 0.000000 0.190751
347000 0.000000 0.190202
348000 0.000000 0.189655
349000 0.000000 0.189112
350000 0.000000 0.188571
351000 0.000000 0.188034
352000 0.000000 0.187500
353000 0.000000 0.186969
354000 0.000000 0.186441
355000 0.000000 0.185915
356000 0.000000 0.185393
357000 1.000000 0.187675
358000 0.000000 0.187151
359000 0.000000 0.186630
360000 0.000000 0.186111
361000 0.000000 0.185596
362000 1.000000 0.187845
363000 1.000000 0.190083
364000 0.000000 0.189560
365000 0.000000 0.189041
366000 1.000000 0.191257
367000 0.000000 0.190736
368000 0.000000 0.190217
369000 0.000000 0.189702
370000 0.000000 0.189189
371000 0.000000 0.188679
372000 0.000000 0.188172
373000 0.000000 0.187668
374000 0.000000 0.187166
375000 0.000000 0.186667
376000 0.000000 0.186170
377000 0.000000 0.185676
378000 0.000000 0.185185
379000 0.000000 0.184697
380000 0.000000 0.184211
381000 0.000000 0.183727
382000 0.000000 0.183246
383000 0.000000 0.182768
384000 0.000000 0.182292
385000 0.000000 0.181818
386000 0.000000 0.181347
387000 0.000000 0.180879
388000 1.000000 0.182990
389000 0.000000 0.182519
390000 1.000000 0.184615
391000 0.000000 0.184143
392000 0.000000 0.183673
393000 1.000000 0.185751
394000 0.000000 0.185279
395000 0.000000 0.184810
396000 0.000000 0.184343
397000 0.000000 0.183879
398000 0.000000 0.183417
399000 0.000000 0.182957
400000 0.000000 0.182500
401000 0.000000 0.182045
402000 0.000000 0.181592
403000 0.000000 0.181141
404000 0.000000 0.180693
405000 1.000000 0.182716
406000 0.000000 0.182266
407000 1.000000 0.184275
408000 1.000000 0.186275
409000 0.000000 0.185819
410000 0.000000 0.185366
411000 0.000000 0.184915
412000 0.000000 0.184466
413000 0.000000 0.184019
414000 0.000000 0.183575
415000 0.000000 0.183133
416000 0.000000 0.182692
417000 1.000000 0.184652
418000 0.000000 0.184211
419000 0.000000 0.183771
420000 0.000000 0.183333
421000 0.000000 0.182898
422000 1.000000 0.184834
423000 0.000000 0.184397
424000 0.000000 0.183962
425000 0.000000 0.183529
426000 0.000000 0.183099
427000 0.000000 0.182670
428000 0.000000 0.182243
429000 1.000000 0.184149
430000 0.000000 0.183721
431000 1.000000 0.185615
432000 0.000000 0.185185
433000 0.000000 0.184758
434000 0.000000 0.184332
435000 0.000000 0.183908
436000 0.000000 0.183486
437000 0.000000 0.183066
438000 0.000000 0.182648
439000 0.000000 0.182232
440000 0.000000 0.181818
441000 1.000000 0.183673
442000 0.000000 0.183258
443000 0.000000 0.182844
444000 0.000000 0.182432
445000 0.000000 0.182022
446000 0.000000 0.181614
447000 0.000000 0.181208
448000 0.000000 0.180804
449000 0.000000 0.180401
450000 0.000000 0.180000
451000 0.000000 0.179601
452000 0.000000 0.179204
453000 0.000000 0.178808
454000 0.000000 0.178414
455000 1.000000 0.180220
456000 0.000000 0.179825
457000 0.000000 0.179431
458000 0.000000 0.179039
459000 1.000000 0.180828
460000 0.000000 0.180435
461000 0.000000 0.180043
462000 0.000000 0.179654
463000 1.000000 0.181425
464000 0.000000 0.181034
465000 0.000000 0.180645
466000 0.000000 0.180258
467000 0.000000 0.179872
468000 0.000000 0.179487
469000 0.000000 0.179104
470000 0.000000 0.178723
471000 0.000000 0.178344
472000 0.000000 0.177966
473000 0.000000 0.177590
474000 1.000000 0.179325
475000 0.000000 0.178947
476000 0.000000 0.178571
477000 1.000000 0.180294
478000 0.000000 0.179916
479000 0.000000 0.179541
480000 0.000000 0.179167
481000 0.000000 0.178794
482000 0.000000 0.178423
483000 0.000000 0.178054
484000 1.000000 0.179752
485000 0.000000 0.179381
486000 0.000000 0.179012
487000 0.000000 0.178645
488000 0.000000 0.178279
489000 1.000000 0.179959
490000 0.000000 0.179592
491000 0.000000 0.179226
492000 0.000000 0.178862
493000 0.000000 0.178499
494000 0.000000 0.178138
495000 1.000000 0.179798
496000 0.000000 0.179435
497000 1.000000 0.181087
498000 0.000000 0.180723
499000 0.000000 0.180361
500000 1.000000 0.182000
501000 0.000000 0.181637
502000 0.000000 0.181275
503000 0.000000 0.180915
504000 1.000000 0.182540
505000 0.000000 0.182178
506000 3.000000 0.187747
507000 0.000000 0.187377
508000 1.000000 0.188976
509000 0.000000 0.188605
510000 0.000000 0.188235
511000 0.000000 0.187867
512000 1.000000 0.189453
513000 0.000000 0.189084
514000 2.000000 0.192607
515000 0.000000 0.192233
516000 1.000000 0.193798
517000 0.000000 0.193424
518000 0.000000 0.193050
519000 0.000000 0.192678
520000 0.000000 0.192308
521000 1.000000 0.193858
522000 0.000000 0.193487
523000 0.000000 0.193117
524000 0.000000 0.192748
525000 0.000000 0.192381
526000 0.000000 0.192015
527000 0.000000 0.191651
528000 0.000000 0.191288
529000 1.000000 0.192817
530000 0.000000 0.192453
531000 0.000000 0.192090
532000 0.000000 0.191729
533000 0.000000 0.191370
534000 0.000000 0.191011
535000 0.000000 0.190654
536000 2.000000 0.194030
537000 0.000000 0.193669
538000 0.000000 0.193309
539000 0.000000 0.192950
540000 0.000000 0.192593
541000 0.000000 0.192237
542000 0.000000 0.191882
543000 0.000000 0.191529
544000 0.000000 0.191176
545000 1.000000 0.192661
546000 0.000000 0.192308
547000 0.000000 0.191956
548000 0.000000 0.191606
549000 0.000000 0.191257
550000 1.000000 0.192727
551000 0.000000 0.192377
552000 0.000000 0.192029
553000 0.000000 0.191682
554000 1.000000 0.193141
555000 1.000000 0.194595
556000 0.000000 0.194245
557000 0.000000 0.193896
558000 0.000000 0.193548
559000 1.000000 0.194991
560000 0.000000 0.194643
561000 1.000000 0.196078
562000 0.000000 0.195730
563000 0.000000 0.195382
564000 1.000000 0.196809
565000 1.000000 0.198230
566000 0.000000 0.197880
567000 0.000000 0.197531
568000 0.000000 0.197183
569000 0.000000 0.196837
570000 0.000000 0.196491
571000 1.000000 0.197898
572000 0.000000 0.197552
573000 1.000000 0.198953
574000 0.000000 0.198606
575000 0.000000 0.198261
576000 0.000000 0.197917
577000 0.000000 0.197574
578000 0.000000 0.197232
579000 0.000000 0.196891
580000 0.000000 0.196552
581000 0.000000 0.196213
582000 0.000000 0.195876
583000 0.000000 0.195540
584000 0.000000 0.195205
585000 0.000000 0.194872
586000 0.000000 0.194539
587000 0.000000 0.194208
588000 0.000000 0.193878
589000 0.000000 0.193548
590000 0.000000 0.193220
591000 0.000000 0.192893
592000 1.000000 0.194257
593000 0.000000 0.193929
594000 1.000000 0.195286
595000 1.000000 0.196639
596000 0.000000 0.196309
597000 0.000000 0.195980
598000 1.000000 0.197324
599000 0.000000 0.196995
600000 0.000000 0.196667
601000 0.000000 0.196339
602000 0.000000 0.196013
603000 0.000000 0.195688
604000 0.000000 0.195364
605000 0.000000 0.195041
606000 1.000000 0.196370
607000 0.000000 0.196046
608000 0.000000 0.195724
609000 0.000000 0.195402
610000 0.000000 0.195082
611000 0.000000 0.194763
612000 0.000000 0.194444
613000 0.000000 0.194127
614000 1.000000 0.195440
615000 0.000000 0.195122
616000 0.000000 0.194805
617000 1.000000 0.196110
618000 0.000000 0.195793
619000 1.000000 0.197092
620000 0.000000 0.196774
621000 0.000000 0.196457
622000 0.000000 0.196141
623000 0.000000 0.195827
624000 0.000000 0.195513
625000 1.000000 0.196800
626000 0.000000 0.196486
627000 0.000000 0.196172
628000 0.000000 0.195860
629000 0.000000 0.195548
630000 0.000000 0.195238
631000 0.000000 0.194929
632000 0.000000 0.194620
633000 0.000000 0.194313
634000 1.000000 0.195584
635000 0.000000 0.195276
636000 0.000000 0.194969
637000 0.000000 0.194662
638000 0.000000 0.194357
639000 0.000000 0.194053
640000 1.000000 0.195312
641000 0.000000 0.195008
642000 0.000000 0.194704
643000 0.000000 0.194401
644000 0.000000 0.194099
645000 0.000000 0.193798
646000 0.000000 0.193498
647000 0.000000 0.193199
648000 0.000000 0.192901
649000 0.000000 0.192604
650000 0.000000 0.192308
651000 0.000000 0.192012
652000 0.000000 0.191718
653000 0.000000 0.191424
654000 0.000000 0.191131
655000 0.000000 0.190840
656000 1.000000 0.192073
657000 0.000000 0.191781
658000 1.000000 0.193009
659000 0.000000 0.192716
660000 0.000000 0.192424
661000 0.000000 0.192133
662000 1.000000 0.193353
663000 0.000000 0.193062
664000 1.000000 0.194277
665000 0.000000 0.193985
666000 0.000000 0.193694
667000 0.000000 0.193403
668000 0.000000 0.193114
669000 0.000000 0.192825
670000 0.000000 0.192537
671000 0.000000 0.192250
672000 0.000000 0.191964
673000 0.000000 0.191679
674000 1.000000 0.192878
675000 0.000000 0.192593
676000 0.000000 0.192308
677000 1.000000 0.193501
678000 0.000000 0.193215
679000 1.000000 0.194404
680000 0.000000 0.194118
681000 1.000000 0.195301
682000 1.000000 0.196481
683000 1.000000 0.197657
684000 0.000000 0.197368
685000 0.000000 0.197080
686000 1.000000 0.198251
687000 0.000000 0.197962
688000 0.000000 0.197674
689000 0.000000 0.197388
690000 1.000000 0.198551
691000 0.000000 0.198263
692000 1.000000 0.199422
693000 0.000000 0.199134
694000 0.000000 0.198847
695000 0.000000 0.198561
696000 0.000000 0.198276
697000 0.000000 0.197991
698000 0.000000 0.197708
699000 0.000000 0.197425
700000 0.000000 0.197143
701000 0.000000 0.196862
702000 0.000000 0.196581
703000 0.000000 0.196302
704000 1.000000 0.197443
705000 0.000000 0.197163
706000 1.000000 0.198300
707000 0.000000 0.198020
708000 0.000000 0.197740
709000 0.000000 0.197461
710000 0.000000 0.197183
711000 0.000000 0.196906
712000 1.000000 0.198034
713000 0.000000 0.197756
714000 0.000000 0.197479
715000 0.000000 0.197203
716000 0.000000 0.196927
717000 1.000000 0.198047
718000 0.000000 0.197772
719000 0.000000 0.197497
720000 1.000000 0.198611
721000 0.000000 0.198336
722000 0.000000 0.198061
723000 0.000000 0.197787
724000 0.000000 0.197514
725000 0.000000 0.197241
726000 0.000000 0.196970
727000 0.000000 0.196699
728000 0.000000 0.196429
729000 0.000000 0.196159
730000 0.000000 0.195890
731000 0.000000 0.195622
732000 0.000000 0.195355
733000 0.000000 0.195089
734000 0.000000 0.194823
735000 0.000000 0.194558
736000 1.000000 0.195652
737000 0.000000 0.195387
738000 0.000000 0.195122
739000 0.000000 0.194858
740000 0.000000 0.194595
741000 1.000000 0.195682
742000 0.000000 0.195418
743000 0.000000 0.195155
744000 0.000000 0.194892
745000 0.000000 0.194631
746000 0.000000 0.194370
747000 0.000000 0.194110
748000 0.000000 0.193850
749000 0.000000 0.193591
750000 0.000000 0.193333
751000 0.000000 0.193076
752000 0.000000 0.192819
753000 0.000000 0.192563
754000 2.000000 0.194960
755000 0.000000 0.194702
756000 1.000000 0.195767
757000 0.000000 0.195509
758000 0.000000 0.195251
759000 0.000000 0.194993
760000 0.000000 0.194737
761000 0.000000 0.194481
762000 0.000000 0.194226
763000 0.000000 0.193971
764000 0.000000 0.193717
765000 0.000000 0.193464
766000 0.000000 0.193211
767000 0.000000 0.192960
768000 0.000000 0.192708
769000 0.000000 0.192458
770000 0.000000 0.192208
771000 0.000000 0.191958
772000 0.000000 0.191710
773000 1.000000 0.192755
774000 0.000000 0.192506
775000 0.000000 0.192258
776000 0.000000 0.192010
777000 0.000000 0.191763
778000 0.000000 0.191517
779000 0.000000 0.191271
780000 0.000000 0.191026
781000 1.000000 0.192061
782000 0.000000 0.191816
783000 0.000000 0.191571
784000 1.000000 0.192602
785000 1.000000 0.193631
786000 0.000000 0.193384
787000 0.000000 0.193139
788000 0.000000 0.192893
789000 0.000000 0.192649
790000 0.000000 0.192405
791000 0.000000 0.192162
792000 1.000000 0.193182
793000 0.000000 0.192938
794000 0.000000 0.192695
795000 0.000000 0.192453
796000 0.000000 0.192211
797000 0.000000 0.191970
798000 0.000000 0.191729
799000 1.000000 0.192741
800000 0.000000 0.192500
801000 0.000000 0.192260
802000 0.000000 0.192020
803000 0.000000 0.191781
804000 0.000000 0.191542
805000 0.000000 0.191304
806000 0.000000 0.191067
807000 0.000000 0.190830
808000 0.000000 0.190594
809000 0.000000 0.190358
810000 0.000000 0.190123
811000 0.000000 0.189889
812000 0.000000 0.189655
813000 0.000000 0.189422
814000 0.000000 0.189189
815000 1.000000 0.190184
816000 0.000000 0.189951
817000 0.000000 0.189718
818000 0.000000 0.189487
819000 0.000000 0.189255
820000 0.000000 0.189024
821000 1.000000 0.190012
822000 0.000000 0.189781
823000 0.000000 0.189550
824000 1.000000 0.190534
825000 0.000000 0.190303
826000 0.000000 0.190073
827000 0.000000 0.189843
828000 0.000000 0.189614
829000 2.000000 0.191797
830000 0.000000 0.191566
831000 0.000000 0.191336
832000 1.000000 0.192308
833000 0.000000 0.192077
834000 0.000000 0.191847
835000 0.000000 0.191617
836000 0.000000 0.191388
837000 0.000000 0.191159
838000 0.000000 0.190931
839000 1.000000 0.191895
840000 0.000000 0.191667
841000 0.000000 0.191439
842000 0.000000 0.191211
843000 0.000000 0.190985
844000 1.000000 0.191943
845000 1.000000 0.192899
846000 0.000000 0.192671
847000 0.000000 0.192444
848000 0.000000 0.192217
849000 0.000000 0.191991
850000 0.000000 0.191765
851000 0.000000 0.191539
852000 0.000000 0.191315
853000 0.000000 0.191090
854000 0.000000 0.190867
855000 0.000000 0.190643
856000 1.000000 0.191589
857000 0.000000 0.191365
858000 0.000000 0.191142
859000 0.000000 0.190920
860000 0.000000 0.190698
861000 0.000000 0.190476
862000 1.000000 0.191415
863000 0.000000 0.191194
864000 0.000000 0.190972
865000 1.000000 0.191908
866000 0.000000 0.191686
867000 0.000000 0.191465
868000 0.000000 0.191244
869000 0.000000 0.191024
870000 0.000000 0.190805
871000 0.000000 0.190586
872000 0.000000 0.190367
873000 0.000000 0.190149
874000 0.000000 0.189931
875000 0.000000 0.189714
876000 0.000000 0.189498
877000 1.000000 0.190422
878000 0.000000 0.190205
879000 0.000000 0.189989
880000 1.000000 0.190909
881000 0.000000 0.190692
882000 1.000000 0.191610
883000 1.000000 0.192525
884000 0.000000 0.192308
885000 0.000000 0.192090
886000 0.000000 0.191874
887000 0.000000 0.191657
888000 0.000000 0.191441
889000 2.000000 0.193476
890000 0.000000 0.193258
891000 1.000000 0.194164
892000 0.000000 0.193946
893000 0.000000 0.193729
894000 0.000000 0.193512
895000 1.000000 0.194413
896000 0.000000 0.194196
897000 2.000000 0.196210
898000 0.000000 0.195991
899000 1.000000 0.196885
900000 0.000000 0.196667
901000 0.000000 0.196448
902000 0.000000 0.196231
903000 0.000000 0.196013
904000 0.000000 0.195796
905000 0.000000 0.195580
906000 0.000000 0.195364
907000 0.000000 0.195149
908000 0.000000 0.194934
909000 0.000000 0.194719
910000 1.000000 0.195604
911000 0.000000 0.195390
912000 0.000000 0.195175
913000 0.000000 0.194962
914000 0.000000 0.194748
915000 0.000000 0.194536
916000 0.000000 0.194323
917000 1.000000 0.195202
918000 0.000000 0.194989
919000 0.000000 0.194777
920000 0.000000 0.194565
921000 0.000000 0.194354
922000 0.000000 0.194143
923000 0.000000 0.193933
924000 0.000000 0.193723
925000 1.000000 0.194595
926000 0.000000 0.194384
927000 0.000000 0.194175
928000 0.000000 0.193966
929000 0.000000 0.193757
930000 0.000000 0.193548
931000 0.000000 0.193340
932000 0.000000 0.193133
933000 0.000000 0.192926
934000 0.000000 0.192719
935000 0.000000 0.192513
936000 1.000000 0.193376
937000 0.000000 0.193170
938000 1.000000 0.194030
939000 0.000000 0.193823
940000 0.000000 0.193617
941000 0.000000 0.193411
942000 0.000000 0.193206
943000 0.000000 0.193001
944000 0.000000 0.192797
945000 0.000000 0.192593
946000 0.000000 0.192389
947000 0.000000 0.192186
948000 0.000000 0.191983
949000 0.000000 0.191781
950000 0.000000 0.191579
951000 0.000000 0.191377
952000 0.000000 0.191176
953000 0.000000 0.190976
954000 0.000000 0.190776
955000 0.000000 0.190576
956000 0.000000 0.190377
957000 0.000000 0.190178
958000 0.000000 0.189979
959000 0.000000 0.189781
960000 1.000000 0.190625
961000 1.000000 0.191467
962000 0.000000 0.191268
963000 0.000000 0.191070
964000 0.000000 0.190871
965000 0.000000 0.190674
966000 0.000000 0.190476
967000 2.000000 0.192347
968000 0.000000 0.192149
969000 1.000000 0.192982
970000 0.000000 0.192784
971000 0.000000 0.192585
972000 0.000000 0.192387
973000 0.000000 0.192189
974000 0.000000 0.191992
975000 2.000000 0.193846
976000 0.000000 0.193648
977000 0.000000 0.193449
978000 0.000000 0.193252
979000 0.000000 0.193054
980000 0.000000 0.192857
981000 0.000000 0.192661
982000 1.000000 0.193483
983000 0.000000 0.193286
984000 0.000000 0.193089
985000 2.000000 0.194924
986000 0.000000 0.194726
987000 0.000000 0.194529
988000 0.000000 0.194332
989000 1.000000 0.195147
990000 0.000000 0.194949
991000 0.000000 0.194753
992000 0.000000 0.194556
993000 1.000000 0.195368
994000 0.000000 0.195171
995000 0.000000 0.194975
996000 0.000000 0.194779
997000 0.000000 0.194584
998000 0.000000 0.194389
999000 0.000000 0.194194
1000000 1.000000 0.195000
1001000 0.000000 0.194805
1002000 1.000000 0.195609
1003000 0.000000 0.195414
1004000 0.000000 0.195219
1005000 0.000000 0.195025
1006000 0.000000 0.194831
1007000 0.000000 0.194638
1008000 0.000000 0.194444
1009000 0.000000 0.194252
1010000 0.000000 0.194059
1011000 0.000000 0.193867
1012000 0.000000 0.193676
1013000 0.000000 0.193485
1014000 0.000000 0.193294
1015000 2.000000 0.195074
1016000 0.000000 0.194882
1017000 0.000000 0.194690
1018000 0.000000 0.194499
1019000 0.000000 0.194308
1020000 0.000000 0.194118
1021000 0.000000 0.193928
1022000 0.000000 0.193738
1023000 0.000000 0.193548
1024000 1.000000 0.194336
1025000 0.000000 0.194146
1026000 1.000000 0.194932
1027000 0.000000 0.194742
1028000 0.000000 0.194553
1029000 1.000000 0.195335
1030000 0.000000 0.195146
1031000 0.000000 0.194956
1032000 0.000000 0.194767
1033000 0.000000 0.194579
1034000 0.000000 0.194391
1035000 0.000000 0.194203
1036000 0.000000 0.194015
1037000 0.000000 0.193828
1038000 0.000000 0.193642
1039000 0.000000 0.193455
1040000 0.000000 0.193269
1041000 0.000000 0.193084
1042000 1.000000 0.193858
1043000 0.000000 0.193672
1044000 0.000000 0.193487
1045000 0.000000 0.193301
1046000 0.000000 0.193117
1047000 0.000000 0.192932
1048000 0.000000 0.192748
1049000 1.000000 0.193518
1050000 0.000000 0.193333
1051000 1.000000 0.194101
1052000 0.000000 0.193916
1053000 0.000000 0.193732
1054000 0.000000 0.193548
1055000 0.000000 0.193365
1056000 0.000000 0.193182
1057000 0.000000 0.192999
1058000 0.000000 0.192817
1059000 0.000000 0.192635
1060000 0.000000 0.192453
1061000 0.000000 0.192271
1062000 0.000000 0.192090
1063000 0.000000 0.191910
1064000 0.000000 0.191729
1065000 0.000000 0.191549
1066000 0.000000 0.191370
1067000 0.000000 0.191190
1068000 0.000000 0.191011
1069000 0.000000 0.190833
1070000 0.000000 0.190654
1071000 0.000000 0.190476
1072000 1.000000 0.191231
1073000 0.000000 0.191053
1074000 0.000000 0.190875
1075000 0.000000 0.190698
1076000 1.000000 0.191450
1077000 1.000000 0.192201
1078000 0.000000 0.192022
1079000 0.000000 0.191844
1080000 0.000000 0.191667
1081000 0.000000 0.191489
1082000 0.000000 0.191312
1083000 0.000000 0.191136
1084000 0.000000 0.190959
1085000 0.000000 0.190783
1086000 0.000000 0.190608
1087000 1.000000 0.191352
1088000 0.000000 0.191176
1089000 1.000000 0.191919
1090000 0.000000 0.191743
1091000 0.000000 0.191567
1092000 0.000000 0.191392
1093000 0.000000 0.191217
1094000 1.000000 0.191956
1095000 0.000000 0.191781
1096000 0.000000 0.191606
1097000 0.000000 0.191431
1098000 0.000000 0.191257
1099000 1.000000 0.191993
1100000 0.000000 0.191818
1101000 0.000000 0.191644
1102000 1.000000 0.192377
1103000 0.000000 0.192203
1104000 0.000000 0.192029
1105000 1.000000 0.192760
1106000 0.000000 0.192586
1107000 1.000000 0.193315
1108000 0.000000 0.193141
1109000 0.000000 0.192967
1110000 0.000000 0.192793
1111000 1.000000 0.193519
1112000 1.000000 0.194245
1113000 0.000000 0.194070
1114000 0.000000 0.193896
1115000 1.000000 0.194619
1116000 0.000000 0.194444
1117000 1.000000 0.195166
1118000 0.000000 0.194991
1119000 0.000000 0.194817
1120000 0.000000 0.194643
1121000 0.000000 0.194469
1122000 0.000000 0.194296
1123000 0.000000 0.194123
1124000 0.000000 0.193950
1125000 1.000000 0.194667
1126000 0.000000 0.194494
1127000 1.000000 0.195209
1128000 0.000000 0.195035
1129000 0.000000 0.194863
1130000 0.000000 0.194690
1131000 0.000000 0.194518
1132000 0.000000 0.194346
1133000 0.000000 0.194175
1134000 0.000000 0.194004
1135000 0.000000 0.193833
1136000 0.000000 0.193662
1137000 0.000000 0.193492
1138000 0.000000 0.193322
1139000 0.000000 0.193152
1140000 0.000000 0.192982
1141000 0.000000 0.192813
1142000 0.000000 0.192644
1143000 0.000000 0.192476
1144000 0.000000 0.192308
1145000 0.000000 0.192140
1146000 0.000000 0.191972
1147000 0.000000 0.191805
1148000 0.000000 0.191638
1149000 0.000000 0.191471
1150000 1.000000 0.192174
1151000 0.000000 0.192007
1152000 0.000000 0.191840
1153000 0.000000 0.191674
1154000 0.000000 0.191508
1155000 0.000000 0.191342
1156000 0.000000 0.191176
1157000 0.000000 0.191011
1158000 0.000000 0.190846
1159000 0.000000 0.190682
1160000 0.000000 0.190517
1161000 0.000000 0.190353
1162000 2.000000 0.191910
1163000 2.000000 0.193465
1164000 0.000000 0.193299
1165000 1.000000 0.193991
1166000 0.000000 0.193825
1167000 1.000000 0.194516
1168000 0.000000 0.194349
1169000 2.000000 0.195894
1170000 0.000000 0.195726
1171000 0.000000 0.195559
1172000 0.000000 0.195392
1173000 0.000000 0.195226
1174000 0.000000 0.195060
1175000 1.000000 0.195745
1176000 2.000000 0.197279
1177000 1.000000 0.197961
1178000 0.000000 0.197793
1179000 0.000000 0.197625
1180000 0.000000 0.197458
1181000 0.000000 0.197290
1182000 0.000000 0.197124
1183000 1.000000 0.197802
1184000 0.000000 0.197635
1185000 0.000000 0.197468
1186000 0.000000 0.197302
1187000 0.000000 0.197136
1188000 0.000000 0.196970
1189000 0.000000 0.196804
1190000 0.000000 0.196639
1191000 0.000000 0.196474
1192000 1.000000 0.197148
1193000 0.000000 0.196982
1194000 0.000000 0.196817
1195000 0.000000 0.196653
1196000 0.000000 0.196488
1197000 0.000000 0.196324
1198000 0.000000 0.196160
1199000 1.000000 0.196831
1200000 0.000000 0.196667
1201000 0.000000 0.196503
1202000 0.000000 0.196339
1203000 0.000000 0.196176
1204000 1.000000 0.196844
1205000 0.000000 0.196680
1206000 0.000000 0.196517
1207000 0.000000 0.196355
1208000 0.000000 0.196192
1209000 0.000000 0.196030
1210000 0.000000 0.195868
1211000 0.000000 0.195706
1212000 1.000000 0.196370
1213000 0.000000 0.196208
1214000 0.000000 0.196046
1215000 0.000000 0.195885
1216000 0.000000 0.195724
1217000 0.000000 0.195563
1218000 0.000000 0.195402
1219000 0.000000 0.195242
1220000 0.000000 0.195082
1221000 0.000000 0.194922
1222000 0.000000 0.194763
1223000 0.000000 0.194603
1224000 0.000000 0.194444
1225000 1.000000 0.195102
1226000 0.000000 0.194943
1227000 1.000000 0.195599
1228000 0.000000 0.195440
1229000 0.000000 0.195281
1230000 0.000000 0.195122
1231000 0.000000 0.194963
1232000 0.000000 0.194805
1233000 0.000000 0.194647
1234000 0.000000 0.194489
1235000 0.000000 0.194332
1236000 0.000000 0.194175
1237000 0.000000 0.194018
1238000 0.000000 0.193861
1239000 0.000000 0.193705
1240000 0.000000 0.193548
1241000 0.000000 0.193392
1242000 1.000000 0.194042
1243000 0.000000 0.193886
1244000 0.000000 0.193730
1245000 0.000000 0.193574
1246000 0.000000 0.193419
1247000 0.000000 0.193264
1248000 0.000000 0.193109
1249000 1.000000 0.193755
1250000 0.000000 0.193600
1251000 0.000000 0.193445
1252000 0.000000 0.193291
1253000 0.000000 0.193136
1254000 0.000000 0.192982
1255000 0.000000 0.192829
1256000 0.000000 0.192675
1257000 0.000000 0.192522
1258000 0.000000 0.192369
1259000 0.000000 0.192216
1260000 0.000000 0.192063
1261000 0.000000 0.191911
1262000 0.000000 0.191759
1263000 0.000000 0.191607
1264000 0.000000 0.191456
1265000 0.000000 0.191304
1266000 0.000000 0.191153
1267000 0.000000 0.191002
1268000 1.000000 0.191640
1269000 0.000000 0.191489
1270000 0.000000 0.191339
1271000 0.000000 0.191188
1272000 0.000000 0.191038
1273000 0.000000 0.190888
1274000 0.000000 0.190738
1275000 0.000000 0.190588
1276000 0.000000 0.190439
1277000 0.000000 0.190290
1278000 1.000000 0.190923
1279000 0.000000 0.190774
1280000 0.000000 0.190625
1281000 0.000000 0.190476
1282000 0.000000 0.190328
1283000 1.000000 0.190959
1284000 0.000000 0.190810
1285000 1.000000 0.191440
1286000 1.000000 0.192068
1287000 0.000000 0.191919
1288000 1.000000 0.192547
1289000 0.000000 0.192397
1290000 0.000000 0.192248
1291000 0.000000 0.192099
1292000 0.000000 0.191950
1293000 0.000000 0.191802
1294000 0.000000 0.191654
1295000 1.000000 0.192278
1296000 0.000000 0.192130
1297000 0.000000 0.191981
1298000 0.000000 0.191834
1299000 0.000000 0.191686
1300000 0.000000 0.191538
1301000 0.000000 0.191391
1302000 0.000000 0.191244
1303000 0.000000 0.191097
1304000 0.000000 0.190951
1305000 1.000000 0.191571
1306000 0.000000 0.191424
1307000 0.000000 0.191278
1308000 0.000000 0.191131
1309000 0.000000 0.190985
1310000 0.000000 0.190840
1311000 1.000000 0.191457
1312000 0.000000 0.191311
1313000 0.000000 0.191165
1314000 0.000000 0.191020
1315000 0.000000 0.190875
1316000 1.000000 0.191489
1317000 0.000000 0.191344
1318000 0.000000 0.191199
1319000 0.000000 0.191054
1320000 1.000000 0.191667
1321000 0.000000 0.191522
1322000 0.000000 0.191377
1323000 1.000000 0.191988
1324000 0.000000 0.191843
1325000 0.000000 0.191698
1326000 0.000000 0.191554
1327000 0.000000 0.191409
1328000 0.000000 0.191265
1329000 1.000000 0.191874
1330000 0.000000 0.191729
1331000 1.000000 0.192337
1332000 0.000000 0.192192
1333000 0.000000 0.192048
1334000 0.000000 0.191904
1335000 0.000000 0.191760
1336000 0.000000 0.191617
1337000 0.000000 0.191473
1338000 0.000000 0.191330
1339000 0.000000 0.191187
1340000 1.000000 0.191791
1341000 0.000000 0.191648
1342000 0.000000 0.191505
1343000 0.000000 0.191363
1344000 0.000000 0.191220
1345000 1.000000 0.191822
1346000 0.000000 0.191679
1347000 0.000000 0.191537
1348000 0.000000 0.191395
1349000 1.000000 0.191994
1350000 1.000000 0.192593
1351000 0.000000 0.192450
1352000 0.000000 0.192308
1353000 0.000000 0.192166
1354000 0.000000 0.192024
1355000 0.000000 0.191882
1356000 0.000000 0.191740
1357000 0.000000 0.191599
1358000 1.000000 0.192194
1359000 1.000000 0.192789
1360000 1.000000 0.193382
1361000 0.000000 0.193240
1362000 0.000000 0.193098
1363000 0.000000 0.192957
1364000 0.000000 0.192815
1365000 1.000000 0.193407
1366000 0.000000 0.193265
1367000 0.000000 0.193124
1368000 0.000000 0.192982
1369000 0.000000 0.192841
1370000 0.000000 0.192701
1371000 0.000000 0.192560
1372000 1.000000 0.193149
1373000 1.000000 0.193736
1374000 1.000000 0.194323
1375000 0.000000 0.194182
1376000 0.000000 0.194041
1377000 0.000000 0.193900
1378000 0.000000 0.193759
1379000 0.000000 0.193619
1380000 1.000000 0.194203
1381000 0.000000 0.194062
1382000 0.000000 0.193922
1383000 0.000000 0.193782
1384000 0.000000 0.193642
1385000 0.000000 0.193502
1386000 1.000000 0.194084
1387000 0.000000 0.193944
1388000 0.000000 0.193804
1389000 1.000000 0.194384
1390000 1.000000 0.194964
1391000 0.000000 0.194824
1392000 0.000000 0.194684
1393000 0.000000 0.194544
1394000 0.000000 0.194405
1395000 1.000000 0.194982
1396000 0.000000 0.194842
1397000 0.000000 0.194703
1398000 0.000000 0.194564
1399000 0.000000 0.194425
1400000 0.000000 0.194286
1401000 0.000000 0.194147
1402000 0.000000 0.194009
1403000 0.000000 0.193870
1404000 0.000000 0.193732
1405000 1.000000 0.194306
1406000 0.000000 0.194168
1407000 0.000000 0.194030
1408000 0.000000 0.193892
1409000 0.000000 0.193754
1410000 0.000000 0.193617
1411000 0.000000 0.193480
1412000 0.000000 0.193343
1413000 0.000000 0.193206
1414000 0.000000 0.193069
1415000 0.000000 0.192933
1416000 1.000000 0.193503
1417000 0.000000 0.193366
1418000 0.000000 0.193230
1419000 0.000000 0.193094
1420000 0.000000 0.192958
1421000 0.000000 0.192822
1422000 0.000000 0.192686
1423000 0.000000 0.192551
1424000 0.000000 0.192416
1425000 0.000000 0.192281
1426000 0.000000 0.192146
1427000 0.000000 0.192011
1428000 0.000000 0.191877
1429000 0.000000 0.191742
1430000 0.000000 0.191608
1431000 0.000000 0.191474
1432000 0.000000 0.191341
1433000 1.000000 0.191905
1434000 1.000000 0.192469
1435000 1.000000 0.193031
1436000 0.000000 0.192897
1437000 1.000000 0.193459
1438000 0.000000 0.193324
1439000 0.000000 0.193190
1440000 0.000000 0.193056
1441000 2.000000 0.194310
1442000 0.000000 0.194175
1443000 0.000000 0.194040
1444000 0.000000 0.193906
1445000 0.000000 0.193772
1446000 0.000000 0.193638
1447000 0.000000 0.193504
1448000 0.000000 0.193370
1449000 1.000000 0.193927
1450000 0.000000 0.193793
1451000 0.000000 0.193660
1452000 0.000000 0.193526
1453000 0.000000 0.193393
1454000 0.000000 0.193260
1455000 0.000000 0.193127
1456000 0.000000 0.192995
1457000 0.000000 0.192862
1458000 0.000000 0.192730
1459000 0.000000 0.192598
1460000 0.000000 0.192466
1461000 0.000000 0.192334
1462000 0.000000 0.192202
1463000 0.000000 0.192071
1464000 0.000000 0.191940
1465000 0.000000 0.191809
1466000 0.000000 0.191678
1467000 0.000000 0.191547
1468000 0.000000 0.191417
1469000 0.000000 0.191287
1470000 0.000000 0.191156
1471000 0.000000 0.191027
1472000 0.000000 0.190897
1473000 0.000000 0.190767
1474000 0.000000 0.190638
1475000 0.000000 0.190508
1476000 0.000000 0.190379
1477000 0.000000 0.190251
1478000 0.000000 0.190122
1479000 1.000000 0.190669
1480000 0.000000 0.190541
1481000 0.000000 0.190412
1482000 1.000000 0.190958
1483000 1.000000 0.191504
1484000 0.000000 0.191375
1485000 0.000000 0.191246
1486000 0.000000 0.191117
1487000 1.000000 0.191661
1488000 0.000000 0.191532
1489000 1.000000 0.192075
1490000 0.000000 0.191946
1491000 0.000000 0.191818
1492000 0.000000 0.191689
1493000 0.000000 0.191561
1494000 0.000000 0.191432
1495000 0.000000 0.191304
1496000 0.000000 0.191176
1497000 0.000000 0.191049
1498000 0.000000 0.190921
1499000 0.000000 0.190794
1500000 0.000000 0.190667
1501000 0.000000 0.190540
1502000 0.000000 0.190413
1503000 0.000000 0.190286
1504000 0.000000 0.190160
1505000 1.000000 0.190698
1506000 0.000000 0.190571
1507000 0.000000 0.190445
1508000 0.000000 0.190318
1509000 0.000000 0.190192
1510000 0.000000 0.190066
1511000 0.000000 0.189940
1512000 1.000000 0.190476
1513000 0.000000 0.190350
1514000 0.000000 0.190225
1515000 0.000000 0.190099
1516000 0.000000 0.189974
1517000 0.000000 0.189848
1518000 0.000000 0.189723
1519000 1.000000 0.190257
1520000 0.000000 0.190132
1521000 1.000000 0.190664
1522000 1.000000 0.191196
1523000 0.000000 0.191070
1524000 0.000000 0.190945
1525000 0.000000 0.190820
1526000 0.000000 0.190695
1527000 0.000000 0.190570
1528000 0.000000 0.190445
1529000 0.000000 0.190320
1530000 0.000000 0.190196
1531000 0.000000 0.190072
1532000 0.000000 0.189948
1533000 0.000000 0.189824
1534000 0.000000 0.189700
1535000 0.000000 0.189577
1536000 0.000000 0.189453
1537000 1.000000 0.189980
1538000 0.000000 0.189857
1539000 0.000000 0.189734
1540000 0.000000 0.189610
1541000 0.000000 0.189487
1542000 0.000000 0.189364
1543000 1.000000 0.189890
1544000 0.000000 0.189767
1545000 1.000000 0.190291
1546000 0.000000 0.190168
1547000 1.000000 0.190692
1548000 2.000000 0.191860
1549000 0.000000 0.191737
1550000 0.000000 0.191613
1551000 0.000000 0.191489
1552000 0.000000 0.191366
1553000 0.000000 0.191243
1554000 0.000000 0.191120
1555000 0.000000 0.190997
1556000 0.000000 0.190874
1557000 0.000000 0.190751
1558000 0.000000 0.190629
1559000 0.000000 0.190507
1560000 1.000000 0.191026
1561000 0.000000 0.190903
1562000 0.000000 0.190781
1563000 1.000000 0.191299
1564000 0.000000 0.191176
1565000 0.000000 0.191054
1566000 0.000000 0.190932
1567000 0.000000 0.190810
1568000 1.000000 0.191327
1569000 0.000000 0.191205
1570000 0.000000 0.191083
1571000 0.000000 0.190961
1572000 0.000000 0.190840
1573000 0.000000 0.190718
1574000 0.000000 0.190597
1575000 1.000000 0.191111
1576000 0.000000 0.190990
1577000 2.000000 0.192137
1578000 0.000000 0.192015
1579000 0.000000 0.191894
1580000 1.000000 0.192405
1581000 1.000000 0.192916
1582000 0.000000 0.192794
1583000 0.000000 0.192672
1584000 0.000000 0.192551
1585000 0.000000 0.192429
1586000 0.000000 0.192308
1587000 0.000000 0.192187
1588000 0.000000 0.192065
1589000 0.000000 0.191945
1590000 0.000000 0.191824
1591000 0.000000 0.191703
1592000 0.000000 0.191583
1593000 0.000000 0.191463
1594000 0.000000 0.191343
1595000 0.000000 0.191223
1596000 1.000000 0.191729
1597000 0.000000 0.191609
1598000 1.000000 0.192115
1599000 0.000000 0.191995
1600000 1.000000 0.192500
1601000 0.000000 0.192380
1602000 1.000000 0.192884
1603000 0.000000 0.192764
1604000 0.000000 0.192643
1605000 0.000000 0.192523
1606000 1.000000 0.193026
1607000 0.000000 0.192906
1608000 0.000000 0.192786
1609000 0.000000 0.192666
1610000 0.000000 0.192547
1611000 0.000000 0.192427
1612000 0.000000 0.192308
1613000 0.000000 0.192188
1614000 0.000000 0.192069
1615000 0.000000 0.191950
1616000 0.000000 0.191832
1617000 0.000000 0.191713
1618000 2.000000 0.192831
1619000 0.000000 0.192712
1620000 0.000000 0.192593
1621000 0.000000 0.192474
1622000 2.000000 0.193588
1623000 0.000000 0.193469
1624000 1.000000 0.193966
1625000 0.000000 0.193846
1626000 1.000000 0.194342
1627000 1.000000 0.194837
1628000 0.000000 0.194717
1629000 0.000000 0.194598
1630000 0.000000 0.194479
1631000 0.000000 0.194359
1632000 0.000000 0.194240
1633000 0.000000 0.194121
1634000 0.000000 0.194002
1635000 1.000000 0.194495
1636000 0.000000 0.194377
1637000 1.000000 0.194869
1638000 1.000000 0.195360
1639000 0.000000 0.195241
1640000 0.000000 0.195122
1641000 1.000000 0.195612
1642000 0.000000 0.195493
1643000 0.000000 0.195374
1644000 0.000000 0.195255
1645000 0.000000 0.195137
1646000 1.000000 0.195626
1647000 0.000000 0.195507
1648000 0.000000 0.195388
1649000 0.000000 0.195270
1650000 0.000000 0.195152
1651000 0.000000 0.195033
1652000 0.000000 0.194915
1653000 0.000000 0.194797
1654000 0.000000 0.194680
1655000 1.000000 0.195166
1656000 0.000000 0.195048
1657000 0.000000 0.194931
1658000 1.000000 0.195416
1659000 0.000000 0.195298
1660000 0.000000 0.195181
1661000 0.000000 0.195063
1662000 1.000000 0.195548
1663000 0.000000 0.195430
1664000 0.000000 0.195312
1665000 1.000000 0.195796
1666000 0.000000 0.195678
1667000 0.000000 0.195561
1668000 1.000000 0.196043
1669000 0.000000 0.195926
1670000 0.000000 0.195808
1671000 0.000000 0.195691
1672000 0.000000 0.195574
1673000 0.000000 0.195457
1674000 1.000000 0.195938
1675000 0.000000 0.195821
1676000 0.000000 0.195704
1677000 1.000000 0.196184
1678000 1.000000 0.196663
1679000 0.000000 0.196546
1680000 0.000000 0.196429
1681000 1.000000 0.196907
1682000 0.000000 0.196790
1683000 0.000000 0.196673
1684000 0.000000 0.196556
1685000 0.000000 0.196439
1686000 0.000000 0.196323
1687000 0.000000 0.196206
1688000 0.000000 0.196090
1689000 1.000000 0.196566
1690000 0.000000 0.196450
1691000 0.000000 0.196334
1692000 0.000000 0.196217
1693000 1.000000 0.196692
1694000 1.000000 0.197166
1695000 1.000000 0.197640
1696000 0.000000 0.197524
1697000 0.000000 0.197407
1698000 1.000000 0.197880
1699000 0.000000 0.197763
1700000 0.000000 0.197647
1701000 1.000000 0.198119
1702000 0.000000 0.198002
1703000 0.000000 0.197886
1704000 0.000000 0.197770
1705000 0.000000 0.197654
1706000 0.000000 0.197538
1707000 0.000000 0.197422
1708000 0.000000 0.197307
1709000 0.000000 0.197191
1710000 0.000000 0.197076
1711000 0.000000 0.196961
1712000 0.000000 0.196846
1713000 0.000000 0.196731
1714000 0.000000 0.196616
1715000 0.000000 0.196501
1716000 0.000000 0.196387
1717000 0.000000 0.196273
1718000 1.000000 0.196740
1719000 0.000000 0.196626
1720000 0.000000 0.196512
1721000 0.000000 0.196397
1722000 0.000000 0.196283
1723000 0.000000 0.196169
1724000 1.000000 0.196636
1725000 0.000000 0.196522
1726000 0.000000 0.196408
1727000 1.000000 0.196873
1728000 0.000000 0.196759
1729000 2.000000 0.197802
1730000 0.000000 0.197688
1731000 0.000000 0.197574
1732000 0.000000 0.197460
1733000 0.000000 0.197346
1734000 0.000000 0.197232
1735000 0.000000 0.197118
1736000 1.000000 0.197581
1737000 0.000000 0.197467
1738000 0.000000 0.197353
1739000 0.000000 0.197240
1740000 1.000000 0.197701
1741000 1.000000 0.198162
1742000 0.000000 0.198048
1743000 0.000000 0.197935
1744000 0.000000 0.197821
1745000 0.000000 0.197708
1746000 0.000000 0.197595
1747000 1.000000 0.198054
1748000 0.000000 0.197941
1749000 0.000000 0.197827
1750000 0.000000 0.197714
1751000 0.000000 0.197601
1752000 2.000000 0.198630
1753000 0.000000 0.198517
1754000 0.000000 0.198404
1755000 0.000000 0.198291
1756000 0.000000 0.198178
1757000 0.000000 0.198065
1758000 0.000000 0.197952
1759000 0.000000 0.197840
1760000 0.000000 0.197727
1761000 0.000000 0.197615
1762000 0.000000 0.197503
1763000 0.000000 0.197391
1764000 1.000000 0.197846
1765000 1.000000 0.198300
1766000 0.000000 0.198188
1767000 0.000000 0.198076
1768000 1.000000 0.198529
1769000 1.000000 0.198982
1770000 0.000000 0.198870
1771000 0.000000 0.198758
1772000 0.000000 0.198646
1773000 1.000000 0.199098
1774000 0.000000 0.198985
1775000 0.000000 0.198873
1776000 0.000000 0.198761
1777000 0.000000 0.198649
1778000 0.000000 0.198538
1779000 0.000000 0.198426
1780000 0.000000 0.198315
1781000 0.000000 0.198203
1782000 1.000000 0.198653
1783000 2.000000 0.199663
1784000 0.000000 0.199552
1785000 0.000000 0.199440
1786000 0.000000 0.199328
1787000 0.000000 0.199217
1788000 0.000000 0.199105
1789000 2.000000 0.200112
1790000 0.000000 0.200000
1791000 0.000000 0.199888
1792000 0.000000 0.199777
1793000 1.000000 0.200223
1794000 0.000000 0.200111
1795000 0.000000 0.200000
1796000 0.000000 0.199889
1797000 0.000000 0.199777
1798000 0.000000 0.199666
1799000 0.000000 0.199555
1800000 0.000000 0.199444
1801000 0.000000 0.199334
1802000 0.000000 0.199223
1803000 0.000000 0.199113
1804000 0.000000 0.199002
1805000 0.000000 0.198892
1806000 0.000000 0.198782
1807000 0.000000 0.198672
1808000 0.000000 0.198562
1809000 1.000000 0.199005
1810000 0.000000 0.198895
1811000 0.000000 0.198785
1812000 0.000000 0.198675
1813000 1.000000 0.199117
1814000 0.000000 0.199008
1815000 1.000000 0.199449
1816000 0.000000 0.199339
1817000 1.000000 0.199780
1818000 2.000000 0.200770
1819000 0.000000 0.200660
1820000 0.000000 0.200549
1821000 1.000000 0.200988
1822000 0.000000 0.200878
1823000 0.000000 0.200768
1824000 0.000000 0.200658
1825000 0.000000 0.200548
1826000 0.000000 0.200438
1827000 0.000000 0.200328
1828000 0.000000 0.200219
1829000 0.000000 0.200109
1830000 0.000000 0.200000
1831000 0.000000 0.199891
1832000 0.000000 0.199782
1833000 0.000000 0.199673
1834000 0.000000 0.199564
1835000 0.000000 0.199455
1836000 0.000000 0.199346
1837000 0.000000 0.199238
1838000 0.000000 0.199129
1839000 0.000000 0.199021
1840000 0.000000 0.198913
1841000 0.000000 0.198805
1842000 2.000000 0.199783
1843000 0.000000 0.199674
1844000 0.000000 0.199566
1845000 0.000000 0.199458
1846000 0.000000 0.199350
1847000 1.000000 0.199783
1848000 0.000000 0.199675
1849000 0.000000 0.199567
1850000 0.000000 0.199459
1851000 0.000000 0.199352
1852000 0.000000 0.199244
1853000 0.000000 0.199137
1854000 1.000000 0.199569
1855000 0.000000 0.199461
1856000 1.000000 0.199892
1857000 0.000000 0.199785
1858000 0.000000 0.199677
1859000 1.000000 0.200108
1860000 0.000000 0.200000
1861000 0.000000 0.199893
1862000 0.000000 0.199785
1863000 0.000000 0.199678
1864000 1.000000 0.200107
1865000 0.000000 0.200000
1866000 0.000000 0.199893
1867000 0.000000 0.199786
1868000 0.000000 0.199679
1869000 0.000000 0.199572
1870000 0.000000 0.199465
1871000 2.000000 0.200428
1872000 0.000000 0.200321
1873000 0.000000 0.200214
1874000 0.000000 0.200107
1875000 0.000000 0.200000
1876000 0.000000 0.199893
1877000 0.000000 0.199787
1878000 0.000000 0.199681
1879000 0.000000 0.199574
1880000 0.000000 0.199468
1881000 1.000000 0.199894
1882000 0.000000 0.199787
1883000 1.000000 0.200212
1884000 0.000000 0.200106
1885000 0.000000 0.200000
1886000 0.000000 0.199894
1887000 0.000000 0.199788
1888000 0.000000 0.199682
1889000 1.000000 0.200106
1890000 0.000000 0.200000
1891000 0.000000 0.199894
1892000 1.000000 0.200317
1893000 0.000000 0.200211
1894000 1.000000 0.200634
1895000 0.000000 0.200528
1896000 0.000000 0.200422
1897000 0.000000 0.200316
1898000 0.000000 0.200211
1899000 0.000000 0.200105
1900000 0.000000 0.200000
1901000 0.000000 0.199895
1902000 0.000000 0.199790
1903000 0.000000 0.199685
1904000 0.000000 0.199580
1905000 0.000000 0.199475
1906000 0.000000 0.199370
1907000 0.000000 0.199266
1908000 0.000000 0.199161
1909000 0.000000 0.199057
1910000 0.000000 0.198953
1911000 0.000000 0.198849
1912000 1.000000 0.199268
1913000 1.000000 0.199686
1914000 0.000000 0.199582
1915000 0.000000 0.199478
1916000 0.000000 0.199374
1917000 0.000000 0.199270
1918000 0.000000 0.199166
1919000 0.000000 0.199062
1920000 1.000000 0.199479
1921000 1.000000 0.199896
1922000 1.000000 0.200312
1923000 0.000000 0.200208
1924000 0.000000 0.200104
1925000 0.000000 0.200000
1926000 1.000000 0.200415
1927000 1.000000 0.200830
1928000 0.000000 0.200726
1929000 1.000000 0.201140
1930000 0.000000 0.201036
1931000 0.000000 0.200932
1932000 0.000000 0.200828
1933000 2.000000 0.201759
1934000 0.000000 0.201655
1935000 0.000000 0.201550
1936000 0.000000 0.201446
1937000 0.000000 0.201342
1938000 0.000000 0.201238
1939000 0.000000 0.201135
1940000 0.000000 0.201031
1941000 0.000000 0.200927
1942000 0.000000 0.200824
1943000 1.000000 0.201235
1944000 0.000000 0.201132
1945000 1.000000 0.201542
1946000 1.000000 0.201953
1947000 0.000000 0.201849
1948000 0.000000 0.201745
1949000 0.000000 0.201642
1950000 0.000000 0.201538
1951000 0.000000 0.201435
1952000 0.000000 0.201332
1953000 0.000000 0.201229
1954000 0.000000 0.201126
1955000 1.000000 0.201535
1956000 1.000000 0.201943
1957000 0.000000 0.201840
1958000 0.000000 0.201736
1959000 0.000000 0.201633
1960000 0.000000 0.201531
1961000 0.000000 0.201428
1962000 0.000000 0.201325
1963000 0.000000 0.201223
1964000 0.000000 0.201120
1965000 0.000000 0.201018
1966000 1.000000 0.201424
1967000 0.000000 0.201322
1968000 0.000000 0.201220
1969000 0.000000 0.201117
1970000 0.000000 0.201015
1971000 0.000000 0.200913
1972000 0.000000 0.200811
1973000 0.000000 0.200710
1974000 0.000000 0.200608
1975000 0.000000 0.200506
1976000 0.000000 0.200405
1977000 1.000000 0.200809
1978000 0.000000 0.200708
1979000 0.000000 0.200606
1980000 1.000000 0.201010
1981000 1.000000 0.201413
1982000 0.000000 0.201312
1983000 0.000000 0.201210
1984000 0.000000 0.201109
1985000 0.000000 0.201008
1986000 0.000000 0.200906
1987000 1.000000 0.201309
1988000 0.000000 0.201207
1989000 0.000000 0.201106
1990000 0.000000 0.201005
1991000 0.000000 0.200904
1992000 0.000000 0.200803
1993000 0.000000 0.200702
1994000 0.000000 0.200602
1995000 0.000000 0.200501
1996000 0.000000 0.200401
1997000 0.000000 0.200300
1998000 0.000000 0.200200
1999000 0.000000 0.200100
2000000 0.000000 0.200000
