1000 31.669896 31.669896
2000 31.760738 31.715317
3000 32.005176 31.811937
4000 31.845873 31.820421
5000 31.798420 31.816021
6000 31.652812 31.788819
7000 31.837130 31.795721
8000 31.632171 31.775277
9000 31.581144 31.753707
10000 31.794752 31.757811
11000 31.695514 31.752148
12000 31.503520 31.731429
13000 31.342144 31.701484
14000 31.556303 31.691114
15000 31.535349 31.680730
16000 31.590773 31.675107
17000 31.382702 31.657907
18000 31.331145 31.639753
19000 31.450409 31.629788
20000 31.493166 31.622957
21000 31.656114 31.624536
22000 31.692229 31.627613
23000 31.778996 31.634195
24000 31.790520 31.640708
25000 31.663223 31.641609
26000 31.826774 31.648731
27000 31.893517 31.657797
28000 31.694205 31.659097
29000 31.789994 31.663611
30000 32.053684 31.676613
31000 31.753318 31.679087
32000 31.876480 31.685256
33000 31.924733 31.692513
34000 32.070896 31.703642
35000 31.781694 31.705872
36000 31.935659 31.712255
37000 31.724283 31.712580
38000 31.976243 31.719518
39000 31.764574 31.720674
40000 31.848203 31.723862
41000 31.741399 31.724290
42000 31.758672 31.725108
43000 31.607079 31.722363
44000 31.608533 31.719776
45000 31.638690 31.717974
46000 31.742143 31.718500
47000 31.739026 31.718937
48000 31.561988 31.715667
49000 31.600466 31.713316
50000 31.462775 31.708305
51000 31.587298 31.705932
52000 31.736862 31.706527
53000 31.714730 31.706682
54000 31.900597 31.710273
55000 31.650947 31.709194
56000 31.770392 31.710287
57000 31.738929 31.710790
58000 31.609633 31.709045
59000 31.589345 31.707017
60000 31.790732 31.708412
61000 31.819480 31.710233
62000 31.831287 31.712185
63000 31.947194 31.715915
64000 31.924364 31.719172
65000 31.761615 31.719825
66000 31.713608 31.719731
67000 31.927286 31.722829
68000 31.992140 31.726789
69000 31.772902 31.727458
70000 31.862247 31.729383
71000 31.717988 31.729223
72000 31.887198 31.731417
73000 31.791330 31.732238
74000 31.922698 31.734811
75000 32.052501 31.739047
76000 31.875587 31.740844
77000 31.834242 31.742057
78000 31.819708 31.743052
79000 31.757621 31.743237
80000 31.890638 31.745079
81000 31.737996 31.744992
82000 31.643451 31.743754
83000 31.597834 31.741995
84000 31.550538 31.739716
85000 31.422223 31.735981
86000 31.512549 31.733383
87000 31.625916 31.732148
88000 31.517805 31.729712
89000 31.459602 31.726677
90000 31.430316 31.723384
91000 31.553850 31.721521
92000 31.628894 31.720514
93000 31.668033 31.719950
94000 31.618632 31.718872
95000 31.481702 31.716376
96000 31.555546 31.714700
97000 31.450236 31.711974
98000 31.377753 31.708563
99000 31.633104 31.707801
100000 31.656217 31.707285
101000 31.608122 31.706304
102000 31.738830 31.706623
103000 31.588164 31.705472
104000 31.569334 31.704163
105000 31.577538 31.702957
106000 31.728419 31.703198
107000 32.015434 31.706116
108000 31.766267 31.706673
109000 31.819275 31.707706
110000 31.750592 31.708096
111000 31.847023 31.709347
112000 31.901843 31.711066
113000 31.643092 31.710464
114000 31.803292 31.711279
115000 32.011317 31.713888
116000 32.042846 31.716724
117000 31.951506 31.718730
118000 31.827267 31.719650
119000 31.823156 31.720520
120000 31.810893 31.721273
121000 31.681405 31.720943
122000 31.464916 31.718845
123000 31.511834 31.717162
124000 31.807885 31.717893
125000 31.454731 31.715788
126000 31.642897 31.715210
127000 31.645440 31.714660
128000 31.615138 31.713883
129000 31.760879 31.714247
130000 31.844113 31.715246
131000 31.917079 31.716787
132000 31.961658 31.718642
133000 31.832735 31.719500
134000 31.842804 31.720420
135000 31.852234 31.721396
136000 31.900582 31.722714
137000 31.803732 31.723305
138000 31.672173 31.722935
139000 31.797667 31.723472
140000 31.693200 31.723256
141000 31.732631 31.723323
142000 31.643618 31.722761
143000 31.598371 31.721891
144000 31.532859 31.720579
145000 31.274805 31.717504
146000 31.751968 31.717740
147000 31.750728 31.717965
148000 31.566372 31.716941
149000 31.590625 31.716093
150000 31.680322 31.715854
151000 31.595080 31.715055
152000 31.699870 31.714955
153000 31.646258 31.714506
154000 31.581239 31.713640
155000 31.555667 31.712621
156000 31.670901 31.712354
157000 31.568161 31.711435
158000 31.591059 31.710673
159000 31.570161 31.709790
160000 31.946982 31.711272
161000 31.936060 31.712668
162000 31.536626 31.711582
163000 31.539149 31.710524
164000 31.584976 31.709758
165000 31.586179 31.709009
166000 31.806580 31.709597
167000 31.845116 31.710408
168000 31.632883 31.709947
169000 32.034799 31.711869
170000 31.720866 31.711922
171000 31.869575 31.712844
172000 31.736235 31.712980
173000 31.740828 31.713141
174000 31.624647 31.712632
175000 31.467992 31.711235
176000 31.835272 31.711939
177000 31.622475 31.711434
178000 31.576630 31.710677
179000 31.670057 31.710450
180000 31.589372 31.709777
181000 31.547637 31.708881
182000 31.524244 31.707867
183000 32.013517 31.709537
184000 31.975252 31.710981
185000 31.617163 31.710474
186000 31.735398 31.710608
187000 31.759520 31.710869
188000 32.023332 31.712531
189000 32.093441 31.714547
190000 31.784988 31.714918
191000 31.889668 31.715833
192000 31.611834 31.715291
193000 31.852449 31.716002
194000 31.950810 31.717212
195000 31.887803 31.718087
196000 31.893792 31.718983
197000 31.989210 31.720355
198000 32.172448 31.722638
199000 31.924745 31.723654
200000 31.775501 31.723913
201000 31.785597 31.724220
202000 31.881946 31.725001
203000 31.802951 31.725385
204000 31.895604 31.726219
205000 31.765067 31.726409
206000 31.853553 31.727026
207000 31.707311 31.726931
208000 31.790242 31.727235
209000 31.659480 31.726911
210000 31.676440 31.726670
211000 31.482732 31.725514
212000 31.753817 31.725648
213000 31.795530 31.725976
214000 31.930440 31.726931
215000 31.653425 31.726589
216000 31.673894 31.726346
217000 31.362418 31.724668
218000 31.644853 31.724302
219000 31.699766 31.724190
220000 31.576336 31.723518
221000 31.633370 31.723110
222000 31.713463 31.723067
223000 31.695258 31.722942
224000 31.797946 31.723277
225000 31.872151 31.723939
226000 31.785780 31.724212
227000 31.672788 31.723986
228000 32.107426 31.725667
229000 32.115545 31.727370
230000 31.985462 31.728492
231000 32.111356 31.730150
232000 32.336691 31.732764
233000 32.104411 31.734359
234000 32.149725 31.736134
235000 31.871912 31.736712
236000 31.856988 31.737221
237000 31.918921 31.737988
238000 31.735748 31.737979
239000 31.799093 31.738234
240000 31.780572 31.738411
241000 31.706217 31.738277
242000 31.618709 31.737783
243000 31.408610 31.736429
244000 31.592647 31.735839
245000 31.413436 31.734523
246000 31.814063 31.734847
247000 31.313580 31.733141
248000 31.490082 31.732161
249000 31.502197 31.731238
250000 31.538645 31.730467
251000 31.478601 31.729464
252000 31.642341 31.729118
253000 31.485889 31.728157
254000 31.692480 31.728016
255000 31.885817 31.728635
256000 32.005058 31.729715
257000 31.793653 31.729964
258000 31.928683 31.730734
259000 31.878959 31.731306
260000 31.682602 31.731119
261000 31.718541 31.731071
262000 31.670785 31.730840
263000 31.657894 31.730563
264000 31.822788 31.730912
265000 31.405004 31.729683
266000 31.600173 31.729196
267000 31.882547 31.729770
268000 31.618740 31.729356
269000 31.730169 31.729359
270000 31.613573 31.728930
271000 31.642015 31.728609
272000 31.508656 31.727801
273000 31.693978 31.727677
274000 31.849055 31.728120
275000 31.733388 31.728139
276000 31.694864 31.728018
277000 31.685846 31.727866
278000 31.450464 31.726868
279000 31.478409 31.725978
280000 31.749076 31.726060
281000 31.719877 31.726038
282000 31.351476 31.724710
283000 31.451535 31.723745
284000 31.482910 31.722897
285000 31.652337 31.722649
286000 31.556950 31.722070
287000 31.792933 31.722317
288000 31.821041 31.722659
289000 31.753067 31.722765
290000 31.864350 31.723253
291000 31.700519 31.723175
292000 31.671989 31.722999
293000 31.711445 31.722960
294000 31.736259 31.723005
295000 31.575663 31.722506
296000 31.844893 31.722919
297000 31.580986 31.722441
298000 31.533915 31.721809
299000 31.841804 31.722210
300000 31.770992 31.722373
301000 31.808026 31.722657
302000 31.802877 31.722923
303000 31.769548 31.723077
304000 31.617123 31.722728
305000 31.817144 31.723038
306000 31.752085 31.723133
307000 31.937536 31.723831
308000 31.591220 31.723400
309000 31.791081 31.723619
310000 31.812679 31.723907
311000 31.904364 31.724487
312000 31.622596 31.724160
313000 31.502056 31.723451
314000 31.599443 31.723056
315000 31.698690 31.722979
316000 31.612878 31.722630
317000 31.637932 31.722363
318000 31.759151 31.722479
319000 31.802027 31.722728
320000 31.507078 31.722054
321000 31.545362 31.721504
322000 31.359829 31.720380
323000 31.423739 31.719462
324000 31.742103 31.719532
325000 31.863519 31.719975
326000 31.657285 31.719783
327000 31.400634 31.718807
328000 31.751077 31.718905
329000 31.799640 31.719150
330000 31.825013 31.719471
331000 31.652837 31.719270
332000 31.635221 31.719017
333000 31.664603 31.718853
334000 31.587941 31.718461
335000 31.451127 31.717663
336000 31.612168 31.717349
337000 31.515138 31.716749
338000 31.700472 31.716701
339000 31.595033 31.716342
340000 31.707567 31.716317
341000 31.674294 31.716193
342000 31.504858 31.715575
343000 31.597299 31.715231
344000 31.708103 31.715210
345000 31.472236 31.714506
346000 31.489183 31.713854
347000 31.576788 31.713459
348000 31.639881 31.713248
349000 31.529628 31.712722
350000 31.582279 31.712349
351000 31.717034 31.712362
352000 32.000991 31.713182
353000 31.893024 31.713692
354000 31.836160 31.714038
355000 32.025385 31.714915
356000 31.786238 31.715115
357000 31.517157 31.714561
358000 31.691988 31.714498
359000 31.665474 31.714361
360000 31.714503 31.714361
361000 31.586641 31.714008
362000 31.273244 31.712790
363000 31.501142 31.712207
364000 31.694213 31.712158
365000 31.727396 31.712199
366000 31.762162 31.712336
367000 31.816544 31.712620
368000 31.565519 31.712220
369000 31.438417 31.711478
370000 31.384188 31.710594
371000 31.564471 31.710200
372000 31.621973 31.709962
373000 31.507400 31.709419
374000 31.542366 31.708973
375000 31.469343 31.708334
376000 31.484546 31.707739
377000 31.839495 31.708088
378000 31.546159 31.707660
379000 31.992258 31.708411
380000 31.632821 31.708212
381000 31.798381 31.708448
382000 31.714047 31.708463
383000 31.749426 31.708570
384000 31.647293 31.708410
385000 31.619048 31.708178
386000 31.587968 31.707867
387000 31.539290 31.707431
388000 31.852715 31.707806
389000 31.878916 31.708246
390000 31.656289 31.708112
391000 31.906829 31.708621
392000 31.667480 31.708516
393000 31.685797 31.708458
394000 31.777723 31.708634
395000 31.718445 31.708658
396000 31.793522 31.708873
397000 31.942274 31.709461
398000 31.845930 31.709804
399000 31.677254 31.709722
400000 31.840584 31.710049
401000 31.908653 31.710544
402000 31.865120 31.710929
403000 31.672932 31.710835
404000 32.035091 31.711637
405000 31.926433 31.712168
406000 31.919729 31.712679
407000 31.790355 31.712870
408000 31.717335 31.712881
409000 31.928967 31.713409
410000 31.851938 31.713747
411000 32.040418 31.714542
412000 31.753719 31.714637
413000 31.883291 31.715045
414000 31.663154 31.714920
415000 31.580482 31.714596
416000 31.362383 31.713749
417000 31.272173 31.712690
418000 31.519876 31.712229
419000 31.680218 31.712153
420000 31.367960 31.711333
421000 31.362250 31.710504
422000 31.456828 31.709903
423000 31.824108 31.710173
424000 31.528721 31.709745
425000 31.420211 31.709063
426000 31.480577 31.708527
427000 31.414675 31.707839
428000 31.705712 31.707834
429000 31.861856 31.708193
430000 31.751956 31.708295
431000 31.908119 31.708758
432000 31.589986 31.708483
433000 31.569220 31.708162
434000 31.644123 31.708014
435000 31.704376 31.708006
436000 31.855218 31.708344
437000 31.451895 31.707757
438000 31.660667 31.707649
439000 31.486208 31.707145
440000 31.745578 31.707232
441000 31.866675 31.707594
442000 31.944349 31.708129
443000 31.913367 31.708593
444000 31.766706 31.708724
445000 31.716438 31.708741
446000 31.705692 31.708734
447000 31.668074 31.708643
448000 31.890639 31.709049
449000 31.794531 31.709240
450000 31.932282 31.709735
451000 31.793017 31.709920
452000 31.721635 31.709946
453000 31.990987 31.710566
454000 31.758598 31.710672
455000 31.754811 31.710769
456000 31.698893 31.710743
457000 31.852199 31.711053
458000 31.745126 31.711127
459000 31.866553 31.711466
460000 31.629273 31.711287
461000 31.614904 31.711078
462000 31.613843 31.710867
463000 31.500981 31.710414
464000 31.777029 31.710558
465000 31.602025 31.710324
466000 31.749431 31.710408
467000 31.667064 31.710315
468000 31.621939 31.710127
469000 31.565055 31.709817
470000 31.666609 31.709725
471000 31.594462 31.709481
472000 31.593698 31.709235
473000 31.302203 31.708375
474000 31.499243 31.707934
475000 31.675689 31.707866
476000 31.594812 31.707628
477000 31.600610 31.707404
478000 31.656203 31.707297
479000 31.781715 31.707452
480000 31.681674 31.707398
481000 31.888872 31.707776
482000 31.899697 31.708174
483000 31.825974 31.708418
484000 32.089367 31.709205
485000 31.792151 31.709376
486000 32.081129 31.710141
487000 31.922457 31.710577
488000 31.953803 31.711075
489000 32.106812 31.711884
490000 31.885829 31.712239
491000 31.866936 31.712554
492000 31.910617 31.712957
493000 32.156777 31.713857
494000 31.754971 31.713940
495000 31.575129 31.713660
496000 31.615940 31.713463
497000 31.691179 31.713418
498000 31.718458 31.713428
499000 31.728749 31.713459
500000 31.648049 31.713328
501000 31.547566 31.712997
502000 31.602277 31.712777
503000 31.645157 31.712642
504000 31.642830 31.712504
505000 31.635490 31.712351
506000 31.554104 31.712039
507000 31.687858 31.711991
508000 31.682291 31.711932
509000 31.831962 31.712168
510000 31.811280 31.712363
511000 31.765479 31.712466
512000 31.867026 31.712768
513000 31.945772 31.713223
514000 31.889881 31.713566
515000 31.930997 31.713988
516000 31.957190 31.714460
517000 31.908415 31.714835
518000 31.971540 31.715330
519000 31.878152 31.715644
520000 31.812672 31.715831
521000 31.685256 31.715772
522000 31.814030 31.715960
523000 31.518294 31.715582
524000 31.701007 31.715555
525000 31.717576 31.715558
526000 31.682388 31.715495
527000 31.606381 31.715288
528000 31.785866 31.715422
529000 31.506064 31.715026
530000 31.626884 31.714860
531000 31.581239 31.714608
532000 31.709800 31.714599
533000 31.639259 31.714458
534000 31.683199 31.714399
535000 31.519642 31.714035
536000 31.580522 31.713786
537000 31.523065 31.713431
538000 31.552798 31.713133
539000 31.479037 31.712698
540000 31.677684 31.712633
541000 31.718350 31.712644
542000 31.808019 31.712820
543000 31.932869 31.713225
544000 31.623641 31.713060
545000 31.715503 31.713065
546000 31.652159 31.712953
547000 31.535688 31.712629
548000 31.614893 31.712451
549000 31.417529 31.711914
550000 31.552783 31.711624
551000 31.391639 31.711044
552000 31.505584 31.710672
553000 31.971332 31.711143
554000 31.738093 31.711192
555000 31.550146 31.710901
556000 31.811093 31.711082
557000 31.811443 31.711262
558000 31.874550 31.711554
559000 31.788441 31.711692
560000 31.713478 31.711695
561000 31.620924 31.711533
562000 31.800961 31.711692
563000 31.875145 31.711983
564000 31.675450 31.711918
565000 31.757092 31.711998
566000 31.753390 31.712071
567000 31.685472 31.712024
568000 31.689972 31.711985
569000 31.730595 31.712018
570000 31.553137 31.711739
571000 31.703794 31.711725
572000 31.786666 31.711856
573000 31.759686 31.711940
574000 31.320931 31.711259
575000 31.226081 31.710415
576000 31.264100 31.709640
577000 31.279481 31.708894
578000 31.084047 31.707813
579000 31.380253 31.707248
580000 31.378727 31.706681
581000 31.369802 31.706101
582000 31.384555 31.705549
583000 31.415235 31.705051
584000 31.454428 31.704622
585000 31.742058 31.704686
586000 31.737569 31.704742
587000 31.673314 31.704688
588000 31.800337 31.704851
589000 31.656411 31.704769
590000 31.705074 31.704769
591000 31.817111 31.704959
592000 31.870523 31.705239
593000 31.737621 31.705294
594000 31.630531 31.705168
595000 31.663315 31.705098
596000 31.713192 31.705111
597000 31.631323 31.704988
598000 31.707983 31.704993
599000 31.730776 31.705036
600000 31.936113 31.705421
601000 31.558779 31.705177
602000 31.952795 31.705588
603000 31.904481 31.705918
604000 31.607962 31.705756
605000 31.708234 31.705760
606000 31.645405 31.705660
607000 31.743173 31.705722
608000 31.555207 31.705474
609000 31.573785 31.705258
610000 31.730560 31.705300
611000 31.770775 31.705407
612000 31.711731 31.705417
613000 31.652822 31.705331
614000 31.819357 31.705517
615000 31.904659 31.705841
616000 31.670728 31.705784
617000 31.474126 31.705408
618000 31.660346 31.705336
619000 31.589187 31.705148
620000 31.730298 31.705188
621000 31.903370 31.705508
622000 31.705215 31.705507
623000 31.568135 31.705287
624000 31.592291 31.705106
625000 31.451694 31.704700
626000 31.338052 31.704114
627000 31.714781 31.704131
628000 31.732658 31.704177
629000 31.390388 31.703678
630000 31.652582 31.703597
631000 31.646942 31.703507
632000 31.569500 31.703295
633000 31.785043 31.703424
634000 31.799525 31.703576
635000 31.790878 31.703713
636000 31.791538 31.703851
637000 32.013131 31.704337
638000 31.946137 31.704716
639000 32.119746 31.705365
640000 32.103791 31.705988
641000 32.003452 31.706452
642000 32.251370 31.707301
643000 32.177466 31.708032
644000 31.987789 31.708466
645000 31.886254 31.708742
646000 31.677416 31.708693
647000 31.773194 31.708793
648000 31.632825 31.708676
649000 31.541697 31.708419
650000 31.699880 31.708405
651000 31.623410 31.708275
652000 31.722210 31.708296
653000 31.935227 31.708644
654000 31.804995 31.708791
655000 31.732318 31.708827
656000 31.536492 31.708564
657000 31.610002 31.708414
658000 31.365760 31.707894
659000 31.278451 31.707242
660000 31.517905 31.706955
661000 31.603120 31.706798
662000 31.831237 31.706986
663000 31.685493 31.706954
664000 31.784414 31.707070
665000 31.666876 31.707010
666000 31.724251 31.707036
667000 31.820379 31.707206
668000 31.275005 31.706559
669000 31.476991 31.706215
670000 31.549379 31.705981
671000 31.666684 31.705923
672000 31.732072 31.705962
673000 31.664153 31.705900
674000 31.540219 31.705654
675000 31.680245 31.705616
676000 31.680681 31.705579
677000 31.771858 31.705677
678000 31.785098 31.705794
679000 31.667863 31.705738
680000 31.843957 31.705942
681000 31.808014 31.706092
682000 31.693553 31.706073
683000 31.733584 31.706113
684000 31.655173 31.706039
685000 31.681914 31.706004
686000 31.749688 31.706067
687000 31.676616 31.706025
688000 31.547155 31.705794
689000 31.664428 31.705734
690000 31.782878 31.705845
691000 31.587535 31.705674
692000 31.405955 31.705241
693000 31.808721 31.705390
694000 31.933747 31.705719
695000 31.863726 31.705947
696000 31.618474 31.705821
697000 31.701869 31.705815
698000 31.737639 31.705861
699000 31.817972 31.706021
700000 31.848088 31.706224
701000 31.619205 31.706100
702000 31.642913 31.706010
703000 31.536249 31.705769
704000 31.530651 31.705520
705000 31.512416 31.705246
706000 31.493619 31.704946
707000 31.600230 31.704798
708000 31.514109 31.704529
709000 31.494311 31.704232
710000 31.466734 31.703898
711000 31.562628 31.703699
712000 31.550705 31.703484
713000 31.495795 31.703193
714000 31.456620 31.702848
715000 31.724736 31.702878
716000 31.485429 31.702575
717000 31.535421 31.702341
718000 31.614211 31.702219
719000 31.473187 31.701900
720000 31.545970 31.701684
721000 31.584839 31.701522
722000 31.380865 31.701077
723000 31.622665 31.700969
724000 31.564011 31.700780
725000 31.504339 31.700509
726000 31.543800 31.700293
727000 31.851953 31.700502
728000 31.580987 31.700337
729000 31.556376 31.700140
730000 31.707235 31.700150
731000 31.562918 31.699962
732000 31.751503 31.700032
733000 31.759190 31.700113
734000 31.658311 31.700056
735000 31.520683 31.699812
736000 31.509527 31.699554
737000 31.545772 31.699345
738000 31.416309 31.698961
739000 31.759354 31.699043
740000 31.856445 31.699256
741000 31.563770 31.699073
742000 31.619321 31.698965
743000 31.700279 31.698967
744000 31.809813 31.699116
745000 31.590116 31.698970
746000 31.697567 31.698968
747000 31.508638 31.698713
748000 31.788212 31.698833
749000 31.717588 31.698858
750000 31.354249 31.698398
751000 31.415715 31.698022
752000 31.472266 31.697722
753000 31.627405 31.697628
754000 31.662663 31.697582
755000 31.496059 31.697315
756000 31.451534 31.696990
757000 31.591742 31.696851
758000 31.775314 31.696955
759000 31.801546 31.697092
760000 31.647217 31.697027
761000 31.727729 31.697067
762000 31.720683 31.697098
763000 31.653828 31.697041
764000 31.523206 31.696814
765000 31.544228 31.696614
766000 31.710246 31.696632
767000 31.823139 31.696797
768000 31.910638 31.697075
769000 31.611090 31.696964
770000 31.403984 31.696583
771000 31.763535 31.696670
772000 31.604427 31.696551
773000 31.752630 31.696623
774000 31.842444 31.696811
775000 31.779304 31.696918
776000 31.920262 31.697206
777000 31.763305 31.697291
778000 31.984328 31.697660
779000 32.012046 31.698063
780000 32.164821 31.698662
781000 31.831722 31.698832
782000 31.894248 31.699082
783000 32.004476 31.699472
784000 31.690961 31.699461
785000 31.703835 31.699467
786000 31.296836 31.698954
787000 31.627627 31.698864
788000 31.366279 31.698442
789000 31.408943 31.698075
790000 31.745846 31.698135
791000 31.730263 31.698176
792000 31.730526 31.698217
793000 31.769283 31.698306
794000 31.761506 31.698386
795000 31.737032 31.698435
796000 31.747915 31.698497
797000 31.715021 31.698518
798000 31.668497 31.698480
799000 31.668586 31.698442
800000 31.427709 31.698104
801000 31.602501 31.697985
802000 31.613054 31.697879
803000 31.709037 31.697893
804000 31.378793 31.697496
805000 31.480715 31.697227
806000 31.474157 31.696950
807000 31.593144 31.696821
808000 31.393804 31.696446
809000 31.306739 31.695964
810000 31.219389 31.695376
811000 31.292081 31.694879
812000 31.545189 31.694694
813000 31.347684 31.694268
814000 31.344221 31.693838
815000 31.378511 31.693451
816000 31.415051 31.693109
817000 31.421070 31.692777
818000 31.389807 31.692406
819000 31.119993 31.691707
820000 31.301169 31.691231
821000 31.431801 31.690915
822000 31.218007 31.690340
823000 31.563064 31.690185
824000 31.585162 31.690058
825000 31.546849 31.689884
826000 31.637627 31.689821
827000 31.698203 31.689831
828000 31.696415 31.689839
829000 31.719318 31.689874
830000 31.505818 31.689653
831000 31.675823 31.689636
832000 31.703719 31.689653
833000 31.632920 31.689585
834000 31.487669 31.689343
835000 31.577634 31.689209
836000 31.784499 31.689323
837000 31.695566 31.689330
838000 31.847529 31.689519
839000 31.888808 31.689757
840000 31.763840 31.689845
841000 31.637791 31.689783
842000 31.797170 31.689910
843000 31.901701 31.690162
844000 31.553188 31.689999
845000 31.590799 31.689882
846000 31.683516 31.689874
847000 31.829257 31.690039
848000 31.660465 31.690004
849000 31.570236 31.689863
850000 31.564225 31.689715
851000 31.959222 31.690032
852000 31.758296 31.690112
853000 31.995929 31.690471
854000 31.921261 31.690741
855000 32.040791 31.691150
856000 31.736424 31.691203
857000 31.679635 31.691190
858000 31.940855 31.691481
859000 31.774212 31.691577
860000 31.602997 31.691474
861000 31.406424 31.691143
862000 31.501355 31.690923
863000 31.705539 31.690940
864000 31.578054 31.690809
865000 31.357092 31.690423
866000 31.389235 31.690075
867000 31.507026 31.689864
868000 31.556528 31.689711
869000 31.473669 31.689462
870000 31.535917 31.689286
871000 31.390193 31.688942
872000 31.766256 31.689031
873000 31.300244 31.688586
874000 31.080720 31.687890
875000 31.375409 31.687533
876000 30.956014 31.686698
877000 31.485667 31.686469
878000 31.570864 31.686337
879000 31.464453 31.686084
880000 31.622192 31.686012
881000 31.768193 31.686105
882000 31.536417 31.685935
883000 31.535389 31.685765
884000 31.536679 31.685596
885000 31.487951 31.685373
886000 31.528848 31.685196
887000 31.436840 31.684916
888000 31.317873 31.684503
889000 31.278151 31.684046
890000 31.203848 31.683506
891000 31.291229 31.683066
892000 31.117157 31.682432
893000 31.245386 31.681942
894000 31.421774 31.681651
895000 31.385419 31.681320
896000 31.195578 31.680778
897000 31.118230 31.680151
898000 31.237927 31.679659
899000 31.281241 31.679215
900000 31.303541 31.678798
901000 31.065683 31.678117
902000 31.282991 31.677679
903000 31.503532 31.677487
904000 31.480891 31.677269
905000 31.689262 31.677282
906000 31.510176 31.677098
907000 31.627203 31.677043
908000 31.768626 31.677144
909000 31.457014 31.676902
910000 31.595807 31.676812
911000 31.383114 31.676490
912000 31.436327 31.676227
913000 31.470710 31.676002
914000 31.394322 31.675693
915000 31.657462 31.675674
916000 31.911582 31.675931
917000 31.544231 31.675787
918000 31.562768 31.675664
919000 31.577696 31.675558
920000 31.722177 31.675608
921000 31.670234 31.675603
922000 31.462219 31.675371
923000 31.762391 31.675465
924000 31.549316 31.675329
925000 31.536149 31.675178
926000 31.795111 31.675308
927000 31.852288 31.675499
928000 31.625843 31.675445
929000 31.837281 31.675620
930000 31.842894 31.675799
931000 31.735517 31.675864
932000 31.572413 31.675753
933000 31.466588 31.675528
934000 31.577603 31.675424
935000 31.486776 31.675222
936000 31.479996 31.675013
937000 31.518983 31.674847
938000 31.413774 31.674568
939000 31.588767 31.674477
940000 31.460251 31.674249
941000 31.625187 31.674197
942000 31.562243 31.674078
943000 31.429326 31.673819
944000 31.455898 31.673588
945000 31.412571 31.673311
946000 31.676951 31.673315
947000 31.685443 31.673328
948000 31.504183 31.673150
949000 31.635001 31.673109
950000 31.704445 31.673142
951000 31.875820 31.673356
952000 31.664834 31.673347
953000 31.624331 31.673295
954000 31.719629 31.673344
955000 31.655836 31.673325
956000 31.610240 31.673259
957000 31.674350 31.673261
958000 31.717202 31.673306
959000 31.457375 31.673081
960000 31.444297 31.672843
961000 31.534111 31.672699
962000 31.258311 31.672268
963000 31.610169 31.672203
964000 31.470040 31.671994
965000 31.722841 31.672046
966000 31.673098 31.672047
967000 31.690326 31.672066
968000 31.648367 31.672042
969000 31.831819 31.672207
970000 31.501080 31.672030
971000 31.689558 31.672048
972000 31.550251 31.671923
973000 31.612162 31.671862
974000 31.534526 31.671721
975000 31.864653 31.671919
976000 31.953233 31.672207
977000 31.902506 31.672442
978000 31.832015 31.672606
979000 31.917869 31.672856
980000 31.956486 31.673146
981000 31.850343 31.673326
982000 31.798706 31.673454
983000 31.879022 31.673663
984000 31.655832 31.673645
985000 31.724135 31.673696
986000 31.826325 31.673851
987000 31.429832 31.673604
988000 31.540492 31.673469
989000 31.382022 31.673174
990000 31.361449 31.672859
991000 31.570070 31.672756
992000 31.601717 31.672684
993000 31.668505 31.672680
994000 31.598933 31.672606
995000 31.600279 31.672533
996000 31.733464 31.672594
997000 31.664555 31.672586
998000 31.779190 31.672693
999000 31.724283 31.672745
1000000 31.523707 31.672596
1001000 31.639940 31.672563
1002000 31.342587 31.672234
1003000 31.608422 31.672170
1004000 31.447128 31.671946
1005000 31.816022 31.672089
1006000 31.940300 31.672356
1007000 31.984239 31.672666
1008000 31.566492 31.672560
1009000 31.692320 31.672580
1010000 31.601153 31.672509
1011000 31.552368 31.672390
1012000 31.735011 31.672452
1013000 31.623666 31.672404
1014000 31.532288 31.672266
1015000 31.467962 31.672064
1016000 31.331883 31.671730
1017000 31.611591 31.671671
1018000 31.438699 31.671442
1019000 31.325761 31.671102
1020000 31.640164 31.671072
1021000 31.570107 31.670973
1022000 31.485276 31.670792
1023000 31.457130 31.670583
1024000 31.553271 31.670468
1025000 31.342559 31.670148
1026000 31.600700 31.670080
1027000 31.592054 31.670005
1028000 31.688004 31.670022
1029000 31.507902 31.669864
1030000 31.505101 31.669705
1031000 31.489512 31.669530
1032000 31.761892 31.669619
1033000 31.683254 31.669632
1034000 31.693482 31.669656
1035000 31.660220 31.669646
1036000 31.687080 31.669663
1037000 31.567831 31.669565
1038000 31.502634 31.669404
1039000 31.693184 31.669427
1040000 31.722171 31.669478
1041000 31.748636 31.669554
1042000 31.593008 31.669480
1043000 31.826836 31.669631
1044000 31.580339 31.669546
1045000 31.539497 31.669421
1046000 31.660178 31.669412
1047000 31.600465 31.669347
1048000 31.984622 31.669647
1049000 31.634614 31.669614
1050000 31.689688 31.669633
1051000 31.478743 31.669452
1052000 31.681012 31.669462
1053000 31.761048 31.669549
1054000 31.756044 31.669632
1055000 31.657833 31.669620
1056000 31.863272 31.669804
1057000 31.711258 31.669843
1058000 31.735250 31.669905
1059000 31.719311 31.669951
1060000 31.473327 31.669766
1061000 31.891845 31.669975
1062000 31.834260 31.670130
1063000 31.783572 31.670237
1064000 31.656609 31.670224
1065000 31.615787 31.670173
1066000 31.410824 31.669929
1067000 31.506485 31.669776
1068000 31.510352 31.669627
1069000 31.526683 31.669493
1070000 31.617244 31.669444
1071000 31.668015 31.669443
1072000 31.883912 31.669643
1073000 31.559765 31.669541
1074000 31.522217 31.669404
1075000 31.584577 31.669325
1076000 31.516307 31.669182
1077000 31.457202 31.668986
1078000 31.453663 31.668786
1079000 31.607982 31.668730
1080000 31.644986 31.668708
1081000 31.497108 31.668549
1082000 31.365665 31.668269
1083000 31.306978 31.667935
1084000 31.452214 31.667736
1085000 31.416851 31.667505
1086000 31.557877 31.667404
1087000 31.464740 31.667218
1088000 31.513086 31.667076
1089000 31.764434 31.667165
1090000 31.493823 31.667006
1091000 31.293541 31.666664
1092000 31.233377 31.666267
1093000 31.346288 31.665975
1094000 31.596806 31.665911
1095000 31.621252 31.665871
1096000 31.701157 31.665903
1097000 31.749824 31.665979
1098000 31.711135 31.666020
1099000 31.844736 31.666183
1100000 31.789485 31.666295
1101000 31.733792 31.666356
1102000 31.700124 31.666387
1103000 31.614594 31.666340
1104000 31.775259 31.666439
1105000 31.936617 31.666683
1106000 31.784405 31.666790
1107000 31.784190 31.666896
1108000 31.837750 31.667050
1109000 31.778189 31.667150
1110000 31.909034 31.667368
1111000 31.766388 31.667457
1112000 31.599027 31.667396
1113000 31.762077 31.667481
1114000 31.661599 31.667475
1115000 31.825032 31.667617
1116000 31.976552 31.667894
1117000 31.728731 31.667948
1118000 32.013069 31.668257
1119000 31.744450 31.668325
1120000 31.746712 31.668395
1121000 31.959342 31.668654
1122000 31.466179 31.668474
1123000 31.626523 31.668436
1124000 31.823772 31.668575
1125000 31.704677 31.668607
1126000 31.711718 31.668645
1127000 31.706247 31.668678
1128000 31.912709 31.668895
1129000 31.585776 31.668821
1130000 31.465887 31.668642
1131000 31.607986 31.668588
1132000 31.856121 31.668754
1133000 31.582583 31.668678
1134000 31.748081 31.668748
1135000 31.637294 31.668720
1136000 31.688394 31.668737
1137000 31.583590 31.668662
1138000 31.703062 31.668693
1139000 31.767817 31.668780
1140000 31.769518 31.668868
1141000 31.762849 31.668950
1142000 31.771092 31.669040
1143000 31.760992 31.669120
1144000 31.554393 31.669020
1145000 31.712844 31.669058
1146000 31.742766 31.669122
1147000 31.515825 31.668989
1148000 31.588251 31.668918
1149000 31.709236 31.668954
1150000 31.477759 31.668787
1151000 31.473345 31.668618
1152000 31.560611 31.668524
1153000 31.479078 31.668359
1154000 31.509058 31.668221
1155000 31.770234 31.668310
1156000 31.682718 31.668322
1157000 32.096319 31.668692
1158000 32.039108 31.669012
1159000 31.867682 31.669183
1160000 31.951776 31.669427
1161000 31.810015 31.669548
1162000 31.735186 31.669605
1163000 32.142865 31.670012
1164000 32.021761 31.670314
1165000 31.912664 31.670522
1166000 31.955450 31.670766
1167000 31.894348 31.670958
1168000 31.870039 31.671128
1169000 32.070549 31.671470
1170000 31.690827 31.671486
1171000 31.558954 31.671390
1172000 31.771237 31.671475
1173000 31.618367 31.671430
1174000 31.757361 31.671503
1175000 31.634533 31.671472
1176000 31.593163 31.671405
1177000 31.699141 31.671429
1178000 31.756048 31.671501
1179000 31.653422 31.671485
1180000 31.861271 31.671646
1181000 31.815454 31.671768
1182000 31.552779 31.671667
1183000 31.446225 31.671477
1184000 31.532013 31.671359
1185000 31.544526 31.671252
1186000 31.567791 31.671165
1187000 31.563355 31.671074
1188000 31.626211 31.671036
1189000 31.649581 31.671018
1190000 31.641030 31.670993
1191000 31.420510 31.670783
1192000 31.554484 31.670685
1193000 31.514819 31.670554
1194000 31.545826 31.670450
1195000 31.462270 31.670276
1196000 31.397271 31.670047
1197000 31.582832 31.669975
1198000 31.628659 31.669940
1199000 31.672952 31.669943
1200000 31.682785 31.669953
1201000 31.757515 31.670026
1202000 31.641041 31.670002
1203000 31.771899 31.670087
1204000 31.768477 31.670168
1205000 31.688593 31.670184
1206000 31.640540 31.670159
1207000 31.645052 31.670138
1208000 31.495787 31.669994
1209000 31.626329 31.669958
1210000 31.603489 31.669903
1211000 31.544812 31.669800
1212000 31.707945 31.669831
1213000 31.594042 31.669769
1214000 31.582567 31.669697
1215000 31.623168 31.669659
1216000 31.928721 31.669872
1217000 31.469782 31.669707
1218000 31.421051 31.669503
1219000 31.472216 31.669341
1220000 31.862198 31.669499
1221000 31.624496 31.669462
1222000 31.610582 31.669414
1223000 31.660729 31.669407
1224000 31.600664 31.669351
1225000 31.552363 31.669256
1226000 31.527599 31.669140
1227000 31.517457 31.669016
1228000 31.502714 31.668881
1229000 31.669413 31.668881
1230000 31.795077 31.668984
1231000 31.509180 31.668854
1232000 31.829873 31.668985
1233000 31.473523 31.668826
1234000 31.657343 31.668817
1235000 31.673597 31.668821
1236000 31.690108 31.668838
1237000 31.505716 31.668706
1238000 31.531459 31.668595
1239000 31.511476 31.668469
1240000 31.692071 31.668488
1241000 31.852913 31.668636
1242000 31.627785 31.668603
1243000 31.516031 31.668481
1244000 31.451252 31.668306
1245000 31.685169 31.668319
1246000 31.477395 31.668166
1247000 31.743715 31.668227
1248000 31.418139 31.668026
1249000 31.333082 31.667758
1250000 31.535719 31.667653
1251000 31.520851 31.667535
1252000 31.678977 31.667544
1253000 31.721482 31.667587
1254000 31.648686 31.667572
1255000 31.490842 31.667432
1256000 31.580070 31.667362
1257000 31.383713 31.667136
1258000 31.609356 31.667090
1259000 31.573829 31.667016
1260000 32.071333 31.667337
1261000 31.757330 31.667409
1262000 32.053102 31.667714
1263000 32.010746 31.667986
1264000 31.811112 31.668099
1265000 31.650110 31.668085
1266000 31.742059 31.668143
1267000 31.712003 31.668178
1268000 31.726626 31.668224
1269000 31.560591 31.668139
1270000 31.664752 31.668137
1271000 31.836378 31.668269
1272000 31.764555 31.668345
1273000 31.612623 31.668301
1274000 31.672661 31.668304
1275000 31.640743 31.668283
1276000 31.760056 31.668355
1277000 31.645885 31.668337
1278000 31.683591 31.668349
1279000 31.828331 31.668474
1280000 31.871065 31.668632
1281000 31.813753 31.668746
1282000 31.861399 31.668896
1283000 31.735968 31.668948
1284000 31.954743 31.669171
1285000 31.728233 31.669217
1286000 31.690155 31.669233
1287000 31.672110 31.669235
1288000 31.804259 31.669340
1289000 31.559614 31.669255
1290000 31.721304 31.669295
1291000 31.825762 31.669416
1292000 31.459270 31.669254
1293000 31.412473 31.669055
1294000 31.580727 31.668987
1295000 31.669416 31.668987
1296000 31.927568 31.669187
1297000 31.771023 31.669265
1298000 31.604284 31.669215
1299000 31.618384 31.669176
1300000 31.504692 31.669050
1301000 31.779635 31.669135
1302000 31.533481 31.669030
1303000 31.631178 31.669001
1304000 31.636723 31.668977
1305000 31.634594 31.668950
1306000 31.657363 31.668941
1307000 31.433574 31.668761
1308000 31.562999 31.668680
1309000 31.651274 31.668667
1310000 31.661528 31.668662
1311000 31.547202 31.668569
1312000 31.734142 31.668619
1313000 31.641740 31.668598
1314000 31.734256 31.668648
1315000 31.526633 31.668540
1316000 31.705380 31.668568
1317000 31.475653 31.668422
1318000 31.523437 31.668312
1319000 31.654663 31.668302
1320000 31.791624 31.668395
1321000 31.568659 31.668320
1322000 31.638247 31.668297
1323000 31.714558 31.668332
1324000 31.519661 31.668219
1325000 31.843450 31.668352
1326000 31.777722 31.668434
1327000 31.741004 31.668489
1328000 31.829164 31.668610
1329000 31.745106 31.668667
1330000 31.805429 31.668770
1331000 31.712208 31.668803
1332000 31.613972 31.668762
1333000 31.396787 31.668558
1334000 31.660110 31.668551
1335000 31.601599 31.668501
1336000 31.715336 31.668536
1337000 31.967086 31.668760
1338000 31.738313 31.668812
1339000 31.569473 31.668737
1340000 31.750915 31.668799
1341000 31.883911 31.668959
1342000 31.792600 31.669051
1343000 31.636532 31.669027
1344000 31.774014 31.669105
1345000 31.763877 31.669176
1346000 31.759005 31.669242
1347000 31.720626 31.669281
1348000 31.717147 31.669316
1349000 31.624165 31.669283
1350000 31.447520 31.669118
1351000 31.489787 31.668986
1352000 31.456934 31.668829
1353000 31.599695 31.668778
1354000 31.430212 31.668601
1355000 31.575596 31.668533
1356000 31.856459 31.668671
1357000 31.345386 31.668433
1358000 31.469125 31.668286
1359000 31.817486 31.668396
1360000 31.810239 31.668500
1361000 31.736087 31.668550
1362000 31.784001 31.668635
1363000 31.797262 31.668729
1364000 31.431878 31.668556
1365000 31.564951 31.668480
1366000 31.394580 31.668279
1367000 31.443863 31.668115
1368000 31.724750 31.668156
1369000 31.902502 31.668328
1370000 31.789483 31.668416
1371000 31.977825 31.668642
1372000 31.535876 31.668545
1373000 31.870784 31.668692
1374000 31.846429 31.668822
1375000 31.731052 31.668867
1376000 31.418317 31.668685
1377000 31.548754 31.668598
1378000 31.608393 31.668554
1379000 31.747653 31.668611
1380000 31.633562 31.668586
1381000 31.770609 31.668660
1382000 31.647963 31.668645
1383000 31.608022 31.668601
1384000 31.729974 31.668645
1385000 31.725591 31.668686
1386000 31.647901 31.668671
1387000 31.805496 31.668770
1388000 31.853386 31.668903
1389000 31.664848 31.668900
1390000 31.679678 31.668908
1391000 31.876430 31.669057
1392000 31.702371 31.669081
1393000 31.900953 31.669248
1394000 31.920350 31.669428
1395000 31.724562 31.669467
1396000 31.548021 31.669380
1397000 32.084822 31.669678
1398000 31.813659 31.669781
1399000 31.780649 31.669860
1400000 31.500295 31.669739
1401000 31.545091 31.669650
1402000 31.637535 31.669627
1403000 31.573548 31.669558
1404000 31.596483 31.669506
1405000 31.570630 31.669436
1406000 31.754638 31.669497
1407000 31.652956 31.669485
1408000 31.790516 31.669571
1409000 31.724274 31.669610
1410000 31.584822 31.669549
1411000 31.431960 31.669381
1412000 31.734891 31.669427
1413000 31.594451 31.669374
1414000 31.619859 31.669339
1415000 31.585772 31.669280
1416000 31.577583 31.669216
1417000 31.725954 31.669256
1418000 31.675547 31.669260
1419000 31.592651 31.669206
1420000 31.735959 31.669253
1421000 31.416764 31.669075
1422000 31.502933 31.668958
1423000 31.559085 31.668881
1424000 31.764733 31.668949
1425000 31.374636 31.668742
1426000 31.549166 31.668658
1427000 31.648316 31.668644
1428000 31.613556 31.668605
1429000 31.878024 31.668752
1430000 31.749191 31.668808
1431000 31.608895 31.668766
1432000 31.478027 31.668633
1433000 31.434739 31.668470
1434000 31.507752 31.668358
1435000 31.616582 31.668322
1436000 31.414302 31.668145
1437000 31.586856 31.668088
1438000 31.573050 31.668022
1439000 31.528544 31.667925
1440000 31.793900 31.668013
1441000 31.871206 31.668154
1442000 31.821194 31.668260
1443000 31.753224 31.668319
1444000 31.687405 31.668332
1445000 31.514895 31.668226
1446000 31.796349 31.668314
1447000 31.954811 31.668512
1448000 32.167021 31.668857
1449000 31.992945 31.669080
1450000 31.972562 31.669290
1451000 31.550744 31.669208
1452000 31.777978 31.669283
1453000 31.692345 31.669299
1454000 31.601289 31.669252
1455000 31.835488 31.669366
1456000 31.717303 31.669399
1457000 31.672755 31.669401
1458000 31.610314 31.669361
1459000 31.696761 31.669380
1460000 31.721669 31.669415
1461000 31.669255 31.669415
1462000 31.743641 31.669466
1463000 31.824300 31.669572
1464000 31.964270 31.669773
1465000 31.834210 31.669886
1466000 31.918852 31.670055
1467000 31.870003 31.670192
1468000 31.662972 31.670187
1469000 31.810422 31.670282
1470000 31.679707 31.670289
1471000 31.749254 31.670342
1472000 31.826879 31.670449
1473000 31.826342 31.670554
1474000 31.790469 31.670636
1475000 32.039707 31.670886
1476000 32.113682 31.671186
1477000 31.986512 31.671400
1478000 32.005351 31.671625
1479000 31.991345 31.671842
1480000 31.859384 31.671968
1481000 31.939401 31.672149
1482000 31.890942 31.672297
1483000 31.750039 31.672349
1484000 31.573612 31.672282
1485000 31.811462 31.672376
1486000 31.862725 31.672504
1487000 31.946949 31.672689
1488000 31.801879 31.672776
1489000 31.633070 31.672749
1490000 31.635487 31.672724
1491000 31.914516 31.672886
1492000 31.717707 31.672916
1493000 31.833721 31.673024
1494000 31.740472 31.673069
1495000 31.858710 31.673193
1496000 31.740203 31.673238
1497000 31.722052 31.673271
1498000 31.494538 31.673151
1499000 31.691378 31.673163
1500000 31.726602 31.673199
1501000 31.589344 31.673143
1502000 31.524467 31.673044
1503000 31.942933 31.673224
1504000 31.891877 31.673369
1505000 31.979348 31.673572
1506000 31.941946 31.673751
1507000 31.759499 31.673808
1508000 31.921357 31.673972
1509000 31.967048 31.674166
1510000 31.531985 31.674072
1511000 31.669734 31.674069
1512000 31.767899 31.674131
1513000 31.461342 31.673990
1514000 31.568087 31.673920
1515000 31.547326 31.673837
1516000 31.688521 31.673847
1517000 31.570666 31.673779
1518000 31.343214 31.673561
1519000 31.516965 31.673458
1520000 31.715804 31.673486
1521000 31.761632 31.673543
1522000 31.934807 31.673715
1523000 31.871464 31.673845
1524000 32.020297 31.674072
1525000 31.676825 31.674074
1526000 31.619217 31.674038
1527000 31.728205 31.674074
1528000 31.879578 31.674208
1529000 31.484507 31.674084
1530000 31.707330 31.674106
1531000 31.556804 31.674029
1532000 31.557338 31.673953
1533000 31.532984 31.673861
1534000 31.775923 31.673928
1535000 31.676721 31.673929
1536000 31.889744 31.674070
1537000 31.717709 31.674098
1538000 31.553124 31.674020
1539000 31.742076 31.674064
1540000 31.917025 31.674222
1541000 32.105651 31.674502
1542000 31.567849 31.674432
1543000 31.662015 31.674424
1544000 31.551860 31.674345
1545000 31.642894 31.674325
1546000 31.814074 31.674415
1547000 31.674964 31.674415
1548000 31.751480 31.674465
1549000 31.658211 31.674455
1550000 31.523836 31.674358
1551000 31.773381 31.674421
1552000 31.640547 31.674400
1553000 31.653257 31.674386
1554000 31.792290 31.674462
1555000 31.677770 31.674464
1556000 31.609239 31.674422
1557000 31.439165 31.674271
1558000 31.634832 31.674246
1559000 31.639900 31.674224
1560000 31.515557 31.674122
1561000 31.656036 31.674110
1562000 31.726341 31.674144
1563000 31.491578 31.674027
1564000 31.621340 31.673993
1565000 31.749619 31.674042
1566000 31.685547 31.674049
1567000 31.703222 31.674067
1568000 31.716577 31.674095
1569000 31.768899 31.674155
1570000 31.643112 31.674135
1571000 31.854732 31.674250
1572000 31.688909 31.674260
1573000 31.756765 31.674312
1574000 31.726956 31.674345
1575000 31.690307 31.674356
1576000 31.674015 31.674355
1577000 31.350029 31.674150
1578000 31.310253 31.673919
1579000 31.523909 31.673824
1580000 31.631317 31.673797
1581000 31.730497 31.673833
1582000 31.584154 31.673776
1583000 31.720819 31.673806
1584000 31.958528 31.673986
1585000 31.679035 31.673989
1586000 31.870989 31.674113
1587000 31.721087 31.674143
1588000 31.629758 31.674115
1589000 31.738707 31.674156
1590000 31.603899 31.674111
1591000 31.564608 31.674042
1592000 31.744033 31.674086
1593000 31.803561 31.674168
1594000 31.916126 31.674320
1595000 31.994722 31.674520
1596000 31.979125 31.674711
1597000 32.049718 31.674946
1598000 31.871059 31.675069
1599000 31.894702 31.675206
1600000 31.900355 31.675347
1601000 31.916507 31.675498
1602000 31.611242 31.675457
1603000 31.577669 31.675396
1604000 31.622930 31.675364
1605000 31.720482 31.675392
1606000 31.578387 31.675331
1607000 31.701973 31.675348
1608000 31.807423 31.675430
1609000 31.608351 31.675388
1610000 31.616896 31.675352
1611000 31.722163 31.675381
1612000 31.662363 31.675373
1613000 32.016825 31.675585
1614000 31.881873 31.675713
1615000 31.436327 31.675564
1616000 31.485243 31.675447
1617000 31.644166 31.675427
1618000 31.583947 31.675371
1619000 31.508975 31.675268
1620000 31.553236 31.675193
1621000 31.510609 31.675091
1622000 31.565805 31.675024
1623000 31.617419 31.674988
1624000 31.583135 31.674932
1625000 31.504971 31.674827
1626000 31.534885 31.674741
1627000 31.771325 31.674800
1628000 31.739839 31.674840
1629000 31.387651 31.674664
1630000 31.483843 31.674547
1631000 31.616126 31.674511
1632000 31.615346 31.674475
1633000 31.476026 31.674353
1634000 31.577165 31.674294
1635000 31.018877 31.673893
1636000 31.528020 31.673804
1637000 31.630583 31.673777
1638000 31.679253 31.673781
1639000 31.560794 31.673712
1640000 31.448618 31.673575
1641000 31.502263 31.673470
1642000 31.442910 31.673330
1643000 31.814585 31.673416
1644000 31.382165 31.673239
1645000 31.414954 31.673082
1646000 31.653642 31.673070
1647000 31.784107 31.673137
1648000 31.664430 31.673132
1649000 31.605661 31.673091
1650000 31.557016 31.673021
1651000 31.639928 31.673001
1652000 31.675283 31.673002
1653000 31.730452 31.673037
1654000 31.783364 31.673103
1655000 31.888953 31.673234
1656000 31.820855 31.673323
1657000 31.678356 31.673326
1658000 31.690634 31.673336
1659000 31.740314 31.673377
1660000 31.649492 31.673362
1661000 31.512626 31.673266
1662000 31.562381 31.673199
1663000 31.455428 31.673068
1664000 31.682035 31.673073
1665000 31.732291 31.673109
1666000 31.783783 31.673175
1667000 31.820585 31.673264
1668000 31.840273 31.673364
1669000 31.604953 31.673323
1670000 31.537861 31.673242
1671000 31.810263 31.673324
1672000 31.929418 31.673477
1673000 31.505489 31.673377
1674000 31.624636 31.673347
1675000 31.577154 31.673290
1676000 31.399367 31.673127
1677000 31.439964 31.672988
1678000 31.632699 31.672964
1679000 31.722820 31.672993
1680000 31.806099 31.673072
1681000 31.793723 31.673144
1682000 31.855826 31.673253
1683000 31.692655 31.673264
1684000 31.530348 31.673180
1685000 31.793307 31.673251
1686000 31.846333 31.673353
1687000 31.713414 31.673377
1688000 31.629805 31.673351
1689000 31.449792 31.673219
1690000 31.409000 31.673063
1691000 31.574109 31.673004
1692000 31.430652 31.672861
1693000 31.671365 31.672860
1694000 31.515877 31.672767
1695000 31.393584 31.672603
1696000 31.615068 31.672569
1697000 31.484894 31.672458
1698000 31.721692 31.672487
1699000 31.691048 31.672498
1700000 31.901315 31.672633
1701000 31.809031 31.672713
1702000 31.552556 31.672642
1703000 31.582518 31.672589
1704000 31.611225 31.672553
1705000 31.552523 31.672483
1706000 31.185254 31.672197
1707000 31.500934 31.672097
1708000 31.437503 31.671960
1709000 31.510085 31.671865
1710000 31.673020 31.671866
1711000 31.765663 31.671920
1712000 31.869910 31.672036
1713000 31.823907 31.672125
1714000 31.713681 31.672149
1715000 31.587375 31.672100
1716000 31.810529 31.672180
1717000 31.528888 31.672097
1718000 31.522340 31.672010
1719000 31.641479 31.671992
1720000 31.605144 31.671953
1721000 31.744515 31.671995
1722000 31.767552 31.672051
1723000 31.685511 31.672058
1724000 32.018200 31.672259
1725000 31.414469 31.672110
1726000 31.616359 31.672077
1727000 31.740335 31.672117
1728000 31.557991 31.672051
1729000 31.550461 31.671981
1730000 31.758062 31.672030
1731000 31.611976 31.671996
1732000 31.840732 31.672093
1733000 31.872363 31.672209
1734000 31.654309 31.672198
1735000 31.608802 31.672162
1736000 31.616964 31.672130
1737000 31.723484 31.672160
1738000 31.725852 31.672190
1739000 31.890643 31.672316
1740000 31.883102 31.672437
1741000 31.794139 31.672507
1742000 31.726914 31.672538
1743000 31.634435 31.672517
1744000 31.596655 31.672473
1745000 31.814328 31.672554
1746000 32.027204 31.672757
1747000 31.925273 31.672902
1748000 31.718661 31.672928
1749000 31.778076 31.672988
1750000 31.657198 31.672979
1751000 31.608724 31.672943
1752000 31.784155 31.673006
1753000 31.909400 31.673141
1754000 31.961802 31.673305
1755000 31.716741 31.673330
1756000 31.808212 31.673407
1757000 31.961067 31.673571
1758000 32.011528 31.673763
1759000 31.964108 31.673928
1760000 31.776681 31.673986
1761000 31.949213 31.674143
1762000 31.842253 31.674238
1763000 32.017197 31.674433
1764000 31.930771 31.674578
1765000 31.892119 31.674701
1766000 31.686415 31.674708
1767000 31.700600 31.674723
1768000 31.832961 31.674812
1769000 31.518368 31.674724
1770000 31.551236 31.674654
1771000 31.323354 31.674455
1772000 31.670436 31.674453
1773000 31.559366 31.674388
1774000 31.632119 31.674364
1775000 31.702213 31.674380
1776000 31.457407 31.674258
1777000 31.515192 31.674168
1778000 31.749637 31.674211
1779000 31.858296 31.674314
1780000 31.618919 31.674283
1781000 31.372120 31.674114
1782000 31.684008 31.674119
1783000 31.397605 31.673964
1784000 31.821156 31.674047
1785000 31.718469 31.674071
1786000 31.833052 31.674160
1787000 31.763456 31.674210
1788000 31.845319 31.674306
1789000 31.853956 31.674407
1790000 31.498321 31.674308
1791000 31.725188 31.674337
1792000 31.440413 31.674206
1793000 31.645373 31.674190
1794000 31.697049 31.674203
1795000 31.487134 31.674098
1796000 31.774958 31.674155
1797000 31.684747 31.674161
1798000 31.826805 31.674245
1799000 31.545226 31.674174
1800000 31.826595 31.674258
1801000 31.729717 31.674289
1802000 31.800077 31.674359
1803000 31.757937 31.674405
1804000 31.569037 31.674347
1805000 31.718149 31.674371
1806000 31.710861 31.674391
1807000 31.546979 31.674321
1808000 31.523130 31.674237
1809000 31.626761 31.674211
1810000 31.785372 31.674272
1811000 31.352303 31.674095
1812000 31.465984 31.673980
1813000 31.613425 31.673946
1814000 31.640562 31.673928
1815000 31.583246 31.673878
1816000 31.297427 31.673671
1817000 31.557335 31.673607
1818000 31.501483 31.673512
1819000 31.718159 31.673537
1820000 31.741146 31.673574
1821000 31.512680 31.673485
1822000 31.733817 31.673519
1823000 31.947438 31.673669
1824000 31.829342 31.673754
1825000 31.853510 31.673853
1826000 31.747500 31.673893
1827000 31.822540 31.673974
1828000 31.683727 31.673980
1829000 31.748778 31.674021
1830000 31.775069 31.674076
1831000 31.792224 31.674140
1832000 31.770542 31.674193
1833000 31.649360 31.674179
1834000 31.689042 31.674187
1835000 31.659805 31.674180
1836000 31.587080 31.674132
1837000 31.691432 31.674142
1838000 31.408818 31.673997
1839000 31.514449 31.673910
1840000 31.649655 31.673897
1841000 31.498588 31.673802
1842000 31.758752 31.673848
1843000 31.789688 31.673911
1844000 31.672635 31.673910
1845000 31.741118 31.673947
1846000 31.753665 31.673990
1847000 31.738801 31.674025
1848000 31.855764 31.674123
1849000 31.908569 31.674250
1850000 31.773851 31.674304
1851000 31.762461 31.674352
1852000 31.681376 31.674355
1853000 31.593292 31.674312
1854000 31.580455 31.674261
1855000 31.573476 31.674207
1856000 31.708242 31.674225
1857000 31.794505 31.674290
1858000 31.680013 31.674293
1859000 31.561712 31.674232
1860000 31.523977 31.674152
1861000 31.514186 31.674066
1862000 31.749282 31.674106
1863000 31.668302 31.674103
1864000 31.539308 31.674031
1865000 31.725394 31.674058
1866000 31.746238 31.674097
1867000 31.585249 31.674049
1868000 31.706443 31.674067
1869000 31.335140 31.673885
1870000 31.611896 31.673852
1871000 31.615171 31.673821
1872000 31.606762 31.673785
1873000 31.703508 31.673801
1874000 31.585003 31.673753
1875000 31.795607 31.673818
1876000 31.737955 31.673853
1877000 31.515375 31.673768
1878000 31.433328 31.673640
1879000 31.471908 31.673533
1880000 31.706256 31.673550
1881000 31.368401 31.673388
1882000 31.731972 31.673419
1883000 31.547930 31.673352
1884000 31.734108 31.673385
1885000 31.686447 31.673392
1886000 31.602497 31.673354
1887000 31.383142 31.673200
1888000 31.698205 31.673213
1889000 31.659066 31.673206
1890000 31.336756 31.673028
1891000 31.580483 31.672979
1892000 31.470896 31.672872
1893000 31.609240 31.672839
1894000 31.618111 31.672810
1895000 31.551571 31.672746
1896000 31.463882 31.672636
1897000 31.798406 31.672702
1898000 31.744729 31.672740
1899000 31.530266 31.672665
1900000 31.723415 31.672691
1901000 31.598666 31.672653
1902000 31.419351 31.672519
1903000 31.536289 31.672448
1904000 31.436023 31.672324
1905000 31.761639 31.672370
1906000 31.583941 31.672324
1907000 31.611115 31.672292
1908000 31.704407 31.672309
1909000 31.436260 31.672185
1910000 31.603525 31.672149
1911000 31.787575 31.672210
1912000 31.686631 31.672217
1913000 31.766904 31.672267
1914000 31.672664 31.672267
1915000 31.634103 31.672247
1916000 31.599653 31.672209
1917000 31.587473 31.672165
1918000 31.453114 31.672051
1919000 31.674461 31.672052
1920000 31.854423 31.672147
1921000 31.955674 31.672294
1922000 31.767259 31.672344
1923000 31.802188 31.672411
1924000 31.707680 31.672430
1925000 31.621136 31.672403
1926000 31.737723 31.672437
1927000 31.688604 31.672445
1928000 31.827398 31.672526
1929000 31.944685 31.672667
1930000 31.873190 31.672771
1931000 31.808966 31.672841
1932000 31.608037 31.672808
1933000 31.511402 31.672724
1934000 31.549656 31.672661
1935000 31.728802 31.672690
1936000 31.718356 31.672713
1937000 31.723093 31.672739
1938000 31.576350 31.672689
1939000 31.720030 31.672714
1940000 31.598389 31.672676
1941000 31.827894 31.672756
1942000 31.773762 31.672808
1943000 31.880424 31.672914
1944000 31.781735 31.672970
1945000 31.657691 31.672963
1946000 31.577492 31.672913
1947000 31.748652 31.672952
1948000 31.658749 31.672945
1949000 31.819768 31.673020
1950000 31.665507 31.673017
1951000 31.642015 31.673001
1952000 31.607964 31.672967
1953000 31.649296 31.672955
1954000 31.662352 31.672950
1955000 31.543854 31.672884
1956000 31.743349 31.672920
1957000 31.548789 31.672856
1958000 31.662427 31.672851
1959000 31.497270 31.672761
1960000 31.271281 31.672557
1961000 31.584776 31.672512
1962000 31.536382 31.672442
1963000 31.676156 31.672444
1964000 31.510831 31.672362
1965000 31.775757 31.672415
1966000 31.614458 31.672385
1967000 31.709882 31.672404
1968000 31.854949 31.672497
1969000 31.489821 31.672404
1970000 31.429777 31.672281
1971000 31.665857 31.672278
1972000 31.456367 31.672168
1973000 31.579050 31.672121
1974000 31.602639 31.672086
1975000 31.281173 31.671888
1976000 31.429781 31.671765
1977000 31.496942 31.671677
1978000 31.520689 31.671601
1979000 31.492166 31.671510
1980000 31.655648 31.671502
1981000 31.743895 31.671539
1982000 31.679784 31.671543
1983000 31.713819 31.671564
1984000 31.906079 31.671682
1985000 31.766036 31.671730
1986000 31.709826 31.671749
1987000 31.536381 31.671681
1988000 31.604664 31.671647
1989000 31.693638 31.671658
1990000 31.569904 31.671607
1991000 31.670969 31.671607
1992000 31.415172 31.671478
1993000 31.839526 31.671562
1994000 31.962381 31.671708
1995000 31.665157 31.671705
1996000 31.798626 31.671768
1997000 31.670769 31.671768
1998000 31.694934 31.671780
1999000 31.697839 31.671793
2000000 31.728163 31.671821
