1000 17.243303 17.243303
2000 17.265766 17.254535
3000 17.268646 17.259239
4000 17.078262 17.213995
5000 17.076142 17.186424
6000 16.900082 17.138700
7000 16.985730 17.116847
8000 16.808887 17.078352
9000 16.860353 17.054130
10000 17.031761 17.051893
11000 17.041831 17.050979
12000 16.630285 17.015921
13000 16.574852 16.981992
14000 16.949898 16.979700
15000 16.835033 16.970055
16000 16.865894 16.963545
17000 16.559553 16.939781
18000 16.714916 16.927289
19000 17.004543 16.931355
20000 17.102969 16.939935
21000 17.259860 16.955170
22000 17.138177 16.963488
23000 17.484757 16.986152
24000 17.474757 17.006511
25000 17.386811 17.021723
26000 17.599041 17.043927
27000 17.509991 17.061189
28000 17.459649 17.075420
29000 17.363202 17.085343
30000 17.588966 17.102131
31000 17.399011 17.111707
32000 17.373915 17.119901
33000 17.420862 17.129021
34000 17.423540 17.137684
35000 17.258415 17.141133
36000 17.337679 17.146593
37000 17.224926 17.148710
38000 17.357026 17.154192
39000 17.393538 17.160329
40000 17.331802 17.164616
41000 17.312821 17.168231
42000 17.219977 17.169463
43000 16.999944 17.165520
44000 16.909028 17.159691
45000 16.812280 17.151971
46000 16.929463 17.147134
47000 17.068795 17.145467
48000 16.766894 17.137580
49000 16.959015 17.133936
50000 16.995747 17.131172
51000 16.913943 17.126913
52000 17.261005 17.129491
53000 17.216884 17.131140
54000 17.298255 17.134235
55000 17.392709 17.138934
56000 17.513305 17.145620
57000 17.401729 17.150113
58000 17.356834 17.153677
59000 17.364601 17.157252
60000 17.307880 17.159762
61000 17.256101 17.161342
62000 17.470057 17.166321
63000 17.681716 17.174502
64000 17.587294 17.180952
65000 17.590537 17.187253
66000 17.515222 17.192222
67000 17.907188 17.202893
68000 17.690546 17.210065
69000 17.742067 17.217775
70000 17.853386 17.226855
71000 17.733561 17.233992
72000 17.798145 17.241827
73000 17.770206 17.249065
74000 17.763408 17.256016
75000 17.905257 17.264672
76000 17.902718 17.273068
77000 17.510176 17.276147
78000 17.513995 17.279196
79000 17.499231 17.281982
80000 17.437644 17.283927
81000 17.321477 17.284391
82000 17.210005 17.283484
83000 16.915498 17.279050
84000 16.789874 17.273227
85000 16.585037 17.265130
86000 16.677288 17.258295
87000 16.826105 17.253327
88000 16.639753 17.246355
89000 16.718645 17.240426
90000 16.724684 17.234695
91000 16.829865 17.230246
92000 17.061180 17.228409
93000 17.012921 17.226092
94000 16.887879 17.222494
95000 16.957917 17.219709
96000 17.245887 17.219981
97000 17.032347 17.218047
98000 16.915597 17.214961
99000 16.931542 17.212098
100000 17.212313 17.212100
101000 17.080676 17.210799
102000 17.114850 17.209858
103000 17.027669 17.208089
104000 17.067503 17.206738
105000 16.824290 17.203095
106000 17.220966 17.203264
107000 17.445440 17.205527
108000 16.983238 17.203469
109000 17.520284 17.206375
110000 17.545773 17.209461
111000 17.642139 17.213359
112000 17.582733 17.216657
113000 17.393367 17.218221
114000 17.525644 17.220917
115000 17.346424 17.222009
116000 17.676718 17.225929
117000 17.539858 17.228612
118000 17.336014 17.229522
119000 17.345334 17.230495
120000 17.602827 17.233598
121000 17.605787 17.236674
122000 17.338368 17.237507
123000 17.335458 17.238304
124000 17.637608 17.241524
125000 17.025843 17.239799
126000 17.245845 17.239847
127000 17.214714 17.239649
128000 17.225104 17.239535
129000 17.391483 17.240713
130000 17.537002 17.242992
131000 17.835389 17.247514
132000 17.824143 17.251883
133000 17.777056 17.255831
134000 17.806491 17.259941
135000 17.545826 17.262058
136000 17.540010 17.264102
137000 17.133354 17.263148
138000 16.980324 17.261098
139000 17.190098 17.260587
140000 17.034232 17.258971
141000 17.037024 17.257397
142000 17.005903 17.255626
143000 16.901940 17.253152
144000 17.015126 17.251499
145000 16.747605 17.248024
146000 17.231764 17.247913
147000 17.326732 17.248449
148000 17.070591 17.247247
149000 17.094114 17.246219
150000 17.497225 17.247893
151000 17.122004 17.247059
152000 17.268931 17.247203
153000 17.426020 17.248372
154000 17.392574 17.249308
155000 17.131554 17.248548
156000 17.395719 17.249492
157000 17.524096 17.251241
158000 17.808835 17.254770
159000 17.704752 17.257600
160000 18.022365 17.262380
161000 17.835296 17.265938
162000 17.655498 17.268343
163000 17.524155 17.269912
164000 17.435700 17.270923
165000 17.540097 17.272555
166000 17.554082 17.274251
167000 17.603330 17.276221
168000 17.446060 17.277232
169000 17.763019 17.280107
170000 17.525490 17.281550
171000 17.630266 17.283589
172000 17.197810 17.283091
173000 17.227843 17.282771
174000 17.025268 17.281291
175000 16.884468 17.279024
176000 17.167941 17.278393
177000 16.918915 17.276362
178000 16.801008 17.273691
179000 16.984167 17.272074
180000 16.962002 17.270351
181000 17.086463 17.269335
182000 16.919838 17.267415
183000 17.395668 17.268116
184000 17.245883 17.267995
185000 16.994468 17.266516
186000 17.028631 17.265237
187000 17.054196 17.264109
188000 17.323477 17.264425
189000 17.381743 17.265045
190000 17.125388 17.264310
191000 17.412007 17.265083
192000 16.892842 17.263145
193000 17.051295 17.262047
194000 17.339514 17.262446
195000 17.383004 17.263065
196000 17.358648 17.263552
197000 17.386852 17.264178
198000 17.777604 17.266771
199000 17.280267 17.266839
200000 17.172233 17.266366
201000 17.299114 17.266529
202000 17.267746 17.266535
203000 17.342635 17.266910
204000 17.314216 17.267142
205000 17.251364 17.267065
206000 17.411932 17.267768
207000 17.202474 17.267453
208000 17.307215 17.267644
209000 17.094026 17.266813
210000 16.984766 17.265470
211000 17.161047 17.264975
212000 17.176105 17.264556
213000 17.382512 17.265110
214000 17.200486 17.264808
215000 17.017956 17.263660
216000 17.064408 17.262737
217000 17.004183 17.261546
218000 17.073479 17.260683
219000 17.103564 17.259965
220000 17.124719 17.259351
221000 17.365343 17.259830
222000 17.659282 17.261630
223000 17.539818 17.262877
224000 17.191153 17.262557
225000 17.461959 17.263443
226000 17.542229 17.264677
227000 17.513201 17.265772
228000 17.962821 17.268829
229000 17.854883 17.271388
230000 17.818394 17.273766
231000 17.823356 17.276145
232000 17.889061 17.278787
233000 17.774789 17.280916
234000 17.835336 17.283285
235000 17.365411 17.283635
236000 17.299959 17.283704
237000 17.498665 17.284611
238000 17.027611 17.283531
239000 17.039175 17.282509
240000 17.159831 17.281998
241000 17.236239 17.281808
242000 16.950233 17.280438
243000 16.626227 17.277745
244000 16.894730 17.276176
245000 16.696807 17.273811
246000 16.966007 17.272560
247000 16.730254 17.270364
248000 17.027066 17.269383
249000 16.809530 17.267536
250000 16.809081 17.265702
251000 17.025220 17.264744
252000 16.922665 17.263387
253000 16.882164 17.261880
254000 17.012198 17.260897
255000 17.214388 17.260715
256000 17.535493 17.261788
257000 17.275459 17.261841
258000 17.499226 17.262761
259000 17.373975 17.263191
260000 17.094779 17.262543
261000 17.054077 17.261744
262000 17.157237 17.261345
263000 17.032201 17.260474
264000 17.484457 17.261323
265000 16.959871 17.260185
266000 16.990069 17.259169
267000 17.172408 17.258845
268000 16.824232 17.257223
269000 17.177731 17.256927
270000 17.122163 17.256428
271000 16.932213 17.255232
272000 16.790135 17.253522
273000 16.810334 17.251899
274000 17.113335 17.251393
275000 17.160212 17.251061
276000 17.082213 17.250449
277000 17.170651 17.250161
278000 16.857740 17.248750
279000 16.859322 17.247354
280000 17.436138 17.248028
281000 17.162397 17.247724
282000 16.655532 17.245624
283000 16.756520 17.243895
284000 16.846595 17.242496
285000 16.950198 17.241471
286000 17.099919 17.240976
287000 17.066843 17.240369
288000 17.105065 17.239899
289000 17.211967 17.239803
290000 17.212356 17.239708
291000 16.964684 17.238763
292000 17.068792 17.238181
293000 17.075624 17.237626
294000 17.019705 17.236885
295000 16.758923 17.235265
296000 17.165057 17.235027
297000 17.008667 17.234265
298000 16.924396 17.233225
299000 17.171109 17.233018
300000 17.180960 17.232844
301000 17.032346 17.232178
302000 17.145209 17.231890
303000 17.160387 17.231654
304000 16.983259 17.230837
305000 17.490306 17.231688
306000 17.205548 17.231602
307000 17.369965 17.232053
308000 17.493424 17.232902
309000 17.440541 17.233573
310000 17.446389 17.234260
311000 17.517271 17.235170
312000 17.248324 17.235212
313000 17.203987 17.235112
314000 17.060056 17.234555
315000 17.067381 17.234024
316000 17.199975 17.233916
317000 17.373516 17.234357
318000 17.641348 17.235637
319000 17.548601 17.236618
320000 17.096966 17.236181
321000 17.545157 17.237144
322000 17.228113 17.237116
323000 17.231788 17.237099
324000 17.184980 17.236938
325000 17.488199 17.237712
326000 17.431589 17.238306
327000 17.085215 17.237838
328000 17.180569 17.237664
329000 17.263243 17.237741
330000 17.447546 17.238377
331000 17.259157 17.238440
332000 17.178786 17.238260
333000 17.510066 17.239076
334000 17.054179 17.238523
335000 16.969674 17.237720
336000 17.011108 17.237046
337000 16.834799 17.235852
338000 17.055070 17.235317
339000 16.899393 17.234326
340000 17.026748 17.233716
341000 17.045847 17.233165
342000 16.809544 17.231926
343000 16.826335 17.230744
344000 17.041135 17.230193
345000 16.958242 17.229404
346000 16.948278 17.228592
347000 17.088409 17.228188
348000 17.075595 17.227749
349000 16.728958 17.226320
350000 17.004803 17.225687
351000 17.177993 17.225551
352000 17.455581 17.226205
353000 17.540824 17.227096
354000 17.281089 17.227249
355000 17.484055 17.227972
356000 17.284269 17.228130
357000 17.250107 17.228192
358000 17.161967 17.228007
359000 17.375821 17.228419
360000 17.139243 17.228171
361000 17.050973 17.227680
362000 16.666491 17.226130
363000 16.862254 17.225127
364000 17.288027 17.225300
365000 17.453160 17.225924
366000 17.421841 17.226460
367000 17.560860 17.227371
368000 17.528227 17.228188
369000 17.304172 17.228394
370000 17.012398 17.227811
371000 17.368059 17.228189
372000 17.301881 17.228387
373000 17.011977 17.227806
374000 17.142897 17.227579
375000 16.837197 17.226538
376000 17.276804 17.226672
377000 17.567021 17.227575
378000 17.327071 17.227838
379000 17.682275 17.229037
380000 17.126373 17.228767
381000 17.249515 17.228821
382000 17.253657 17.228886
383000 17.243687 17.228925
384000 17.116934 17.228633
385000 17.094467 17.228285
386000 17.162938 17.228116
387000 17.457098 17.228707
388000 17.539209 17.229508
389000 17.754020 17.230856
390000 17.402292 17.231296
391000 17.675829 17.232432
392000 17.180009 17.232299
393000 17.429389 17.232800
394000 17.687267 17.233954
395000 17.431686 17.234454
396000 17.445920 17.234988
397000 17.780022 17.236361
398000 17.874162 17.237964
399000 17.277609 17.238063
400000 17.353493 17.238352
401000 17.077411 17.237950
402000 17.370786 17.238281
403000 17.545856 17.239044
404000 17.915956 17.240719
405000 17.858102 17.242244
406000 17.803839 17.243627
407000 17.832799 17.245075
408000 17.696253 17.246181
409000 17.824092 17.247594
410000 17.786013 17.248907
411000 17.745087 17.250114
412000 17.728904 17.251276
413000 17.575896 17.252062
414000 17.526370 17.252725
415000 17.298342 17.252835
416000 17.135285 17.252552
417000 17.372505 17.252840
418000 17.420766 17.253241
419000 17.479817 17.253782
420000 17.432093 17.254207
421000 17.153669 17.253968
422000 16.991845 17.253347
423000 17.419560 17.253740
424000 17.241000 17.253710
425000 17.172173 17.253518
426000 17.256833 17.253526
427000 16.950448 17.252816
428000 17.356747 17.253059
429000 17.757551 17.254235
430000 17.649382 17.255154
431000 17.671070 17.256119
432000 17.279584 17.256173
433000 17.313369 17.256305
434000 17.344458 17.256508
435000 17.239652 17.256469
436000 17.543125 17.257127
437000 17.067535 17.256693
438000 17.435891 17.257102
439000 17.070159 17.256676
440000 17.648838 17.257568
441000 17.634677 17.258423
442000 17.818463 17.259690
443000 17.564296 17.260377
444000 17.417750 17.260732
445000 17.235433 17.260675
446000 17.182357 17.260499
447000 16.916852 17.259731
448000 17.328995 17.259885
449000 17.458004 17.260326
450000 17.623889 17.261134
451000 17.276077 17.261167
452000 17.350288 17.261365
453000 17.835396 17.262632
454000 17.446304 17.263036
455000 17.630511 17.263844
456000 17.549348 17.264470
457000 17.458130 17.264894
458000 17.435416 17.265266
459000 17.594056 17.265982
460000 17.383278 17.266237
461000 16.983725 17.265625
462000 17.159313 17.265395
463000 16.944578 17.264702
464000 17.189780 17.264540
465000 17.017609 17.264009
466000 17.386830 17.264273
467000 17.512480 17.264804
468000 17.278511 17.264833
469000 17.222427 17.264743
470000 17.449632 17.265136
471000 17.346894 17.265310
472000 17.410008 17.265617
473000 17.001783 17.265059
474000 17.128002 17.264770
475000 17.123808 17.264473
476000 17.325017 17.264600
477000 17.554909 17.265209
478000 17.407439 17.265506
479000 17.865758 17.266759
480000 17.922449 17.268125
481000 17.946660 17.269536
482000 17.888055 17.270819
483000 17.843190 17.272004
484000 18.211419 17.273945
485000 17.499585 17.274411
486000 17.977078 17.275856
487000 17.608231 17.276539
488000 17.935905 17.277890
489000 17.866962 17.279095
490000 17.488554 17.279522
491000 17.609656 17.280194
492000 17.715000 17.281078
493000 17.951446 17.282438
494000 17.747734 17.283380
495000 17.244234 17.283301
496000 17.474628 17.283687
497000 17.616492 17.284356
498000 17.630864 17.285052
499000 17.573639 17.285630
500000 17.315425 17.285690
501000 17.402713 17.285923
502000 17.550257 17.286450
503000 17.613970 17.287101
504000 17.603813 17.287730
505000 17.536142 17.288221
506000 17.500565 17.288641
507000 17.291075 17.288646
508000 17.529772 17.289121
509000 17.541669 17.289617
510000 17.500667 17.290031
511000 17.662709 17.290760
512000 17.574051 17.291313
513000 17.738109 17.292184
514000 17.768456 17.293111
515000 17.674726 17.293852
516000 17.572494 17.294392
517000 17.347015 17.294494
518000 17.291183 17.294487
519000 17.502012 17.294887
520000 16.997716 17.294316
521000 17.073985 17.293893
522000 17.507511 17.294302
523000 16.841217 17.293436
524000 17.138404 17.293140
525000 17.397567 17.293339
526000 17.408861 17.293558
527000 17.277264 17.293527
528000 17.495645 17.293910
529000 17.075925 17.293498
530000 17.266045 17.293446
531000 17.063900 17.293014
532000 17.350593 17.293122
533000 17.254704 17.293050
534000 17.149860 17.292782
535000 16.971469 17.292181
536000 16.962621 17.291566
537000 16.870674 17.290783
538000 16.677393 17.289643
539000 16.899565 17.288919
540000 17.533203 17.289371
541000 17.203030 17.289212
542000 17.540828 17.289676
543000 17.790084 17.290597
544000 17.305380 17.290625
545000 17.285279 17.290615
546000 17.087901 17.290244
547000 16.922022 17.289570
548000 17.090919 17.289208
549000 16.927986 17.288550
550000 16.965946 17.287963
551000 16.921010 17.287297
552000 16.900566 17.286597
553000 17.566585 17.287103
554000 17.598734 17.287666
555000 17.620481 17.288265
556000 17.756057 17.289107
557000 17.653543 17.289761
558000 17.345116 17.289860
559000 17.343862 17.289957
560000 17.172678 17.289747
561000 17.233723 17.289647
562000 17.514550 17.290048
563000 17.582784 17.290568
564000 17.310887 17.290604
565000 17.637876 17.291218
566000 17.578122 17.291725
567000 17.534768 17.292154
568000 17.371375 17.292293
569000 17.478151 17.292620
570000 17.433851 17.292868
571000 17.492472 17.293217
572000 17.606822 17.293765
573000 17.429734 17.294003
574000 17.164430 17.293777
575000 16.985070 17.293240
576000 16.973752 17.292685
577000 17.132429 17.292408
578000 16.952934 17.291820
579000 17.054853 17.291411
580000 17.086174 17.291057
581000 16.988089 17.290536
582000 16.892503 17.289852
583000 16.859393 17.289114
584000 16.943108 17.288521
585000 17.209038 17.288385
586000 17.231681 17.288288
587000 17.075250 17.287926
588000 17.150514 17.287692
589000 17.097970 17.287370
590000 17.055651 17.286977
591000 17.073136 17.286615
592000 17.092847 17.286288
593000 16.983207 17.285777
594000 16.841802 17.285029
595000 16.908613 17.284397
596000 16.992213 17.283906
597000 16.844274 17.283170
598000 17.029565 17.282746
599000 17.049088 17.282356
600000 17.076826 17.282013
601000 16.802920 17.281216
602000 17.061691 17.280852
603000 17.112320 17.280572
604000 16.897257 17.279937
605000 17.197143 17.279801
606000 17.136633 17.279564
607000 17.328881 17.279646
608000 16.985859 17.279162
609000 16.898082 17.278537
610000 17.105102 17.278252
611000 17.055028 17.277887
612000 17.188649 17.277741
613000 17.048413 17.277367
614000 17.583245 17.277865
615000 17.568399 17.278338
616000 17.186338 17.278188
617000 17.254117 17.278149
618000 17.137654 17.277922
619000 17.031383 17.277524
620000 17.245252 17.277472
621000 17.616211 17.278017
622000 17.334814 17.278108
623000 17.193201 17.277972
624000 17.205894 17.277857
625000 17.045180 17.277484
626000 16.871469 17.276836
627000 17.308296 17.276886
628000 17.184621 17.276739
629000 16.816447 17.276007
630000 17.052848 17.275653
631000 17.240658 17.275597
632000 17.233103 17.275530
633000 17.398444 17.275724
634000 17.492637 17.276067
635000 17.368209 17.276212
636000 17.366866 17.276354
637000 17.539111 17.276767
638000 17.592409 17.277261
639000 17.735070 17.277978
640000 17.819351 17.278824
641000 17.798264 17.279634
642000 17.885983 17.280579
643000 17.981056 17.281668
644000 17.720218 17.282349
645000 17.589730 17.282826
646000 17.421752 17.283041
647000 17.244954 17.282982
648000 17.371655 17.283119
649000 17.305358 17.283153
650000 17.269575 17.283132
651000 17.389263 17.283295
652000 17.725218 17.283973
653000 17.657152 17.284544
654000 17.428654 17.284765
655000 17.451444 17.285019
656000 17.091740 17.284724
657000 17.012814 17.284311
658000 16.936326 17.283782
659000 17.128005 17.283545
660000 17.046247 17.283186
661000 17.189844 17.283045
662000 17.361047 17.283162
663000 17.419272 17.283368
664000 17.670617 17.283951
665000 17.316986 17.284001
666000 17.342117 17.284088
667000 17.465786 17.284360
668000 16.836279 17.283689
669000 17.067431 17.283366
670000 17.012988 17.282963
671000 17.206925 17.282849
672000 17.526226 17.283212
673000 17.500086 17.283534
674000 17.186247 17.283389
675000 17.164855 17.283214
676000 17.265425 17.283187
677000 17.201599 17.283067
678000 17.344702 17.283158
679000 17.424020 17.283365
680000 17.790955 17.284112
681000 17.623202 17.284610
682000 17.480970 17.284898
683000 17.511784 17.285230
684000 17.387518 17.285379
685000 17.375687 17.285511
686000 17.308175 17.285544
687000 17.377422 17.285678
688000 17.055796 17.285344
689000 17.028298 17.284971
690000 17.285788 17.284972
691000 16.990930 17.284546
692000 16.909816 17.284005
693000 17.124285 17.283774
694000 17.522251 17.284118
695000 17.274659 17.284104
696000 16.969464 17.283652
697000 17.345231 17.283741
698000 17.265982 17.283715
699000 17.783228 17.284430
700000 17.390933 17.284582
701000 17.336437 17.284656
702000 17.396493 17.284815
703000 17.201236 17.284696
704000 17.249994 17.284647
705000 17.338033 17.284723
706000 17.188657 17.284587
707000 17.448735 17.284819
708000 17.395557 17.284975
709000 17.178871 17.284826
710000 17.362187 17.284935
711000 17.332837 17.285002
712000 17.438167 17.285217
713000 17.054671 17.284894
714000 17.175691 17.284741
715000 17.621508 17.285212
716000 17.452626 17.285446
717000 17.413820 17.285625
718000 17.282313 17.285620
719000 17.017110 17.285247
720000 17.201903 17.285131
721000 17.395384 17.285284
722000 17.042631 17.284948
723000 17.087540 17.284675
724000 17.173914 17.284522
725000 17.112796 17.284285
726000 17.333293 17.284352
727000 17.773099 17.285025
728000 17.329543 17.285086
729000 17.489721 17.285367
730000 17.297455 17.285383
731000 17.114905 17.285150
732000 17.309805 17.285184
733000 17.596012 17.285608
734000 17.336809 17.285677
735000 16.985342 17.285269
736000 17.188157 17.285137
737000 17.211139 17.285036
738000 17.194541 17.284914
739000 17.275528 17.284901
740000 17.487599 17.285175
741000 17.362467 17.285279
742000 17.103577 17.285034
743000 17.702839 17.285597
744000 17.452474 17.285821
745000 17.422595 17.286005
746000 17.472656 17.286255
747000 17.484229 17.286520
748000 17.780984 17.287181
749000 17.463090 17.287416
750000 17.352659 17.287503
751000 17.149385 17.287319
752000 17.429272 17.287508
753000 17.391545 17.287646
754000 17.033574 17.287309
755000 17.453785 17.287529
756000 17.222652 17.287443
757000 17.574632 17.287823
758000 17.173203 17.287672
759000 16.880637 17.287135
760000 17.620463 17.287574
761000 17.622249 17.288014
762000 16.855875 17.287447
763000 17.547203 17.287787
764000 17.473755 17.288030
765000 17.463024 17.288259
766000 17.720225 17.288823
767000 17.613071 17.289246
768000 17.513422 17.289538
769000 17.238429 17.289471
770000 17.376185 17.289584
771000 17.447216 17.289788
772000 17.376914 17.289901
773000 17.177195 17.289755
774000 17.117034 17.289532
775000 17.562495 17.289885
776000 17.423169 17.290056
777000 16.848814 17.289488
778000 17.321902 17.289530
779000 17.355635 17.289615
780000 17.789265 17.290256
781000 17.854119 17.290977
782000 17.469469 17.291206
783000 17.781615 17.291832
784000 17.659427 17.292301
785000 17.542997 17.292620
786000 17.004377 17.292254
787000 16.928801 17.291792
788000 16.939944 17.291345
789000 16.994393 17.290969
790000 17.344397 17.291037
791000 17.231084 17.290961
792000 16.159291 17.289532
793000 16.721750 17.288816
794000 16.523237 17.287852
795000 17.628233 17.288280
796000 17.637371 17.288718
797000 16.993503 17.288348
798000 17.000139 17.287987
799000 17.772756 17.288593
800000 17.337808 17.288655
801000 17.636141 17.289089
802000 17.030423 17.288766
803000 17.228996 17.288692
804000 17.722459 17.289231
805000 17.529612 17.289530
806000 17.175991 17.289389
807000 17.076777 17.289126
808000 16.929094 17.288680
809000 16.947667 17.288259
810000 15.563508 17.286129
811000 15.797184 17.284293
812000 16.510593 17.283340
813000 15.125026 17.280686
814000 15.320809 17.278278
815000 14.444580 17.274801
816000 15.740342 17.272921
817000 14.276380 17.269253
818000 15.965778 17.267659
819000 15.481169 17.265478
820000 15.672827 17.263536
821000 15.792129 17.261744
822000 15.633527 17.259763
823000 16.298892 17.258595
824000 15.531868 17.256500
825000 14.679230 17.253376
826000 15.514621 17.251271
827000 15.188558 17.248777
828000 16.321318 17.247656
829000 15.499847 17.245548
830000 15.452031 17.243387
831000 15.637176 17.241454
832000 16.168294 17.240164
833000 15.543062 17.238127
834000 15.362741 17.235878
835000 14.756427 17.232909
836000 15.006230 17.230246
837000 16.227501 17.229048
838000 15.204706 17.226632
839000 14.496011 17.223377
840000 14.970999 17.220696
841000 15.113569 17.218190
842000 14.765966 17.215278
843000 14.719010 17.212317
844000 15.604336 17.210412
845000 13.715275 17.206275
846000 13.633214 17.202052
847000 14.211671 17.198521
848000 14.987141 17.195914
849000 15.169170 17.193526
850000 15.066510 17.191024
851000 14.742253 17.188146
852000 14.674403 17.185196
853000 14.971625 17.182601
854000 15.475909 17.180603
855000 15.397581 17.178517
856000 15.671580 17.176757
857000 15.653926 17.174980
858000 14.763484 17.172169
859000 14.388598 17.168929
860000 15.407905 17.166881
861000 15.952584 17.165471
862000 16.039723 17.164165
863000 16.231519 17.163084
864000 15.987840 17.161724
865000 16.080914 17.160474
866000 15.880809 17.158997
867000 15.962712 17.157617
868000 15.658209 17.155889
869000 15.728252 17.154247
870000 16.412585 17.153394
871000 15.638053 17.151654
872000 16.956761 17.151431
873000 16.269461 17.150420
874000 16.154397 17.149281
875000 15.930056 17.147887
876000 16.090213 17.146680
877000 14.718702 17.143912
878000 15.611182 17.142166
879000 15.722118 17.140550
880000 16.006168 17.139261
881000 16.312310 17.138323
882000 16.603168 17.137716
883000 16.767454 17.137297
884000 16.009936 17.136021
885000 16.280604 17.135055
886000 16.264164 17.134072
887000 15.046971 17.131719
888000 16.053524 17.130505
889000 15.725533 17.128924
890000 15.345438 17.126920
891000 15.969076 17.125621
892000 15.365905 17.123648
893000 15.022171 17.121295
894000 15.684094 17.119687
895000 16.681497 17.119198
896000 14.737075 17.116539
897000 15.563372 17.114807
898000 15.520636 17.113032
899000 14.971709 17.110650
900000 14.864568 17.108155
901000 14.697980 17.105480
902000 14.592066 17.102693
903000 14.773895 17.100114
904000 15.199932 17.098012
905000 15.460574 17.096203
906000 15.240067 17.094154
907000 16.599211 17.093608
908000 16.742879 17.093222
909000 15.597791 17.091577
910000 15.932540 17.090303
911000 16.092688 17.089208
912000 16.268721 17.088309
913000 16.794179 17.087986
914000 16.502754 17.087346
915000 16.554710 17.086764
916000 17.249181 17.086941
917000 17.260669 17.087131
918000 16.933527 17.086963
919000 16.570360 17.086401
920000 16.532380 17.085799
921000 16.863604 17.085558
922000 15.775430 17.084137
923000 15.778006 17.082722
924000 15.929619 17.081474
925000 15.216995 17.079458
926000 15.429016 17.077676
927000 15.942327 17.076451
928000 16.836449 17.076193
929000 15.359633 17.074345
930000 15.335491 17.072475
931000 15.782903 17.071090
932000 16.090651 17.070038
933000 16.612021 17.069547
934000 16.758049 17.069214
935000 16.538720 17.068646
936000 17.314831 17.068909
937000 17.024165 17.068861
938000 16.831955 17.068609
939000 16.117967 17.067596
940000 16.100385 17.066567
941000 16.860050 17.066348
942000 16.145230 17.065370
943000 16.390171 17.064654
944000 16.922920 17.064504
945000 16.231035 17.063622
946000 16.157571 17.062664
947000 15.289083 17.060791
948000 15.933671 17.059603
949000 16.314653 17.058818
950000 16.106918 17.057816
951000 17.357457 17.058131
952000 16.662550 17.057715
953000 16.379791 17.057004
954000 16.545828 17.056468
955000 16.036762 17.055400
956000 15.772054 17.054058
957000 15.674287 17.052616
958000 16.078845 17.051600
959000 15.227023 17.049697
960000 15.918371 17.048518
961000 15.231373 17.046628
962000 15.623111 17.045148
963000 15.475800 17.043518
964000 16.596565 17.043055
965000 17.345590 17.043368
966000 17.321790 17.043656
967000 17.061856 17.043675
968000 17.788919 17.044445
969000 16.356477 17.043735
970000 16.442016 17.043115
971000 16.258914 17.042307
972000 17.286296 17.042558
973000 17.023322 17.042538
974000 17.223587 17.042724
975000 16.386132 17.042051
976000 17.795545 17.042823
977000 16.909236 17.042686
978000 16.552768 17.042185
979000 17.821804 17.042981
980000 17.686250 17.043638
981000 17.715068 17.044322
982000 17.741573 17.045032
983000 16.839066 17.044823
984000 17.309813 17.045092
985000 17.575646 17.045631
986000 17.720823 17.046315
987000 17.245560 17.046517
988000 17.501051 17.046977
989000 17.018203 17.046948
990000 17.087900 17.046990
991000 17.305423 17.047250
992000 17.753702 17.047963
993000 17.490840 17.048409
994000 17.276262 17.048638
995000 17.451681 17.049043
996000 17.665863 17.049662
997000 17.272733 17.049886
998000 17.423939 17.050261
999000 17.200467 17.050411
1000000 17.167844 17.050529
1001000 17.261092 17.050739
1002000 16.593206 17.050282
1003000 16.898984 17.050131
1004000 16.802345 17.049885
1005000 16.978290 17.049813
1006000 17.267298 17.050030
1007000 17.140148 17.050119
1008000 16.742928 17.049814
1009000 16.576131 17.049345
1010000 17.198171 17.049492
1011000 16.641855 17.049089
1012000 16.589748 17.048635
1013000 16.537482 17.048131
1014000 16.188714 17.047283
1015000 15.609205 17.045866
1016000 15.913313 17.044751
1017000 15.458111 17.043191
1018000 15.825477 17.041995
1019000 15.950495 17.040924
1020000 15.588007 17.039500
1021000 16.422867 17.038896
1022000 15.455579 17.037346
1023000 16.091001 17.036421
1024000 16.630416 17.036025
1025000 15.960752 17.034976
1026000 15.776994 17.033750
1027000 15.903250 17.032649
1028000 16.368159 17.032002
1029000 16.913477 17.031887
1030000 16.407836 17.031281
1031000 15.812499 17.030099
1032000 15.924725 17.029028
1033000 16.248263 17.028272
1034000 16.970673 17.028217
1035000 16.997150 17.028187
1036000 16.005516 17.027199
1037000 16.600794 17.026788
1038000 16.677222 17.026452
1039000 16.426604 17.025874
1040000 15.986125 17.024874
1041000 16.686532 17.024549
1042000 16.915436 17.024445
1043000 16.815219 17.024244
1044000 16.099012 17.023358
1045000 16.646995 17.022998
1046000 16.912572 17.022892
1047000 17.063981 17.022931
1048000 17.252635 17.023151
1049000 17.210343 17.023329
1050000 17.131672 17.023432
1051000 16.485163 17.022920
1052000 16.649402 17.022565
1053000 15.961305 17.021557
1054000 17.012891 17.021549
1055000 16.789241 17.021329
1056000 17.696454 17.021968
1057000 17.514704 17.022434
1058000 15.443271 17.020942
1059000 15.979786 17.019958
1060000 16.463208 17.019433
1061000 16.495471 17.018939
1062000 16.138728 17.018111
1063000 16.793910 17.017900
1064000 16.147065 17.017081
1065000 15.438624 17.015599
1066000 14.871725 17.013588
1067000 15.346796 17.012026
1068000 16.526597 17.011571
1069000 16.800772 17.011374
1070000 16.978614 17.011344
1071000 16.576486 17.010937
1072000 17.110583 17.011030
1073000 17.597835 17.011577
1074000 16.506105 17.011107
1075000 16.936392 17.011037
1076000 16.625654 17.010679
1077000 16.285940 17.010006
1078000 16.322043 17.009368
1079000 16.781528 17.009157
1080000 16.872707 17.009030
1081000 16.472606 17.008534
1082000 15.964451 17.007569
1083000 16.094458 17.006726
1084000 15.551581 17.005384
1085000 15.356604 17.003864
1086000 14.901652 17.001928
1087000 16.208722 17.001199
1088000 15.744298 17.000043
1089000 17.063385 17.000102
1090000 16.367713 16.999521
1091000 16.975618 16.999499
1092000 16.527023 16.999067
1093000 16.491713 16.998603
1094000 16.922818 16.998533
1095000 17.047984 16.998578
1096000 15.452555 16.997168
1097000 16.885440 16.997066
1098000 15.173899 16.995406
1099000 16.144923 16.994632
1100000 16.213635 16.993922
1101000 16.380168 16.993364
1102000 16.807793 16.993196
1103000 17.139915 16.993329
1104000 16.812055 16.993165
1105000 17.012201 16.993182
1106000 17.101022 16.993279
1107000 16.134158 16.992503
1108000 16.347177 16.991921
1109000 16.477615 16.991457
1110000 16.733169 16.991224
1111000 16.315391 16.990616
1112000 15.681976 16.989439
1113000 15.963300 16.988517
1114000 15.218126 16.986928
1115000 16.586603 16.986569
1116000 16.942291 16.986529
1117000 17.328469 16.986836
1118000 16.428880 16.986337
1119000 15.806971 16.985283
1120000 15.606210 16.984051
1121000 16.015994 16.983188
1122000 16.085179 16.982387
1123000 15.663166 16.981213
1124000 15.962135 16.980306
1125000 15.570257 16.979053
1126000 15.833942 16.978036
1127000 16.035145 16.977199
1128000 15.779756 16.976137
1129000 17.194784 16.976331
1130000 16.992521 16.976345
1131000 16.151489 16.975616
1132000 16.216303 16.974945
1133000 15.418891 16.973572
1134000 16.800041 16.973419
1135000 15.858144 16.972436
1136000 14.692385 16.970429
1137000 16.961941 16.970422
1138000 16.726740 16.970208
1139000 17.394150 16.970580
1140000 17.256395 16.970830
1141000 17.351061 16.971164
1142000 17.790790 16.971881
1143000 17.692068 16.972512
1144000 17.556759 16.973022
1145000 17.679569 16.973639
1146000 17.633494 16.974215
1147000 17.441674 16.974623
1148000 17.634995 16.975198
1149000 17.370579 16.975542
1150000 17.508582 16.976005
1151000 17.247628 16.976241
1152000 17.396657 16.976606
1153000 17.534337 16.977090
1154000 17.385940 16.977444
1155000 17.841798 16.978193
1156000 17.947752 16.979032
1157000 18.202692 16.980089
1158000 17.895477 16.980880
1159000 17.726217 16.981523
1160000 17.790606 16.982220
1161000 17.810060 16.982933
1162000 17.753559 16.983596
1163000 16.904188 16.983528
1164000 16.746661 16.983325
1165000 17.591722 16.983847
1166000 17.742290 16.984497
1167000 17.755576 16.985158
1168000 17.739388 16.985804
1169000 17.641707 16.986365
1170000 17.414601 16.986731
1171000 17.714615 16.987353
1172000 17.791446 16.988039
1173000 17.676222 16.988625
1174000 17.540157 16.989095
1175000 17.557224 16.989579
1176000 17.587862 16.990087
1177000 17.834873 16.990805
1178000 17.847793 16.991533
1179000 17.773097 16.992195
1180000 17.687445 16.992785
1181000 17.680886 16.993367
1182000 17.348162 16.993667
1183000 16.631804 16.993362
1184000 17.097778 16.993450
1185000 16.691511 16.993195
1186000 16.708379 16.992955
1187000 17.075373 16.993024
1188000 17.713913 16.993631
1189000 17.119756 16.993737
1190000 17.207139 16.993916
1191000 17.551150 16.994384
1192000 17.529575 16.994833
1193000 17.548011 16.995297
1194000 17.420333 16.995653
1195000 17.512179 16.996085
1196000 17.448151 16.996463
1197000 17.514835 16.996896
1198000 17.561204 16.997367
1199000 17.155643 16.997499
1200000 17.076496 16.997565
1201000 17.686354 16.998139
1202000 17.685073 16.998710
1203000 17.524207 16.999147
1204000 17.773919 16.999790
1205000 17.762360 17.000423
1206000 17.618264 17.000936
1207000 17.541654 17.001384
1208000 17.315657 17.001644
1209000 17.469280 17.002031
1210000 17.390122 17.002351
1211000 17.457962 17.002728
1212000 17.709240 17.003310
1213000 17.461221 17.003688
1214000 17.464732 17.004068
1215000 17.701394 17.004642
1216000 17.492804 17.005043
1217000 16.547244 17.004667
1218000 16.720798 17.004434
1219000 15.986871 17.003599
1220000 16.559399 17.003235
1221000 17.159308 17.003363
1222000 16.102177 17.002625
1223000 17.898597 17.003358
1224000 15.308202 17.001973
1225000 17.138649 17.002085
1226000 17.238109 17.002277
1227000 16.482562 17.001854
1228000 16.016448 17.001051
1229000 16.192106 17.000393
1230000 16.929017 17.000335
1231000 17.251850 17.000539
1232000 17.747972 17.001146
1233000 16.842116 17.001017
1234000 17.147814 17.001136
1235000 17.690997 17.001694
1236000 16.969474 17.001668
1237000 16.875916 17.001567
1238000 17.486789 17.001959
1239000 17.541346 17.002394
1240000 17.582450 17.002862
1241000 17.244433 17.003056
1242000 17.617331 17.003551
1243000 17.103224 17.003631
1244000 17.514038 17.004042
1245000 17.602808 17.004522
1246000 17.227481 17.004701
1247000 17.553607 17.005142
1248000 17.477727 17.005520
1249000 17.323948 17.005775
1250000 17.226982 17.005952
1251000 16.930529 17.005892
1252000 15.730162 17.004873
1253000 15.984397 17.004059
1254000 17.508450 17.004461
1255000 16.909926 17.004385
1256000 17.584836 17.004848
1257000 16.741435 17.004638
1258000 17.203744 17.004796
1259000 16.722834 17.004572
1260000 17.488543 17.004956
1261000 14.401053 17.002891
1262000 17.503967 17.003289
1263000 17.049274 17.003325
1264000 17.509381 17.003725
1265000 17.345489 17.003995
1266000 17.436014 17.004337
1267000 17.542215 17.004761
1268000 17.396489 17.005070
1269000 17.628657 17.005562
1270000 15.924165 17.004710
1271000 14.612683 17.002828
1272000 16.362802 17.002325
1273000 15.825981 17.001401
1274000 16.357804 17.000896
1275000 15.923208 17.000050
1276000 15.803754 16.999113
1277000 16.467837 16.998697
1278000 15.952229 16.997878
1279000 17.357832 16.998159
1280000 16.207871 16.997542
1281000 17.215053 16.997712
1282000 17.393397 16.998020
1283000 17.453215 16.998375
1284000 17.159375 16.998501
1285000 16.838487 16.998376
1286000 17.368092 16.998664
1287000 16.748748 16.998469
1288000 17.095832 16.998545
1289000 17.538676 16.998964
1290000 16.631293 16.998679
1291000 17.588641 16.999136
1292000 17.133532 16.999240
1293000 16.657434 16.998976
1294000 16.970497 16.998954
1295000 17.602666 16.999420
1296000 15.410932 16.998194
1297000 17.283163 16.998414
1298000 17.365298 16.998697
1299000 17.339172 16.998959
1300000 17.358334 16.999235
1301000 17.646001 16.999732
1302000 17.462909 17.000088
1303000 17.434458 17.000421
1304000 17.316510 17.000664
1305000 17.107312 17.000745
1306000 17.388768 17.001043
1307000 16.839355 17.000919
1308000 17.253751 17.001112
1309000 16.369860 17.000630
1310000 16.658599 17.000369
1311000 17.012472 17.000378
1312000 16.111342 16.999700
1313000 15.952949 16.998903
1314000 16.266732 16.998346
1315000 17.154911 16.998465
1316000 16.762911 16.998286
1317000 16.358274 16.997800
1318000 17.427559 16.998126
1319000 16.837490 16.998004
1320000 17.309809 16.998241
1321000 17.411733 16.998554
1322000 17.646720 16.999044
1323000 17.641894 16.999530
1324000 17.389842 16.999825
1325000 17.825116 17.000447
1326000 17.774848 17.001031
1327000 17.593427 17.001478
1328000 17.060071 17.001522
1329000 17.535454 17.001924
1330000 16.443646 17.001504
1331000 17.532662 17.001903
1332000 17.549494 17.002314
1333000 17.388470 17.002604
1334000 17.596659 17.003049
1335000 17.592674 17.003491
1336000 17.670149 17.003990
1337000 17.781041 17.004571
1338000 17.616913 17.005029
1339000 17.513287 17.005408
1340000 17.596102 17.005849
1341000 17.895419 17.006512
1342000 17.815320 17.007115
1343000 17.605673 17.007561
1344000 17.804824 17.008154
1345000 17.597944 17.008593
1346000 17.639279 17.009061
1347000 17.634184 17.009525
1348000 17.625371 17.009982
1349000 17.744087 17.010526
1350000 17.455215 17.010856
1351000 17.562089 17.011264
1352000 17.375742 17.011533
1353000 17.621418 17.011984
1354000 17.055828 17.012016
1355000 17.289875 17.012221
1356000 17.482817 17.012568
1357000 17.050050 17.012596
1358000 17.663002 17.013075
1359000 17.938550 17.013756
1360000 17.657485 17.014229
1361000 17.446444 17.014547
1362000 17.457629 17.014872
1363000 17.243333 17.015040
1364000 17.290639 17.015242
1365000 17.246452 17.015411
1366000 16.922978 17.015344
1367000 17.150077 17.015442
1368000 17.415843 17.015735
1369000 17.708589 17.016241
1370000 17.626523 17.016686
1371000 17.986160 17.017394
1372000 17.323470 17.017617
1373000 17.537485 17.017995
1374000 17.890637 17.018630
1375000 17.566195 17.019029
1376000 17.267422 17.019209
1377000 17.375833 17.019468
1378000 17.482508 17.019804
1379000 17.528082 17.020173
1380000 17.344166 17.020408
1381000 17.610509 17.020835
1382000 17.442785 17.021140
1383000 17.477781 17.021470
1384000 17.466479 17.021792
1385000 17.780230 17.022340
1386000 17.625240 17.022774
1387000 17.959192 17.023450
1388000 17.827642 17.024029
1389000 17.661851 17.024488
1390000 17.825014 17.025064
1391000 17.936190 17.025719
1392000 17.825439 17.026294
1393000 17.856298 17.026890
1394000 18.026257 17.027606
1395000 17.663475 17.028062
1396000 17.540702 17.028429
1397000 18.098549 17.029195
1398000 17.602253 17.029605
1399000 17.632560 17.030036
1400000 17.227958 17.030178
1401000 17.091700 17.030222
1402000 17.493348 17.030552
1403000 17.632736 17.030981
1404000 17.722644 17.031474
1405000 17.174190 17.031575
1406000 16.223268 17.031001
1407000 16.057346 17.030309
1408000 17.467084 17.030619
1409000 17.338449 17.030837
1410000 16.637364 17.030558
1411000 17.403040 17.030822
1412000 17.593583 17.031221
1413000 17.457915 17.031523
1414000 17.551072 17.031890
1415000 17.584011 17.032280
1416000 17.552011 17.032647
1417000 17.663242 17.033092
1418000 17.721873 17.033578
1419000 17.733401 17.034071
1420000 17.850139 17.034646
1421000 17.327253 17.034852
1422000 17.377315 17.035093
1423000 17.447322 17.035382
1424000 17.659752 17.035821
1425000 17.046553 17.035828
1426000 17.616935 17.036236
1427000 17.255605 17.036390
1428000 17.467351 17.036691
1429000 17.624870 17.037103
1430000 17.185651 17.037207
1431000 17.497517 17.037529
1432000 17.415299 17.037792
1433000 17.297062 17.037973
1434000 16.930225 17.037898
1435000 17.729858 17.038380
1436000 17.595151 17.038768
1437000 17.599953 17.039159
1438000 17.495029 17.039476
1439000 17.409864 17.039733
1440000 17.860591 17.040303
1441000 17.932992 17.040923
1442000 17.856350 17.041488
1443000 17.678932 17.041930
1444000 17.608537 17.042322
1445000 17.245501 17.042463
1446000 17.542374 17.042808
1447000 17.987583 17.043461
1448000 18.153195 17.044228
1449000 17.866593 17.044795
1450000 17.555331 17.045147
1451000 17.248000 17.045287
1452000 17.810824 17.045814
1453000 17.358130 17.046029
1454000 17.410547 17.046280
1455000 17.666022 17.046706
1456000 17.681055 17.047142
1457000 17.511432 17.047460
1458000 17.500649 17.047771
1459000 17.760928 17.048260
1460000 17.824034 17.048791
1461000 17.555262 17.049138
1462000 17.620888 17.049529
1463000 17.949190 17.050144
1464000 18.050464 17.050827
1465000 17.949607 17.051441
1466000 18.161545 17.052198
1467000 17.807852 17.052713
1468000 17.769104 17.053201
1469000 17.642814 17.053603
1470000 17.589252 17.053967
1471000 17.718608 17.054419
1472000 17.856881 17.054964
1473000 17.994272 17.055602
1474000 17.860217 17.056147
1475000 17.776831 17.056636
1476000 18.350428 17.057513
1477000 18.082731 17.058207
1478000 17.779872 17.058695
1479000 17.481975 17.058981
1480000 17.683555 17.059403
1481000 17.812796 17.059912
1482000 18.041167 17.060574
1483000 17.940729 17.061168
1484000 17.810626 17.061673
1485000 17.608429 17.062041
1486000 17.977673 17.062657
1487000 18.153017 17.063390
1488000 17.951395 17.063987
1489000 17.794214 17.064477
1490000 17.705353 17.064907
1491000 17.840546 17.065428
1492000 17.412607 17.065660
1493000 17.683707 17.066074
1494000 17.804395 17.066569
1495000 17.842090 17.067087
1496000 17.659786 17.067483
1497000 17.287562 17.067630
1498000 17.741336 17.068080
1499000 17.348022 17.068267
1500000 17.511055 17.068562
1501000 17.336711 17.068741
1502000 17.506638 17.069032
1503000 17.848529 17.069551
1504000 17.872709 17.070085
1505000 18.038590 17.070729
1506000 18.246142 17.071509
1507000 17.845888 17.072023
1508000 17.976478 17.072623
1509000 17.757888 17.073077
1510000 17.632285 17.073447
1511000 17.677737 17.073847
1512000 17.763025 17.074303
1513000 17.594889 17.074647
1514000 17.739566 17.075086
1515000 17.651670 17.075467
1516000 17.761875 17.075919
1517000 17.489133 17.076192
1518000 17.364191 17.076382
1519000 17.534321 17.076683
1520000 17.683470 17.077082
1521000 18.003499 17.077691
1522000 17.385168 17.077893
1523000 17.812342 17.078376
1524000 16.991394 17.078319
1525000 17.304115 17.078467
1526000 17.532455 17.078764
1527000 17.628920 17.079124
1528000 17.153198 17.079173
1529000 17.459160 17.079421
1530000 17.855080 17.079928
1531000 17.703501 17.080336
1532000 17.845531 17.080835
1533000 17.687418 17.081231
1534000 17.941841 17.081792
1535000 17.850809 17.082293
1536000 18.163543 17.082997
1537000 17.546917 17.083299
1538000 17.340681 17.083466
1539000 17.864448 17.083973
1540000 17.691457 17.084368
1541000 17.095354 17.084375
1542000 17.370020 17.084560
1543000 17.314882 17.084709
1544000 17.298544 17.084848
1545000 17.079640 17.084845
1546000 17.732198 17.085263
1547000 17.560034 17.085570
1548000 17.583225 17.085892
1549000 17.581154 17.086211
1550000 17.577594 17.086528
1551000 16.873226 17.086391
1552000 17.774261 17.086834
1553000 16.797812 17.086648
1554000 17.390075 17.086843
1555000 17.481841 17.087097
1556000 17.677528 17.087477
1557000 17.423169 17.087692
1558000 17.879920 17.088201
1559000 18.071252 17.088831
1560000 17.778818 17.089274
1561000 17.641707 17.089628
1562000 17.814170 17.090091
1563000 17.696919 17.090480
1564000 17.735557 17.090892
1565000 17.633714 17.091239
1566000 17.714583 17.091637
1567000 17.825033 17.092105
1568000 17.646434 17.092459
1569000 17.699301 17.092845
1570000 17.581626 17.093157
1571000 17.410979 17.093359
1572000 17.633080 17.093702
1573000 17.680041 17.094075
1574000 17.695537 17.094457
1575000 17.751405 17.094874
1576000 17.791220 17.095316
1577000 17.574173 17.095620
1578000 17.366366 17.095791
1579000 17.633171 17.096132
1580000 17.465472 17.096366
1581000 17.493601 17.096617
1582000 17.564089 17.096912
1583000 17.212840 17.096985
1584000 17.877901 17.097478
1585000 17.368451 17.097649
1586000 17.572686 17.097949
1587000 17.441543 17.098165
1588000 17.146723 17.098196
1589000 17.106776 17.098201
1590000 17.234846 17.098287
1591000 17.164687 17.098329
1592000 17.471513 17.098564
1593000 17.422386 17.098767
1594000 17.405851 17.098959
1595000 17.474772 17.099195
1596000 16.462505 17.098796
1597000 17.234076 17.098881
1598000 17.640670 17.099220
1599000 17.182285 17.099272
1600000 17.818190 17.099721
1601000 17.848880 17.100189
1602000 17.449506 17.100407
1603000 17.391593 17.100589
1604000 17.550693 17.100869
1605000 17.830855 17.101324
1606000 17.234613 17.101407
1607000 17.478235 17.101642
1608000 16.786183 17.101446
1609000 17.567439 17.101735
1610000 17.369876 17.101902
1611000 17.570053 17.102192
1612000 17.495975 17.102437
1613000 17.847707 17.102899
1614000 17.666907 17.103248
1615000 17.448506 17.103462
1616000 17.409969 17.103652
1617000 17.485108 17.103887
1618000 17.484663 17.104123
1619000 17.234460 17.104203
1620000 17.399264 17.104385
1621000 17.546001 17.104658
1622000 17.575020 17.104948
1623000 17.397934 17.105128
1624000 17.282367 17.105238
1625000 17.299504 17.105357
1626000 17.353429 17.105510
1627000 17.615091 17.105823
1628000 17.339078 17.105966
1629000 17.033512 17.105922
1630000 17.288013 17.106033
1631000 17.147787 17.106059
1632000 17.363227 17.106217
1633000 17.396171 17.106394
1634000 17.552796 17.106667
1635000 16.529939 17.106315
1636000 17.279184 17.106420
1637000 17.577207 17.106708
1638000 17.511194 17.106955
1639000 17.360251 17.107109
1640000 17.469298 17.107330
1641000 17.517715 17.107580
1642000 17.268085 17.107678
1643000 17.708475 17.108044
1644000 17.362521 17.108198
1645000 17.511856 17.108444
1646000 17.473386 17.108666
1647000 17.603242 17.108966
1648000 17.576423 17.109249
1649000 17.484326 17.109477
1650000 17.528714 17.109731
1651000 17.663562 17.110066
1652000 17.444413 17.110269
1653000 17.494321 17.110501
1654000 17.636521 17.110819
1655000 17.998702 17.111356
1656000 17.909079 17.111837
1657000 17.615055 17.112141
1658000 17.592631 17.112431
1659000 17.714363 17.112794
1660000 17.521657 17.113040
1661000 17.457015 17.113247
1662000 17.384426 17.113410
1663000 17.503414 17.113645
1664000 17.489461 17.113871
1665000 17.529223 17.114120
1666000 17.584808 17.114403
1667000 17.501554 17.114635
1668000 17.688514 17.114979
1669000 17.487512 17.115202
1670000 17.494631 17.115429
1671000 17.794463 17.115836
1672000 17.879223 17.116292
1673000 17.362830 17.116440
1674000 17.500089 17.116669
1675000 17.459626 17.116874
1676000 17.470684 17.117085
1677000 17.523078 17.117327
1678000 17.580298 17.117603
1679000 17.752306 17.117981
1680000 17.266633 17.118069
1681000 17.704691 17.118418
1682000 17.299174 17.118526
1683000 17.712497 17.118879
1684000 17.549621 17.119134
1685000 17.783998 17.119529
1686000 17.286437 17.119628
1687000 17.582460 17.119902
1688000 16.996608 17.119829
1689000 17.418630 17.120006
1690000 17.313319 17.120121
1691000 17.543202 17.120371
1692000 17.271906 17.120460
1693000 17.335911 17.120588
1694000 17.138632 17.120598
1695000 17.308580 17.120709
1696000 17.377284 17.120860
1697000 17.442148 17.121050
1698000 17.602853 17.121333
1699000 17.286312 17.121431
1700000 17.865935 17.121868
1701000 17.650158 17.122179
1702000 17.239371 17.122248
1703000 17.338814 17.122375
1704000 17.248887 17.122449
1705000 17.091901 17.122431
1706000 16.825239 17.122257
1707000 17.187500 17.122295
1708000 16.935925 17.122186
1709000 17.118231 17.122184
1710000 17.427645 17.122363
1711000 17.241066 17.122432
1712000 17.624361 17.122725
1713000 17.492209 17.122941
1714000 17.338679 17.123067
1715000 17.232605 17.123131
1716000 17.673336 17.123451
1717000 17.304069 17.123556
1718000 17.058841 17.123519
1719000 17.255635 17.123596
1720000 17.119999 17.123594
1721000 17.345151 17.123722
1722000 17.308560 17.123830
1723000 17.271561 17.123915
1724000 17.803927 17.124310
1725000 17.219443 17.124365
1726000 17.013995 17.124301
1727000 17.027691 17.124245
1728000 17.379468 17.124393
1729000 17.260406 17.124471
1730000 17.582519 17.124736
1731000 17.104469 17.124724
1732000 17.526697 17.124957
1733000 17.547212 17.125200
1734000 17.271495 17.125285
1735000 16.991666 17.125208
1736000 17.084909 17.125184
1737000 17.529729 17.125417
1738000 17.259444 17.125494
1739000 17.668769 17.125807
1740000 17.832430 17.126213
1741000 17.676319 17.126529
1742000 17.479041 17.126731
1743000 17.522715 17.126958
1744000 17.433213 17.127134
1745000 17.805596 17.127523
1746000 17.867864 17.127947
1747000 17.523334 17.128173
1748000 17.684572 17.128491
1749000 17.745033 17.128844
1750000 17.515611 17.129065
1751000 17.622005 17.129347
1752000 17.769685 17.129712
1753000 17.834738 17.130114
1754000 17.922507 17.130566
1755000 17.604494 17.130836
1756000 17.476139 17.131033
1757000 17.850301 17.131442
1758000 17.710915 17.131772
1759000 17.297981 17.131866
1760000 17.532741 17.132094
1761000 16.921567 17.131974
1762000 16.461717 17.131594
1763000 17.958360 17.132063
1764000 16.486022 17.131697
1765000 18.021439 17.132201
1766000 17.897578 17.132634
1767000 17.938019 17.133090
1768000 17.877731 17.133511
1769000 17.592526 17.133771
1770000 17.452129 17.133950
1771000 16.942158 17.133842
1772000 17.008230 17.133771
1773000 17.309994 17.133871
1774000 17.591235 17.134128
1775000 17.256786 17.134198
1776000 17.301708 17.134292
1777000 17.186998 17.134322
1778000 17.019270 17.134257
1779000 17.048989 17.134209
1780000 17.342472 17.134326
1781000 17.323995 17.134432
1782000 17.095598 17.134411
1783000 16.491384 17.134050
1784000 17.447335 17.134226
1785000 17.441674 17.134398
1786000 16.693209 17.134151
1787000 16.100931 17.133573
1788000 17.356118 17.133697
1789000 16.240556 17.133198
1790000 17.407151 17.133351
1791000 16.907951 17.133225
1792000 16.556187 17.132903
1793000 16.744040 17.132686
1794000 16.814103 17.132509
1795000 16.552033 17.132185
1796000 17.337286 17.132299
1797000 16.892419 17.132166
1798000 17.130254 17.132165
1799000 17.349416 17.132286
1800000 15.471536 17.131363
1801000 16.600333 17.131068
1802000 16.988626 17.130989
1803000 17.573665 17.131235
1804000 17.409460 17.131389
1805000 17.680251 17.131693
1806000 16.870327 17.131548
1807000 17.488895 17.131746
1808000 17.637071 17.132025
1809000 17.790640 17.132390
1810000 17.942848 17.132837
1811000 17.389944 17.132979
1812000 16.054529 17.132384
1813000 16.479175 17.132024
1814000 16.954805 17.131926
1815000 17.300598 17.132019
1816000 16.725311 17.131795
1817000 16.502350 17.131449
1818000 16.392884 17.131042
1819000 17.309619 17.131141
1820000 16.874215 17.130999
1821000 17.142927 17.131006
1822000 17.356364 17.131130
1823000 17.073503 17.131098
1824000 16.016129 17.130487
1825000 15.275313 17.129470
1826000 17.104340 17.129456
1827000 17.346730 17.129575
1828000 17.528068 17.129793
1829000 17.076677 17.129764
1830000 17.622154 17.130033
1831000 17.915536 17.130462
1832000 17.397469 17.130608
1833000 17.486953 17.130803
1834000 17.628086 17.131074
1835000 17.008235 17.131007
1836000 16.723459 17.130785
1837000 16.812340 17.130611
1838000 16.696549 17.130375
1839000 16.470887 17.130017
1840000 17.157702 17.130032
1841000 16.246004 17.129552
1842000 15.214643 17.128512
1843000 14.703351 17.127196
1844000 16.259839 17.126726
1845000 16.297255 17.126276
1846000 15.809308 17.125563
1847000 14.982233 17.124402
1848000 14.684349 17.123082
1849000 15.977660 17.122462
1850000 15.603984 17.121642
1851000 15.165396 17.120585
1852000 14.881682 17.119376
1853000 14.752331 17.118098
1854000 13.699594 17.116255
1855000 14.235685 17.114702
1856000 13.416371 17.112709
1857000 14.909448 17.111523
1858000 14.721630 17.110236
1859000 15.578677 17.109412
1860000 15.617954 17.108611
1861000 13.695762 17.106777
1862000 14.855729 17.105568
1863000 14.615681 17.104231
1864000 15.417534 17.103326
1865000 14.546949 17.101956
1866000 14.732185 17.100686
1867000 14.978679 17.099549
1868000 16.115527 17.099022
1869000 15.370013 17.098097
1870000 16.143104 17.097587
1871000 16.744228 17.097398
1872000 15.892619 17.096754
1873000 17.328545 17.096878
1874000 15.058564 17.095790
1875000 14.761820 17.094545
1876000 15.403853 17.093644
1877000 15.008960 17.092534
1878000 17.196837 17.092589
1879000 17.386985 17.092746
1880000 17.497606 17.092961
1881000 16.779331 17.092794
1882000 17.332132 17.092922
1883000 17.298103 17.093031
1884000 15.482363 17.092176
1885000 16.513021 17.091868
1886000 16.956365 17.091797
1887000 16.052641 17.091246
1888000 16.954186 17.091173
1889000 16.485431 17.090853
1890000 16.011695 17.090282
1891000 16.941193 17.090203
1892000 15.768491 17.089504
1893000 16.289180 17.089081
1894000 16.677278 17.088864
1895000 17.176219 17.088910
1896000 17.137630 17.088936
1897000 17.393671 17.089096
1898000 16.868848 17.088980
1899000 15.126993 17.087947
1900000 15.022485 17.086860
1901000 15.573865 17.086064
1902000 16.896263 17.085964
1903000 16.711844 17.085768
1904000 17.422323 17.085945
1905000 16.426814 17.085599
1906000 16.516455 17.085300
1907000 15.910387 17.084684
1908000 16.992013 17.084635
1909000 16.747699 17.084459
1910000 14.956382 17.083345
1911000 16.106807 17.082834
1912000 16.525571 17.082542
1913000 16.636851 17.082309
1914000 16.277165 17.081888
1915000 16.047992 17.081349
1916000 15.882017 17.080723
1917000 15.815599 17.080063
1918000 17.054300 17.080049
1919000 16.150787 17.079565
1920000 15.063589 17.078515
1921000 16.828302 17.078385
1922000 17.594043 17.078653
1923000 17.588412 17.078918
1924000 17.593951 17.079186
1925000 17.305574 17.079303
1926000 17.661266 17.079606
1927000 16.678173 17.079397
1928000 16.653152 17.079176
1929000 15.795150 17.078511
1930000 16.495990 17.078209
1931000 16.544768 17.077932
1932000 17.315282 17.078055
1933000 17.296878 17.078169
1934000 16.130498 17.077679
1935000 16.170925 17.077210
1936000 15.826426 17.076564
1937000 16.027857 17.076022
1938000 15.865140 17.075398
1939000 16.436208 17.075068
1940000 15.724212 17.074372
1941000 16.037674 17.073838
1942000 15.976864 17.073273
1943000 15.888734 17.072663
1944000 15.398278 17.071802
1945000 15.248999 17.070865
1946000 13.962145 17.069267
1947000 16.138287 17.068789
1948000 15.799494 17.068137
1949000 15.158037 17.067157
1950000 15.767456 17.066491
1951000 16.648851 17.066277
1952000 16.087446 17.065775
1953000 17.192203 17.065840
1954000 16.981943 17.065797
1955000 16.781799 17.065652
1956000 16.445329 17.065335
1957000 16.925595 17.065263
1958000 16.579386 17.065015
1959000 17.205158 17.065087
1960000 16.959725 17.065033
1961000 16.784860 17.064890
1962000 17.278808 17.064999
1963000 17.311957 17.065125
1964000 17.391583 17.065291
1965000 17.660714 17.065594
1966000 17.499711 17.065815
1967000 17.639686 17.066107
1968000 17.498393 17.066326
1969000 17.238849 17.066414
1970000 17.176943 17.066470
1971000 17.503090 17.066692
1972000 17.486536 17.066904
1973000 17.511730 17.067130
1974000 17.476923 17.067338
1975000 17.113843 17.067361
1976000 17.174617 17.067415
1977000 17.152887 17.067459
1978000 17.039680 17.067445
1979000 17.208585 17.067516
1980000 17.288842 17.067628
1981000 17.402517 17.067797
1982000 17.340159 17.067934
1983000 17.468723 17.068136
1984000 17.464413 17.068336
1985000 17.617713 17.068613
1986000 17.267490 17.068713
1987000 17.016456 17.068687
1988000 17.081150 17.068693
1989000 17.111922 17.068715
1990000 17.185565 17.068773
1991000 17.362671 17.068921
1992000 17.139663 17.068956
1993000 17.526854 17.069186
1994000 17.664706 17.069485
1995000 17.627741 17.069765
1996000 17.604993 17.070033
1997000 17.288343 17.070142
1998000 17.479284 17.070347
1999000 17.420340 17.070522
2000000 17.577977 17.070776
