# r N rho/M
0 0 0
0.2 0 0
0.4 0 0
0.6 0 0
0.8 0 0
1 0 0
1.2 0 0
1.4 0 0
1.6 0 0
1.8 0 0
2 0 0
2.2 0 0
2.4 0 0
2.6 0 0
2.8 0 0
3 0 0
3.2 0 0
3.4 0 0
3.6 0 0
3.8 0 0
4 0 0
4.2 0 0
4.4 0 0
4.6 0 0
4.8 0 0
5 0 0
5.2 0 0
5.4 0 0
5.6 0 0
5.8 0 0
6 0 0
6.2 0 0
6.4 0 0
6.6 0 0
6.8 0 0
7 0 0
7.2 0 0
7.4 0 0
7.6 0 0
7.8 0 0
8 0 0
8.199999999999999 0 0
8.4 0 0
8.6 0 0
8.800000000000001 0 0
9 0 0
9.199999999999999 0 0
9.4 0 0
9.6 0 0
9.800000000000001 0 0
10 0 0
10.2 0 0
10.4 0 0
10.6 0 0
10.8 0 0
11 0 0
11.2 0 0
11.4 0 0
11.6 0 0
11.8 0 0
12 0 0
12.2 0 0
12.4 0 0
12.6 0 0
12.8 0 0
13 0 0
13.2 0 0
13.4 0 0
13.6 0 0
13.8 0 0
14 0 0
14.2 0 0
14.4 0 0
14.6 0 0
14.8 0 0
15 0 0
15.2 0 0
15.4 0 0
15.6 0 0
15.8 0 0
16 0 0
16.2 0 0
16.4 0 0
16.6 0 0
16.8 0.00025 0.01966392602280288
17 0 0
17.2 0 0
17.4 0 0
17.6 0.00025 0.01877011120358456
17.8 0.00125 0.09279605538850796
18 0.00175 0.1284709833489788
18.2 0.0015 0.1089078979724467
18.4 0.00375 0.2693102911818655
18.6 0.003 0.2131315852794118
18.8 0.005 0.3514403799820089
19 0.00575 0.3999021586953175
19.2 0.0065 0.4473543170187654
19.4 0.00925 0.6300565162770242
19.6 0.0125 0.8427396866915519
19.8 0.015 1.00107259752451
20 0.02375 1.56918129661967
20.2 0.03375 2.207811099985987
20.4 0.04025 2.607205250317511
20.6 0.04625 2.966770974702492
20.8 0.0775 4.923544554171028
21 0.0925 5.820522102749651
21.2 0.11975 7.46412950427827
21.4 0.13625 8.413219937606689
21.6 0.17725 10.84356276124118
21.8 0.20425 12.38069646874234
22 0.2515 15.10618549664486
22.2 0.307 18.2736333072447
22.4 0.36175 21.34027571624682
22.6 0.43375 25.36124405808222
22.8 0.503 29.15228780054271
23 0.56725 32.59013603688815
23.2 0.642 36.5667656054384
23.4 0.7152500000000001 40.39071245729983
23.6 0.7995 44.7657608081151
23.8 0.867 48.13729090382144
24 0.996 54.83875689239267
24.2 1.105 60.33737565079547
24.4 1.206 65.31260202668928
24.6 1.26525 67.96428363022804
24.8 1.37225 73.11745447491822
25 1.49 78.75638339244826
25.2 1.6125 84.55488189805237
25.4 1.68125 87.46576228567987
25.6 1.74275 89.95693107512925
25.8 1.872 95.87947408476612
26 1.92625 97.8991246190652
26.2 1.995 100.6192587145437
26.4 2.08075 104.1490903649562
26.6 2.14625 106.619876782587
26.8 2.1735 107.1678098414093
27 2.27075 111.1335182627404
27.2 2.31475 112.453944469052
27.4 2.382 114.876368760601
27.6 2.4435 116.9883904894024
27.8 2.51875 119.7236013891948
28 2.59225 122.3371493582658
28.2 2.66225 124.7496202142804
28.4 2.67175 124.3131246625234
28.6 2.699 124.702843417784
28.8 2.714 124.525088860403
29 2.74075 124.8851873309723
29.2 2.70025 122.1970236826896
29.4 2.72375 122.4219851533928
29.6 2.63025 117.420742686597
29.8 2.6575 117.8410256663164
30 2.59975 114.5116933582312
30.2 2.467 107.9447963404873
30.4 2.40125 104.3766368007751
30.6 2.38475 102.9819084173032
30.8 2.22875 95.62030935997505
31 2.22675 94.91815150418607
31.2 2.133 90.33910136814454
31.4 2.04825 86.19713284079755
31.6 1.9765 82.65121473068025
31.8 1.84275 76.57355403762718
32 1.76575 72.91531248700478
32.2 1.69275 69.46666596542518
32.4 1.642 66.9680490981026
32.6 1.56875 63.58806997926008
32.8 1.4905 60.04787477821868
33 1.3945 55.83982948991717
33.2 1.3515 53.79197266661973
33.4 1.33775 52.925869008584
33.6 1.267 49.82838854178249
33.8 1.28475 50.2274847918311
34 1.236 48.03735189156436
34.2 1.226 47.37005280777383
34.4 1.1525 44.27127158761736
34.6 1.19875 45.78171169632683
34.8 1.21 45.94578025190079
35 1.18875 44.88094475444529
35.2 1.19775 44.96380138818682
35.4 1.22575 45.75495627312662
35.6 1.22875 45.60926122345166
35.8 1.15825 42.75223138629185
36 1.25025 45.89167055201736
36.2 1.2355 45.09970321543709
36.4 1.22225 44.37089276560767
36.6 1.173 42.35029418314345
36.8 1.20075 43.11657761821667
37 1.2065 43.08887019906984
37.2 1.2505 44.42017456531741
37.4 1.229 43.42299608321022
37.6 1.27775 44.90529455220118
37.8 1.35725 47.44686861235414
38 1.40175 48.74459573488359
38.2 1.4325 49.55309357746325
38.4 1.46975 50.57684672602542
38.6 1.5105 51.70980853109377
38.8 1.58 53.81023220095666
39 1.61675 54.77946259238544
39.2 1.68275 56.72480831120835
39.4 1.69425 56.82255755913172
39.6 1.8215 60.78179121302983
39.8 1.858 61.6882062759978
40 1.88125 62.1478381950685
40.2 1.96875 64.7148610153438
40.4 1.90775 62.39928334812246
40.6 1.995 64.93163986012425
40.8 1.98725 64.36234327569532
41 1.9535 62.96062979094273
41.2 1.9525 62.62292246601746
41.4 1.9305 61.61819462241082
41.6 1.92625 61.18695288691576
41.8 1.819 57.5037175230658
42 1.7965 56.52198895994459
42.2 1.72425 53.99173560880948
42.4 1.76275 54.93692811551783
42.6 1.765 54.74880135475594
42.8 1.761 54.36946902798304
43 1.75025 53.78623381950702
43.2 1.74375 53.3383993368528
43.4 1.78025 54.20392924195328
43.6 1.792 54.31140286899948
43.8 1.81725 54.82518070237145
44 1.8015 54.10296853321215
44.2 1.8315 54.75504729238246
44.4 1.8555 55.22268176155139
44.6 1.8035 53.4343822223946
44.8 1.73 51.02788802917347
45 1.75225 51.45446413102813
45.2 1.68525 49.26805365865483
45.4 1.63525 47.59570999855905
45.6 1.5625 45.27877702619082
45.8 1.4395 41.5322726083018
46 1.2955 37.21509143745138
46.2 1.20225 34.38684372496692
46.4 1.14375 32.57261539035839
46.6 1.0815 30.66762272047296
46.8 1.051 29.67538538456631
47 1.06425 29.92163395166823
47.2 0.99175 27.76513025731592
47.4 0.9712499999999999 27.07647940203161
47.6 0.91825 25.49138833473705
47.8 0.8585 23.73296002022438
48 0.7995 22.00983239732326
48.2 0.779 21.35649233573658
48.4 0.75825 20.70172628380799
48.6 0.73925 20.09993109856774
48.8 0.69325 18.77195744403082
49 0.67575 18.22340298501812
49.2 0.65525 17.5987341824568
49.4 0.61775 16.5243851862229
49.6 0.6005 15.99818962003585
49.8 0.5655 15.00523395879811
50 0.54575 14.42325377061363
50.2 0.478 12.58240569988177
50.4 0.43325 11.35919459917246
50.6 0.34425 8.990067174725546
50.8 0.28575 7.432964036619488
51 0.24325 6.302635300767547
51.2 0.18575 4.79400371459052
51.4 0.14125 3.63132268109815
51.6 0.1145 2.932211480423536
51.8 0.067 1.709167191603623
52 0.0555 1.410357278743185
52.2 0.03575 0.9049926413253183
52.4 0.023 0.5800107645199262
52.6 0.0135 0.3391466480586839
52.8 0.00575 0.1439041858941483
53 0.00375 0.09349640297634573
53.2 0.0015 0.03725796509583703
53.4 0.0005 0.0123728073851344
