# r N rho/M
0 0.0115 95.48105597730508
0.2 0.02275 150.3110505183052
0.4 0.043 142.052201588728
0.6 0.05125 112.8709353708885
0.8 0.07275 120.1662519253484
1 0.07925 104.722204427039
1.2 0.1035 113.9721152281655
1.4 0.10725 101.2298911653892
1.6 0.12475 103.0291403964757
1.8 0.139 102.0426667743317
2 0.1615 106.7043281701375
2.2 0.18025 108.2660014222757
2.4 0.1955 107.6403310488229
2.6 0.21125 107.3650360845037
2.8 0.242 114.2080823404391
3 0.2525 111.2191655849731
3.2 0.27275 112.6300522771092
3.4 0.309 120.0933797289109
3.6 0.3365 123.5156739912325
3.8 0.33975 118.1450073188992
4 0.35975 118.844836096616
4.2 0.385 121.1297843004657
4.4 0.4415 132.5920655421214
4.6 0.45125 129.6280201555379
4.8 0.50525 139.0927807222961
5 0.5327499999999999 140.7968565514322
5.2 0.5465 138.8757212311983
5.4 0.581 142.1745549062032
5.6 0.6175 145.7096918289693
5.8 0.6425 146.3809775794029
6 0.6695 147.4479828893851
6.2 0.66975 142.7448792408861
6.4 0.6885 142.1554372003477
6.6 0.70625 141.401504400337
6.8 0.70325 136.659659052357
7 0.74275 140.2116581129936
7.2 0.74525 136.7757147726092
7.4 0.7945 141.8736318821425
7.6 0.80475 139.922287917416
7.8 0.8335 141.2051401600534
8 0.86325 142.5890267691505
8.199999999999999 0.89125 143.6233972387451
8.4 0.90825 142.8780864816857
8.6 0.9725 149.4275457490946
8.800000000000001 0.98575 148.0210969514679
9 0.98825 145.0987991938609
9.199999999999999 1.04675 150.3469585571295
9.4 1.06575 149.8190339863304
9.6 1.097 150.9992879291033
9.800000000000001 1.14075 153.816847614942
10 1.16425 153.8458378601642
10.2 1.17275 151.9304326613596
10.4 1.19 151.2004650184135
10.6 1.19325 148.7527771353661
10.8 1.176 143.8875013508562
11 1.22275 146.8873822347714
11.2 1.23675 145.9161630522087
11.4 1.2625 146.3410073486487
11.6 1.28025 145.8398805805686
11.8 1.32775 148.6872768304561
12 1.39525 153.642119586568
12.2 1.403 151.9628203042207
12.4 1.4035 149.5650899698272
12.6 1.4345 150.4421433584572
12.8 1.48125 152.917749711703
13 1.498 152.2677624185435
13.2 1.51125 151.2870963008916
13.4 1.4945 147.3773101522763
13.6 1.5 145.7443928748919
13.8 1.5015 143.7757874522919
14 1.4635 138.1351475249857
14.2 1.533 142.6570750314576
14.4 1.51575 139.0927807222961
14.6 1.4955 135.3546145115914
14.8 1.5075 134.5969163387853
15 1.54175 135.8195235965404
15.2 1.53225 133.2065397088913
15.4 1.54 132.1415828732353
15.6 1.56175 132.2898186232534
15.8 1.55325 129.9043756948435
16 1.5715 129.7878109283058
16.2 1.608 131.1627563334336
16.4 1.63375 131.6379945238709
16.6 1.665 132.5395996891186
16.8 1.71975 135.268147110861
17 1.76575 137.2523529167149
17.2 1.79575 137.9611903747746
17.4 1.8135 137.723425598053
17.6 1.841 138.2230989031967
17.8 1.8785 139.4539120378498
18 1.86925 137.2253632143307
18.2 1.91775 139.2387475577731
18.4 1.99425 143.2192128505161
18.6 1.94625 138.2691159500184
18.8 2.02875 142.5969341777001
19 2.0235 140.7307857599956
19.2 2.051 141.1574929546905
19.4 2.046 139.3616899786801
19.6 2.08 140.2318838654742
19.8 2.0955 139.849841874174
20 2.1585 142.6138033159392
20.2 2.16625 141.708764306508
20.4 2.21 143.153381446005
20.6 2.1595 138.5241496188115
20.8 2.21125 140.4798438117508
21 2.1695 136.5148400207067
21.2 2.21125 137.8292807209631
21.4 2.2195 137.0505809285728
21.6 2.26175 138.366307899787
21.8 2.27725 138.0364310082914
22 2.2635 135.9556694698037
22.2 2.3485 139.7903186386456
22.4 2.34075 138.0850045136275
22.6 2.32925 136.1906114634882
22.8 2.37575 137.6909497855653
23 2.40525 138.1884966112388
23.2 2.32975 132.6969192667759
23.4 2.416 136.4333607785199
23.6 2.43375 136.2710073380239
23.8 2.444 135.6949699757089
24 2.44875 134.8257087753479
24.2 2.512 137.1651471808129
24.4 2.54575 137.868620737516
24.6 2.60525 139.9438450327221
24.8 2.61975 139.5878676339348
25 2.69525 142.461840495635
25.2 2.7475 144.0710313270691
25.4 2.71975 141.4929409525519
25.6 2.775 143.2394111223547
25.8 2.77825 142.2954855106845
26 2.773 140.9340805028775
26.2 2.7775 140.0852085612256
26.4 2.81 140.6506999521937
26.6 2.78175 138.1897925404595
26.8 2.74375 135.284876122552
27 2.80875 137.4639521834073
27.2 2.80325 136.1859897755136
27.4 2.84925 137.4103667888926
27.6 2.86175 137.0131068070584
27.8 2.87125 136.4789639657471
28 2.87675 135.7636780466356
28.2 2.931 137.342900496969
28.4 2.91275 135.5265477162029
28.6 2.9685 137.1546464193004
28.8 3.02375 138.7371913933838
29 3.049 138.9309262691361
29.2 3.07925 139.3482770761678
29.4 3.159 141.9847824137927
29.6 3.18625 142.241931901975
29.8 3.1885 141.3870593930573
30 3.24275 142.8340392873946
30.2 3.225 141.111458531849
30.4 3.283 142.7042159779051
30.6 3.26575 141.0265928981269
30.8 3.30575 141.826960254285
31 3.3445 142.5637173933986
31.2 3.34025 141.4698468565142
31.4 3.29975 138.8643911101778
31.6 3.24525 135.7064784238503
31.8 3.15575 131.1338994189347
32 3.0495 125.9267990537285
32.2 2.8345 116.3215269112377
32.4 2.6155 106.6717006188108
32.6 2.2895 92.80311472032889
32.8 2.124 85.56973232400972
33 1.93575 77.51305122632282
33.2 1.77025 70.45892683173037
33.4 1.66025 65.68504879200268
33.6 1.5125 59.4833762189787
33.8 1.41575 55.34894850674051
34 1.29975 50.51500657043753
34.2 1.18675 45.85351563590994
34.4 1.0805 41.50551752747987
34.6 1.01 38.57312101212939
34.8 0.88575 33.63345029596788
35 0.80375 30.3453706383894
35.2 0.70975 26.64417285348829
35.4 0.594 22.17290966855983
35.6 0.53925 20.01610914730117
35.8 0.462 17.05290818084769
36 0.3735 13.70968922309817
36.2 0.278 10.14788951346945
36.4 0.2435 8.839691052096926
36.6 0.178 6.426557855583575
36.8 0.1055 3.788298095958242
37 0.06975000000000001 2.491047406867072
37.2 0.03775 1.340952890716299
37.4 0.02575 0.9097983312796282
37.6 0.014 0.4920165319748124
37.8 0.0035 0.1223533174752179
38 0.002 0.06954820151222914
38.2 0.00075 0.02594402805102788
