1000 259.000000 259.000000
2000 259.000000 259.000000
3000 259.000000 259.000000
4000 259.000000 259.000000
5000 259.000000 259.000000
6000 259.000000 259.000000
7000 259.000000 259.000000
8000 259.000000 259.000000
9000 259.000000 259.000000
10000 259.000000 259.000000
11000 259.000000 259.000000
12000 259.000000 259.000000
13000 259.000000 259.000000
14000 259.000000 259.000000
15000 259.000000 259.000000
16000 259.000000 259.000000
17000 259.000000 259.000000
18000 259.000000 259.000000
19000 259.000000 259.000000
20000 259.000000 259.000000
21000 259.000000 259.000000
22000 259.000000 259.000000
23000 259.000000 259.000000
24000 259.000000 259.000000
25000 259.000000 259.000000
26000 259.000000 259.000000
27000 259.000000 259.000000
28000 259.000000 259.000000
29000 259.000000 259.000000
30000 259.000000 259.000000
31000 259.000000 259.000000
32000 259.000000 259.000000
33000 259.000000 259.000000
34000 259.000000 259.000000
35000 259.000000 259.000000
36000 259.000000 259.000000
37000 259.000000 259.000000
38000 259.000000 259.000000
39000 259.000000 259.000000
40000 259.000000 259.000000
41000 259.000000 259.000000
42000 259.000000 259.000000
43000 259.000000 259.000000
44000 259.000000 259.000000
45000 259.000000 259.000000
46000 259.000000 259.000000
47000 259.000000 259.000000
48000 259.000000 259.000000
49000 259.000000 259.000000
50000 259.000000 259.000000
51000 259.000000 259.000000
52000 259.000000 259.000000
53000 259.000000 259.000000
54000 259.000000 259.000000
55000 259.000000 259.000000
56000 259.000000 259.000000
57000 259.000000 259.000000
58000 259.000000 259.000000
59000 259.000000 259.000000
60000 259.000000 259.000000
61000 259.000000 259.000000
62000 259.000000 259.000000
63000 259.000000 259.000000
64000 259.000000 259.000000
65000 259.000000 259.000000
66000 259.000000 259.000000
67000 259.000000 259.000000
68000 259.000000 259.000000
69000 259.000000 259.000000
70000 259.000000 259.000000
71000 259.000000 259.000000
72000 259.000000 259.000000
73000 259.000000 259.000000
74000 259.000000 259.000000
75000 259.000000 259.000000
76000 259.000000 259.000000
77000 259.000000 259.000000
78000 259.000000 259.000000
79000 259.000000 259.000000
80000 259.000000 259.000000
81000 259.000000 259.000000
82000 259.000000 259.000000
83000 259.000000 259.000000
84000 259.000000 259.000000
85000 259.000000 259.000000
86000 259.000000 259.000000
87000 259.000000 259.000000
88000 259.000000 259.000000
89000 259.000000 259.000000
90000 259.000000 259.000000
91000 259.000000 259.000000
92000 259.000000 259.000000
93000 259.000000 259.000000
94000 259.000000 259.000000
95000 259.000000 259.000000
96000 259.000000 259.000000
97000 259.000000 259.000000
98000 259.000000 259.000000
99000 259.000000 259.000000
100000 259.000000 259.000000
101000 259.000000 259.000000
102000 259.000000 259.000000
103000 259.000000 259.000000
104000 259.000000 259.000000
105000 259.000000 259.000000
106000 259.000000 259.000000
107000 259.000000 259.000000
108000 259.000000 259.000000
109000 259.000000 259.000000
110000 259.000000 259.000000
111000 259.000000 259.000000
112000 259.000000 259.000000
113000 259.000000 259.000000
114000 259.000000 259.000000
115000 259.000000 259.000000
116000 259.000000 259.000000
117000 259.000000 259.000000
118000 259.000000 259.000000
119000 259.000000 259.000000
120000 259.000000 259.000000
121000 260.000000 259.008264
122000 260.000000 259.016393
123000 260.000000 259.024390
124000 260.000000 259.032258
125000 260.000000 259.040000
126000 260.000000 259.047619
127000 260.000000 259.055118
128000 260.000000 259.062500
129000 260.000000 259.069767
130000 260.000000 259.076923
131000 260.000000 259.083969
132000 260.000000 259.090909
133000 260.000000 259.097744
134000 260.000000 259.104478
135000 260.000000 259.111111
136000 260.000000 259.117647
137000 260.000000 259.124088
138000 260.000000 259.130435
139000 260.000000 259.136691
140000 260.000000 259.142857
141000 260.000000 259.148936
142000 260.000000 259.154930
143000 260.000000 259.160839
144000 260.000000 259.166667
145000 260.000000 259.172414
146000 260.000000 259.178082
147000 260.000000 259.183673
148000 260.000000 259.189189
149000 260.000000 259.194631
150000 260.000000 259.200000
151000 260.000000 259.205298
152000 260.000000 259.210526
153000 260.000000 259.215686
154000 260.000000 259.220779
155000 260.000000 259.225806
156000 260.000000 259.230769
157000 260.000000 259.235669
158000 260.000000 259.240506
159000 260.000000 259.245283
160000 261.000000 259.256250
161000 261.000000 259.267081
162000 261.000000 259.277778
163000 261.000000 259.288344
164000 261.000000 259.298780
165000 261.000000 259.309091
166000 261.000000 259.319277
167000 261.000000 259.329341
168000 261.000000 259.339286
169000 261.000000 259.349112
170000 261.000000 259.358824
171000 262.000000 259.374269
172000 262.000000 259.389535
173000 262.000000 259.404624
174000 262.000000 259.419540
175000 262.000000 259.434286
176000 262.000000 259.448864
177000 262.000000 259.463277
178000 262.000000 259.477528
179000 262.000000 259.491620
180000 262.000000 259.505556
181000 262.000000 259.519337
182000 262.000000 259.532967
183000 262.000000 259.546448
184000 262.000000 259.559783
185000 262.000000 259.572973
186000 262.000000 259.586022
187000 262.000000 259.598930
188000 262.000000 259.611702
189000 262.000000 259.624339
190000 262.000000 259.636842
191000 262.000000 259.649215
192000 262.000000 259.661458
193000 262.000000 259.673575
194000 262.000000 259.685567
195000 262.000000 259.697436
196000 262.000000 259.709184
197000 262.000000 259.720812
198000 262.000000 259.732323
199000 262.000000 259.743719
200000 262.000000 259.755000
201000 262.000000 259.766169
202000 262.000000 259.777228
203000 262.000000 259.788177
204000 262.000000 259.799020
205000 262.000000 259.809756
206000 262.000000 259.820388
207000 262.000000 259.830918
208000 262.000000 259.841346
209000 262.000000 259.851675
210000 262.000000 259.861905
211000 262.000000 259.872038
212000 262.000000 259.882075
213000 262.000000 259.892019
214000 262.000000 259.901869
215000 262.000000 259.911628
216000 262.000000 259.921296
217000 262.000000 259.930876
218000 262.000000 259.940367
219000 262.000000 259.949772
220000 262.000000 259.959091
221000 262.000000 259.968326
222000 262.000000 259.977477
223000 262.000000 259.986547
224000 262.000000 259.995536
225000 262.000000 260.004444
226000 262.000000 260.013274
227000 262.000000 260.022026
228000 262.000000 260.030702
229000 262.000000 260.039301
230000 262.000000 260.047826
231000 262.000000 260.056277
232000 262.000000 260.064655
233000 262.000000 260.072961
234000 262.000000 260.081197
235000 262.000000 260.089362
236000 262.000000 260.097458
237000 262.000000 260.105485
238000 262.000000 260.113445
239000 262.000000 260.121339
240000 262.000000 260.129167
241000 262.000000 260.136929
242000 262.000000 260.144628
243000 262.000000 260.152263
244000 262.000000 260.159836
245000 262.000000 260.167347
246000 262.000000 260.174797
247000 262.000000 260.182186
248000 262.000000 260.189516
249000 262.000000 260.196787
250000 262.000000 260.204000
251000 262.000000 260.211155
252000 262.000000 260.218254
253000 262.000000 260.225296
254000 262.000000 260.232283
255000 262.000000 260.239216
256000 262.000000 260.246094
257000 262.000000 260.252918
258000 262.000000 260.259690
259000 262.000000 260.266409
260000 262.000000 260.273077
261000 262.000000 260.279693
262000 262.000000 260.286260
263000 262.000000 260.292776
264000 262.000000 260.299242
265000 262.000000 260.305660
266000 262.000000 260.312030
267000 262.000000 260.318352
268000 262.000000 260.324627
269000 262.000000 260.330855
270000 262.000000 260.337037
271000 262.000000 260.343173
272000 262.000000 260.349265
273000 262.000000 260.355311
274000 262.000000 260.361314
275000 262.000000 260.367273
276000 262.000000 260.373188
277000 262.000000 260.379061
278000 262.000000 260.384892
279000 262.000000 260.390681
280000 262.000000 260.396429
281000 262.000000 260.402135
282000 263.000000 260.411348
283000 264.000000 260.424028
284000 263.000000 260.433099
285000 263.000000 260.442105
286000 263.000000 260.451049
287000 263.000000 260.459930
288000 263.000000 260.468750
289000 263.000000 260.477509
290000 263.000000 260.486207
291000 263.000000 260.494845
292000 263.000000 260.503425
293000 263.000000 260.511945
294000 263.000000 260.520408
295000 263.000000 260.528814
296000 263.000000 260.537162
297000 263.000000 260.545455
298000 263.000000 260.553691
299000 263.000000 260.561873
300000 263.000000 260.570000
301000 263.000000 260.578073
302000 263.000000 260.586093
303000 263.000000 260.594059
304000 263.000000 260.601974
305000 263.000000 260.609836
306000 263.000000 260.617647
307000 263.000000 260.625407
308000 263.000000 260.633117
309000 263.000000 260.640777
310000 263.000000 260.648387
311000 263.000000 260.655949
312000 263.000000 260.663462
313000 263.000000 260.670927
314000 263.000000 260.678344
315000 263.000000 260.685714
316000 263.000000 260.693038
317000 263.000000 260.700315
318000 263.000000 260.707547
319000 263.000000 260.714734
320000 263.000000 260.721875
321000 263.000000 260.728972
322000 263.000000 260.736025
323000 263.000000 260.743034
324000 263.000000 260.750000
325000 263.000000 260.756923
326000 263.000000 260.763804
327000 263.000000 260.770642
328000 263.000000 260.777439
329000 263.000000 260.784195
330000 263.000000 260.790909
331000 263.000000 260.797583
332000 263.000000 260.804217
333000 263.000000 260.810811
334000 263.000000 260.817365
335000 263.000000 260.823881
336000 263.000000 260.830357
337000 263.000000 260.836795
338000 263.000000 260.843195
339000 263.000000 260.849558
340000 263.000000 260.855882
341000 263.000000 260.862170
342000 263.000000 260.868421
343000 263.000000 260.874636
344000 263.000000 260.880814
345000 263.000000 260.886957
346000 263.000000 260.893064
347000 263.000000 260.899135
348000 263.000000 260.905172
349000 263.000000 260.911175
350000 263.000000 260.917143
351000 263.000000 260.923077
352000 263.000000 260.928977
353000 263.000000 260.934844
354000 263.000000 260.940678
355000 263.000000 260.946479
356000 263.000000 260.952247
357000 263.000000 260.957983
358000 263.000000 260.963687
359000 263.000000 260.969359
360000 263.000000 260.975000
361000 263.000000 260.980609
362000 263.000000 260.986188
363000 263.000000 260.991736
364000 263.000000 260.997253
365000 263.000000 261.002740
366000 263.000000 261.008197
367000 263.000000 261.013624
368000 263.000000 261.019022
369000 263.000000 261.024390
370000 263.000000 261.029730
371000 263.000000 261.035040
372000 263.000000 261.040323
373000 263.000000 261.045576
374000 263.000000 261.050802
375000 263.000000 261.056000
376000 263.000000 261.061170
377000 263.000000 261.066313
378000 263.000000 261.071429
379000 263.000000 261.076517
380000 263.000000 261.081579
381000 263.000000 261.086614
382000 263.000000 261.091623
383000 263.000000 261.096606
384000 263.000000 261.101562
385000 263.000000 261.106494
386000 263.000000 261.111399
387000 263.000000 261.116279
388000 263.000000 261.121134
389000 263.000000 261.125964
390000 263.000000 261.130769
391000 263.000000 261.135550
392000 263.000000 261.140306
393000 263.000000 261.145038
394000 263.000000 261.149746
395000 263.000000 261.154430
396000 263.000000 261.159091
397000 263.000000 261.163728
398000 263.000000 261.168342
399000 263.000000 261.172932
400000 263.000000 261.177500
401000 263.000000 261.182045
402000 263.000000 261.186567
403000 263.000000 261.191067
404000 263.000000 261.195545
405000 263.000000 261.200000
406000 263.000000 261.204433
407000 263.000000 261.208845
408000 263.000000 261.213235
409000 263.000000 261.217604
410000 263.000000 261.221951
411000 263.000000 261.226277
412000 263.000000 261.230583
413000 263.000000 261.234867
414000 263.000000 261.239130
415000 263.000000 261.243373
416000 263.000000 261.247596
417000 263.000000 261.251799
418000 263.000000 261.255981
419000 263.000000 261.260143
420000 263.000000 261.264286
421000 263.000000 261.268409
422000 263.000000 261.272512
423000 263.000000 261.276596
424000 263.000000 261.280660
425000 263.000000 261.284706
426000 263.000000 261.288732
427000 263.000000 261.292740
428000 263.000000 261.296729
429000 263.000000 261.300699
430000 263.000000 261.304651
431000 263.000000 261.308585
432000 263.000000 261.312500
433000 263.000000 261.316397
434000 263.000000 261.320276
435000 263.000000 261.324138
436000 263.000000 261.327982
437000 263.000000 261.331808
438000 263.000000 261.335616
439000 263.000000 261.339408
440000 263.000000 261.343182
441000 263.000000 261.346939
442000 263.000000 261.350679
443000 263.000000 261.354402
444000 263.000000 261.358108
445000 263.000000 261.361798
446000 263.000000 261.365471
447000 263.000000 261.369128
448000 263.000000 261.372768
449000 263.000000 261.376392
450000 263.000000 261.380000
451000 263.000000 261.383592
452000 263.000000 261.387168
453000 263.000000 261.390728
454000 263.000000 261.394273
455000 263.000000 261.397802
456000 263.000000 261.401316
457000 263.000000 261.404814
458000 263.000000 261.408297
459000 263.000000 261.411765
460000 263.000000 261.415217
461000 263.000000 261.418655
462000 263.000000 261.422078
463000 263.000000 261.425486
464000 263.000000 261.428879
465000 263.000000 261.432258
466000 263.000000 261.435622
467000 263.000000 261.438972
468000 263.000000 261.442308
469000 263.000000 261.445629
470000 263.000000 261.448936
471000 263.000000 261.452229
472000 263.000000 261.455508
473000 263.000000 261.458774
474000 263.000000 261.462025
475000 263.000000 261.465263
476000 263.000000 261.468487
477000 263.000000 261.471698
478000 263.000000 261.474895
479000 263.000000 261.478079
480000 263.000000 261.481250
481000 263.000000 261.484407
482000 263.000000 261.487552
483000 263.000000 261.490683
484000 263.000000 261.493802
485000 263.000000 261.496907
486000 263.000000 261.500000
487000 263.000000 261.503080
488000 263.000000 261.506148
489000 263.000000 261.509202
490000 263.000000 261.512245
491000 263.000000 261.515275
492000 263.000000 261.518293
493000 263.000000 261.521298
494000 263.000000 261.524291
495000 263.000000 261.527273
496000 263.000000 261.530242
497000 263.000000 261.533199
498000 263.000000 261.536145
499000 263.000000 261.539078
500000 263.000000 261.542000
501000 263.000000 261.544910
502000 263.000000 261.547809
503000 263.000000 261.550696
504000 263.000000 261.553571
505000 263.000000 261.556436
506000 263.000000 261.559289
507000 263.000000 261.562130
508000 263.000000 261.564961
509000 263.000000 261.567780
510000 263.000000 261.570588
511000 263.000000 261.573386
512000 263.000000 261.576172
513000 263.000000 261.578947
514000 263.000000 261.581712
515000 263.000000 261.584466
516000 263.000000 261.587209
517000 263.000000 261.589942
518000 263.000000 261.592664
519000 263.000000 261.595376
520000 263.000000 261.598077
521000 263.000000 261.600768
522000 263.000000 261.603448
523000 263.000000 261.606119
524000 263.000000 261.608779
525000 263.000000 261.611429
526000 263.000000 261.614068
527000 263.000000 261.616698
528000 263.000000 261.619318
529000 263.000000 261.621928
530000 263.000000 261.624528
531000 263.000000 261.627119
532000 263.000000 261.629699
533000 263.000000 261.632270
534000 263.000000 261.634831
535000 263.000000 261.637383
536000 263.000000 261.639925
537000 263.000000 261.642458
538000 263.000000 261.644981
539000 263.000000 261.647495
540000 263.000000 261.650000
541000 263.000000 261.652495
542000 263.000000 261.654982
543000 263.000000 261.657459
544000 263.000000 261.659926
545000 263.000000 261.662385
546000 263.000000 261.664835
547000 263.000000 261.667276
548000 263.000000 261.669708
549000 263.000000 261.672131
550000 263.000000 261.674545
551000 263.000000 261.676951
552000 263.000000 261.679348
553000 263.000000 261.681736
554000 263.000000 261.684116
555000 263.000000 261.686486
556000 263.000000 261.688849
557000 263.000000 261.691203
558000 263.000000 261.693548
559000 263.000000 261.695886
560000 263.000000 261.698214
561000 263.000000 261.700535
562000 263.000000 261.702847
563000 263.000000 261.705151
564000 263.000000 261.707447
565000 263.000000 261.709735
566000 263.000000 261.712014
567000 263.000000 261.714286
568000 263.000000 261.716549
569000 263.000000 261.718805
570000 263.000000 261.721053
571000 263.000000 261.723292
572000 263.000000 261.725524
573000 263.000000 261.727749
574000 263.000000 261.729965
575000 263.000000 261.732174
576000 263.000000 261.734375
577000 263.000000 261.736568
578000 263.000000 261.738754
579000 263.000000 261.740933
580000 263.000000 261.743103
581000 263.000000 261.745267
582000 263.000000 261.747423
583000 263.000000 261.749571
584000 263.000000 261.751712
585000 263.000000 261.753846
586000 263.000000 261.755973
587000 263.000000 261.758092
588000 263.000000 261.760204
589000 263.000000 261.762309
590000 263.000000 261.764407
591000 263.000000 261.766497
592000 263.000000 261.768581
593000 263.000000 261.770658
594000 263.000000 261.772727
595000 263.000000 261.774790
596000 263.000000 261.776846
597000 263.000000 261.778894
598000 263.000000 261.780936
599000 263.000000 261.782972
600000 263.000000 261.785000
601000 263.000000 261.787022
602000 263.000000 261.789037
603000 263.000000 261.791045
604000 263.000000 261.793046
605000 263.000000 261.795041
606000 263.000000 261.797030
607000 263.000000 261.799012
608000 263.000000 261.800987
609000 263.000000 261.802956
610000 263.000000 261.804918
611000 263.000000 261.806874
612000 263.000000 261.808824
613000 263.000000 261.810767
614000 263.000000 261.812704
615000 263.000000 261.814634
616000 263.000000 261.816558
617000 263.000000 261.818476
618000 263.000000 261.820388
619000 263.000000 261.822294
620000 263.000000 261.824194
621000 263.000000 261.826087
622000 263.000000 261.827974
623000 263.000000 261.829856
624000 263.000000 261.831731
625000 263.000000 261.833600
626000 263.000000 261.835463
627000 263.000000 261.837321
628000 263.000000 261.839172
629000 263.000000 261.841017
630000 263.000000 261.842857
631000 263.000000 261.844691
632000 263.000000 261.846519
633000 263.000000 261.848341
634000 263.000000 261.850158
635000 263.000000 261.851969
636000 263.000000 261.853774
637000 263.000000 261.855573
638000 263.000000 261.857367
639000 263.000000 261.859155
640000 263.000000 261.860937
641000 263.000000 261.862715
642000 263.000000 261.864486
643000 263.000000 261.866252
644000 263.000000 261.868012
645000 263.000000 261.869767
646000 263.000000 261.871517
647000 263.000000 261.873261
648000 263.000000 261.875000
649000 263.000000 261.876733
650000 263.000000 261.878462
651000 263.000000 261.880184
652000 263.000000 261.881902
653000 263.000000 261.883614
654000 263.000000 261.885321
655000 263.000000 261.887023
656000 263.000000 261.888720
657000 263.000000 261.890411
658000 263.000000 261.892097
659000 263.000000 261.893778
660000 263.000000 261.895455
661000 263.000000 261.897126
662000 263.000000 261.898792
663000 263.000000 261.900452
664000 263.000000 261.902108
665000 263.000000 261.903759
666000 263.000000 261.905405
667000 263.000000 261.907046
668000 263.000000 261.908683
669000 263.000000 261.910314
670000 263.000000 261.911940
671000 263.000000 261.913562
672000 263.000000 261.915179
673000 263.000000 261.916790
674000 263.000000 261.918398
675000 263.000000 261.920000
676000 263.000000 261.921598
677000 263.000000 261.923191
678000 263.000000 261.924779
679000 263.000000 261.926362
680000 263.000000 261.927941
681000 263.000000 261.929515
682000 263.000000 261.931085
683000 263.000000 261.932650
684000 263.000000 261.934211
685000 263.000000 261.935766
686000 263.000000 261.937318
687000 263.000000 261.938865
688000 263.000000 261.940407
689000 263.000000 261.941945
690000 263.000000 261.943478
691000 263.000000 261.945007
692000 263.000000 261.946532
693000 263.000000 261.948052
694000 263.000000 261.949568
695000 263.000000 261.951079
696000 263.000000 261.952586
697000 263.000000 261.954089
698000 263.000000 261.955587
699000 263.000000 261.957082
700000 263.000000 261.958571
701000 263.000000 261.960057
702000 263.000000 261.961538
703000 263.000000 261.963016
704000 263.000000 261.964489
705000 263.000000 261.965957
706000 263.000000 261.967422
707000 263.000000 261.968883
708000 263.000000 261.970339
709000 263.000000 261.971791
710000 263.000000 261.973239
711000 263.000000 261.974684
712000 263.000000 261.976124
713000 263.000000 261.977560
714000 263.000000 261.978992
715000 263.000000 261.980420
716000 263.000000 261.981844
717000 263.000000 261.983264
718000 264.000000 261.986072
719000 264.000000 261.988873
720000 264.000000 261.991667
721000 263.000000 261.993065
722000 263.000000 261.994460
723000 263.000000 261.995851
724000 263.000000 261.997238
725000 263.000000 261.998621
726000 263.000000 262.000000
727000 263.000000 262.001376
728000 263.000000 262.002747
729000 263.000000 262.004115
730000 263.000000 262.005479
731000 263.000000 262.006840
732000 263.000000 262.008197
733000 263.000000 262.009550
734000 263.000000 262.010899
735000 263.000000 262.012245
736000 263.000000 262.013587
737000 263.000000 262.014925
738000 263.000000 262.016260
739000 263.000000 262.017591
740000 263.000000 262.018919
741000 263.000000 262.020243
742000 263.000000 262.021563
743000 263.000000 262.022880
744000 263.000000 262.024194
745000 263.000000 262.025503
746000 263.000000 262.026810
747000 263.000000 262.028112
748000 263.000000 262.029412
749000 263.000000 262.030708
750000 263.000000 262.032000
751000 263.000000 262.033289
752000 263.000000 262.034574
753000 263.000000 262.035857
754000 263.000000 262.037135
755000 263.000000 262.038411
756000 263.000000 262.039683
757000 263.000000 262.040951
758000 263.000000 262.042216
759000 263.000000 262.043478
760000 263.000000 262.044737
761000 263.000000 262.045992
762000 263.000000 262.047244
763000 263.000000 262.048493
764000 263.000000 262.049738
765000 263.000000 262.050980
766000 263.000000 262.052219
767000 263.000000 262.053455
768000 263.000000 262.054688
769000 263.000000 262.055917
770000 263.000000 262.057143
771000 263.000000 262.058366
772000 263.000000 262.059585
773000 263.000000 262.060802
774000 263.000000 262.062016
775000 263.000000 262.063226
776000 263.000000 262.064433
777000 263.000000 262.065637
778000 263.000000 262.066838
779000 263.000000 262.068036
780000 263.000000 262.069231
781000 263.000000 262.070423
782000 263.000000 262.071611
783000 263.000000 262.072797
784000 263.000000 262.073980
785000 263.000000 262.075159
786000 263.000000 262.076336
787000 263.000000 262.077510
788000 263.000000 262.078680
789000 263.000000 262.079848
790000 263.000000 262.081013
791000 263.000000 262.082174
792000 263.000000 262.083333
793000 263.000000 262.084489
794000 263.000000 262.085642
795000 263.000000 262.086792
796000 263.000000 262.087940
797000 263.000000 262.089084
798000 263.000000 262.090226
799000 263.000000 262.091364
800000 263.000000 262.092500
801000 263.000000 262.093633
802000 263.000000 262.094763
803000 263.000000 262.095890
804000 263.000000 262.097015
805000 263.000000 262.098137
806000 263.000000 262.099256
807000 263.000000 262.100372
808000 263.000000 262.101485
809000 263.000000 262.102596
810000 263.000000 262.103704
811000 263.000000 262.104809
812000 263.000000 262.105911
813000 263.000000 262.107011
814000 263.000000 262.108108
815000 263.000000 262.109202
816000 263.000000 262.110294
817000 263.000000 262.111383
818000 263.000000 262.112469
819000 263.000000 262.113553
820000 263.000000 262.114634
821000 262.000000 262.114495
822000 262.000000 262.114355
823000 262.000000 262.114216
824000 262.000000 262.114078
825000 262.000000 262.113939
826000 262.000000 262.113801
827000 262.000000 262.113664
828000 262.000000 262.113527
829000 262.000000 262.113390
830000 262.000000 262.113253
831000 262.000000 262.113117
832000 262.000000 262.112981
833000 262.000000 262.112845
834000 262.000000 262.112710
835000 262.000000 262.112575
836000 262.000000 262.112440
837000 262.000000 262.112306
838000 262.000000 262.112172
839000 262.000000 262.112038
840000 262.000000 262.111905
841000 262.000000 262.111772
842000 262.000000 262.111639
843000 262.000000 262.111507
844000 262.000000 262.111374
845000 262.000000 262.111243
846000 262.000000 262.111111
847000 262.000000 262.110980
848000 262.000000 262.110849
849000 262.000000 262.110718
850000 262.000000 262.110588
851000 262.000000 262.110458
852000 262.000000 262.110329
853000 262.000000 262.110199
854000 262.000000 262.110070
855000 262.000000 262.109942
856000 262.000000 262.109813
857000 262.000000 262.109685
858000 262.000000 262.109557
859000 262.000000 262.109430
860000 262.000000 262.109302
861000 262.000000 262.109175
862000 262.000000 262.109049
863000 262.000000 262.108922
864000 262.000000 262.108796
865000 262.000000 262.108671
866000 262.000000 262.108545
867000 262.000000 262.108420
868000 262.000000 262.108295
869000 262.000000 262.108170
870000 262.000000 262.108046
871000 262.000000 262.107922
872000 262.000000 262.107798
873000 262.000000 262.107675
874000 262.000000 262.107551
875000 262.000000 262.107429
876000 262.000000 262.107306
877000 262.000000 262.107184
878000 262.000000 262.107062
879000 262.000000 262.106940
880000 262.000000 262.106818
881000 262.000000 262.106697
882000 262.000000 262.106576
883000 262.000000 262.106455
884000 262.000000 262.106335
885000 262.000000 262.106215
886000 262.000000 262.106095
887000 262.000000 262.105975
888000 262.000000 262.105856
889000 262.000000 262.105737
890000 262.000000 262.105618
891000 262.000000 262.105499
892000 262.000000 262.105381
893000 262.000000 262.105263
894000 262.000000 262.105145
895000 262.000000 262.105028
896000 262.000000 262.104911
897000 262.000000 262.104794
898000 262.000000 262.104677
899000 262.000000 262.104561
900000 262.000000 262.104444
901000 262.000000 262.104329
902000 262.000000 262.104213
903000 262.000000 262.104097
904000 262.000000 262.103982
905000 262.000000 262.103867
906000 262.000000 262.103753
907000 262.000000 262.103638
908000 262.000000 262.103524
909000 262.000000 262.103410
910000 262.000000 262.103297
911000 262.000000 262.103183
912000 262.000000 262.103070
913000 262.000000 262.102957
914000 262.000000 262.102845
915000 262.000000 262.102732
916000 262.000000 262.102620
917000 262.000000 262.102508
918000 262.000000 262.102397
919000 262.000000 262.102285
920000 262.000000 262.102174
921000 262.000000 262.102063
922000 262.000000 262.101952
923000 262.000000 262.101842
924000 262.000000 262.101732
925000 262.000000 262.101622
926000 262.000000 262.101512
927000 262.000000 262.101402
928000 262.000000 262.101293
929000 262.000000 262.101184
930000 262.000000 262.101075
931000 262.000000 262.100967
932000 262.000000 262.100858
933000 262.000000 262.100750
934000 262.000000 262.100642
935000 262.000000 262.100535
936000 262.000000 262.100427
937000 262.000000 262.100320
938000 262.000000 262.100213
939000 262.000000 262.100106
940000 262.000000 262.100000
941000 262.000000 262.099894
942000 262.000000 262.099788
943000 262.000000 262.099682
944000 262.000000 262.099576
945000 262.000000 262.099471
946000 262.000000 262.099366
947000 262.000000 262.099261
948000 262.000000 262.099156
949000 262.000000 262.099052
950000 262.000000 262.098947
951000 262.000000 262.098843
952000 262.000000 262.098739
953000 262.000000 262.098636
954000 262.000000 262.098532
955000 262.000000 262.098429
956000 262.000000 262.098326
957000 262.000000 262.098224
958000 262.000000 262.098121
959000 262.000000 262.098019
960000 262.000000 262.097917
961000 262.000000 262.097815
962000 262.000000 262.097713
963000 262.000000 262.097612
964000 262.000000 262.097510
965000 262.000000 262.097409
966000 262.000000 262.097308
967000 262.000000 262.097208
968000 262.000000 262.097107
969000 262.000000 262.097007
970000 262.000000 262.096907
971000 262.000000 262.096807
972000 262.000000 262.096708
973000 262.000000 262.096608
974000 262.000000 262.096509
975000 262.000000 262.096410
976000 262.000000 262.096311
977000 262.000000 262.096213
978000 262.000000 262.096115
979000 262.000000 262.096016
980000 262.000000 262.095918
981000 262.000000 262.095821
982000 262.000000 262.095723
983000 262.000000 262.095626
984000 262.000000 262.095528
985000 262.000000 262.095431
986000 262.000000 262.095335
987000 262.000000 262.095238
988000 262.000000 262.095142
989000 262.000000 262.095046
990000 262.000000 262.094949
991000 262.000000 262.094854
992000 262.000000 262.094758
993000 262.000000 262.094663
994000 262.000000 262.094567
995000 262.000000 262.094472
996000 262.000000 262.094378
997000 262.000000 262.094283
998000 262.000000 262.094188
999000 262.000000 262.094094
1000000 262.000000 262.094000
1001000 262.000000 262.093906
1002000 262.000000 262.093812
1003000 262.000000 262.093719
1004000 262.000000 262.093625
1005000 262.000000 262.093532
1006000 262.000000 262.093439
1007000 262.000000 262.093347
1008000 262.000000 262.093254
1009000 262.000000 262.093162
1010000 262.000000 262.093069
1011000 262.000000 262.092977
1012000 262.000000 262.092885
1013000 262.000000 262.092794
1014000 262.000000 262.092702
1015000 262.000000 262.092611
1016000 262.000000 262.092520
1017000 262.000000 262.092429
1018000 262.000000 262.092338
1019000 262.000000 262.092247
1020000 262.000000 262.092157
1021000 262.000000 262.092067
1022000 262.000000 262.091977
1023000 262.000000 262.091887
1024000 262.000000 262.091797
1025000 262.000000 262.091707
1026000 262.000000 262.091618
1027000 262.000000 262.091529
1028000 262.000000 262.091440
1029000 262.000000 262.091351
1030000 262.000000 262.091262
1031000 262.000000 262.091174
1032000 262.000000 262.091085
1033000 262.000000 262.090997
1034000 262.000000 262.090909
1035000 262.000000 262.090821
1036000 262.000000 262.090734
1037000 262.000000 262.090646
1038000 262.000000 262.090559
1039000 262.000000 262.090472
1040000 262.000000 262.090385
1041000 262.000000 262.090298
1042000 262.000000 262.090211
1043000 262.000000 262.090125
1044000 262.000000 262.090038
1045000 262.000000 262.089952
1046000 262.000000 262.089866
1047000 262.000000 262.089780
1048000 262.000000 262.089695
1049000 262.000000 262.089609
1050000 262.000000 262.089524
1051000 262.000000 262.089439
1052000 262.000000 262.089354
1053000 262.000000 262.089269
1054000 262.000000 262.089184
1055000 262.000000 262.089100
1056000 262.000000 262.089015
1057000 262.000000 262.088931
1058000 262.000000 262.088847
1059000 262.000000 262.088763
1060000 262.000000 262.088679
1061000 262.000000 262.088596
1062000 262.000000 262.088512
1063000 262.000000 262.088429
1064000 262.000000 262.088346
1065000 262.000000 262.088263
1066000 262.000000 262.088180
1067000 262.000000 262.088097
1068000 262.000000 262.088015
1069000 262.000000 262.087933
1070000 262.000000 262.087850
1071000 262.000000 262.087768
1072000 262.000000 262.087687
1073000 262.000000 262.087605
1074000 262.000000 262.087523
1075000 262.000000 262.087442
1076000 262.000000 262.087361
1077000 262.000000 262.087279
1078000 262.000000 262.087199
1079000 262.000000 262.087118
1080000 262.000000 262.087037
1081000 262.000000 262.086957
1082000 262.000000 262.086876
1083000 262.000000 262.086796
1084000 262.000000 262.086716
1085000 262.000000 262.086636
1086000 262.000000 262.086556
1087000 262.000000 262.086477
1088000 262.000000 262.086397
1089000 262.000000 262.086318
1090000 262.000000 262.086239
1091000 262.000000 262.086159
1092000 262.000000 262.086081
1093000 262.000000 262.086002
1094000 262.000000 262.085923
1095000 262.000000 262.085845
1096000 262.000000 262.085766
1097000 262.000000 262.085688
1098000 262.000000 262.085610
1099000 262.000000 262.085532
1100000 262.000000 262.085455
1101000 262.000000 262.085377
1102000 262.000000 262.085299
1103000 262.000000 262.085222
1104000 262.000000 262.085145
1105000 262.000000 262.085068
1106000 262.000000 262.084991
1107000 262.000000 262.084914
1108000 262.000000 262.084838
1109000 262.000000 262.084761
1110000 262.000000 262.084685
1111000 262.000000 262.084608
1112000 262.000000 262.084532
1113000 262.000000 262.084456
1114000 262.000000 262.084381
1115000 262.000000 262.084305
1116000 262.000000 262.084229
1117000 262.000000 262.084154
1118000 262.000000 262.084079
1119000 262.000000 262.084004
1120000 262.000000 262.083929
1121000 262.000000 262.083854
1122000 262.000000 262.083779
1123000 262.000000 262.083704
1124000 262.000000 262.083630
1125000 262.000000 262.083556
1126000 262.000000 262.083481
1127000 262.000000 262.083407
1128000 262.000000 262.083333
1129000 262.000000 262.083260
1130000 262.000000 262.083186
1131000 262.000000 262.083112
1132000 262.000000 262.083039
1133000 262.000000 262.082966
1134000 262.000000 262.082892
1135000 262.000000 262.082819
1136000 262.000000 262.082746
1137000 262.000000 262.082674
1138000 262.000000 262.082601
1139000 262.000000 262.082529
1140000 262.000000 262.082456
1141000 262.000000 262.082384
1142000 262.000000 262.082312
1143000 262.000000 262.082240
1144000 262.000000 262.082168
1145000 262.000000 262.082096
1146000 262.000000 262.082024
1147000 262.000000 262.081953
1148000 262.000000 262.081882
1149000 262.000000 262.081810
1150000 262.000000 262.081739
1151000 262.000000 262.081668
1152000 262.000000 262.081597
1153000 262.000000 262.081526
1154000 262.000000 262.081456
1155000 262.000000 262.081385
1156000 262.000000 262.081315
1157000 262.000000 262.081245
1158000 262.000000 262.081174
1159000 262.000000 262.081104
1160000 262.000000 262.081034
1161000 262.000000 262.080965
1162000 262.000000 262.080895
1163000 262.000000 262.080825
1164000 262.000000 262.080756
1165000 262.000000 262.080687
1166000 262.000000 262.080617
1167000 262.000000 262.080548
1168000 262.000000 262.080479
1169000 262.000000 262.080411
1170000 262.000000 262.080342
1171000 262.000000 262.080273
1172000 262.000000 262.080205
1173000 262.000000 262.080136
1174000 262.000000 262.080068
1175000 262.000000 262.080000
1176000 262.000000 262.079932
1177000 262.000000 262.079864
1178000 262.000000 262.079796
1179000 262.000000 262.079729
1180000 262.000000 262.079661
1181000 262.000000 262.079594
1182000 262.000000 262.079526
1183000 262.000000 262.079459
1184000 262.000000 262.079392
1185000 262.000000 262.079325
1186000 262.000000 262.079258
1187000 262.000000 262.079191
1188000 262.000000 262.079125
1189000 262.000000 262.079058
1190000 262.000000 262.078992
1191000 262.000000 262.078925
1192000 262.000000 262.078859
1193000 262.000000 262.078793
1194000 262.000000 262.078727
1195000 262.000000 262.078661
1196000 262.000000 262.078595
1197000 262.000000 262.078530
1198000 262.000000 262.078464
1199000 262.000000 262.078399
1200000 262.000000 262.078333
1201000 262.000000 262.078268
1202000 262.000000 262.078203
1203000 262.000000 262.078138
1204000 262.000000 262.078073
1205000 262.000000 262.078008
1206000 262.000000 262.077944
1207000 262.000000 262.077879
1208000 262.000000 262.077815
1209000 262.000000 262.077750
1210000 262.000000 262.077686
1211000 262.000000 262.077622
1212000 262.000000 262.077558
1213000 262.000000 262.077494
1214000 262.000000 262.077430
1215000 262.000000 262.077366
1216000 262.000000 262.077303
1217000 262.000000 262.077239
1218000 262.000000 262.077176
1219000 262.000000 262.077112
1220000 262.000000 262.077049
1221000 262.000000 262.076986
1222000 262.000000 262.076923
1223000 262.000000 262.076860
1224000 262.000000 262.076797
1225000 262.000000 262.076735
1226000 262.000000 262.076672
1227000 262.000000 262.076610
1228000 262.000000 262.076547
1229000 262.000000 262.076485
1230000 262.000000 262.076423
1231000 262.000000 262.076361
1232000 262.000000 262.076299
1233000 262.000000 262.076237
1234000 262.000000 262.076175
1235000 262.000000 262.076113
1236000 262.000000 262.076052
1237000 262.000000 262.075990
1238000 262.000000 262.075929
1239000 262.000000 262.075868
1240000 262.000000 262.075806
1241000 262.000000 262.075745
1242000 262.000000 262.075684
1243000 262.000000 262.075623
1244000 262.000000 262.075563
1245000 262.000000 262.075502
1246000 262.000000 262.075441
1247000 262.000000 262.075381
1248000 262.000000 262.075321
1249000 262.000000 262.075260
1250000 262.000000 262.075200
1251000 262.000000 262.075140
1252000 262.000000 262.075080
1253000 262.000000 262.075020
1254000 262.000000 262.074960
1255000 262.000000 262.074900
1256000 262.000000 262.074841
1257000 262.000000 262.074781
1258000 262.000000 262.074722
1259000 262.000000 262.074662
1260000 262.000000 262.074603
1261000 262.000000 262.074544
1262000 262.000000 262.074485
1263000 262.000000 262.074426
1264000 262.000000 262.074367
1265000 262.000000 262.074308
1266000 262.000000 262.074250
1267000 262.000000 262.074191
1268000 262.000000 262.074132
1269000 262.000000 262.074074
1270000 262.000000 262.074016
1271000 262.000000 262.073958
1272000 262.000000 262.073899
1273000 262.000000 262.073841
1274000 262.000000 262.073783
1275000 262.000000 262.073725
1276000 262.000000 262.073668
1277000 262.000000 262.073610
1278000 262.000000 262.073552
1279000 262.000000 262.073495
1280000 262.000000 262.073438
1281000 262.000000 262.073380
1282000 262.000000 262.073323
1283000 262.000000 262.073266
1284000 262.000000 262.073209
1285000 262.000000 262.073152
1286000 262.000000 262.073095
1287000 262.000000 262.073038
1288000 262.000000 262.072981
1289000 262.000000 262.072925
1290000 262.000000 262.072868
1291000 262.000000 262.072812
1292000 262.000000 262.072755
1293000 262.000000 262.072699
1294000 262.000000 262.072643
1295000 262.000000 262.072587
1296000 262.000000 262.072531
1297000 262.000000 262.072475
1298000 262.000000 262.072419
1299000 262.000000 262.072363
1300000 262.000000 262.072308
1301000 262.000000 262.072252
1302000 262.000000 262.072197
1303000 262.000000 262.072141
1304000 262.000000 262.072086
1305000 262.000000 262.072031
1306000 262.000000 262.071975
1307000 262.000000 262.071920
1308000 262.000000 262.071865
1309000 262.000000 262.071811
1310000 262.000000 262.071756
1311000 262.000000 262.071701
1312000 262.000000 262.071646
1313000 262.000000 262.071592
1314000 262.000000 262.071537
1315000 262.000000 262.071483
1316000 262.000000 262.071429
1317000 262.000000 262.071374
1318000 262.000000 262.071320
1319000 262.000000 262.071266
1320000 262.000000 262.071212
1321000 262.000000 262.071158
1322000 262.000000 262.071104
1323000 262.000000 262.071051
1324000 262.000000 262.070997
1325000 262.000000 262.070943
1326000 262.000000 262.070890
1327000 262.000000 262.070836
1328000 262.000000 262.070783
1329000 262.000000 262.070730
1330000 262.000000 262.070677
1331000 262.000000 262.070624
1332000 262.000000 262.070571
1333000 262.000000 262.070518
1334000 262.000000 262.070465
1335000 262.000000 262.070412
1336000 262.000000 262.070359
1337000 262.000000 262.070307
1338000 262.000000 262.070254
1339000 262.000000 262.070202
1340000 262.000000 262.070149
1341000 262.000000 262.070097
1342000 262.000000 262.070045
1343000 262.000000 262.069993
1344000 262.000000 262.069940
1345000 262.000000 262.069888
1346000 262.000000 262.069837
1347000 262.000000 262.069785
1348000 262.000000 262.069733
1349000 262.000000 262.069681
1350000 262.000000 262.069630
1351000 262.000000 262.069578
1352000 262.000000 262.069527
1353000 262.000000 262.069475
1354000 262.000000 262.069424
1355000 262.000000 262.069373
1356000 262.000000 262.069322
1357000 262.000000 262.069270
1358000 262.000000 262.069219
1359000 262.000000 262.069169
1360000 262.000000 262.069118
1361000 262.000000 262.069067
1362000 262.000000 262.069016
1363000 262.000000 262.068966
1364000 262.000000 262.068915
1365000 262.000000 262.068864
1366000 262.000000 262.068814
1367000 262.000000 262.068764
1368000 262.000000 262.068713
1369000 262.000000 262.068663
1370000 262.000000 262.068613
1371000 262.000000 262.068563
1372000 262.000000 262.068513
1373000 262.000000 262.068463
1374000 262.000000 262.068413
1375000 262.000000 262.068364
1376000 262.000000 262.068314
1377000 262.000000 262.068264
1378000 262.000000 262.068215
1379000 262.000000 262.068165
1380000 262.000000 262.068116
1381000 262.000000 262.068067
1382000 262.000000 262.068017
1383000 262.000000 262.067968
1384000 262.000000 262.067919
1385000 262.000000 262.067870
1386000 262.000000 262.067821
1387000 262.000000 262.067772
1388000 262.000000 262.067723
1389000 262.000000 262.067675
1390000 262.000000 262.067626
1391000 262.000000 262.067577
1392000 262.000000 262.067529
1393000 262.000000 262.067480
1394000 262.000000 262.067432
1395000 262.000000 262.067384
1396000 262.000000 262.067335
1397000 262.000000 262.067287
1398000 262.000000 262.067239
1399000 262.000000 262.067191
1400000 262.000000 262.067143
1401000 262.000000 262.067095
1402000 262.000000 262.067047
1403000 262.000000 262.066999
1404000 262.000000 262.066952
1405000 262.000000 262.066904
1406000 262.000000 262.066856
1407000 262.000000 262.066809
1408000 262.000000 262.066761
1409000 262.000000 262.066714
1410000 262.000000 262.066667
1411000 262.000000 262.066619
1412000 262.000000 262.066572
1413000 262.000000 262.066525
1414000 262.000000 262.066478
1415000 262.000000 262.066431
1416000 262.000000 262.066384
1417000 262.000000 262.066337
1418000 262.000000 262.066291
1419000 262.000000 262.066244
1420000 262.000000 262.066197
1421000 262.000000 262.066151
1422000 262.000000 262.066104
1423000 262.000000 262.066058
1424000 262.000000 262.066011
1425000 262.000000 262.065965
1426000 262.000000 262.065919
1427000 262.000000 262.065872
1428000 262.000000 262.065826
1429000 262.000000 262.065780
1430000 262.000000 262.065734
1431000 262.000000 262.065688
1432000 262.000000 262.065642
1433000 262.000000 262.065597
1434000 262.000000 262.065551
1435000 262.000000 262.065505
1436000 262.000000 262.065460
1437000 262.000000 262.065414
1438000 262.000000 262.065369
1439000 262.000000 262.065323
1440000 262.000000 262.065278
1441000 262.000000 262.065232
1442000 262.000000 262.065187
1443000 262.000000 262.065142
1444000 262.000000 262.065097
1445000 262.000000 262.065052
1446000 262.000000 262.065007
1447000 262.000000 262.064962
1448000 262.000000 262.064917
1449000 262.000000 262.064872
1450000 262.000000 262.064828
1451000 262.000000 262.064783
1452000 262.000000 262.064738
1453000 262.000000 262.064694
1454000 262.000000 262.064649
1455000 262.000000 262.064605
1456000 262.000000 262.064560
1457000 262.000000 262.064516
1458000 262.000000 262.064472
1459000 262.000000 262.064428
1460000 262.000000 262.064384
1461000 262.000000 262.064339
1462000 262.000000 262.064295
1463000 262.000000 262.064252
1464000 262.000000 262.064208
1465000 262.000000 262.064164
1466000 262.000000 262.064120
1467000 262.000000 262.064076
1468000 262.000000 262.064033
1469000 262.000000 262.063989
1470000 262.000000 262.063946
1471000 262.000000 262.063902
1472000 262.000000 262.063859
1473000 262.000000 262.063815
1474000 262.000000 262.063772
1475000 262.000000 262.063729
1476000 262.000000 262.063686
1477000 262.000000 262.063643
1478000 262.000000 262.063599
1479000 262.000000 262.063556
1480000 262.000000 262.063514
1481000 262.000000 262.063471
1482000 262.000000 262.063428
1483000 262.000000 262.063385
1484000 262.000000 262.063342
1485000 262.000000 262.063300
1486000 262.000000 262.063257
1487000 262.000000 262.063215
1488000 262.000000 262.063172
1489000 262.000000 262.063130
1490000 262.000000 262.063087
1491000 262.000000 262.063045
1492000 262.000000 262.063003
1493000 262.000000 262.062960
1494000 262.000000 262.062918
1495000 262.000000 262.062876
1496000 262.000000 262.062834
1497000 262.000000 262.062792
1498000 262.000000 262.062750
1499000 262.000000 262.062708
1500000 262.000000 262.062667
1501000 262.000000 262.062625
1502000 262.000000 262.062583
1503000 262.000000 262.062542
1504000 262.000000 262.062500
1505000 262.000000 262.062458
1506000 262.000000 262.062417
1507000 262.000000 262.062376
1508000 262.000000 262.062334
1509000 262.000000 262.062293
1510000 262.000000 262.062252
1511000 262.000000 262.062210
1512000 262.000000 262.062169
1513000 262.000000 262.062128
1514000 262.000000 262.062087
1515000 262.000000 262.062046
1516000 262.000000 262.062005
1517000 262.000000 262.061964
1518000 262.000000 262.061924
1519000 262.000000 262.061883
1520000 262.000000 262.061842
1521000 262.000000 262.061801
1522000 262.000000 262.061761
1523000 262.000000 262.061720
1524000 262.000000 262.061680
1525000 262.000000 262.061639
1526000 262.000000 262.061599
1527000 262.000000 262.061559
1528000 262.000000 262.061518
1529000 262.000000 262.061478
1530000 262.000000 262.061438
1531000 262.000000 262.061398
1532000 262.000000 262.061358
1533000 262.000000 262.061318
1534000 262.000000 262.061278
1535000 262.000000 262.061238
1536000 262.000000 262.061198
1537000 262.000000 262.061158
1538000 262.000000 262.061118
1539000 262.000000 262.061079
1540000 262.000000 262.061039
1541000 262.000000 262.060999
1542000 262.000000 262.060960
1543000 262.000000 262.060920
1544000 262.000000 262.060881
1545000 262.000000 262.060841
1546000 262.000000 262.060802
1547000 262.000000 262.060763
1548000 262.000000 262.060724
1549000 262.000000 262.060684
1550000 262.000000 262.060645
1551000 262.000000 262.060606
1552000 262.000000 262.060567
1553000 262.000000 262.060528
1554000 262.000000 262.060489
1555000 262.000000 262.060450
1556000 262.000000 262.060411
1557000 262.000000 262.060373
1558000 262.000000 262.060334
1559000 262.000000 262.060295
1560000 262.000000 262.060256
1561000 262.000000 262.060218
1562000 262.000000 262.060179
1563000 262.000000 262.060141
1564000 262.000000 262.060102
1565000 262.000000 262.060064
1566000 262.000000 262.060026
1567000 262.000000 262.059987
1568000 262.000000 262.059949
1569000 262.000000 262.059911
1570000 262.000000 262.059873
1571000 262.000000 262.059835
1572000 262.000000 262.059796
1573000 262.000000 262.059758
1574000 262.000000 262.059720
1575000 262.000000 262.059683
1576000 262.000000 262.059645
1577000 262.000000 262.059607
1578000 262.000000 262.059569
1579000 262.000000 262.059531
1580000 262.000000 262.059494
1581000 262.000000 262.059456
1582000 262.000000 262.059418
1583000 262.000000 262.059381
1584000 262.000000 262.059343
1585000 262.000000 262.059306
1586000 262.000000 262.059269
1587000 262.000000 262.059231
1588000 262.000000 262.059194
1589000 262.000000 262.059157
1590000 262.000000 262.059119
1591000 262.000000 262.059082
1592000 262.000000 262.059045
1593000 262.000000 262.059008
1594000 262.000000 262.058971
1595000 262.000000 262.058934
1596000 262.000000 262.058897
1597000 262.000000 262.058860
1598000 262.000000 262.058824
1599000 262.000000 262.058787
1600000 262.000000 262.058750
1601000 262.000000 262.058713
1602000 262.000000 262.058677
1603000 262.000000 262.058640
1604000 262.000000 262.058603
1605000 262.000000 262.058567
1606000 262.000000 262.058531
1607000 262.000000 262.058494
1608000 262.000000 262.058458
1609000 262.000000 262.058421
1610000 262.000000 262.058385
1611000 262.000000 262.058349
1612000 262.000000 262.058313
1613000 262.000000 262.058277
1614000 262.000000 262.058240
1615000 262.000000 262.058204
1616000 262.000000 262.058168
1617000 262.000000 262.058132
1618000 262.000000 262.058096
1619000 262.000000 262.058061
1620000 262.000000 262.058025
1621000 262.000000 262.057989
1622000 262.000000 262.057953
1623000 262.000000 262.057917
1624000 262.000000 262.057882
1625000 262.000000 262.057846
1626000 262.000000 262.057811
1627000 262.000000 262.057775
1628000 262.000000 262.057740
1629000 262.000000 262.057704
1630000 262.000000 262.057669
1631000 262.000000 262.057633
1632000 262.000000 262.057598
1633000 262.000000 262.057563
1634000 262.000000 262.057528
1635000 262.000000 262.057492
1636000 262.000000 262.057457
1637000 262.000000 262.057422
1638000 262.000000 262.057387
1639000 262.000000 262.057352
1640000 262.000000 262.057317
1641000 262.000000 262.057282
1642000 262.000000 262.057247
1643000 262.000000 262.057212
1644000 262.000000 262.057178
1645000 262.000000 262.057143
1646000 262.000000 262.057108
1647000 262.000000 262.057073
1648000 262.000000 262.057039
1649000 262.000000 262.057004
1650000 262.000000 262.056970
1651000 262.000000 262.056935
1652000 262.000000 262.056901
1653000 262.000000 262.056866
1654000 262.000000 262.056832
1655000 262.000000 262.056798
1656000 262.000000 262.056763
1657000 262.000000 262.056729
1658000 262.000000 262.056695
1659000 262.000000 262.056661
1660000 262.000000 262.056627
1661000 262.000000 262.056592
1662000 262.000000 262.056558
1663000 262.000000 262.056524
1664000 262.000000 262.056490
1665000 262.000000 262.056456
1666000 262.000000 262.056423
1667000 262.000000 262.056389
1668000 262.000000 262.056355
1669000 262.000000 262.056321
1670000 262.000000 262.056287
1671000 262.000000 262.056254
1672000 262.000000 262.056220
1673000 262.000000 262.056186
1674000 262.000000 262.056153
1675000 262.000000 262.056119
1676000 262.000000 262.056086
1677000 262.000000 262.056052
1678000 262.000000 262.056019
1679000 262.000000 262.055986
1680000 262.000000 262.055952
1681000 262.000000 262.055919
1682000 262.000000 262.055886
1683000 262.000000 262.055853
1684000 262.000000 262.055819
1685000 262.000000 262.055786
1686000 262.000000 262.055753
1687000 262.000000 262.055720
1688000 262.000000 262.055687
1689000 262.000000 262.055654
1690000 262.000000 262.055621
1691000 262.000000 262.055588
1692000 262.000000 262.055556
1693000 262.000000 262.055523
1694000 262.000000 262.055490
1695000 262.000000 262.055457
1696000 262.000000 262.055425
1697000 262.000000 262.055392
1698000 262.000000 262.055359
1699000 262.000000 262.055327
1700000 262.000000 262.055294
1701000 262.000000 262.055262
1702000 262.000000 262.055229
1703000 262.000000 262.055197
1704000 262.000000 262.055164
1705000 262.000000 262.055132
1706000 262.000000 262.055100
1707000 262.000000 262.055067
1708000 262.000000 262.055035
1709000 262.000000 262.055003
1710000 262.000000 262.054971
1711000 262.000000 262.054939
1712000 262.000000 262.054907
1713000 262.000000 262.054874
1714000 262.000000 262.054842
1715000 262.000000 262.054810
1716000 262.000000 262.054779
1717000 262.000000 262.054747
1718000 262.000000 262.054715
1719000 262.000000 262.054683
1720000 262.000000 262.054651
1721000 262.000000 262.054619
1722000 262.000000 262.054588
1723000 262.000000 262.054556
1724000 262.000000 262.054524
1725000 262.000000 262.054493
1726000 262.000000 262.054461
1727000 262.000000 262.054430
1728000 262.000000 262.054398
1729000 263.000000 262.054945
1730000 263.000000 262.055491
1731000 263.000000 262.056037
1732000 263.000000 262.056582
1733000 263.000000 262.057126
1734000 263.000000 262.057670
1735000 263.000000 262.058213
1736000 263.000000 262.058756
1737000 263.000000 262.059298
1738000 263.000000 262.059839
1739000 263.000000 262.060380
1740000 263.000000 262.060920
1741000 263.000000 262.061459
1742000 263.000000 262.061998
1743000 263.000000 262.062536
1744000 263.000000 262.063073
1745000 263.000000 262.063610
1746000 263.000000 262.064147
1747000 263.000000 262.064682
1748000 263.000000 262.065217
1749000 263.000000 262.065752
1750000 263.000000 262.066286
1751000 263.000000 262.066819
1752000 263.000000 262.067352
1753000 263.000000 262.067884
1754000 263.000000 262.068415
1755000 263.000000 262.068946
1756000 263.000000 262.069476
1757000 263.000000 262.070006
1758000 263.000000 262.070535
1759000 263.000000 262.071063
1760000 263.000000 262.071591
1761000 263.000000 262.072118
1762000 263.000000 262.072645
1763000 263.000000 262.073171
1764000 263.000000 262.073696
1765000 263.000000 262.074221
1766000 263.000000 262.074745
1767000 263.000000 262.075269
1768000 263.000000 262.075792
1769000 263.000000 262.076314
1770000 263.000000 262.076836
1771000 263.000000 262.077357
1772000 263.000000 262.077878
1773000 263.000000 262.078398
1774000 263.000000 262.078918
1775000 263.000000 262.079437
1776000 263.000000 262.079955
1777000 263.000000 262.080473
1778000 263.000000 262.080990
1779000 263.000000 262.081506
1780000 263.000000 262.082022
1781000 263.000000 262.082538
1782000 263.000000 262.083053
1783000 263.000000 262.083567
1784000 263.000000 262.084081
1785000 263.000000 262.084594
1786000 263.000000 262.085106
1787000 263.000000 262.085618
1788000 263.000000 262.086130
1789000 263.000000 262.086641
1790000 264.000000 262.087709
1791000 264.000000 262.088777
1792000 264.000000 262.089844
1793000 264.000000 262.090909
1794000 264.000000 262.091973
1795000 264.000000 262.093036
1796000 264.000000 262.094098
1797000 264.000000 262.095159
1798000 264.000000 262.096218
1799000 264.000000 262.097276
1800000 264.000000 262.098333
1801000 264.000000 262.099389
1802000 264.000000 262.100444
1803000 264.000000 262.101498
1804000 264.000000 262.102550
1805000 264.000000 262.103601
1806000 264.000000 262.104651
1807000 264.000000 262.105700
1808000 264.000000 262.106748
1809000 264.000000 262.107794
1810000 264.000000 262.108840
1811000 264.000000 262.109884
1812000 264.000000 262.110927
1813000 264.000000 262.111969
1814000 264.000000 262.113010
1815000 264.000000 262.114050
1816000 264.000000 262.115088
1817000 264.000000 262.116125
1818000 264.000000 262.117162
1819000 264.000000 262.118197
1820000 264.000000 262.119231
1821000 264.000000 262.120264
1822000 264.000000 262.121295
1823000 264.000000 262.122326
1824000 264.000000 262.123355
1825000 264.000000 262.124384
1826000 264.000000 262.125411
1827000 264.000000 262.126437
1828000 264.000000 262.127462
1829000 264.000000 262.128486
1830000 264.000000 262.129508
1831000 264.000000 262.130530
1832000 264.000000 262.131550
1833000 264.000000 262.132570
1834000 264.000000 262.133588
1835000 264.000000 262.134605
1836000 264.000000 262.135621
1837000 264.000000 262.136636
1838000 264.000000 262.137650
1839000 264.000000 262.138662
1840000 264.000000 262.139674
1841000 264.000000 262.140684
1842000 264.000000 262.141694
1843000 264.000000 262.142702
1844000 264.000000 262.143709
1845000 264.000000 262.144715
1846000 264.000000 262.145720
1847000 264.000000 262.146724
1848000 264.000000 262.147727
1849000 264.000000 262.148729
1850000 264.000000 262.149730
1851000 264.000000 262.150729
1852000 264.000000 262.151728
1853000 264.000000 262.152725
1854000 264.000000 262.153722
1855000 264.000000 262.154717
1856000 264.000000 262.155711
1857000 264.000000 262.156704
1858000 264.000000 262.157696
1859000 264.000000 262.158687
1860000 264.000000 262.159677
1861000 264.000000 262.160666
1862000 264.000000 262.161654
1863000 264.000000 262.162641
1864000 264.000000 262.163627
1865000 264.000000 262.164611
1866000 264.000000 262.165595
1867000 264.000000 262.166577
1868000 264.000000 262.167559
1869000 264.000000 262.168539
1870000 264.000000 262.169519
1871000 264.000000 262.170497
1872000 264.000000 262.171474
1873000 264.000000 262.172451
1874000 264.000000 262.173426
1875000 264.000000 262.174400
1876000 264.000000 262.175373
1877000 264.000000 262.176345
1878000 264.000000 262.177316
1879000 264.000000 262.178286
1880000 264.000000 262.179255
1881000 264.000000 262.180223
1882000 264.000000 262.181190
1883000 264.000000 262.182156
1884000 264.000000 262.183121
1885000 264.000000 262.184085
1886000 264.000000 262.185048
1887000 264.000000 262.186010
1888000 264.000000 262.186970
1889000 264.000000 262.187930
1890000 264.000000 262.188889
1891000 264.000000 262.189847
1892000 264.000000 262.190803
1893000 264.000000 262.191759
1894000 264.000000 262.192714
1895000 264.000000 262.193668
1896000 264.000000 262.194620
1897000 264.000000 262.195572
1898000 264.000000 262.196523
1899000 264.000000 262.197472
1900000 264.000000 262.198421
1901000 264.000000 262.199369
1902000 264.000000 262.200315
1903000 264.000000 262.201261
1904000 264.000000 262.202206
1905000 264.000000 262.203150
1906000 264.000000 262.204092
1907000 264.000000 262.205034
1908000 264.000000 262.205975
1909000 264.000000 262.206915
1910000 264.000000 262.207853
1911000 264.000000 262.208791
1912000 264.000000 262.209728
1913000 264.000000 262.210664
1914000 264.000000 262.211599
1915000 264.000000 262.212533
1916000 264.000000 262.213466
1917000 264.000000 262.214397
1918000 264.000000 262.215328
1919000 264.000000 262.216258
1920000 264.000000 262.217188
1921000 264.000000 262.218116
1922000 264.000000 262.219043
1923000 264.000000 262.219969
1924000 264.000000 262.220894
1925000 264.000000 262.221818
1926000 264.000000 262.222741
1927000 264.000000 262.223664
1928000 264.000000 262.224585
1929000 264.000000 262.225505
1930000 264.000000 262.226425
1931000 264.000000 262.227343
1932000 264.000000 262.228261
1933000 264.000000 262.229177
1934000 264.000000 262.230093
1935000 264.000000 262.231008
1936000 264.000000 262.231921
1937000 264.000000 262.232834
1938000 264.000000 262.233746
1939000 264.000000 262.234657
1940000 264.000000 262.235567
1941000 264.000000 262.236476
1942000 264.000000 262.237384
1943000 264.000000 262.238291
1944000 264.000000 262.239198
1945000 264.000000 262.240103
1946000 264.000000 262.241007
1947000 264.000000 262.241911
1948000 264.000000 262.242813
1949000 264.000000 262.243715
1950000 264.000000 262.244615
1951000 264.000000 262.245515
1952000 264.000000 262.246414
1953000 264.000000 262.247312
1954000 264.000000 262.248209
1955000 264.000000 262.249105
1956000 264.000000 262.250000
1957000 264.000000 262.250894
1958000 264.000000 262.251788
1959000 264.000000 262.252680
1960000 264.000000 262.253571
1961000 264.000000 262.254462
1962000 264.000000 262.255352
1963000 264.000000 262.256240
1964000 264.000000 262.257128
1965000 264.000000 262.258015
1966000 264.000000 262.258901
1967000 264.000000 262.259786
1968000 264.000000 262.260671
1969000 264.000000 262.261554
1970000 264.000000 262.262437
1971000 264.000000 262.263318
1972000 264.000000 262.264199
1973000 264.000000 262.265079
1974000 264.000000 262.265957
1975000 264.000000 262.266835
1976000 264.000000 262.267713
1977000 264.000000 262.268589
1978000 264.000000 262.269464
1979000 264.000000 262.270339
1980000 264.000000 262.271212
1981000 264.000000 262.272085
1982000 264.000000 262.272957
1983000 264.000000 262.273828
1984000 264.000000 262.274698
1985000 264.000000 262.275567
1986000 264.000000 262.276435
1987000 264.000000 262.277302
1988000 264.000000 262.278169
1989000 264.000000 262.279035
1990000 264.000000 262.279899
1991000 264.000000 262.280763
1992000 264.000000 262.281627
1993000 264.000000 262.282489
1994000 264.000000 262.283350
1995000 264.000000 262.284211
1996000 264.000000 262.285070
1997000 264.000000 262.285929
1998000 264.000000 262.286787
1999000 264.000000 262.287644
2000000 264.000000 262.288500
2001000 264.000000 262.289355
2002000 264.000000 262.290210
2003000 264.000000 262.291063
2004000 264.000000 262.291916
2005000 264.000000 262.292768
2006000 264.000000 262.293619
2007000 264.000000 262.294469
2008000 264.000000 262.295319
2009000 264.000000 262.296167
2010000 264.000000 262.297015
2011000 264.000000 262.297862
2012000 264.000000 262.298708
2013000 264.000000 262.299553
2014000 264.000000 262.300397
2015000 264.000000 262.301241
2016000 264.000000 262.302083
2017000 264.000000 262.302925
2018000 264.000000 262.303766
2019000 264.000000 262.304606
2020000 264.000000 262.305446
2021000 264.000000 262.306284
2022000 264.000000 262.307122
2023000 264.000000 262.307958
2024000 264.000000 262.308794
2025000 264.000000 262.309630
2026000 264.000000 262.310464
2027000 264.000000 262.311297
2028000 264.000000 262.312130
2029000 264.000000 262.312962
2030000 264.000000 262.313793
2031000 264.000000 262.314623
2032000 264.000000 262.315453
2033000 264.000000 262.316281
2034000 264.000000 262.317109
2035000 264.000000 262.317936
2036000 264.000000 262.318762
2037000 264.000000 262.319588
2038000 264.000000 262.320412
2039000 264.000000 262.321236
2040000 264.000000 262.322059
2041000 264.000000 262.322881
2042000 264.000000 262.323702
2043000 264.000000 262.324523
2044000 264.000000 262.325342
2045000 264.000000 262.326161
2046000 264.000000 262.326979
2047000 264.000000 262.327797
2048000 264.000000 262.328613
2049000 264.000000 262.329429
2050000 264.000000 262.330244
2051000 264.000000 262.331058
2052000 264.000000 262.331871
2053000 264.000000 262.332684
2054000 264.000000 262.333496
2055000 264.000000 262.334307
2056000 264.000000 262.335117
2057000 264.000000 262.335926
2058000 264.000000 262.336735
2059000 264.000000 262.337542
2060000 264.000000 262.338350
2061000 264.000000 262.339156
2062000 264.000000 262.339961
2063000 264.000000 262.340766
2064000 264.000000 262.341570
2065000 264.000000 262.342373
2066000 264.000000 262.343175
2067000 264.000000 262.343977
2068000 264.000000 262.344778
2069000 264.000000 262.345578
2070000 264.000000 262.346377
2071000 264.000000 262.347175
2072000 264.000000 262.347973
2073000 264.000000 262.348770
2074000 264.000000 262.349566
2075000 264.000000 262.350361
2076000 264.000000 262.351156
2077000 264.000000 262.351950
2078000 264.000000 262.352743
2079000 264.000000 262.353535
2080000 264.000000 262.354327
2081000 264.000000 262.355118
2082000 264.000000 262.355908
2083000 264.000000 262.356697
2084000 264.000000 262.357486
2085000 264.000000 262.358273
2086000 264.000000 262.359060
2087000 264.000000 262.359847
2088000 264.000000 262.360632
2089000 264.000000 262.361417
2090000 264.000000 262.362201
2091000 264.000000 262.362984
2092000 264.000000 262.363767
2093000 264.000000 262.364548
2094000 264.000000 262.365330
2095000 264.000000 262.366110
2096000 264.000000 262.366889
2097000 264.000000 262.367668
2098000 264.000000 262.368446
2099000 264.000000 262.369223
2100000 264.000000 262.370000
2101000 264.000000 262.370776
2102000 264.000000 262.371551
2103000 264.000000 262.372325
2104000 264.000000 262.373099
2105000 264.000000 262.373872
2106000 264.000000 262.374644
2107000 264.000000 262.375415
2108000 264.000000 262.376186
2109000 264.000000 262.376956
2110000 264.000000 262.377725
2111000 264.000000 262.378494
2112000 264.000000 262.379261
2113000 264.000000 262.380028
2114000 264.000000 262.380795
2115000 264.000000 262.381560
2116000 264.000000 262.382325
2117000 264.000000 262.383089
2118000 264.000000 262.383853
2119000 264.000000 262.384615
2120000 264.000000 262.385377
2121000 264.000000 262.386139
2122000 264.000000 262.386899
2123000 264.000000 262.387659
2124000 264.000000 262.388418
2125000 264.000000 262.389176
2126000 264.000000 262.389934
2127000 264.000000 262.390691
2128000 264.000000 262.391447
2129000 264.000000 262.392203
2130000 264.000000 262.392958
2131000 264.000000 262.393712
2132000 264.000000 262.394465
2133000 264.000000 262.395218
2134000 264.000000 262.395970
2135000 264.000000 262.396721
2136000 264.000000 262.397472
2137000 264.000000 262.398222
2138000 265.000000 262.399439
2139000 265.000000 262.400655
2140000 265.000000 262.401869
2141000 265.000000 262.403083
2142000 265.000000 262.404295
2143000 265.000000 262.405506
2144000 265.000000 262.406716
2145000 265.000000 262.407925
2146000 265.000000 262.409133
2147000 265.000000 262.410340
2148000 265.000000 262.411546
2149000 265.000000 262.412750
2150000 265.000000 262.413953
2151000 265.000000 262.415156
2152000 265.000000 262.416357
2153000 265.000000 262.417557
2154000 265.000000 262.418756
2155000 265.000000 262.419954
2156000 265.000000 262.421150
2157000 265.000000 262.422346
2158000 265.000000 262.423540
2159000 265.000000 262.424734
2160000 265.000000 262.425926
2161000 265.000000 262.427117
2162000 265.000000 262.428307
2163000 265.000000 262.429496
2164000 265.000000 262.430684
2165000 265.000000 262.431871
2166000 265.000000 262.433056
2167000 265.000000 262.434241
2168000 265.000000 262.435424
2169000 265.000000 262.436607
2170000 265.000000 262.437788
2171000 265.000000 262.438968
2172000 265.000000 262.440147
2173000 265.000000 262.441325
2174000 265.000000 262.442502
2175000 265.000000 262.443678
2176000 265.000000 262.444853
2177000 265.000000 262.446027
2178000 265.000000 262.447199
2179000 265.000000 262.448371
2180000 265.000000 262.449541
2181000 265.000000 262.450711
2182000 265.000000 262.451879
2183000 265.000000 262.453046
2184000 265.000000 262.454212
2185000 265.000000 262.455378
2186000 265.000000 262.456542
2187000 265.000000 262.457705
2188000 265.000000 262.458867
2189000 265.000000 262.460027
2190000 265.000000 262.461187
2191000 265.000000 262.462346
2192000 265.000000 262.463504
2193000 265.000000 262.464660
2194000 265.000000 262.465816
2195000 265.000000 262.466970
2196000 265.000000 262.468124
2197000 265.000000 262.469276
2198000 265.000000 262.470428
2199000 265.000000 262.471578
2200000 265.000000 262.472727
2201000 265.000000 262.473876
2202000 265.000000 262.475023
2203000 265.000000 262.476169
2204000 265.000000 262.477314
2205000 265.000000 262.478458
2206000 265.000000 262.479601
2207000 265.000000 262.480743
2208000 265.000000 262.481884
2209000 265.000000 262.483024
2210000 265.000000 262.484163
2211000 265.000000 262.485301
2212000 265.000000 262.486438
2213000 265.000000 262.487573
2214000 265.000000 262.488708
2215000 265.000000 262.489842
2216000 265.000000 262.490975
2217000 265.000000 262.492106
2218000 265.000000 262.493237
2219000 265.000000 262.494367
2220000 265.000000 262.495495
2221000 265.000000 262.496623
2222000 265.000000 262.497750
2223000 265.000000 262.498875
2224000 265.000000 262.500000
2225000 265.000000 262.501124
2226000 265.000000 262.502246
2227000 265.000000 262.503368
2228000 265.000000 262.504488
2229000 265.000000 262.505608
2230000 265.000000 262.506726
2231000 265.000000 262.507844
2232000 265.000000 262.508961
2233000 265.000000 262.510076
2234000 265.000000 262.511191
2235000 265.000000 262.512304
2236000 265.000000 262.513417
2237000 265.000000 262.514528
2238000 265.000000 262.515639
2239000 265.000000 262.516749
2240000 265.000000 262.517857
2241000 265.000000 262.518965
2242000 265.000000 262.520071
2243000 265.000000 262.521177
2244000 265.000000 262.522282
2245000 265.000000 262.523385
2246000 265.000000 262.524488
2247000 265.000000 262.525590
2248000 265.000000 262.526690
2249000 265.000000 262.527790
2250000 265.000000 262.528889
2251000 265.000000 262.529987
2252000 265.000000 262.531083
2253000 265.000000 262.532179
2254000 265.000000 262.533274
2255000 265.000000 262.534368
2256000 265.000000 262.535461
2257000 265.000000 262.536553
2258000 265.000000 262.537644
2259000 265.000000 262.538734
2260000 265.000000 262.539823
2261000 265.000000 262.540911
2262000 265.000000 262.541998
2263000 265.000000 262.543084
2264000 265.000000 262.544170
2265000 265.000000 262.545254
2266000 265.000000 262.546337
2267000 265.000000 262.547419
2268000 265.000000 262.548501
2269000 265.000000 262.549581
2270000 265.000000 262.550661
2271000 265.000000 262.551739
2272000 265.000000 262.552817
2273000 265.000000 262.553894
2274000 265.000000 262.554969
2275000 265.000000 262.556044
2276000 265.000000 262.557118
2277000 265.000000 262.558191
2278000 265.000000 262.559263
2279000 265.000000 262.560333
2280000 265.000000 262.561404
2281000 265.000000 262.562473
2282000 265.000000 262.563541
2283000 265.000000 262.564608
2284000 265.000000 262.565674
2285000 265.000000 262.566740
2286000 265.000000 262.567804
2287000 265.000000 262.568868
2288000 265.000000 262.569930
2289000 265.000000 262.570992
2290000 265.000000 262.572052
2291000 265.000000 262.573112
2292000 265.000000 262.574171
2293000 265.000000 262.575229
2294000 265.000000 262.576286
2295000 265.000000 262.577342
2296000 265.000000 262.578397
2297000 265.000000 262.579451
2298000 265.000000 262.580505
2299000 265.000000 262.581557
2300000 265.000000 262.582609
2301000 265.000000 262.583659
2302000 265.000000 262.584709
2303000 265.000000 262.585758
2304000 265.000000 262.586806
2305000 265.000000 262.587852
2306000 265.000000 262.588899
2307000 265.000000 262.589944
2308000 265.000000 262.590988
2309000 265.000000 262.592031
2310000 265.000000 262.593074
2311000 265.000000 262.594115
2312000 265.000000 262.595156
2313000 265.000000 262.596195
2314000 265.000000 262.597234
2315000 264.000000 262.597840
2316000 264.000000 262.598446
2317000 264.000000 262.599050
2318000 264.000000 262.599655
2319000 264.000000 262.600259
2320000 264.000000 262.600862
2321000 264.000000 262.601465
2322000 264.000000 262.602067
2323000 264.000000 262.602669
2324000 264.000000 262.603270
2325000 264.000000 262.603871
2326000 264.000000 262.604471
2327000 264.000000 262.605071
2328000 264.000000 262.605670
2329000 264.000000 262.606269
2330000 264.000000 262.606867
2331000 264.000000 262.607465
2332000 264.000000 262.608062
2333000 264.000000 262.608658
2334000 264.000000 262.609254
2335000 264.000000 262.609850
2336000 264.000000 262.610445
2337000 264.000000 262.611040
2338000 264.000000 262.611634
2339000 264.000000 262.612227
2340000 264.000000 262.612821
2341000 264.000000 262.613413
2342000 264.000000 262.614005
2343000 264.000000 262.614597
2344000 264.000000 262.615188
2345000 264.000000 262.615778
2346000 264.000000 262.616368
2347000 264.000000 262.616958
2348000 264.000000 262.617547
2349000 264.000000 262.618135
2350000 264.000000 262.618723
2351000 264.000000 262.619311
2352000 264.000000 262.619898
2353000 264.000000 262.620484
2354000 264.000000 262.621071
2355000 264.000000 262.621656
2356000 264.000000 262.622241
2357000 264.000000 262.622826
2358000 264.000000 262.623410
2359000 264.000000 262.623993
2360000 264.000000 262.624576
2361000 264.000000 262.625159
2362000 264.000000 262.625741
2363000 264.000000 262.626322
2364000 264.000000 262.626904
2365000 264.000000 262.627484
2366000 264.000000 262.628064
2367000 264.000000 262.628644
2368000 264.000000 262.629223
2369000 264.000000 262.629802
2370000 264.000000 262.630380
2371000 264.000000 262.630957
2372000 264.000000 262.631535
2373000 264.000000 262.632111
2374000 264.000000 262.632687
2375000 264.000000 262.633263
2376000 264.000000 262.633838
2377000 264.000000 262.634413
2378000 264.000000 262.634987
2379000 264.000000 262.635561
2380000 264.000000 262.636134
2381000 264.000000 262.636707
2382000 264.000000 262.637280
2383000 264.000000 262.637851
2384000 264.000000 262.638423
2385000 264.000000 262.638994
2386000 264.000000 262.639564
2387000 264.000000 262.640134
2388000 264.000000 262.640704
2389000 264.000000 262.641272
2390000 264.000000 262.641841
2391000 264.000000 262.642409
2392000 264.000000 262.642977
2393000 264.000000 262.643544
2394000 264.000000 262.644110
2395000 264.000000 262.644676
2396000 264.000000 262.645242
2397000 264.000000 262.645807
2398000 264.000000 262.646372
2399000 264.000000 262.646936
2400000 264.000000 262.647500
2401000 264.000000 262.648063
2402000 264.000000 262.648626
2403000 264.000000 262.649189
2404000 264.000000 262.649750
2405000 264.000000 262.650312
2406000 264.000000 262.650873
2407000 264.000000 262.651433
2408000 264.000000 262.651993
2409000 264.000000 262.652553
2410000 264.000000 262.653112
2411000 264.000000 262.653671
2412000 264.000000 262.654229
2413000 264.000000 262.654787
2414000 264.000000 262.655344
2415000 264.000000 262.655901
2416000 264.000000 262.656457
2417000 264.000000 262.657013
2418000 264.000000 262.657568
2419000 264.000000 262.658123
2420000 264.000000 262.658678
2421000 264.000000 262.659232
2422000 264.000000 262.659785
2423000 264.000000 262.660338
2424000 264.000000 262.660891
2425000 264.000000 262.661443
2426000 264.000000 262.661995
2427000 264.000000 262.662546
2428000 264.000000 262.663097
2429000 264.000000 262.663648
2430000 264.000000 262.664198
2431000 264.000000 262.664747
2432000 264.000000 262.665296
2433000 264.000000 262.665845
2434000 264.000000 262.666393
2435000 264.000000 262.666940
2436000 264.000000 262.667488
2437000 264.000000 262.668034
2438000 264.000000 262.668581
2439000 264.000000 262.669127
2440000 264.000000 262.669672
2441000 264.000000 262.670217
2442000 264.000000 262.670762
2443000 264.000000 262.671306
2444000 264.000000 262.671849
2445000 264.000000 262.672393
2446000 264.000000 262.672935
2447000 264.000000 262.673478
2448000 264.000000 262.674020
2449000 264.000000 262.674561
2450000 264.000000 262.675102
2451000 264.000000 262.675643
2452000 264.000000 262.676183
2453000 264.000000 262.676722
2454000 264.000000 262.677262
2455000 264.000000 262.677800
2456000 264.000000 262.678339
2457000 264.000000 262.678877
2458000 264.000000 262.679414
2459000 264.000000 262.679951
2460000 264.000000 262.680488
2461000 264.000000 262.681024
2462000 264.000000 262.681560
2463000 264.000000 262.682095
2464000 264.000000 262.682630
2465000 264.000000 262.683164
2466000 264.000000 262.683698
2467000 264.000000 262.684232
2468000 264.000000 262.684765
2469000 264.000000 262.685298
2470000 264.000000 262.685830
2471000 264.000000 262.686362
2472000 264.000000 262.686893
2473000 264.000000 262.687424
2474000 264.000000 262.687955
2475000 264.000000 262.688485
2476000 264.000000 262.689015
2477000 264.000000 262.689544
2478000 264.000000 262.690073
2479000 264.000000 262.690601
2480000 264.000000 262.691129
2481000 264.000000 262.691657
2482000 264.000000 262.692184
2483000 264.000000 262.692710
2484000 264.000000 262.693237
2485000 264.000000 262.693763
2486000 264.000000 262.694288
2487000 264.000000 262.694813
2488000 264.000000 262.695338
2489000 264.000000 262.695862
2490000 264.000000 262.696386
2491000 264.000000 262.696909
2492000 264.000000 262.697432
2493000 264.000000 262.697954
2494000 264.000000 262.698476
2495000 264.000000 262.698998
2496000 264.000000 262.699519
2497000 264.000000 262.700040
2498000 265.000000 262.700961
2499000 265.000000 262.701881
2500000 265.000000 262.702800
2501000 265.000000 262.703719
2502000 265.000000 262.704636
2503000 265.000000 262.705553
2504000 265.000000 262.706470
2505000 265.000000 262.707385
2506000 265.000000 262.708300
2507000 265.000000 262.709214
2508000 265.000000 262.710128
2509000 265.000000 262.711040
2510000 265.000000 262.711952
2511000 265.000000 262.712863
2512000 265.000000 262.713774
2513000 265.000000 262.714684
2514000 265.000000 262.715593
2515000 265.000000 262.716501
2516000 265.000000 262.717409
2517000 265.000000 262.718315
2518000 265.000000 262.719222
2519000 265.000000 262.720127
2520000 265.000000 262.721032
2521000 265.000000 262.721936
2522000 265.000000 262.722839
2523000 265.000000 262.723742
2524000 266.000000 262.725040
2525000 266.000000 262.726337
2526000 266.000000 262.727633
2527000 266.000000 262.728928
2528000 266.000000 262.730222
2529000 266.000000 262.731514
2530000 266.000000 262.732806
2531000 266.000000 262.734097
2532000 266.000000 262.735387
2533000 266.000000 262.736676
2534000 266.000000 262.737964
2535000 266.000000 262.739250
2536000 266.000000 262.740536
2537000 266.000000 262.741821
2538000 266.000000 262.743105
2539000 266.000000 262.744388
2540000 266.000000 262.745669
2541000 266.000000 262.746950
2542000 266.000000 262.748230
2543000 266.000000 262.749508
2544000 266.000000 262.750786
2545000 266.000000 262.752063
2546000 266.000000 262.753339
2547000 266.000000 262.754613
2548000 266.000000 262.755887
2549000 266.000000 262.757160
2550000 266.000000 262.758431
2551000 266.000000 262.759702
2552000 266.000000 262.760972
2553000 266.000000 262.762241
2554000 266.000000 262.763508
2555000 266.000000 262.764775
2556000 266.000000 262.766041
2557000 266.000000 262.767305
2558000 266.000000 262.768569
2559000 266.000000 262.769832
2560000 266.000000 262.771094
2561000 266.000000 262.772355
2562000 266.000000 262.773614
2563000 266.000000 262.774873
2564000 266.000000 262.776131
2565000 266.000000 262.777388
2566000 266.000000 262.778644
2567000 266.000000 262.779899
2568000 266.000000 262.781153
2569000 266.000000 262.782406
2570000 266.000000 262.783658
2571000 266.000000 262.784909
2572000 266.000000 262.786159
2573000 266.000000 262.787408
2574000 266.000000 262.788656
2575000 266.000000 262.789903
2576000 266.000000 262.791149
2577000 266.000000 262.792394
2578000 266.000000 262.793638
2579000 266.000000 262.794882
2580000 266.000000 262.796124
2581000 266.000000 262.797365
2582000 266.000000 262.798606
2583000 266.000000 262.799845
2584000 266.000000 262.801084
2585000 266.000000 262.802321
2586000 266.000000 262.803558
2587000 266.000000 262.804793
2588000 266.000000 262.806028
2589000 266.000000 262.807261
2590000 266.000000 262.808494
2591000 266.000000 262.809726
2592000 266.000000 262.810957
2593000 266.000000 262.812187
2594000 266.000000 262.813416
2595000 266.000000 262.814644
2596000 266.000000 262.815871
2597000 266.000000 262.817097
2598000 266.000000 262.818322
2599000 266.000000 262.819546
2600000 266.000000 262.820769
2601000 266.000000 262.821992
2602000 266.000000 262.823213
2603000 266.000000 262.824433
2604000 266.000000 262.825653
2605000 266.000000 262.826871
2606000 266.000000 262.828089
2607000 266.000000 262.829306
2608000 266.000000 262.830521
2609000 266.000000 262.831736
2610000 266.000000 262.832950
2611000 266.000000 262.834163
2612000 266.000000 262.835375
2613000 266.000000 262.836586
2614000 266.000000 262.837796
2615000 266.000000 262.839006
2616000 266.000000 262.840214
2617000 266.000000 262.841421
2618000 266.000000 262.842628
2619000 266.000000 262.843834
2620000 266.000000 262.845038
2621000 266.000000 262.846242
2622000 266.000000 262.847445
2623000 266.000000 262.848647
2624000 266.000000 262.849848
2625000 266.000000 262.851048
2626000 266.000000 262.852247
2627000 266.000000 262.853445
2628000 266.000000 262.854642
2629000 266.000000 262.855839
2630000 266.000000 262.857034
2631000 266.000000 262.858229
2632000 266.000000 262.859422
2633000 266.000000 262.860615
2634000 266.000000 262.861807
2635000 266.000000 262.862998
2636000 266.000000 262.864188
2637000 266.000000 262.865377
2638000 266.000000 262.866566
2639000 266.000000 262.867753
2640000 266.000000 262.868939
2641000 266.000000 262.870125
2642000 266.000000 262.871310
2643000 266.000000 262.872493
2644000 266.000000 262.873676
2645000 266.000000 262.874858
2646000 266.000000 262.876039
2647000 266.000000 262.877219
2648000 266.000000 262.878399
2649000 266.000000 262.879577
2650000 266.000000 262.880755
2651000 266.000000 262.881931
2652000 266.000000 262.883107
2653000 266.000000 262.884282
2654000 266.000000 262.885456
2655000 266.000000 262.886629
2656000 266.000000 262.887801
2657000 266.000000 262.888973
2658000 266.000000 262.890143
2659000 266.000000 262.891313
2660000 266.000000 262.892481
2661000 266.000000 262.893649
2662000 266.000000 262.894816
2663000 266.000000 262.895982
2664000 266.000000 262.897147
2665000 266.000000 262.898311
2666000 266.000000 262.899475
2667000 266.000000 262.900637
2668000 266.000000 262.901799
2669000 266.000000 262.902960
2670000 266.000000 262.904120
2671000 266.000000 262.905279
2672000 266.000000 262.906437
2673000 266.000000 262.907594
2674000 266.000000 262.908751
2675000 266.000000 262.909907
2676000 266.000000 262.911061
2677000 266.000000 262.912215
2678000 266.000000 262.913368
2679000 266.000000 262.914520
2680000 266.000000 262.915672
2681000 266.000000 262.916822
2682000 266.000000 262.917972
2683000 266.000000 262.919120
2684000 266.000000 262.920268
2685000 266.000000 262.921415
2686000 266.000000 262.922561
2687000 266.000000 262.923707
2688000 266.000000 262.924851
2689000 266.000000 262.925995
2690000 266.000000 262.927138
2691000 266.000000 262.928279
2692000 266.000000 262.929421
2693000 266.000000 262.930561
2694000 266.000000 262.931700
2695000 266.000000 262.932839
2696000 266.000000 262.933976
2697000 266.000000 262.935113
2698000 266.000000 262.936249
2699000 266.000000 262.937384
2700000 266.000000 262.938519
2701000 266.000000 262.939652
2702000 266.000000 262.940785
2703000 266.000000 262.941916
2704000 266.000000 262.943047
2705000 266.000000 262.944177
2706000 266.000000 262.945307
2707000 266.000000 262.946435
2708000 266.000000 262.947563
2709000 266.000000 262.948690
2710000 266.000000 262.949815
2711000 266.000000 262.950941
2712000 266.000000 262.952065
2713000 266.000000 262.953188
2714000 266.000000 262.954311
2715000 266.000000 262.955433
2716000 266.000000 262.956554
2717000 266.000000 262.957674
2718000 266.000000 262.958793
2719000 266.000000 262.959912
2720000 266.000000 262.961029
2721000 266.000000 262.962146
2722000 266.000000 262.963262
2723000 266.000000 262.964378
2724000 266.000000 262.965492
2725000 266.000000 262.966606
2726000 266.000000 262.967718
2727000 266.000000 262.968830
2728000 266.000000 262.969941
2729000 266.000000 262.971052
2730000 266.000000 262.972161
2731000 266.000000 262.973270
2732000 266.000000 262.974378
2733000 266.000000 262.975485
2734000 266.000000 262.976591
2735000 266.000000 262.977697
2736000 266.000000 262.978801
2737000 266.000000 262.979905
2738000 266.000000 262.981008
2739000 266.000000 262.982110
2740000 266.000000 262.983212
2741000 266.000000 262.984312
2742000 266.000000 262.985412
2743000 266.000000 262.986511
2744000 266.000000 262.987609
2745000 266.000000 262.988707
2746000 266.000000 262.989803
2747000 266.000000 262.990899
2748000 266.000000 262.991994
2749000 266.000000 262.993088
2750000 266.000000 262.994182
2751000 266.000000 262.995274
2752000 266.000000 262.996366
2753000 266.000000 262.997457
2754000 266.000000 262.998548
2755000 266.000000 262.999637
2756000 266.000000 263.000726
2757000 266.000000 263.001814
2758000 266.000000 263.002901
2759000 266.000000 263.003987
2760000 266.000000 263.005072
2761000 266.000000 263.006157
2762000 266.000000 263.007241
2763000 266.000000 263.008324
2764000 266.000000 263.009407
2765000 266.000000 263.010488
2766000 266.000000 263.011569
2767000 266.000000 263.012649
2768000 266.000000 263.013728
2769000 266.000000 263.014807
2770000 266.000000 263.015884
2771000 266.000000 263.016961
2772000 266.000000 263.018038
2773000 266.000000 263.019113
2774000 266.000000 263.020187
2775000 266.000000 263.021261
2776000 266.000000 263.022334
2777000 266.000000 263.023407
2778000 266.000000 263.024478
2779000 266.000000 263.025549
2780000 266.000000 263.026619
2781000 266.000000 263.027688
2782000 267.000000 263.029116
2783000 267.000000 263.030543
2784000 267.000000 263.031968
2785000 267.000000 263.033393
2786000 267.000000 263.034817
2787000 267.000000 263.036240
2788000 267.000000 263.037661
2789000 267.000000 263.039082
2790000 267.000000 263.040502
2791000 267.000000 263.041920
2792000 267.000000 263.043338
2793000 267.000000 263.044755
2794000 267.000000 263.046170
2795000 267.000000 263.047585
2796000 267.000000 263.048999
2797000 267.000000 263.050411
2798000 267.000000 263.051823
2799000 267.000000 263.053233
2800000 267.000000 263.054643
2801000 267.000000 263.056051
2802000 267.000000 263.057459
2803000 267.000000 263.058866
2804000 267.000000 263.060271
2805000 267.000000 263.061676
2806000 267.000000 263.063079
2807000 267.000000 263.064482
2808000 267.000000 263.065883
2809000 267.000000 263.067284
2810000 267.000000 263.068683
2811000 267.000000 263.070082
2812000 267.000000 263.071479
2813000 267.000000 263.072876
2814000 267.000000 263.074271
2815000 267.000000 263.075666
2816000 267.000000 263.077060
2817000 267.000000 263.078452
2818000 267.000000 263.079844
2819000 267.000000 263.081234
2820000 267.000000 263.082624
2821000 267.000000 263.084013
2822000 267.000000 263.085400
2823000 267.000000 263.086787
2824000 267.000000 263.088173
2825000 267.000000 263.089558
2826000 267.000000 263.090941
2827000 267.000000 263.092324
2828000 267.000000 263.093706
2829000 267.000000 263.095087
2830000 267.000000 263.096466
2831000 267.000000 263.097845
2832000 267.000000 263.099223
2833000 267.000000 263.100600
2834000 267.000000 263.101976
2835000 267.000000 263.103351
2836000 267.000000 263.104725
2837000 267.000000 263.106098
2838000 267.000000 263.107470
2839000 267.000000 263.108841
2840000 267.000000 263.110211
2841000 267.000000 263.111580
2842000 267.000000 263.112949
2843000 267.000000 263.114316
2844000 267.000000 263.115682
2845000 267.000000 263.117047
2846000 267.000000 263.118412
2847000 267.000000 263.119775
2848000 267.000000 263.121138
2849000 267.000000 263.122499
2850000 267.000000 263.123860
2851000 267.000000 263.125219
2852000 267.000000 263.126578
2853000 267.000000 263.127936
2854000 267.000000 263.129292
2855000 267.000000 263.130648
2856000 267.000000 263.132003
2857000 267.000000 263.133357
2858000 267.000000 263.134710
2859000 267.000000 263.136062
2860000 267.000000 263.137413
2861000 267.000000 263.138763
2862000 267.000000 263.140112
2863000 267.000000 263.141460
2864000 267.000000 263.142807
2865000 267.000000 263.144154
2866000 267.000000 263.145499
2867000 267.000000 263.146843
2868000 267.000000 263.148187
2869000 267.000000 263.149529
2870000 267.000000 263.150871
2871000 267.000000 263.152212
2872000 267.000000 263.153552
2873000 267.000000 263.154890
2874000 267.000000 263.156228
2875000 267.000000 263.157565
2876000 267.000000 263.158901
2877000 267.000000 263.160236
2878000 267.000000 263.161571
2879000 267.000000 263.162904
2880000 267.000000 263.164236
2881000 267.000000 263.165568
2882000 267.000000 263.166898
2883000 267.000000 263.168228
2884000 267.000000 263.169556
2885000 267.000000 263.170884
2886000 267.000000 263.172211
2887000 267.000000 263.173537
2888000 267.000000 263.174861
2889000 267.000000 263.176186
2890000 267.000000 263.177509
2891000 267.000000 263.178831
2892000 267.000000 263.180152
2893000 267.000000 263.181473
2894000 267.000000 263.182792
2895000 267.000000 263.184111
2896000 267.000000 263.185428
2897000 267.000000 263.186745
2898000 267.000000 263.188061
2899000 267.000000 263.189376
2900000 267.000000 263.190690
2901000 267.000000 263.192003
2902000 267.000000 263.193315
2903000 267.000000 263.194626
2904000 267.000000 263.195937
2905000 267.000000 263.197246
2906000 267.000000 263.198555
2907000 267.000000 263.199862
2908000 267.000000 263.201169
2909000 267.000000 263.202475
2910000 267.000000 263.203780
2911000 267.000000 263.205084
2912000 267.000000 263.206387
2913000 267.000000 263.207690
2914000 267.000000 263.208991
2915000 267.000000 263.210292
2916000 267.000000 263.211591
2917000 267.000000 263.212890
2918000 267.000000 263.214188
2919000 267.000000 263.215485
2920000 267.000000 263.216781
2921000 267.000000 263.218076
2922000 267.000000 263.219370
2923000 267.000000 263.220664
2924000 267.000000 263.221956
2925000 267.000000 263.223248
2926000 267.000000 263.224539
2927000 267.000000 263.225828
2928000 267.000000 263.227117
2929000 267.000000 263.228406
2930000 267.000000 263.229693
2931000 267.000000 263.230979
2932000 267.000000 263.232265
2933000 267.000000 263.233549
2934000 267.000000 263.234833
2935000 267.000000 263.236116
2936000 267.000000 263.237398
2937000 267.000000 263.238679
2938000 267.000000 263.239959
2939000 267.000000 263.241239
2940000 267.000000 263.242517
2941000 267.000000 263.243795
2942000 267.000000 263.245071
2943000 267.000000 263.246347
2944000 267.000000 263.247622
2945000 267.000000 263.248896
2946000 267.000000 263.250170
2947000 267.000000 263.251442
2948000 267.000000 263.252714
2949000 267.000000 263.253984
2950000 267.000000 263.255254
2951000 267.000000 263.256523
2952000 267.000000 263.257791
2953000 267.000000 263.259059
2954000 267.000000 263.260325
2955000 267.000000 263.261591
2956000 267.000000 263.262855
2957000 267.000000 263.264119
2958000 267.000000 263.265382
2959000 267.000000 263.266644
2960000 267.000000 263.267905
2961000 267.000000 263.269166
2962000 267.000000 263.270425
2963000 267.000000 263.271684
2964000 267.000000 263.272942
2965000 267.000000 263.274199
2966000 267.000000 263.275455
2967000 267.000000 263.276710
2968000 267.000000 263.277965
2969000 267.000000 263.279219
2970000 267.000000 263.280471
2971000 267.000000 263.281723
2972000 267.000000 263.282974
2973000 267.000000 263.284225
2974000 267.000000 263.285474
2975000 267.000000 263.286723
2976000 267.000000 263.287970
2977000 267.000000 263.289217
2978000 267.000000 263.290463
2979000 267.000000 263.291709
2980000 267.000000 263.292953
2981000 267.000000 263.294197
2982000 267.000000 263.295439
2983000 267.000000 263.296681
2984000 267.000000 263.297922
2985000 267.000000 263.299162
2986000 267.000000 263.300402
2987000 267.000000 263.301640
2988000 267.000000 263.302878
2989000 267.000000 263.304115
2990000 267.000000 263.305351
2991000 267.000000 263.306586
2992000 267.000000 263.307821
2993000 267.000000 263.309054
2994000 267.000000 263.310287
2995000 267.000000 263.311519
2996000 267.000000 263.312750
2997000 267.000000 263.313981
2998000 267.000000 263.315210
2999000 267.000000 263.316439
3000000 267.000000 263.317667
