1000 47.880011 47.880011
2000 47.690334 47.785173
3000 47.921024 47.830457
4000 47.582131 47.768375
5000 47.653670 47.745434
6000 47.922992 47.775027
7000 47.867190 47.788193
8000 47.422634 47.742498
9000 47.489945 47.714437
10000 47.281128 47.671106
11000 47.623675 47.666794
12000 47.544350 47.656590
13000 47.286200 47.628099
14000 47.501388 47.619048
15000 47.506710 47.611559
16000 47.392549 47.597871
17000 47.635553 47.600087
18000 47.389029 47.588362
19000 47.223302 47.569148
20000 47.609212 47.571151
21000 47.510798 47.568277
22000 47.143603 47.548974
23000 46.876082 47.519718
24000 47.047104 47.500026
25000 47.452559 47.498127
26000 47.578024 47.501200
27000 47.485015 47.500600
28000 47.352013 47.495294
29000 47.170951 47.484110
30000 47.150878 47.473002
31000 46.700130 47.448070
32000 46.711415 47.425050
33000 46.846237 47.407510
34000 47.135169 47.399500
35000 47.285064 47.396231
36000 47.396462 47.396237
37000 47.290585 47.393382
38000 47.439391 47.394592
39000 47.037301 47.385431
40000 47.243702 47.381888
41000 47.092090 47.374820
42000 47.330964 47.373775
43000 47.129980 47.368106
44000 47.115744 47.362370
45000 47.149578 47.357642
46000 47.228501 47.354834
47000 47.100712 47.349427
48000 47.219129 47.346713
49000 47.033744 47.340326
50000 46.980679 47.333133
51000 47.199846 47.330519
52000 47.064195 47.325398
53000 46.959390 47.318492
54000 47.172722 47.315792
55000 47.303824 47.315575
56000 47.360673 47.316380
57000 47.295598 47.316015
58000 47.511245 47.319381
59000 47.300925 47.319069
60000 47.457509 47.321376
61000 47.305576 47.321117
62000 47.181687 47.318868
63000 47.627220 47.323763
64000 47.710180 47.329800
65000 47.331166 47.329821
66000 47.303637 47.329425
67000 47.455288 47.331303
68000 47.391836 47.332193
69000 47.449853 47.333899
70000 47.622378 47.338020
71000 47.396072 47.338837
72000 47.611533 47.342625
73000 47.489946 47.344643
74000 47.538178 47.347258
75000 47.596112 47.350576
76000 47.728578 47.355550
77000 47.503284 47.357469
78000 47.179164 47.355183
79000 47.351007 47.355130
80000 46.980121 47.350442
81000 46.947707 47.345470
82000 47.175430 47.343397
83000 46.791732 47.336750
84000 47.090126 47.333814
85000 47.050992 47.330487
86000 47.279496 47.329894
87000 47.229978 47.328745
88000 47.236083 47.327692
89000 47.312009 47.327516
90000 47.545456 47.329938
91000 47.104031 47.327455
92000 47.404432 47.328292
93000 47.039781 47.325190
94000 46.963822 47.321345
95000 47.148963 47.319531
96000 47.089201 47.317131
97000 47.378935 47.317769
98000 47.299815 47.317585
99000 47.130754 47.315698
100000 47.219835 47.314740
101000 47.230541 47.313906
102000 47.056015 47.311378
103000 46.930627 47.307681
104000 47.144225 47.306109
105000 47.378060 47.306795
106000 47.200539 47.305792
107000 47.504540 47.307650
108000 47.158735 47.306271
109000 46.962334 47.303115
110000 47.380532 47.303819
111000 47.004812 47.301125
112000 46.842586 47.297031
113000 46.790403 47.292548
114000 46.894080 47.289052
115000 46.958546 47.286179
116000 46.994799 47.283667
117000 46.883883 47.280250
118000 47.042627 47.278236
119000 47.125787 47.276955
120000 47.118101 47.275631
121000 47.024035 47.273552
122000 47.091942 47.272063
123000 46.898305 47.269024
124000 46.960356 47.266535
125000 46.654572 47.261640
126000 46.593189 47.256334
127000 46.961052 47.254009
128000 46.905696 47.251288
129000 47.205177 47.250931
130000 46.996549 47.248974
131000 47.186548 47.248497
132000 47.204120 47.248161
133000 47.028407 47.246509
134000 46.877745 47.243757
135000 46.964327 47.241687
136000 46.762991 47.238167
137000 46.973466 47.236235
138000 46.994305 47.234482
139000 46.886547 47.231979
140000 47.119303 47.231174
141000 46.777523 47.227957
142000 47.005073 47.226387
143000 46.574437 47.221828
144000 46.710386 47.218276
145000 46.853174 47.215758
146000 47.079279 47.214823
147000 47.123593 47.214203
148000 47.249080 47.214439
149000 47.245560 47.214647
150000 47.479454 47.216413
151000 46.919492 47.214446
152000 47.032955 47.213252
153000 46.975351 47.211697
154000 46.919195 47.209798
155000 47.067207 47.208878
156000 46.766808 47.206044
157000 47.037175 47.204969
158000 46.832603 47.202612
159000 47.073611 47.201801
160000 47.229878 47.201976
161000 47.300016 47.202585
162000 47.191615 47.202517
163000 47.244322 47.202774
164000 47.420666 47.204103
165000 47.406054 47.205326
166000 47.017015 47.204192
167000 47.200635 47.204171
168000 47.123796 47.203692
169000 47.266656 47.204065
170000 47.303133 47.204648
171000 47.446544 47.206062
172000 47.254401 47.206343
173000 47.273597 47.206732
174000 47.243970 47.206946
175000 47.381183 47.207942
176000 47.179205 47.207778
177000 46.956924 47.206361
178000 46.725246 47.203658
179000 46.903628 47.201982
180000 47.136769 47.201620
181000 47.088711 47.200996
182000 47.011911 47.199957
183000 46.988955 47.198804
184000 47.435094 47.200088
185000 47.011640 47.199070
186000 46.987184 47.197930
187000 47.092032 47.197364
188000 47.042976 47.196543
189000 46.952265 47.195250
190000 47.130760 47.194911
191000 47.179329 47.194829
192000 46.705252 47.192280
193000 46.804183 47.190269
194000 46.871317 47.188625
195000 46.875879 47.187021
196000 46.855117 47.185327
197000 46.775262 47.183246
198000 46.804876 47.181335
199000 46.886372 47.179853
200000 47.121217 47.179559
201000 46.622090 47.176786
202000 46.583432 47.173849
203000 46.796437 47.171989
204000 46.661877 47.169489
205000 46.884620 47.168099
206000 46.757571 47.166106
207000 46.911820 47.164878
208000 46.869014 47.163456
209000 46.742661 47.161442
210000 46.669510 47.159100
211000 46.786114 47.157332
212000 46.904620 47.156140
213000 46.868014 47.154787
214000 47.185370 47.154930
215000 47.034959 47.154372
216000 46.949793 47.153425
217000 46.845182 47.152005
218000 46.931620 47.150994
219000 46.891659 47.149809
220000 47.253308 47.150280
221000 46.629104 47.147922
222000 46.770480 47.146221
223000 46.860855 47.144942
224000 47.130938 47.144879
225000 47.050370 47.144459
226000 46.930846 47.143514
227000 46.608532 47.141157
228000 46.618537 47.138865
229000 46.163454 47.134606
230000 46.528478 47.131970
231000 46.427111 47.128919
232000 46.342720 47.125530
233000 46.296795 47.121973
234000 46.466709 47.119173
235000 46.881845 47.118163
236000 46.640229 47.116138
237000 46.951237 47.115442
238000 46.698494 47.113690
239000 46.791626 47.112343
240000 46.753964 47.110850
241000 46.878186 47.109884
242000 46.546419 47.107556
243000 46.733555 47.106017
244000 46.386956 47.103070
245000 46.752743 47.101640
246000 46.585133 47.099540
247000 46.720025 47.098004
248000 46.571739 47.095882
249000 46.600608 47.093893
250000 46.687186 47.092266
251000 46.743862 47.090878
252000 46.973372 47.090411
253000 47.082121 47.090379
254000 46.926735 47.089734
255000 46.844756 47.088774
256000 46.953563 47.088246
257000 46.749722 47.086928
258000 46.481033 47.084580
259000 46.645968 47.082886
260000 46.679109 47.081333
261000 46.658091 47.079712
262000 46.817969 47.078713
263000 46.608720 47.076926
264000 46.502249 47.074749
265000 46.792544 47.073684
266000 46.511116 47.071569
267000 46.275035 47.068586
268000 46.397622 47.066082
269000 46.290689 47.063200
270000 46.350097 47.060559
271000 46.244294 47.057547
272000 46.570879 47.055757
273000 46.161546 47.052482
274000 46.315900 47.049794
275000 46.430352 47.047541
276000 46.079933 47.044035
277000 46.180415 47.040917
278000 46.380692 47.038543
279000 46.061164 47.035039
280000 46.186857 47.032010
281000 46.497356 47.030107
282000 46.709453 47.028970
283000 46.623815 47.027539
284000 46.239514 47.024764
285000 46.441355 47.022717
286000 46.368587 47.020430
287000 46.467384 47.018503
288000 46.449492 47.016527
289000 46.655975 47.015280
290000 46.318109 47.012875
291000 46.327347 47.010520
292000 46.463388 47.008646
293000 46.087045 47.005501
294000 46.097287 47.002411
295000 46.103418 46.999364
296000 45.787222 46.995269
297000 46.019361 46.991983
298000 46.109566 46.989022
299000 46.367869 46.986944
300000 46.605502 46.985673
301000 46.931690 46.985494
302000 46.679803 46.984481
303000 46.654147 46.983391
304000 46.902308 46.983124
305000 46.935541 46.982968
306000 47.087902 46.983311
307000 46.891099 46.983011
308000 46.902334 46.982749
309000 46.894349 46.982463
310000 46.908460 46.982224
311000 47.063316 46.982485
312000 47.279676 46.983438
313000 47.254776 46.984304
314000 47.233555 46.985098
315000 47.298029 46.986092
316000 47.185360 46.986722
317000 47.268863 46.987612
318000 47.496798 46.989214
319000 47.137817 46.989679
320000 47.329180 46.990740
321000 47.152744 46.991245
322000 47.154944 46.991753
323000 47.110254 46.992120
324000 46.894601 46.991819
325000 46.953761 46.991702
326000 46.937790 46.991537
327000 46.990632 46.991534
328000 47.025676 46.991638
329000 46.894974 46.991344
330000 47.288150 46.992244
331000 47.115251 46.992615
332000 47.058716 46.992814
333000 47.256648 46.993607
334000 46.835530 46.993133
335000 46.868568 46.992762
336000 46.886917 46.992447
337000 46.929477 46.992260
338000 47.014537 46.992326
339000 47.198568 46.992934
340000 47.023756 46.993025
341000 46.890105 46.992723
342000 47.042378 46.992868
343000 47.015337 46.992934
344000 47.039982 46.993070
345000 46.850423 46.992657
346000 46.792040 46.992077
347000 46.592386 46.990925
348000 46.483155 46.989466
349000 46.812636 46.988959
350000 46.726638 46.988210
351000 46.870649 46.987875
352000 46.617725 46.986823
353000 46.683321 46.985964
354000 46.814779 46.985480
355000 47.032680 46.985613
356000 46.827366 46.985169
357000 46.776424 46.984584
358000 46.669949 46.983705
359000 47.119733 46.984084
360000 47.181024 46.984631
361000 47.378942 46.985723
362000 47.200810 46.986317
363000 47.277231 46.987119
364000 47.110744 46.987458
365000 47.292521 46.988294
366000 47.217926 46.988922
367000 47.122180 46.989285
368000 47.256376 46.990010
369000 47.004443 46.990050
370000 47.531736 46.991514
371000 47.318291 46.992394
372000 47.111377 46.992714
373000 47.131506 46.993086
374000 47.032595 46.993192
375000 46.877393 46.992883
376000 46.720375 46.992158
377000 46.880448 46.991862
378000 46.964804 46.991791
379000 46.660255 46.990916
380000 46.925079 46.990742
381000 47.176495 46.991230
382000 46.709587 46.990493
383000 46.552789 46.989350
384000 46.647653 46.988460
385000 46.551615 46.987325
386000 46.676744 46.986521
387000 46.766843 46.985953
388000 46.877228 46.985673
389000 47.269900 46.986404
390000 46.884108 46.986141
391000 46.557579 46.985045
392000 46.751520 46.984450
393000 46.654036 46.983609
394000 46.647395 46.982755
395000 46.589768 46.981761
396000 46.646073 46.980913
397000 46.751683 46.980335
398000 46.912856 46.980166
399000 46.797816 46.979709
400000 46.797724 46.979254
401000 46.778561 46.978753
402000 46.733199 46.978143
403000 46.786380 46.977667
404000 47.127118 46.978037
405000 46.928318 46.977914
406000 46.956656 46.977862
407000 47.450014 46.979022
408000 47.112344 46.979348
409000 47.423742 46.980435
410000 47.480973 46.981656
411000 47.624563 46.983220
412000 47.394212 46.984218
413000 47.306385 46.984998
414000 47.031257 46.985109
415000 47.091728 46.985366
416000 47.025976 46.985464
417000 47.425481 46.986519
418000 47.435492 46.987593
419000 47.276023 46.988282
420000 47.253156 46.988912
421000 47.450521 46.990009
422000 47.480407 46.991171
423000 47.381391 46.992093
424000 47.382089 46.993013
425000 47.528940 46.994274
426000 47.996740 46.996627
427000 47.791991 46.998490
428000 47.632323 46.999971
429000 47.657643 47.001504
430000 47.728642 47.003195
431000 47.740999 47.004907
432000 47.520607 47.006101
433000 47.653701 47.007596
434000 47.486662 47.008700
435000 47.670680 47.010222
436000 47.427718 47.011179
437000 47.305651 47.011853
438000 47.397294 47.012733
439000 47.213684 47.013191
440000 47.092443 47.013371
441000 47.347853 47.014130
442000 47.559130 47.015363
443000 47.669812 47.016840
444000 47.434478 47.017780
445000 47.469355 47.018795
446000 47.462235 47.019790
447000 47.469153 47.020795
448000 47.686762 47.022281
449000 47.780067 47.023969
450000 47.901866 47.025920
451000 47.740133 47.027504
452000 47.646638 47.028873
453000 47.804681 47.030586
454000 47.654284 47.031960
455000 47.549454 47.033097
456000 47.548101 47.034226
457000 47.636260 47.035544
458000 47.454892 47.036459
459000 47.600096 47.037687
460000 47.597683 47.038905
461000 47.523906 47.039957
462000 47.661391 47.041302
463000 47.576946 47.042459
464000 47.471363 47.043383
465000 47.616807 47.044616
466000 47.630211 47.045873
467000 47.582818 47.047023
468000 47.395217 47.047767
469000 47.344574 47.048400
470000 47.376091 47.049097
471000 47.376763 47.049793
472000 47.540408 47.050832
473000 47.285609 47.051328
474000 47.641824 47.052574
475000 47.722062 47.053984
476000 47.290048 47.054479
477000 47.134085 47.054646
478000 47.212984 47.054978
479000 47.349444 47.055592
480000 47.561023 47.056645
481000 47.255977 47.057060
482000 47.423858 47.057821
483000 47.300742 47.058324
484000 47.536305 47.059311
485000 47.519783 47.060261
486000 47.647630 47.061469
487000 47.608841 47.062593
488000 47.561985 47.063617
489000 47.474935 47.064458
490000 47.679719 47.065713
491000 47.446374 47.066489
492000 47.605678 47.067585
493000 47.652295 47.068771
494000 47.186469 47.069009
495000 47.607637 47.070097
496000 47.641370 47.071249
497000 47.411017 47.071932
498000 47.409169 47.072610
499000 47.341584 47.073149
500000 47.358237 47.073719
501000 47.542335 47.074654
502000 47.490921 47.075483
503000 47.444885 47.076218
504000 47.267265 47.076597
505000 47.244115 47.076929
506000 47.280641 47.077331
507000 47.145111 47.077465
508000 47.011552 47.077335
509000 46.708575 47.076611
510000 46.766767 47.076003
511000 46.637161 47.075144
512000 46.706557 47.074424
513000 46.933656 47.074150
514000 47.049349 47.074102
515000 46.808883 47.073587
516000 47.067489 47.073575
517000 46.838161 47.073120
518000 46.958144 47.072898
519000 47.177596 47.073099
520000 46.460456 47.071921
521000 46.883741 47.071560
522000 46.833649 47.071104
523000 46.989336 47.070948
524000 46.788873 47.070410
525000 46.661603 47.069631
526000 46.571914 47.068685
527000 46.824725 47.068222
528000 46.845768 47.067800
529000 46.910874 47.067504
530000 46.910743 47.067208
531000 47.056445 47.067188
532000 47.039767 47.067136
533000 46.875632 47.066777
534000 46.885436 47.066437
535000 47.257366 47.066794
536000 47.149284 47.066948
537000 47.307329 47.067396
538000 47.380850 47.067978
539000 47.255840 47.068327
540000 47.241765 47.068648
541000 47.079626 47.068668
542000 47.279788 47.069058
543000 47.366890 47.069606
544000 47.320694 47.070068
545000 47.190884 47.070290
546000 47.408294 47.070909
547000 47.417014 47.071541
548000 47.064199 47.071528
549000 47.208578 47.071778
550000 46.922429 47.071506
551000 46.879971 47.071158
552000 46.815724 47.070696
553000 47.017422 47.070599
554000 47.192648 47.070820
555000 46.967331 47.070633
556000 47.061827 47.070617
557000 47.271342 47.070978
558000 47.098282 47.071027
559000 46.927562 47.070770
560000 47.173103 47.070953
561000 47.199315 47.071182
562000 47.171870 47.071361
563000 47.408140 47.071959
564000 46.964361 47.071768
565000 46.735810 47.071174
566000 47.045548 47.071128
567000 47.303716 47.071538
568000 46.995605 47.071405
569000 47.106148 47.071466
570000 46.989528 47.071322
571000 47.186716 47.071524
572000 47.363633 47.072035
573000 47.071836 47.072035
574000 46.683154 47.071357
575000 46.930126 47.071111
576000 46.880543 47.070781
577000 47.072701 47.070784
578000 47.149392 47.070920
579000 46.931633 47.070679
580000 47.111190 47.070749
581000 46.969636 47.070575
582000 47.130814 47.070679
583000 47.050384 47.070644
584000 46.941934 47.070423
585000 46.880106 47.070098
586000 46.558484 47.069225
587000 46.839160 47.068833
588000 47.063171 47.068823
589000 46.985446 47.068682
590000 47.012338 47.068586
591000 46.812870 47.068154
592000 46.893834 47.067859
593000 46.871309 47.067528
594000 46.905933 47.067256
595000 47.008128 47.067156
596000 47.016819 47.067072
597000 46.913463 47.066815
598000 47.028851 47.066751
599000 46.885046 47.066448
600000 47.063702 47.066443
601000 47.194581 47.066656
602000 47.164115 47.066818
603000 47.268786 47.067153
604000 47.233087 47.067428
605000 47.037180 47.067378
606000 46.911179 47.067120
607000 47.349820 47.067586
608000 47.147034 47.067717
609000 47.066432 47.067715
610000 47.327575 47.068141
611000 47.313647 47.068542
612000 46.867829 47.068214
613000 47.254245 47.068518
614000 47.170778 47.068684
615000 46.950217 47.068492
616000 47.151709 47.068627
617000 47.131340 47.068729
618000 47.306008 47.069112
619000 47.455768 47.069737
620000 47.143980 47.069857
621000 47.301957 47.070231
622000 47.298654 47.070598
623000 47.750091 47.071689
624000 47.613605 47.072557
625000 47.045712 47.072514
626000 47.353428 47.072963
627000 47.322631 47.073361
628000 47.648615 47.074277
629000 47.445567 47.074867
630000 47.872089 47.076133
631000 47.943818 47.077508
632000 47.812951 47.078671
633000 47.701797 47.079656
634000 47.564905 47.080421
635000 47.526558 47.081124
636000 47.327431 47.081511
637000 47.582216 47.082297
638000 47.684035 47.083240
639000 47.155148 47.083353
640000 47.586182 47.084139
641000 47.456418 47.084719
642000 47.441110 47.085274
643000 47.201603 47.085455
644000 47.476961 47.086063
645000 47.484290 47.086681
646000 47.506789 47.087331
647000 47.625146 47.088162
648000 47.937249 47.089473
649000 47.545147 47.090175
650000 47.367791 47.090602
651000 47.555047 47.091315
652000 47.324269 47.091672
653000 47.404581 47.092152
654000 47.135605 47.092218
655000 47.525255 47.092879
656000 47.372604 47.093306
657000 47.266054 47.093569
658000 47.287545 47.093863
659000 47.352517 47.094256
660000 47.502508 47.094874
661000 47.479273 47.095456
662000 47.329371 47.095809
663000 47.312748 47.096137
664000 47.474573 47.096706
665000 47.122957 47.096746
666000 47.277578 47.097017
667000 47.436036 47.097526
668000 47.085872 47.097508
669000 47.263495 47.097756
670000 47.462672 47.098301
671000 47.514589 47.098921
672000 47.702328 47.099819
673000 47.527403 47.100455
674000 47.494707 47.101040
675000 47.491560 47.101618
676000 47.477582 47.102174
677000 47.472404 47.102721
678000 47.716134 47.103626
679000 47.549881 47.104283
680000 47.471189 47.104823
681000 47.683565 47.105673
682000 47.238623 47.105868
683000 47.700068 47.106738
684000 47.534539 47.107363
685000 47.870189 47.108477
686000 47.660280 47.109281
687000 47.739639 47.110199
688000 47.757549 47.111139
689000 47.367247 47.111511
690000 47.791873 47.112497
691000 47.591016 47.113190
692000 47.638281 47.113948
693000 47.592543 47.114639
694000 47.892593 47.115760
695000 47.623578 47.116491
696000 47.644204 47.117249
697000 47.570827 47.117900
698000 47.323769 47.118195
699000 47.549857 47.118812
700000 47.467231 47.119310
701000 47.307387 47.119578
702000 47.473791 47.120083
703000 47.376381 47.120447
704000 47.592484 47.121118
705000 47.559033 47.121739
706000 47.518530 47.122301
707000 47.389164 47.122679
708000 47.728779 47.123535
709000 47.632888 47.124253
710000 47.673757 47.125027
711000 47.896488 47.126112
712000 48.124001 47.127514
713000 48.105439 47.128885
714000 47.723271 47.129718
715000 47.823829 47.130688
716000 47.956103 47.131841
717000 47.892120 47.132902
718000 47.654980 47.133629
719000 47.152881 47.133655
720000 47.597363 47.134299
721000 47.581056 47.134919
722000 47.244627 47.135071
723000 47.876069 47.136096
724000 47.403611 47.136465
725000 47.397077 47.136825
726000 47.193151 47.136903
727000 47.097981 47.136849
728000 47.118067 47.136823
729000 47.176992 47.136878
730000 47.300970 47.137103
731000 47.254078 47.137263
732000 47.140168 47.137267
733000 47.344231 47.137549
734000 47.585852 47.138160
735000 47.160116 47.138190
736000 47.787928 47.139073
737000 47.971505 47.140202
738000 47.473523 47.140654
739000 47.353241 47.140942
740000 47.165625 47.140975
741000 47.193642 47.141046
742000 47.180207 47.141099
743000 47.568701 47.141674
744000 47.362047 47.141971
745000 47.657872 47.142663
746000 47.693618 47.143402
747000 47.594908 47.144006
748000 47.527666 47.144519
749000 47.570740 47.145088
750000 47.967453 47.146184
751000 48.121102 47.147483
752000 48.226896 47.148918
753000 47.773788 47.149748
754000 47.963981 47.150828
755000 47.630676 47.151463
756000 47.896493 47.152449
757000 47.743555 47.153230
758000 47.594846 47.153812
759000 47.785267 47.154644
760000 47.812284 47.155510
761000 47.909330 47.156500
762000 47.823983 47.157376
763000 47.743254 47.158144
764000 47.680276 47.158827
765000 47.649847 47.159469
766000 47.583461 47.160023
767000 47.263324 47.160157
768000 47.513729 47.160618
769000 47.506249 47.161067
770000 47.293363 47.161239
771000 47.202026 47.161292
772000 47.156157 47.161285
773000 47.126201 47.161240
774000 47.163799 47.161243
775000 46.968723 47.160995
776000 47.318454 47.161198
777000 47.257963 47.161322
778000 47.511062 47.161772
779000 47.626157 47.162368
780000 47.584731 47.162909
781000 47.623710 47.163499
782000 47.192056 47.163536
783000 47.244221 47.163639
784000 47.886271 47.164561
785000 47.735471 47.165288
786000 47.760480 47.166045
787000 47.586307 47.166579
788000 47.454594 47.166945
789000 47.300764 47.167114
790000 47.311189 47.167297
791000 47.328964 47.167501
792000 47.659232 47.168122
793000 47.628790 47.168703
794000 47.652905 47.169313
795000 47.728151 47.170016
796000 47.825185 47.170839
797000 48.036452 47.171925
798000 47.815745 47.172732
799000 47.684756 47.173372
800000 48.003735 47.174410
801000 47.865823 47.175274
802000 47.966409 47.176260
803000 48.167224 47.177494
804000 48.223624 47.178795
805000 48.242777 47.180117
806000 48.081788 47.181236
807000 47.851624 47.182066
808000 48.067116 47.183162
809000 48.072579 47.184261
810000 48.238258 47.185562
811000 48.265975 47.186895
812000 48.371827 47.188354
813000 48.042756 47.189405
814000 48.153644 47.190589
815000 48.007108 47.191591
816000 47.749805 47.192275
817000 48.069071 47.193348
818000 48.110570 47.194470
819000 48.278053 47.195793
820000 48.272261 47.197106
821000 47.855387 47.197907
822000 47.941377 47.198812
823000 47.733514 47.199462
824000 47.844939 47.200245
825000 47.974817 47.201184
826000 48.185162 47.202375
827000 47.893359 47.203211
828000 47.953785 47.204117
829000 48.021698 47.205103
830000 47.981290 47.206038
831000 47.873750 47.206842
832000 48.055407 47.207862
833000 47.898017 47.208690
834000 48.048082 47.209697
835000 48.231423 47.210920
836000 48.055509 47.211931
837000 47.992157 47.212863
838000 48.205071 47.214047
839000 48.143506 47.215155
840000 47.990876 47.216078
841000 47.858335 47.216842
842000 48.078192 47.217865
843000 48.039075 47.218839
844000 48.250212 47.220061
845000 48.027401 47.221016
846000 48.298828 47.222291
847000 48.210272 47.223457
848000 48.173090 47.224577
849000 48.420231 47.225985
850000 48.528664 47.227518
851000 48.264189 47.228736
852000 48.181430 47.229854
853000 47.942760 47.230690
854000 48.096642 47.231704
855000 47.690516 47.232240
856000 47.655174 47.232734
857000 47.854566 47.233460
858000 47.743011 47.234054
859000 47.852734 47.234774
860000 47.708595 47.235325
861000 47.613998 47.235765
862000 47.793003 47.236411
863000 47.772289 47.237032
864000 47.766700 47.237645
865000 47.788994 47.238283
866000 47.997428 47.239159
867000 47.942628 47.239971
868000 47.676457 47.240474
869000 47.988523 47.241334
870000 48.130241 47.242356
871000 48.188132 47.243442
872000 47.985115 47.244293
873000 47.809219 47.244940
874000 47.944331 47.245740
875000 47.616704 47.246164
876000 47.867460 47.246873
877000 47.801033 47.247505
878000 47.621024 47.247930
879000 47.666589 47.248407
880000 47.683818 47.248902
881000 47.597788 47.249298
882000 47.970090 47.250115
883000 47.938124 47.250894
884000 47.834316 47.251554
885000 47.652813 47.252007
886000 48.104780 47.252970
887000 48.065916 47.253886
888000 47.767798 47.254465
889000 47.730799 47.255001
890000 47.803092 47.255617
891000 47.903606 47.256344
892000 47.946233 47.257117
893000 47.815211 47.257742
894000 48.177250 47.258771
895000 48.085984 47.259695
896000 48.100463 47.260633
897000 47.544015 47.260949
898000 47.846521 47.261601
899000 47.724437 47.262116
900000 47.637235 47.262533
901000 47.792771 47.263122
902000 48.039726 47.263983
903000 48.171982 47.264988
904000 48.173442 47.265993
905000 48.198577 47.267024
906000 48.046185 47.267884
907000 48.037927 47.268733
908000 48.089452 47.269636
909000 47.953138 47.270388
910000 47.886936 47.271066
911000 48.012451 47.271880
912000 47.953129 47.272627
913000 47.657718 47.273048
914000 47.865862 47.273697
915000 47.594280 47.274047
916000 48.154692 47.275009
917000 47.841407 47.275626
918000 47.646407 47.276030
919000 48.213617 47.277051
920000 47.873270 47.277699
921000 47.949033 47.278428
922000 48.002137 47.279213
923000 47.940861 47.279929
924000 47.983432 47.280691
925000 48.085458 47.281561
926000 47.606360 47.281911
927000 47.576863 47.282230
928000 47.730716 47.282713
929000 47.670621 47.283131
930000 47.701480 47.283580
931000 47.672614 47.283998
932000 47.600736 47.284338
933000 48.115425 47.285229
934000 47.642050 47.285611
935000 47.684311 47.286037
936000 48.136325 47.286946
937000 48.105697 47.287820
938000 47.878692 47.288449
939000 48.063267 47.289275
940000 48.074330 47.290110
941000 47.832048 47.290686
942000 48.184926 47.291635
943000 48.005512 47.292392
944000 47.883810 47.293019
945000 47.765997 47.293519
946000 48.006817 47.294273
947000 47.954166 47.294970
948000 47.931871 47.295642
949000 47.878641 47.296256
950000 47.772673 47.296758
951000 47.877880 47.297369
952000 47.399000 47.297475
953000 47.550903 47.297741
954000 47.619823 47.298079
955000 48.132870 47.298953
956000 47.917416 47.299600
957000 47.869756 47.300196
958000 47.982777 47.300908
959000 47.937727 47.301572
960000 47.712708 47.302001
961000 47.942074 47.302667
962000 47.787728 47.303171
963000 47.455421 47.303329
964000 47.648895 47.303687
965000 47.429379 47.303818
966000 47.501794 47.304023
967000 47.363761 47.304084
968000 47.556963 47.304346
969000 47.478387 47.304525
970000 47.267128 47.304487
971000 47.190776 47.304370
972000 47.368481 47.304435
973000 47.109702 47.304235
974000 47.451991 47.304387
975000 46.923856 47.303997
976000 46.825004 47.303506
977000 47.106625 47.303304
978000 47.173602 47.303172
979000 47.020009 47.302883
980000 47.132025 47.302708
981000 47.092725 47.302494
982000 46.853177 47.302037
983000 46.942051 47.301670
984000 47.100244 47.301466
985000 47.330280 47.301495
986000 47.043188 47.301233
987000 47.147195 47.301077
988000 47.032112 47.300805
989000 47.258020 47.300761
990000 46.964079 47.300421
991000 46.956700 47.300075
992000 47.469709 47.300246
993000 47.353764 47.300299
994000 47.101013 47.300099
995000 47.133518 47.299932
996000 47.019514 47.299650
997000 46.958242 47.299308
998000 46.848668 47.298856
999000 46.999180 47.298556
1000000 47.052059 47.298310
1001000 47.050813 47.298062
1002000 46.853654 47.297619
1003000 46.960624 47.297283
1004000 47.100240 47.297087
1005000 47.112844 47.296903
1006000 46.884110 47.296493
1007000 46.798892 47.295999
1008000 46.831955 47.295538
1009000 47.167369 47.295411
1010000 47.197061 47.295314
1011000 47.327437 47.295346
1012000 47.064720 47.295118
1013000 47.289205 47.295112
1014000 47.372697 47.295189
1015000 47.407725 47.295299
1016000 47.168222 47.295174
1017000 47.217195 47.295098
1018000 46.918097 47.294727
1019000 47.225440 47.294659
1020000 47.319484 47.294684
1021000 47.462792 47.294848
1022000 47.590631 47.295138
1023000 47.354401 47.295196
1024000 47.257925 47.295159
1025000 47.087868 47.294957
1026000 46.969883 47.294640
1027000 46.710976 47.294072
1028000 46.524989 47.293324
1029000 46.822455 47.292866
1030000 47.100974 47.292680
1031000 47.029491 47.292425
1032000 47.087944 47.292226
1033000 46.882024 47.291829
1034000 46.987373 47.291535
1035000 47.078357 47.291329
1036000 47.068326 47.291114
1037000 46.886851 47.290724
1038000 47.148910 47.290587
1039000 46.939610 47.290249
1040000 46.875627 47.289851
1041000 46.941874 47.289516
1042000 47.126372 47.289360
1043000 47.353859 47.289422
1044000 47.388211 47.289516
1045000 47.384063 47.289607
1046000 47.290483 47.289608
1047000 47.538723 47.289846
1048000 47.718133 47.290254
1049000 47.444786 47.290402
1050000 47.532932 47.290633
1051000 47.645215 47.290970
1052000 47.806793 47.291460
1053000 47.564870 47.291720
1054000 47.499111 47.291917
1055000 47.506810 47.292120
1056000 47.858589 47.292657
1057000 47.871850 47.293205
1058000 47.830521 47.293713
1059000 47.670819 47.294069
1060000 47.739443 47.294489
1061000 47.347948 47.294539
1062000 47.658241 47.294882
1063000 47.671798 47.295236
1064000 47.783491 47.295695
1065000 47.644800 47.296023
1066000 47.711219 47.296412
1067000 47.740096 47.296828
1068000 47.740017 47.297243
1069000 47.679158 47.297601
1070000 47.694030 47.297971
1071000 47.543573 47.298200
1072000 47.588336 47.298471
1073000 47.474215 47.298635
1074000 47.776946 47.299080
1075000 47.808937 47.299554
1076000 47.742377 47.299966
1077000 48.006260 47.300622
1078000 47.573573 47.300875
1079000 47.768186 47.301308
1080000 48.028988 47.301982
1081000 47.695457 47.302346
1082000 47.848323 47.302850
1083000 47.770260 47.303282
1084000 47.985392 47.303911
1085000 48.121458 47.304665
1086000 47.908968 47.305221
1087000 48.131598 47.305981
1088000 47.849460 47.306481
1089000 47.753834 47.306892
1090000 47.765513 47.307313
1091000 47.567870 47.307551
1092000 47.604406 47.307823
1093000 47.656044 47.308142
1094000 47.751505 47.308547
1095000 47.773387 47.308972
1096000 47.452834 47.309103
1097000 47.577647 47.309348
1098000 47.488589 47.309511
1099000 47.424655 47.309616
1100000 47.524361 47.309811
1101000 47.721813 47.310185
1102000 47.456217 47.310318
1103000 47.569701 47.310553
1104000 47.565195 47.310783
1105000 47.240782 47.310720
1106000 47.212500 47.310631
1107000 47.204197 47.310535
1108000 47.302362 47.310528
1109000 47.516394 47.310713
1110000 47.495614 47.310880
1111000 47.410981 47.310970
1112000 47.786740 47.311398
1113000 47.961139 47.311982
1114000 47.650651 47.312286
1115000 47.496166 47.312451
1116000 47.873016 47.312953
1117000 48.029145 47.313594
1118000 48.011777 47.314219
1119000 47.822696 47.314673
1120000 47.714868 47.315030
1121000 47.690031 47.315365
1122000 47.863052 47.315853
1123000 47.840982 47.316321
1124000 47.962499 47.316895
1125000 47.721744 47.317255
1126000 47.880238 47.317755
1127000 47.566366 47.317976
1128000 47.806709 47.318409
1129000 48.204136 47.319194
1130000 47.702513 47.319533
1131000 47.804897 47.319962
1132000 47.912756 47.320486
1133000 47.878184 47.320978
1134000 47.900009 47.321489
1135000 47.867968 47.321970
1136000 47.813873 47.322403
1137000 47.853635 47.322870
1138000 47.825825 47.323312
1139000 47.860790 47.323784
1140000 47.925057 47.324312
1141000 47.697236 47.324638
1142000 47.761610 47.325021
1143000 47.949342 47.325567
1144000 48.034304 47.326187
1145000 47.828682 47.326626
1146000 47.841448 47.327075
1147000 47.983505 47.327647
1148000 47.950559 47.328190
1149000 47.757538 47.328563
1150000 48.010461 47.329156
1151000 47.942355 47.329689
1152000 47.946198 47.330224
1153000 47.954838 47.330766
1154000 47.771070 47.331148
1155000 47.790297 47.331545
1156000 47.901879 47.332038
1157000 47.760289 47.332409
1158000 47.655306 47.332687
1159000 47.650598 47.332962
1160000 47.540606 47.333141
1161000 47.525390 47.333306
1162000 47.484901 47.333437
1163000 47.370791 47.333469
1164000 47.402733 47.333528
1165000 47.170719 47.333389
1166000 47.226171 47.333297
1167000 47.066358 47.333068
1168000 47.284783 47.333027
1169000 47.306436 47.333004
1170000 47.084494 47.332791
1171000 47.135619 47.332623
1172000 47.556839 47.332814
1173000 47.374879 47.332850
1174000 47.773226 47.333225
1175000 47.451161 47.333326
1176000 47.392875 47.333376
1177000 47.466483 47.333489
1178000 47.568394 47.333689
1179000 47.146139 47.333530
1180000 47.379482 47.333569
1181000 47.528653 47.333734
1182000 47.411614 47.333800
1183000 47.375767 47.333835
1184000 47.075228 47.333617
1185000 47.055737 47.333382
1186000 47.227286 47.333293
1187000 47.193811 47.333175
1188000 47.361016 47.333199
1189000 47.188993 47.333078
1190000 47.499004 47.333217
1191000 47.655160 47.333487
1192000 47.482068 47.333612
1193000 47.472280 47.333728
1194000 47.629958 47.333976
1195000 47.168670 47.333838
1196000 47.349395 47.333851
1197000 47.512654 47.334000
1198000 47.367445 47.334028
1199000 47.361410 47.334051
1200000 47.302140 47.334025
1201000 47.616613 47.334260
1202000 47.121375 47.334083
1203000 46.688663 47.333546
1204000 46.471845 47.332831
1205000 46.568083 47.332196
1206000 46.849920 47.331796
1207000 46.435810 47.331054
1208000 46.442020 47.330318
1209000 46.493019 47.329625
1210000 46.603546 47.329025
1211000 46.718747 47.328521
1212000 46.547426 47.327877
1213000 46.662744 47.327328
1214000 46.752415 47.326855
1215000 47.017275 47.326600
1216000 46.946459 47.326287
1217000 47.002320 47.326021
1218000 46.708466 47.325514
1219000 46.804079 47.325086
1220000 46.804021 47.324659
1221000 46.992315 47.324387
1222000 46.658660 47.323842
1223000 46.766540 47.323387
1224000 46.721801 47.322895
1225000 47.032061 47.322658
1226000 46.864064 47.322284
1227000 46.926133 47.321961
1228000 46.983410 47.321685
1229000 46.711916 47.321189
1230000 46.843045 47.320800
1231000 46.949266 47.320498
1232000 46.813418 47.320087
1233000 46.951259 47.319788
1234000 47.053172 47.319572
1235000 46.998129 47.319311
1236000 46.923896 47.318991
1237000 46.847685 47.318610
1238000 47.131207 47.318459
1239000 46.610168 47.317887
1240000 46.864111 47.317521
1241000 46.567136 47.316917
1242000 46.916656 47.316594
1243000 46.650037 47.316058
1244000 46.557411 47.315448
1245000 46.588149 47.314864
1246000 46.456091 47.314175
1247000 46.473909 47.313501
1248000 46.701165 47.313010
1249000 46.975271 47.312740
1250000 46.828773 47.312353
1251000 46.867610 47.311997
1252000 46.514514 47.311360
1253000 46.724400 47.310892
1254000 46.947076 47.310602
1255000 46.854313 47.310238
1256000 46.883633 47.309899
1257000 46.790831 47.309486
1258000 46.925121 47.309180
1259000 46.680650 47.308681
1260000 46.878877 47.308340
1261000 46.738982 47.307888
1262000 46.710658 47.307415
1263000 46.512157 47.306785
1264000 46.725067 47.306325
1265000 46.551973 47.305729
1266000 46.511592 47.305102
1267000 46.945565 47.304818
1268000 46.659116 47.304309
1269000 46.571310 47.303731
1270000 46.362108 47.302990
1271000 46.512364 47.302367
1272000 46.459113 47.301705
1273000 46.594995 47.301149
1274000 46.797859 47.300754
1275000 46.456367 47.300092
1276000 46.483158 47.299452
1277000 46.322210 47.298687
1278000 45.975573 47.297651
1279000 46.356775 47.296916
1280000 46.507527 47.296299
1281000 46.538349 47.295707
1282000 46.411155 47.295017
1283000 46.626186 47.294496
1284000 46.662931 47.294004
1285000 46.647370 47.293501
1286000 46.831896 47.293142
1287000 46.892239 47.292830
1288000 46.862910 47.292497
1289000 46.844327 47.292149
1290000 46.959756 47.291891
1291000 47.148741 47.291780
1292000 46.971687 47.291533
1293000 46.666619 47.291049
1294000 46.745460 47.290628
1295000 47.088828 47.290472
1296000 46.983440 47.290235
1297000 46.780357 47.289842
1298000 46.981865 47.289605
1299000 46.976082 47.289363
1300000 46.954501 47.289106
1301000 46.805378 47.288734
1302000 46.594227 47.288200
1303000 46.766487 47.287800
1304000 46.787355 47.287416
1305000 46.646585 47.286925
1306000 46.966843 47.286680
1307000 47.134917 47.286564
1308000 47.161393 47.286468
1309000 47.076414 47.286308
1310000 46.798823 47.285936
1311000 46.904609 47.285645
1312000 47.162642 47.285551
1313000 47.327394 47.285583
1314000 47.610602 47.285830
1315000 47.247308 47.285801
1316000 47.316380 47.285824
1317000 47.685235 47.286128
1318000 47.581201 47.286351
1319000 47.145617 47.286245
1320000 47.367220 47.286306
1321000 47.252265 47.286280
1322000 47.675635 47.286575
1323000 47.523413 47.286754
1324000 47.321779 47.286780
1325000 47.403660 47.286868
1326000 47.354885 47.286920
1327000 47.577404 47.287139
1328000 47.621216 47.287390
1329000 47.647459 47.287661
1330000 47.271172 47.287649
1331000 47.740285 47.287989
1332000 47.514407 47.288159
1333000 47.691376 47.288461
1334000 47.676175 47.288752
1335000 47.783491 47.289123
1336000 47.765963 47.289479
1337000 47.955174 47.289977
1338000 48.034030 47.290533
1339000 47.716666 47.290852
1340000 47.804230 47.291235
1341000 47.696734 47.291537
1342000 47.845645 47.291950
1343000 47.798027 47.292327
1344000 47.756992 47.292673
1345000 47.520602 47.292842
1346000 47.375121 47.292903
1347000 47.496032 47.293054
1348000 47.563285 47.293255
1349000 47.351818 47.293298
1350000 47.090367 47.293148
1351000 47.212326 47.293088
1352000 47.255152 47.293060
1353000 47.212517 47.293000
1354000 47.399022 47.293078
1355000 47.277780 47.293067
1356000 47.340061 47.293102
1357000 47.257671 47.293076
1358000 47.665121 47.293350
1359000 47.611168 47.293584
1360000 47.353792 47.293628
1361000 47.397747 47.293704
1362000 47.361022 47.293754
1363000 47.407456 47.293837
1364000 47.588562 47.294053
1365000 47.379010 47.294116
1366000 47.580274 47.294325
1367000 47.587556 47.294540
1368000 47.614653 47.294774
1369000 47.779988 47.295128
1370000 47.677317 47.295407
1371000 47.596102 47.295626
1372000 47.297605 47.295628
1373000 47.528307 47.295797
1374000 47.646527 47.296052
1375000 47.591849 47.296268
1376000 47.743096 47.296592
1377000 47.925301 47.297049
1378000 47.723757 47.297358
1379000 47.717588 47.297663
1380000 47.694929 47.297951
1381000 47.566887 47.298146
1382000 47.213105 47.298084
1383000 47.122714 47.297958
1384000 47.298230 47.297958
1385000 47.201728 47.297888
1386000 47.486234 47.298024
1387000 47.306648 47.298030
1388000 47.373679 47.298085
1389000 47.294554 47.298082
1390000 47.652225 47.298337
1391000 47.548154 47.298517
1392000 47.465761 47.298637
1393000 47.397906 47.298708
1394000 47.485108 47.298842
1395000 47.553561 47.299024
1396000 47.343641 47.299056
1397000 47.511567 47.299208
1398000 47.650345 47.299460
1399000 47.306934 47.299465
1400000 47.595758 47.299677
1401000 47.829495 47.300055
1402000 47.503550 47.300200
1403000 47.534512 47.300367
1404000 47.358608 47.300408
1405000 47.370521 47.300458
1406000 47.493269 47.300595
1407000 47.240193 47.300553
1408000 47.271866 47.300532
1409000 47.316805 47.300544
1410000 47.583476 47.300744
1411000 47.121702 47.300617
1412000 47.017469 47.300417
1413000 47.043641 47.300235
1414000 46.991474 47.300017
1415000 47.080993 47.299862
1416000 46.914304 47.299590
1417000 47.229243 47.299540
1418000 47.209751 47.299477
1419000 47.350020 47.299512
1420000 46.926709 47.299250
1421000 47.342486 47.299280
1422000 47.216737 47.299222
1423000 47.058834 47.299053
1424000 47.001669 47.298845
1425000 46.977082 47.298619
1426000 47.179323 47.298535
1427000 46.834265 47.298210
1428000 46.917836 47.297943
1429000 46.916636 47.297677
1430000 46.942674 47.297428
1431000 46.561687 47.296914
1432000 46.678410 47.296482
1433000 46.607022 47.296001
1434000 46.536603 47.295471
1435000 46.511966 47.294925
1436000 46.431765 47.294324
1437000 46.415801 47.293713
1438000 46.529969 47.293182
1439000 46.311877 47.292500
1440000 46.394560 47.291876
1441000 46.338749 47.291215
1442000 46.412694 47.290606
1443000 46.257791 47.289890
1444000 46.188698 47.289127
1445000 46.223596 47.288390
1446000 46.309019 47.287713
1447000 46.586872 47.287228
1448000 46.683942 47.286812
1449000 46.580660 47.286324
1450000 46.502569 47.285784
1451000 46.276765 47.285089
1452000 46.625511 47.284634
1453000 46.610499 47.284170
1454000 46.825310 47.283855
1455000 46.589033 47.283377
1456000 46.683942 47.282965
1457000 46.680056 47.282552
1458000 46.624413 47.282100
1459000 46.648502 47.281666
1460000 46.372114 47.281043
1461000 46.577046 47.280561
1462000 46.573203 47.280077
1463000 46.446399 47.279507
1464000 46.807187 47.279185
1465000 46.670161 47.278769
1466000 46.752776 47.278410
1467000 46.659794 47.277989
1468000 46.863918 47.277707
1469000 46.891866 47.277444
1470000 46.760180 47.277092
1471000 46.875631 47.276819
1472000 47.038561 47.276657
1473000 47.029731 47.276490
1474000 46.670837 47.276079
1475000 46.614001 47.275630
1476000 46.819796 47.275321
1477000 46.560595 47.274837
1478000 46.345537 47.274208
1479000 46.466558 47.273662
1480000 46.916163 47.273421
1481000 46.794609 47.273097
1482000 46.608565 47.272649
1483000 46.542940 47.272157
1484000 46.471101 47.271617
1485000 46.466454 47.271075
1486000 46.665059 47.270667
1487000 46.402466 47.270083
1488000 46.575403 47.269616
1489000 46.686550 47.269225
1490000 46.662616 47.268818
1491000 46.547352 47.268334
1492000 46.636563 47.267910
1493000 46.409167 47.267335
1494000 46.464626 47.266798
1495000 46.607499 47.266357
1496000 46.260416 47.265685
1497000 46.478312 47.265159
1498000 46.415723 47.264592
1499000 46.647107 47.264180
1500000 46.222508 47.263485
1501000 46.462761 47.262952
1502000 46.356796 47.262348
1503000 46.629073 47.261927
1504000 46.708101 47.261559
1505000 46.929441 47.261338
1506000 46.583621 47.260888
1507000 46.636572 47.260474
1508000 46.811938 47.260176
1509000 46.433665 47.259629
1510000 46.485417 47.259116
1511000 46.473096 47.258596
1512000 46.349316 47.257994
1513000 46.216747 47.257306
1514000 46.446417 47.256771
1515000 46.355612 47.256176
1516000 46.554464 47.255713
1517000 46.642975 47.255309
1518000 46.184923 47.254604
1519000 46.398167 47.254040
1520000 46.748677 47.253708
1521000 46.722046 47.253358
1522000 46.591007 47.252923
1523000 46.864748 47.252668
1524000 46.848530 47.252403
1525000 46.496427 47.251907
1526000 46.438645 47.251374
1527000 46.687696 47.251005
1528000 46.787726 47.250702
1529000 46.786868 47.250398
1530000 46.890053 47.250163
1531000 46.843619 47.249897
1532000 47.138001 47.249824
1533000 46.958164 47.249634
1534000 46.858489 47.249379
1535000 46.867139 47.249130
1536000 47.014955 47.248978
1537000 46.871748 47.248732
1538000 47.268696 47.248745
1539000 47.012452 47.248592
1540000 46.974233 47.248414
1541000 47.027467 47.248270
1542000 47.103721 47.248176
1543000 47.362912 47.248251
1544000 47.430298 47.248369
1545000 47.732314 47.248682
1546000 47.743814 47.249002
1547000 47.549387 47.249196
1548000 47.758172 47.249525
1549000 47.474109 47.249670
1550000 47.408388 47.249773
1551000 47.719566 47.250075
1552000 47.925925 47.250511
1553000 47.906452 47.250933
1554000 47.895320 47.251348
1555000 47.686230 47.251628
1556000 47.877935 47.252030
1557000 47.479639 47.252176
1558000 47.835065 47.252550
1559000 47.718257 47.252849
1560000 47.655874 47.253107
1561000 47.730823 47.253413
1562000 47.474757 47.253555
1563000 47.400965 47.253650
1564000 47.774772 47.253983
1565000 47.538794 47.254165
1566000 47.446872 47.254288
1567000 47.388076 47.254373
1568000 47.517240 47.254541
1569000 47.413366 47.254642
1570000 47.239806 47.254633
1571000 47.134681 47.254556
1572000 47.287579 47.254577
1573000 47.108048 47.254484
1574000 47.146589 47.254416
1575000 47.241678 47.254407
1576000 47.065011 47.254287
1577000 47.074382 47.254173
1578000 46.900463 47.253949
1579000 47.032288 47.253809
1580000 47.147104 47.253741
1581000 47.281429 47.253759
1582000 47.677542 47.254026
1583000 47.458725 47.254156
1584000 47.052298 47.254028
1585000 47.537550 47.254207
1586000 47.330217 47.254255
1587000 47.516503 47.254420
1588000 47.461500 47.254551
1589000 47.225721 47.254533
1590000 47.392664 47.254620
1591000 47.517860 47.254785
1592000 47.363542 47.254853
1593000 47.303660 47.254884
1594000 47.293393 47.254908
1595000 47.516977 47.255072
1596000 47.402156 47.255165
1597000 47.388375 47.255248
1598000 47.391291 47.255333
1599000 47.349189 47.255392
1600000 47.792378 47.255727
1601000 47.789985 47.256061
1602000 47.528878 47.256231
1603000 47.708559 47.256514
1604000 47.815023 47.256862
1605000 47.604144 47.257078
1606000 47.631166 47.257311
1607000 47.797412 47.257647
1608000 47.485273 47.257789
1609000 47.721838 47.258077
1610000 47.391406 47.258160
1611000 47.755230 47.258469
1612000 47.217229 47.258443
1613000 47.110185 47.258351
1614000 47.422248 47.258453
1615000 47.398569 47.258539
1616000 47.466212 47.258668
1617000 47.278566 47.258680
1618000 47.489515 47.258823
1619000 47.399046 47.258909
1620000 47.681486 47.259170
1621000 47.631705 47.259400
1622000 47.452528 47.259519
1623000 47.398180 47.259605
1624000 47.657066 47.259849
1625000 47.549916 47.260028
1626000 47.658100 47.260273
1627000 47.767114 47.260584
1628000 47.630704 47.260812
1629000 47.620717 47.261032
1630000 47.890789 47.261419
1631000 47.683951 47.261678
1632000 47.378145 47.261749
1633000 47.479342 47.261883
1634000 47.410602 47.261974
1635000 47.659769 47.262217
1636000 47.798598 47.262545
1637000 47.666565 47.262791
1638000 47.893500 47.263177
1639000 47.340537 47.263224
1640000 47.455814 47.263341
1641000 47.755959 47.263641
1642000 47.798656 47.263967
1643000 47.698731 47.264232
1644000 47.639681 47.264460
1645000 47.624118 47.264679
1646000 47.431917 47.264780
1647000 47.619290 47.264996
1648000 47.278934 47.265004
1649000 47.463990 47.265125
1650000 47.800389 47.265449
1651000 47.701334 47.265713
1652000 47.712345 47.265984
1653000 47.561252 47.266162
1654000 47.427653 47.266260
1655000 47.861080 47.266619
1656000 47.842394 47.266967
1657000 47.898404 47.267348
1658000 47.568677 47.267530
1659000 47.527988 47.267687
1660000 47.970922 47.268110
1661000 47.781990 47.268420
1662000 47.959569 47.268836
1663000 47.693211 47.269091
1664000 47.880863 47.269458
1665000 47.865058 47.269816
1666000 47.757127 47.270109
1667000 47.764443 47.270405
1668000 47.816615 47.270733
1669000 47.965907 47.271149
1670000 47.826717 47.271482
1671000 47.871660 47.271841
1672000 48.213224 47.272404
1673000 48.318450 47.273029
1674000 48.269275 47.273624
1675000 48.233962 47.274198
1676000 48.267546 47.274790
1677000 48.132617 47.275302
1678000 48.066624 47.275774
1679000 48.164727 47.276303
1680000 48.433153 47.276992
1681000 48.205522 47.277544
1682000 48.273144 47.278136
1683000 48.512879 47.278870
1684000 48.299553 47.279476
1685000 48.095094 47.279960
1686000 47.999850 47.280387
1687000 47.874970 47.280739
1688000 47.893156 47.281102
1689000 47.887924 47.281461
1690000 48.058421 47.281921
1691000 48.074361 47.282390
1692000 47.965563 47.282793
1693000 48.144911 47.283303
1694000 47.632629 47.283509
1695000 48.169672 47.284032
1696000 47.763505 47.284314
1697000 47.809769 47.284624
1698000 47.611712 47.284817
1699000 47.664169 47.285040
1700000 47.635026 47.285246
1701000 47.555339 47.285405
1702000 47.580478 47.285578
1703000 47.669532 47.285803
1704000 48.025077 47.286237
1705000 47.761757 47.286516
1706000 48.050970 47.286964
1707000 47.779594 47.287253
1708000 47.424628 47.287333
1709000 47.528781 47.287475
1710000 47.740288 47.287739
1711000 47.837893 47.288061
1712000 47.844663 47.288386
1713000 47.878223 47.288730
1714000 47.828772 47.289045
1715000 48.008804 47.289465
1716000 47.683173 47.289695
1717000 47.600627 47.289876
1718000 47.646165 47.290083
1719000 47.626494 47.290279
1720000 47.798529 47.290574
1721000 47.516712 47.290706
1722000 47.577709 47.290872
1723000 47.561295 47.291029
1724000 47.394101 47.291089
1725000 47.215532 47.291045
1726000 47.297860 47.291049
1727000 47.431088 47.291130
1728000 47.412014 47.291200
1729000 47.110273 47.291096
1730000 47.315419 47.291110
1731000 47.480189 47.291219
1732000 47.276693 47.291210
1733000 47.475083 47.291317
1734000 47.288015 47.291315
1735000 47.007477 47.291151
1736000 47.316570 47.291166
1737000 47.219791 47.291125
1738000 47.431454 47.291205
1739000 47.463068 47.291304
1740000 47.537341 47.291446
1741000 47.654546 47.291654
1742000 47.733717 47.291908
1743000 47.511463 47.292034
1744000 47.757360 47.292301
1745000 47.554538 47.292451
1746000 47.544816 47.292595
1747000 47.564955 47.292751
1748000 47.473485 47.292855
1749000 47.678728 47.293075
1750000 47.602315 47.293252
1751000 47.773062 47.293526
1752000 47.721092 47.293770
1753000 47.292926 47.293770
1754000 47.451091 47.293859
1755000 47.317583 47.293873
1756000 47.313365 47.293884
1757000 47.238549 47.293853
1758000 47.104674 47.293745
1759000 47.312143 47.293755
1760000 47.133963 47.293665
1761000 47.146057 47.293581
1762000 47.151433 47.293500
1763000 47.292825 47.293500
1764000 47.266546 47.293484
1765000 47.437205 47.293566
1766000 47.296459 47.293567
1767000 47.465145 47.293665
1768000 47.378444 47.293713
1769000 47.471404 47.293813
1770000 47.641950 47.294010
1771000 47.674609 47.294225
1772000 47.819835 47.294521
1773000 47.605806 47.294697
1774000 47.401546 47.294757
1775000 47.374803 47.294802
1776000 47.529520 47.294934
1777000 47.204280 47.294883
1778000 47.251301 47.294859
1779000 47.008126 47.294698
1780000 47.360292 47.294734
1781000 47.267390 47.294719
1782000 47.246634 47.294692
1783000 47.051703 47.294556
1784000 47.091740 47.294442
1785000 47.064900 47.294313
1786000 47.242291 47.294284
1787000 46.991783 47.294115
1788000 47.170307 47.294046
1789000 47.207392 47.293997
1790000 47.067868 47.293871
1791000 46.957395 47.293683
1792000 46.949485 47.293491
1793000 46.890284 47.293266
1794000 47.009882 47.293108
1795000 47.055714 47.292976
1796000 47.372566 47.293020
1797000 47.436371 47.293100
1798000 47.442818 47.293183
1799000 47.396516 47.293241
1800000 46.978521 47.293066
1801000 46.998163 47.292902
1802000 47.449300 47.292989
1803000 47.445653 47.293074
1804000 47.246223 47.293048
1805000 46.913556 47.292837
1806000 46.888436 47.292614
1807000 46.817031 47.292350
1808000 47.052651 47.292218
1809000 47.130348 47.292128
1810000 47.041036 47.291990
1811000 46.792606 47.291714
1812000 47.280295 47.291708
1813000 47.006505 47.291550
1814000 47.236064 47.291520
1815000 47.181056 47.291459
1816000 46.965854 47.291279
1817000 46.983917 47.291110
1818000 47.182138 47.291050
1819000 46.966649 47.290872
1820000 47.040857 47.290735
1821000 47.105199 47.290633
1822000 47.104460 47.290531
1823000 47.157062 47.290457
1824000 46.762263 47.290168
1825000 46.763568 47.289879
1826000 46.840129 47.289633
1827000 46.826522 47.289379
1828000 46.874134 47.289152
1829000 46.807884 47.288889
1830000 47.261627 47.288874
1831000 47.088560 47.288765
1832000 46.996579 47.288605
1833000 46.815963 47.288348
1834000 46.878232 47.288124
1835000 46.918769 47.287923
1836000 47.253486 47.287904
1837000 47.006342 47.287751
1838000 46.888005 47.287533
1839000 46.961036 47.287356
1840000 47.205965 47.287311
1841000 47.330158 47.287335
1842000 47.547238 47.287476
1843000 47.250348 47.287456
1844000 47.414931 47.287525
1845000 47.198306 47.287476
1846000 47.212500 47.287436
1847000 47.205212 47.287391
1848000 47.480576 47.287496
1849000 47.384276 47.287548
1850000 47.106928 47.287450
1851000 47.616095 47.287628
1852000 47.653766 47.287826
1853000 47.373967 47.287872
1854000 47.375650 47.287920
1855000 47.259598 47.287904
1856000 47.417325 47.287974
1857000 47.405717 47.288037
1858000 47.302438 47.288045
1859000 47.169571 47.287981
1860000 47.273979 47.287974
1861000 47.315397 47.287989
1862000 47.426636 47.288063
1863000 47.395399 47.288121
1864000 47.171265 47.288058
1865000 47.398679 47.288117
1866000 47.570740 47.288269
1867000 47.239976 47.288243
1868000 46.889485 47.288029
1869000 47.112715 47.287936
1870000 47.049082 47.287808
1871000 47.358707 47.287846
1872000 47.616910 47.288022
1873000 47.508058 47.288139
1874000 47.815455 47.288420
1875000 47.413466 47.288487
1876000 47.093631 47.288383
1877000 47.334424 47.288408
1878000 47.173777 47.288347
1879000 47.372736 47.288392
1880000 47.446892 47.288476
1881000 47.296748 47.288480
1882000 47.050302 47.288354
1883000 47.232692 47.288324
1884000 46.983291 47.288162
1885000 47.541635 47.288297
1886000 47.560940 47.288441
1887000 47.883586 47.288757
1888000 47.526939 47.288883
1889000 47.659953 47.289079
1890000 47.545472 47.289215
1891000 47.547447 47.289352
1892000 47.265881 47.289339
1893000 47.440220 47.289419
1894000 47.621208 47.289594
1895000 47.484655 47.289697
1896000 47.066729 47.289579
1897000 47.355180 47.289614
1898000 47.050084 47.289488
1899000 47.436317 47.289565
1900000 47.684662 47.289773
1901000 47.497105 47.289882
1902000 47.496217 47.289991
1903000 47.633484 47.290171
1904000 47.610355 47.290339
1905000 47.347857 47.290369
1906000 47.736748 47.290604
1907000 47.765806 47.290853
1908000 47.676229 47.291055
1909000 47.630949 47.291233
1910000 47.391482 47.291285
1911000 47.389904 47.291337
1912000 47.380261 47.291384
1913000 47.590554 47.291540
1914000 47.610658 47.291707
1915000 47.869694 47.292008
1916000 47.525725 47.292130
1917000 47.766934 47.292378
1918000 47.451587 47.292461
1919000 47.555647 47.292598
1920000 47.703894 47.292812
1921000 47.556299 47.292950
1922000 47.499827 47.293057
1923000 47.586879 47.293210
1924000 47.748552 47.293447
1925000 47.767231 47.293693
1926000 47.670903 47.293889
1927000 47.751515 47.294126
1928000 47.892162 47.294436
1929000 47.927694 47.294765
1930000 47.641631 47.294944
1931000 47.871363 47.295243
1932000 48.018369 47.295617
1933000 47.972120 47.295967
1934000 47.962870 47.296312
1935000 48.168705 47.296763
1936000 48.081075 47.297168
1937000 48.004748 47.297533
1938000 48.242502 47.298021
1939000 48.151285 47.298461
1940000 48.082500 47.298865
1941000 48.101163 47.299278
1942000 47.788262 47.299530
1943000 48.254466 47.300022
1944000 48.055648 47.300410
1945000 47.528627 47.300528
1946000 47.961859 47.300868
1947000 47.953717 47.301203
1948000 47.883854 47.301502
1949000 47.917055 47.301818
1950000 48.004137 47.302178
1951000 47.665053 47.302364
1952000 47.740083 47.302588
1953000 47.551218 47.302715
1954000 47.893740 47.303018
1955000 47.729224 47.303236
1956000 47.654725 47.303416
1957000 47.598558 47.303566
1958000 47.896780 47.303869
1959000 47.697643 47.304070
1960000 47.782301 47.304314
1961000 47.199433 47.304261
1962000 47.580039 47.304402
1963000 47.387308 47.304444
1964000 47.767784 47.304680
1965000 47.529198 47.304794
1966000 47.447772 47.304867
1967000 47.868567 47.305153
1968000 47.727524 47.305368
1969000 47.520602 47.305477
1970000 47.653683 47.305654
1971000 47.685225 47.305846
1972000 48.048560 47.306223
1973000 47.831841 47.306490
1974000 47.641099 47.306659
1975000 47.882980 47.306951
1976000 47.529358 47.307063
1977000 47.780182 47.307303
1978000 47.996643 47.307651
1979000 47.171184 47.307582
1980000 47.444565 47.307651
1981000 47.593388 47.307796
1982000 47.170614 47.307726
1983000 47.506663 47.307827
1984000 47.687578 47.308018
1985000 47.400549 47.308065
1986000 47.239778 47.308030
1987000 47.041989 47.307897
1988000 47.172896 47.307829
1989000 47.345500 47.307848
1990000 47.231104 47.307809
1991000 47.294135 47.307802
1992000 47.416579 47.307857
1993000 47.612336 47.308010
1994000 47.555025 47.308133
1995000 47.549760 47.308254
1996000 47.370946 47.308286
1997000 47.326427 47.308295
1998000 47.021998 47.308152
1999000 47.247174 47.308121
2000000 47.473066 47.308204
2001000 47.443947 47.308272
2002000 47.731686 47.308483
2003000 47.661526 47.308659
2004000 47.464182 47.308737
2005000 47.432653 47.308799
2006000 47.475343 47.308882
2007000 47.116725 47.308786
2008000 47.464864 47.308864
2009000 47.106731 47.308763
2010000 47.329898 47.308774
2011000 47.184548 47.308712
2012000 47.462893 47.308788
2013000 47.439676 47.308853
2014000 47.740729 47.309068
2015000 47.667140 47.309246
2016000 47.740379 47.309459
2017000 47.507509 47.309558
2018000 47.193128 47.309500
2019000 47.503343 47.309596
2020000 47.669143 47.309774
2021000 47.425107 47.309831
2022000 47.314687 47.309833
2023000 47.356240 47.309856
2024000 47.228116 47.309816
2025000 47.192835 47.309758
2026000 47.252177 47.309730
2027000 47.290309 47.309720
2028000 47.202730 47.309667
2029000 46.907749 47.309469
2030000 47.049801 47.309341
2031000 47.078509 47.309228
2032000 47.071109 47.309111
2033000 47.268592 47.309091
2034000 47.325186 47.309099
2035000 47.042806 47.308968
2036000 47.444573 47.309034
2037000 47.387332 47.309073
2038000 47.330402 47.309083
2039000 47.375453 47.309116
2040000 47.499797 47.309209
2041000 47.884885 47.309491
2042000 47.626897 47.309647
2043000 47.547854 47.309763
2044000 47.274099 47.309746
2045000 47.519649 47.309849
2046000 47.571525 47.309976
2047000 47.450162 47.310045
2048000 47.504889 47.310140
2049000 47.495823 47.310231
2050000 47.682286 47.310412
2051000 47.967842 47.310733
2052000 47.963394 47.311051
2053000 47.919983 47.311347
2054000 48.188627 47.311774
2055000 47.844784 47.312034
2056000 47.818286 47.312280
2057000 47.812860 47.312523
2058000 47.809659 47.312765
2059000 47.500400 47.312856
2060000 47.843573 47.313114
2061000 47.805168 47.313353
2062000 47.894493 47.313634
2063000 47.929435 47.313933
2064000 47.833644 47.314185
2065000 47.589347 47.314318
2066000 47.693860 47.314502
2067000 47.916875 47.314793
2068000 48.241894 47.315241
2069000 48.001581 47.315573
2070000 47.857650 47.315835
2071000 48.081213 47.316205
2072000 48.134954 47.316600
2073000 47.918997 47.316890
2074000 47.861661 47.317153
2075000 48.176969 47.317567
2076000 47.977988 47.317885
2077000 47.911652 47.318171
2078000 48.012392 47.318505
2079000 47.886176 47.318778
2080000 48.147763 47.319177
2081000 47.957067 47.319483
2082000 47.875613 47.319751
2083000 47.918652 47.320038
2084000 48.061613 47.320394
2085000 48.042479 47.320740
2086000 48.016946 47.321074
2087000 47.910504 47.321356
2088000 48.116079 47.321737
2089000 47.919567 47.322023
2090000 48.352526 47.322516
2091000 48.099481 47.322888
2092000 48.389536 47.323398
2093000 48.078529 47.323759
2094000 47.956185 47.324061
2095000 47.927778 47.324349
2096000 48.070122 47.324705
2097000 47.796828 47.324930
2098000 47.762718 47.325138
2099000 47.818412 47.325373
2100000 47.949212 47.325670
2101000 47.481926 47.325745
2102000 47.619029 47.325884
2103000 47.356871 47.325899
2104000 47.496085 47.325980
2105000 47.778998 47.326195
2106000 47.675891 47.326361
2107000 47.295083 47.326346
2108000 47.568815 47.326461
2109000 47.382374 47.326488
2110000 47.353564 47.326501
2111000 47.596090 47.326628
2112000 47.375522 47.326652
2113000 47.670243 47.326814
2114000 47.130503 47.326721
2115000 47.426939 47.326769
2116000 47.405460 47.326806
2117000 47.570642 47.326921
2118000 47.527896 47.327016
2119000 47.619702 47.327154
2120000 47.980143 47.327462
2121000 48.033392 47.327795
2122000 47.741051 47.327990
2123000 47.760568 47.328193
2124000 47.819809 47.328425
2125000 47.946752 47.328716
2126000 47.882322 47.328976
2127000 47.928760 47.329258
2128000 48.055580 47.329600
2129000 47.661963 47.329756
2130000 47.620581 47.329892
2131000 47.684181 47.330058
2132000 47.582290 47.330177
2133000 47.931328 47.330459
2134000 47.822239 47.330689
2135000 48.109999 47.331054
2136000 47.742445 47.331247
2137000 48.150358 47.331630
2138000 47.872534 47.331883
2139000 47.711145 47.332060
2140000 47.815922 47.332286
2141000 47.642395 47.332431
2142000 47.532260 47.332525
2143000 47.319143 47.332518
2144000 47.417068 47.332558
2145000 47.499431 47.332636
2146000 47.246602 47.332595
2147000 46.922660 47.332405
2148000 47.296895 47.332388
2149000 47.452224 47.332444
2150000 47.293190 47.332425
2151000 47.463341 47.332486
2152000 47.453283 47.332542
2153000 47.537220 47.332638
2154000 47.226055 47.332588
2155000 47.576339 47.332701
2156000 47.444470 47.332753
2157000 47.454609 47.332810
2158000 47.533995 47.332903
2159000 47.312897 47.332893
2160000 47.554238 47.332996
2161000 47.581384 47.333111
2162000 47.077420 47.332993
2163000 47.337341 47.332995
2164000 47.285788 47.332973
2165000 47.153756 47.332890
2166000 47.507820 47.332971
2167000 47.683753 47.333133
2168000 47.336326 47.333134
2169000 47.511872 47.333217
2170000 47.387844 47.333242
2171000 47.275566 47.333215
2172000 47.511199 47.333297
2173000 47.246968 47.333257
2174000 47.537711 47.333351
2175000 47.750225 47.333543
2176000 47.587483 47.333660
2177000 47.299368 47.333644
2178000 47.475584 47.333709
2179000 47.593243 47.333828
2180000 47.516657 47.333912
2181000 47.449629 47.333965
2182000 47.538611 47.334059
2183000 47.514041 47.334141
2184000 47.582677 47.334255
2185000 47.324437 47.334251
2186000 47.682300 47.334410
2187000 47.529432 47.334499
2188000 47.486276 47.334569
2189000 47.167808 47.334492
2190000 47.390706 47.334518
2191000 47.440289 47.334566
2192000 47.308282 47.334554
2193000 47.550729 47.334653
2194000 47.318633 47.334646
2195000 47.476458 47.334710
2196000 47.393609 47.334737
2197000 47.849250 47.334971
2198000 47.610716 47.335097
2199000 47.744831 47.335283
2200000 47.856863 47.335520
2201000 47.931107 47.335791
2202000 47.457489 47.335846
2203000 47.530093 47.335934
2204000 47.608808 47.336058
2205000 47.482369 47.336124
2206000 47.456755 47.336179
2207000 47.662310 47.336327
2208000 47.466304 47.336386
2209000 47.593309 47.336502
2210000 47.630281 47.336635
2211000 47.582249 47.336746
2212000 47.432934 47.336789
2213000 47.671650 47.336941
2214000 47.358226 47.336950
2215000 47.404684 47.336981
2216000 47.362590 47.336992
2217000 47.195322 47.336929
2218000 47.188102 47.336861
2219000 47.114910 47.336761
2220000 47.128314 47.336668
2221000 47.228251 47.336619
2222000 47.415660 47.336654
2223000 47.523633 47.336738
2224000 47.304782 47.336724
2225000 47.443171 47.336772
2226000 47.506450 47.336848
2227000 47.117109 47.336749
2228000 47.025981 47.336610
2229000 47.232775 47.336563
2230000 47.063527 47.336441
2231000 46.912006 47.336251
2232000 47.004571 47.336102
2233000 47.329068 47.336099
2234000 47.385086 47.336121
2235000 47.170281 47.336047
2236000 47.001666 47.335897
2237000 46.863107 47.335686
2238000 47.017385 47.335544
2239000 47.156881 47.335464
2240000 47.356378 47.335473
2241000 47.481396 47.335538
2242000 47.321730 47.335532
2243000 47.128440 47.335440
2244000 47.274581 47.335413
2245000 47.472050 47.335473
2246000 47.268387 47.335444
2247000 47.353892 47.335452
2248000 47.111490 47.335352
2249000 47.386393 47.335375
2250000 47.093634 47.335267
2251000 47.037592 47.335135
2252000 46.899919 47.334942
2253000 47.190098 47.334878
2254000 47.069895 47.334760
2255000 47.119648 47.334665
2256000 46.978213 47.334507
2257000 47.048980 47.334380
2258000 47.225005 47.334332
2259000 47.314415 47.334323
2260000 47.194077 47.334261
2261000 47.300224 47.334246
2262000 46.981709 47.334090
2263000 46.766787 47.333839
2264000 46.644923 47.333535
2265000 46.668446 47.333241
2266000 47.111623 47.333144
2267000 46.568690 47.332806
2268000 46.857852 47.332597
2269000 47.015975 47.332457
2270000 46.705566 47.332181
2271000 46.613203 47.331865
2272000 47.024432 47.331729
2273000 46.899876 47.331539
2274000 46.983332 47.331386
2275000 46.872811 47.331185
2276000 46.837462 47.330968
2277000 46.487169 47.330597
2278000 46.809234 47.330368
2279000 46.744777 47.330111
2280000 46.740630 47.329853
2281000 47.114348 47.329758
2282000 46.951842 47.329593
2283000 46.992136 47.329445
2284000 46.633349 47.329140
2285000 46.822222 47.328918
2286000 46.487763 47.328550
2287000 46.881020 47.328355
2288000 46.923976 47.328178
2289000 46.464529 47.327801
2290000 46.843911 47.327589
2291000 46.731921 47.327329
2292000 46.699157 47.327055
2293000 46.325762 47.326618
2294000 46.544335 47.326277
2295000 46.468957 47.325904
2296000 46.539621 47.325561
2297000 46.569614 47.325232
2298000 46.643185 47.324936
2299000 46.817816 47.324715
2300000 47.067002 47.324603
2301000 46.583656 47.324281
2302000 46.514131 47.323929
2303000 46.530754 47.323585
2304000 46.335324 47.323156
2305000 46.088274 47.322620
2306000 46.396060 47.322218
2307000 46.318441 47.321783
2308000 46.266915 47.321326
2309000 46.327166 47.320895
2310000 46.184369 47.320403
2311000 46.334358 47.319977
2312000 46.599227 47.319665
2313000 46.669369 47.319384
2314000 46.582909 47.319066
2315000 46.713171 47.318804
2316000 46.809368 47.318584
2317000 46.698019 47.318316
2318000 46.798839 47.318092
2319000 46.671335 47.317813
2320000 46.721968 47.317556
2321000 46.700259 47.317290
2322000 46.505270 47.316941
2323000 46.677396 47.316665
2324000 46.813415 47.316449
2325000 46.925954 47.316281
2326000 46.831167 47.316072
2327000 46.989360 47.315932
2328000 46.567963 47.315610
2329000 46.476281 47.315250
2330000 46.205024 47.314774
2331000 46.437408 47.314397
2332000 46.536187 47.314063
2333000 46.445054 47.313691
2334000 46.708499 47.313432
2335000 46.571987 47.313114
2336000 46.437088 47.312739
2337000 46.449689 47.312370
2338000 46.452801 47.312002
2339000 46.229589 47.311539
2340000 46.353502 47.311130
2341000 46.472455 47.310772
2342000 46.625377 47.310479
2343000 46.418480 47.310098
2344000 46.482830 47.309745
2345000 46.667460 47.309472
2346000 46.435868 47.309099
2347000 46.228387 47.308639
2348000 46.421249 47.308261
2349000 46.626413 47.307971
2350000 46.650044 47.307691
2351000 46.300765 47.307262
2352000 46.471503 47.306907
2353000 46.755817 47.306673
2354000 46.759704 47.306440
2355000 46.585244 47.306134
2356000 46.833386 47.305933
2357000 46.633888 47.305648
2358000 46.795509 47.305432
2359000 46.689813 47.305171
2360000 46.703028 47.304916
2361000 46.687293 47.304654
2362000 46.792317 47.304437
2363000 46.537820 47.304113
2364000 46.706843 47.303860
2365000 46.345740 47.303455
2366000 46.651692 47.303180
2367000 46.648848 47.302903
2368000 46.357075 47.302504
2369000 46.451492 47.302145
2370000 46.629437 47.301861
2371000 46.709976 47.301611
2372000 46.723412 47.301367
2373000 46.702980 47.301115
2374000 46.752705 47.300884
2375000 46.505989 47.300550
2376000 46.535818 47.300228
2377000 46.892879 47.300056
2378000 47.184168 47.300008
2379000 47.131636 47.299937
2380000 47.042073 47.299828
2381000 47.089821 47.299740
2382000 46.850988 47.299552
2383000 46.999578 47.299426
2384000 47.145428 47.299361
2385000 47.199297 47.299319
2386000 47.270938 47.299308
2387000 47.326310 47.299319
2388000 47.209247 47.299281
2389000 47.079767 47.299189
2390000 46.811874 47.298985
2391000 47.129569 47.298914
2392000 46.779246 47.298697
2393000 47.276768 47.298688
2394000 47.137836 47.298621
2395000 47.009230 47.298500
2396000 46.922943 47.298343
2397000 47.079191 47.298252
2398000 46.965075 47.298113
2399000 46.812385 47.297910
2400000 47.313417 47.297917
2401000 47.027243 47.297804
2402000 47.072090 47.297710
2403000 47.454470 47.297775
2404000 47.082162 47.297686
2405000 47.130269 47.297616
2406000 47.293624 47.297614
2407000 47.335357 47.297630
2408000 47.417759 47.297680
2409000 47.703273 47.297848
2410000 47.461224 47.297916
2411000 47.150948 47.297855
2412000 47.449301 47.297918
2413000 47.372189 47.297949
2414000 47.631583 47.298087
2415000 47.592579 47.298209
2416000 47.696594 47.298374
2417000 47.709893 47.298544
2418000 47.290172 47.298541
2419000 47.361135 47.298567
2420000 47.335777 47.298582
2421000 47.305994 47.298585
2422000 47.216806 47.298551
2423000 47.186216 47.298505
2424000 47.186183 47.298459
2425000 46.864184 47.298279
2426000 46.411272 47.297914
2427000 46.877029 47.297740
2428000 46.843784 47.297553
2429000 46.890563 47.297386
2430000 46.945018 47.297241
2431000 47.075463 47.297150
2432000 46.925627 47.296997
2433000 46.994708 47.296873
2434000 47.007700 47.296754
2435000 47.367839 47.296783
2436000 47.429212 47.296837
2437000 47.201261 47.296798
2438000 47.548390 47.296901
2439000 47.669802 47.297054
2440000 47.530236 47.297150
2441000 47.632243 47.297287
2442000 47.364576 47.297315
2443000 47.410371 47.297361
2444000 47.623096 47.297494
2445000 47.346639 47.297514
2446000 47.233077 47.297488
2447000 47.098554 47.297407
2448000 47.247968 47.297386
2449000 46.888433 47.297219
2450000 46.936740 47.297072
2451000 47.060665 47.296976
2452000 47.213700 47.296942
2453000 47.176060 47.296893
2454000 47.398272 47.296934
2455000 46.925886 47.296783
2456000 47.108470 47.296706
2457000 47.068243 47.296613
2458000 47.084459 47.296527
2459000 47.325642 47.296539
2460000 47.271685 47.296529
2461000 47.236428 47.296504
2462000 47.078331 47.296416
2463000 46.808207 47.296217
2464000 46.769880 47.296004
2465000 46.959077 47.295867
2466000 46.749691 47.295646
2467000 46.584410 47.295357
2468000 46.700004 47.295116
2469000 46.863224 47.294941
2470000 46.935469 47.294796
2471000 46.894502 47.294634
2472000 47.115858 47.294561
2473000 46.895842 47.294400
2474000 46.698088 47.294159
2475000 46.712215 47.293924
2476000 47.031388 47.293818
2477000 46.833813 47.293632
2478000 46.745892 47.293411
2479000 46.833090 47.293225
2480000 46.870609 47.293055
2481000 47.084879 47.292971
2482000 47.196148 47.292932
2483000 46.868609 47.292761
2484000 46.779342 47.292554
2485000 47.039155 47.292452
2486000 46.866069 47.292281
2487000 46.671293 47.292031
2488000 46.669670 47.291781
2489000 46.422750 47.291432
2490000 46.658433 47.291178
2491000 46.720759 47.290949
2492000 46.973949 47.290822
2493000 46.468278 47.290492
2494000 46.728862 47.290266
2495000 46.655021 47.290012
2496000 46.756900 47.289798
2497000 46.936444 47.289657
2498000 46.695114 47.289419
2499000 46.802124 47.289224
2500000 46.617993 47.288955
2501000 46.791336 47.288756
2502000 46.710216 47.288525
2503000 46.678865 47.288281
2504000 46.714502 47.288052
2505000 46.720430 47.287826
2506000 46.914531 47.287677
2507000 46.896575 47.287521
2508000 46.730966 47.287299
2509000 46.668444 47.287052
2510000 46.847158 47.286877
2511000 47.085513 47.286797
2512000 46.898265 47.286642
2513000 47.259714 47.286631
2514000 46.856076 47.286460
2515000 47.031425 47.286359
2516000 46.787121 47.286160
2517000 47.271384 47.286154
2518000 46.990160 47.286037
2519000 46.842313 47.285861
2520000 46.866427 47.285694
2521000 46.754983 47.285484
2522000 46.848692 47.285311
2523000 47.077618 47.285228
2524000 47.075904 47.285145
2525000 46.767128 47.284940
2526000 46.823655 47.284758
2527000 46.948417 47.284624
2528000 47.066035 47.284538
2529000 47.005530 47.284428
2530000 46.983062 47.284309
2531000 47.019318 47.284204
2532000 47.047531 47.284110
2533000 47.297560 47.284116
2534000 47.380410 47.284154
2535000 47.088561 47.284077
2536000 46.959298 47.283948
2537000 46.820184 47.283766
2538000 46.852695 47.283596
2539000 46.743728 47.283383
2540000 46.748902 47.283173
2541000 46.467384 47.282852
2542000 46.352763 47.282486
2543000 46.586841 47.282212
2544000 46.660116 47.281968
2545000 46.581098 47.281692
2546000 46.434984 47.281360
2547000 46.357238 47.280997
2548000 46.126564 47.280544
2549000 46.354551 47.280181
2550000 46.500862 47.279875
2551000 46.410326 47.279534
2552000 46.278637 47.279142
2553000 46.528760 47.278848
2554000 46.624377 47.278592
2555000 46.511251 47.278291
2556000 46.442230 47.277964
2557000 46.508316 47.277663
2558000 46.290411 47.277277
2559000 46.573880 47.277002
2560000 46.139371 47.276558
2561000 46.259278 47.276161
2562000 46.786255 47.275970
2563000 46.353523 47.275610
2564000 46.273758 47.275219
2565000 46.386633 47.274873
2566000 46.322194 47.274501
2567000 46.216303 47.274089
2568000 46.402595 47.273750
2569000 46.402332 47.273410
2570000 46.550436 47.273129
2571000 46.526941 47.272839
2572000 46.810022 47.272659
2573000 46.416937 47.272326
2574000 46.189449 47.271906
2575000 46.274029 47.271518
2576000 46.546896 47.271237
2577000 46.275984 47.270851
2578000 46.179029 47.270427
2579000 46.431217 47.270102
2580000 46.338785 47.269741
2581000 46.256214 47.269348
2582000 46.305453 47.268975
2583000 46.180844 47.268554
2584000 46.028813 47.268074
2585000 45.701037 47.267468
2586000 46.134582 47.267029
2587000 46.055113 47.266561
2588000 45.790913 47.265991
2589000 45.834207 47.265438
2590000 45.703173 47.264835
2591000 45.882719 47.264301
2592000 45.949811 47.263794
2593000 45.912166 47.263273
2594000 45.958038 47.262770
2595000 46.041333 47.262299
2596000 45.669699 47.261685
2597000 45.815826 47.261129
2598000 45.961093 47.260628
2599000 45.962611 47.260129
2600000 45.898148 47.259605
2601000 45.892088 47.259079
2602000 46.377064 47.258740
2603000 46.071690 47.258284
2604000 45.925467 47.257772
2605000 46.243251 47.257383
2606000 46.011638 47.256905
2607000 45.808437 47.256349
2608000 45.483497 47.255670
2609000 45.829773 47.255123
2610000 45.909530 47.254607
2611000 45.455303 47.253918
2612000 45.722913 47.253332
2613000 45.697772 47.252737
2614000 45.982897 47.252251
2615000 46.294626 47.251885
2616000 45.994232 47.251404
2617000 46.012534 47.250931
2618000 45.861152 47.250400
2619000 46.387719 47.250071
2620000 46.287139 47.249703
2621000 46.299448 47.249340
2622000 46.058844 47.248886
2623000 46.252782 47.248507
2624000 46.021087 47.248039
2625000 46.206352 47.247642
2626000 46.498321 47.247357
2627000 46.381131 47.247027
2628000 46.490595 47.246739
2629000 46.486970 47.246450
2630000 46.923296 47.246327
2631000 46.757674 47.246142
2632000 46.958307 47.246032
2633000 46.939747 47.245916
2634000 46.621241 47.245679
2635000 46.450392 47.245377
2636000 46.432663 47.245069
2637000 46.371652 47.244737
2638000 46.189957 47.244337
2639000 46.249165 47.243960
2640000 46.200971 47.243565
2641000 46.589744 47.243318
2642000 46.109596 47.242889
2643000 46.288578 47.242528
2644000 46.541246 47.242262
2645000 46.280637 47.241899
2646000 46.250121 47.241524
2647000 46.438510 47.241221
2648000 47.023825 47.241138
2649000 46.477515 47.240850
2650000 46.650176 47.240627
2651000 46.622190 47.240394
2652000 46.774110 47.240218
2653000 46.562563 47.239963
2654000 46.672955 47.239749
2655000 46.576244 47.239499
2656000 46.667304 47.239284
2657000 46.681831 47.239074
2658000 46.600718 47.238834
2659000 46.840754 47.238684
2660000 46.527027 47.238417
2661000 46.501211 47.238140
2662000 46.609561 47.237903
2663000 46.588774 47.237660
2664000 46.785908 47.237490
2665000 47.004533 47.237403
2666000 47.264854 47.237413
2667000 47.114648 47.237367
2668000 47.097985 47.237315
2669000 47.287508 47.237333
2670000 47.138121 47.237296
2671000 47.305810 47.237322
2672000 47.077984 47.237262
2673000 47.135457 47.237224
2674000 47.236571 47.237224
2675000 47.188360 47.237206
2676000 47.026818 47.237127
2677000 47.155391 47.237097
2678000 47.236718 47.237096
2679000 47.439329 47.237172
2680000 47.422307 47.237241
2681000 47.344145 47.237281
2682000 47.197991 47.237266
2683000 47.341635 47.237305
2684000 47.382535 47.237359
2685000 46.973887 47.237261
2686000 47.083878 47.237204
2687000 46.792598 47.237039
2688000 46.900550 47.236913
2689000 47.342183 47.236953
2690000 47.266749 47.236964
2691000 47.328261 47.236998
2692000 47.301909 47.237022
2693000 47.139076 47.236985
2694000 47.147327 47.236952
2695000 47.107594 47.236904
2696000 47.326894 47.236937
2697000 47.494831 47.237033
2698000 47.515682 47.237136
2699000 47.187930 47.237118
2700000 47.546906 47.237233
2701000 47.348405 47.237274
2702000 47.349667 47.237316
2703000 47.132302 47.237277
2704000 47.246425 47.237280
2705000 46.920062 47.237163
2706000 46.849762 47.237020
2707000 46.799280 47.236858
2708000 46.774189 47.236687
2709000 46.675510 47.236480
2710000 46.697693 47.236281
2711000 46.573508 47.236037
2712000 46.635645 47.235815
2713000 47.010442 47.235732
2714000 46.807865 47.235575
2715000 46.866471 47.235439
2716000 46.747317 47.235259
2717000 47.001751 47.235173
2718000 47.465446 47.235258
2719000 47.120616 47.235215
2720000 47.066015 47.235153
2721000 47.404340 47.235215
2722000 47.221830 47.235211
2723000 47.416333 47.235277
2724000 47.048168 47.235208
2725000 47.235987 47.235209
2726000 47.442629 47.235285
2727000 47.249237 47.235290
2728000 47.197289 47.235276
2729000 47.361109 47.235322
2730000 47.646853 47.235473
2731000 47.505103 47.235571
2732000 47.252691 47.235578
2733000 47.292253 47.235598
2734000 47.255528 47.235606
2735000 47.253380 47.235612
2736000 47.506527 47.235711
2737000 47.237637 47.235712
2738000 47.163449 47.235686
2739000 47.312421 47.235714
2740000 47.337732 47.235751
2741000 47.360893 47.235797
2742000 47.202424 47.235784
2743000 46.867435 47.235650
2744000 46.797221 47.235490
2745000 47.087180 47.235436
2746000 46.677910 47.235233
2747000 46.723069 47.235047
2748000 46.734569 47.234865
2749000 46.660914 47.234656
2750000 46.961950 47.234557
2751000 46.722793 47.234371
2752000 47.118418 47.234329
2753000 46.833707 47.234183
2754000 46.923868 47.234070
2755000 46.837036 47.233926
2756000 46.737781 47.233746
2757000 47.079610 47.233690
2758000 46.998089 47.233605
2759000 46.466002 47.233327
2760000 46.472193 47.233051
2761000 46.418770 47.232756
2762000 46.865450 47.232623
2763000 46.755593 47.232450
2764000 46.524444 47.232194
2765000 46.353910 47.231877
2766000 46.358840 47.231561
2767000 46.394808 47.231258
2768000 46.394468 47.230956
2769000 46.743386 47.230780
2770000 46.628028 47.230562
2771000 46.797800 47.230406
2772000 46.616003 47.230185
2773000 46.788995 47.230026
2774000 46.834054 47.229883
2775000 46.759896 47.229713
2776000 46.745336 47.229539
2777000 46.575241 47.229303
2778000 46.357483 47.228990
2779000 46.744418 47.228815
2780000 46.782751 47.228655
2781000 46.705858 47.228467
2782000 46.743742 47.228292
2783000 46.773033 47.228129
2784000 46.532362 47.227879
2785000 46.816827 47.227731
2786000 46.961358 47.227636
2787000 46.943623 47.227534
2788000 46.505255 47.227275
2789000 46.429161 47.226989
2790000 46.460096 47.226714
2791000 46.261872 47.226368
2792000 46.410876 47.226076
2793000 46.181812 47.225702
2794000 46.176612 47.225327
2795000 46.476598 47.225059
2796000 46.284471 47.224722
2797000 46.529384 47.224474
2798000 46.251276 47.224126
2799000 46.482533 47.223861
2800000 46.274800 47.223522
2801000 46.480555 47.223257
2802000 46.500007 47.222999
2803000 46.405693 47.222707
2804000 46.189742 47.222339
2805000 46.128470 47.221949
2806000 46.023199 47.221521
2807000 46.227307 47.221167
2808000 46.382815 47.220869
2809000 46.214019 47.220510
2810000 46.158287 47.220132
2811000 46.019635 47.219705
2812000 46.293595 47.219376
2813000 46.419865 47.219092
2814000 46.495619 47.218835
2815000 46.357041 47.218528
2816000 46.253994 47.218186
2817000 46.130821 47.217800
2818000 46.168465 47.217428
2819000 46.711018 47.217248
2820000 46.428392 47.216968
2821000 46.443011 47.216694
2822000 46.313018 47.216374
2823000 46.490702 47.216116
2824000 46.590003 47.215895
2825000 46.382678 47.215600
2826000 46.285609 47.215271
2827000 46.213929 47.214917
2828000 46.383699 47.214623
2829000 46.737689 47.214454
2830000 46.515645 47.214207
2831000 46.563354 47.213977
2832000 46.357576 47.213675
2833000 46.501517 47.213423
2834000 46.479740 47.213165
2835000 46.632466 47.212960
2836000 46.426887 47.212683
2837000 46.687476 47.212497
2838000 46.793624 47.212350
2839000 46.435488 47.212076
2840000 46.356808 47.211775
2841000 46.482290 47.211518
2842000 46.403507 47.211234
2843000 46.056160 47.210828
2844000 46.161011 47.210459
2845000 46.123297 47.210076
2846000 46.400581 47.209792
2847000 46.473074 47.209533
2848000 46.301747 47.209214
2849000 46.344972 47.208911
2850000 46.387044 47.208623
2851000 46.546927 47.208391
2852000 46.647641 47.208194
2853000 46.608127 47.207984
2854000 46.508299 47.207739
2855000 46.131688 47.207362
2856000 46.481004 47.207107
2857000 46.444534 47.206840
2858000 46.549935 47.206611
2859000 46.670914 47.206423
2860000 46.598116 47.206210
2861000 46.769193 47.206058
2862000 46.875287 47.205942
2863000 46.710843 47.205769
2864000 46.629427 47.205568
2865000 46.784505 47.205421
2866000 46.861605 47.205301
2867000 47.104925 47.205266
2868000 46.924037 47.205168
2869000 46.637047 47.204970
2870000 46.624660 47.204768
2871000 46.977734 47.204689
2872000 46.960280 47.204604
2873000 46.980061 47.204525
2874000 47.099538 47.204489
2875000 46.725539 47.204322
2876000 47.228111 47.204331
2877000 46.880551 47.204218
2878000 46.911896 47.204116
2879000 47.046367 47.204062
2880000 46.681196 47.203880
2881000 47.052992 47.203828
2882000 47.121076 47.203799
2883000 47.051173 47.203746
2884000 46.734700 47.203583
2885000 46.808295 47.203446
2886000 47.075937 47.203402
2887000 46.723290 47.203236
2888000 46.695122 47.203060
2889000 46.693330 47.202884
2890000 46.672314 47.202700
2891000 46.784036 47.202555
2892000 46.562037 47.202334
2893000 46.951924 47.202247
2894000 47.007525 47.202180
2895000 46.934363 47.202087
2896000 46.952718 47.202001
2897000 46.869610 47.201886
2898000 46.951137 47.201800
2899000 46.956431 47.201715
2900000 46.725431 47.201551
2901000 46.820154 47.201420
2902000 46.818102 47.201288
2903000 47.111794 47.201257
2904000 47.118951 47.201228
2905000 46.962969 47.201146
2906000 46.881260 47.201036
2907000 46.875525 47.200924
2908000 47.160677 47.200910
2909000 47.295229 47.200943
2910000 47.257858 47.200962
2911000 47.048135 47.200910
2912000 46.952457 47.200825
2913000 47.141170 47.200804
2914000 46.683410 47.200627
2915000 47.132901 47.200603
2916000 46.898065 47.200500
2917000 46.914464 47.200402
2918000 46.981291 47.200326
2919000 47.061347 47.200279
2920000 46.703853 47.200109
2921000 46.897422 47.200005
2922000 47.015170 47.199942
2923000 46.970486 47.199863
2924000 46.688423 47.199689
2925000 46.695809 47.199516
2926000 46.768147 47.199369
2927000 47.041388 47.199315
2928000 47.168165 47.199304
2929000 46.956575 47.199221
2930000 47.040808 47.199167
2931000 47.160404 47.199154
2932000 46.577750 47.198942
2933000 47.121834 47.198916
2934000 46.960402 47.198835
2935000 46.846768 47.198715
2936000 46.866981 47.198602
2937000 46.616207 47.198403
2938000 46.674040 47.198225
2939000 46.697244 47.198054
2940000 46.571443 47.197841
2941000 46.621662 47.197645
2942000 46.373190 47.197365
2943000 46.620128 47.197169
2944000 47.055932 47.197121
2945000 46.696541 47.196951
2946000 46.764448 47.196804
2947000 46.999607 47.196737
2948000 46.909042 47.196640
2949000 47.035441 47.196585
2950000 46.993229 47.196516
2951000 47.063734 47.196471
2952000 47.059526 47.196425
2953000 47.095120 47.196390
2954000 47.073257 47.196349
2955000 46.853549 47.196233
2956000 47.146362 47.196216
2957000 47.117909 47.196189
2958000 46.954654 47.196108
2959000 47.269625 47.196133
2960000 46.946197 47.196048
2961000 46.963992 47.195970
2962000 46.768318 47.195825
2963000 46.769687 47.195682
2964000 46.685717 47.195509
2965000 46.678729 47.195335
2966000 47.010357 47.195273
2967000 46.895776 47.195172
2968000 47.192781 47.195171
2969000 46.915738 47.195077
2970000 46.952844 47.194995
2971000 46.730420 47.194839
2972000 46.891066 47.194737
2973000 46.828668 47.194614
2974000 46.925411 47.194523
2975000 46.933454 47.194435
2976000 47.093731 47.194402
2977000 46.965628 47.194325
2978000 46.902989 47.194227
2979000 47.058398 47.194181
2980000 46.819870 47.194056
2981000 46.893814 47.193955
2982000 47.118765 47.193930
2983000 46.980941 47.193858
2984000 47.326152 47.193903
2985000 47.242001 47.193919
2986000 47.406705 47.193990
2987000 47.139238 47.193972
2988000 47.338413 47.194020
2989000 47.448200 47.194105
2990000 47.232885 47.194118
2991000 47.224768 47.194128
2992000 46.864269 47.194018
2993000 47.110166 47.193990
2994000 47.208677 47.193995
2995000 47.049441 47.193947
2996000 47.063467 47.193903
2997000 47.184315 47.193900
2998000 46.798075 47.193768
2999000 46.814129 47.193641
3000000 46.831312 47.193521
