1000 40.009707 40.009707
2000 40.643942 40.326824
3000 40.925806 40.526485
4000 40.376268 40.488931
5000 40.341260 40.459397
6000 40.951653 40.541439
7000 40.749400 40.571148
8000 41.072943 40.633872
9000 40.678953 40.638881
10000 41.198038 40.694797
11000 40.867970 40.710540
12000 40.794602 40.717545
13000 40.988570 40.738393
14000 40.819307 40.744173
15000 40.358270 40.718446
16000 41.235249 40.750746
17000 40.576544 40.740499
18000 39.953515 40.696778
19000 40.191405 40.670179
20000 40.005344 40.636937
21000 40.458830 40.628456
22000 40.138530 40.606187
23000 40.164878 40.586999
24000 40.688677 40.591236
25000 40.142641 40.573292
26000 39.323632 40.525228
27000 39.131580 40.473612
28000 39.507796 40.439118
29000 39.495942 40.406595
30000 38.920547 40.357060
31000 39.763660 40.337918
32000 39.916826 40.324759
33000 39.773118 40.308042
34000 39.587056 40.286837
35000 39.851550 40.274400
36000 40.012333 40.267121
37000 40.040264 40.260989
38000 39.791770 40.248641
39000 40.345820 40.251133
40000 39.524745 40.232973
41000 40.208632 40.232380
42000 39.853005 40.223347
43000 40.284060 40.224759
44000 40.193452 40.224047
45000 40.030687 40.219751
46000 40.656443 40.229244
47000 39.823217 40.220605
48000 40.160445 40.219352
49000 39.866733 40.212155
50000 40.233543 40.212583
51000 40.306917 40.214433
52000 40.138336 40.212969
53000 40.267097 40.213991
54000 39.880138 40.207808
55000 40.502947 40.213174
56000 41.094224 40.228907
57000 41.025243 40.242878
58000 40.281949 40.243552
59000 41.010328 40.256548
60000 40.925875 40.267703
61000 40.519186 40.271826
62000 40.822110 40.280702
63000 40.528422 40.284634
64000 41.013123 40.296016
65000 40.271078 40.295633
66000 40.193660 40.294088
67000 40.494924 40.297085
68000 41.519459 40.315061
69000 40.482851 40.317493
70000 40.924450 40.326164
71000 40.681311 40.331166
72000 40.554466 40.334267
73000 40.223993 40.332757
74000 40.503646 40.335066
75000 40.753413 40.340644
76000 40.742142 40.345927
77000 41.163774 40.356548
78000 41.146681 40.366678
79000 40.401976 40.367125
80000 40.779902 40.372285
81000 40.736982 40.376787
82000 40.375424 40.376771
83000 39.909699 40.371143
84000 39.970553 40.366374
85000 40.154771 40.363885
86000 39.856401 40.357984
87000 39.664121 40.350008
88000 40.008302 40.346125
89000 39.220084 40.333473
90000 39.801112 40.327558
91000 39.863875 40.322463
92000 40.443632 40.323780
93000 40.669014 40.327492
94000 39.661056 40.320402
95000 40.008570 40.317120
96000 39.417627 40.307750
97000 39.949717 40.304059
98000 39.987991 40.300834
99000 39.743940 40.295209
100000 40.177403 40.294031
101000 40.288875 40.293979
102000 40.213519 40.293191
103000 40.454565 40.294757
104000 40.469234 40.296435
105000 40.229181 40.295795
106000 39.543254 40.288695
107000 40.512652 40.290788
108000 39.961146 40.287736
109000 39.579688 40.281240
110000 39.447577 40.273661
111000 39.419713 40.265968
112000 39.131519 40.255839
113000 39.698228 40.250904
114000 39.833671 40.247245
115000 39.536790 40.241067
116000 40.136204 40.240163
117000 39.944052 40.237632
118000 39.961561 40.235292
119000 39.828067 40.231870
120000 39.897871 40.229087
121000 39.695189 40.224674
122000 40.407930 40.226177
123000 40.201969 40.225980
124000 40.419843 40.227543
125000 39.891945 40.224858
126000 40.086665 40.223762
127000 39.641429 40.219176
128000 39.566053 40.214074
129000 39.636938 40.209600
130000 40.137025 40.209042
131000 39.716458 40.205281
132000 39.883287 40.202842
133000 40.564987 40.205565
134000 40.306368 40.206317
135000 39.909743 40.204120
136000 40.609704 40.207103
137000 40.365928 40.208262
138000 40.615344 40.211212
139000 39.947101 40.209312
140000 40.183925 40.209130
141000 39.684190 40.205407
142000 39.701565 40.201859
143000 40.338886 40.202817
144000 39.128111 40.195354
145000 38.981098 40.186980
146000 39.292437 40.180853
147000 39.239861 40.174452
148000 39.494100 40.169855
149000 39.545443 40.165664
150000 39.746016 40.162866
151000 39.722466 40.159950
152000 39.520859 40.155745
153000 39.356950 40.150524
154000 38.913549 40.142492
155000 39.322878 40.137204
156000 39.121657 40.130694
157000 39.725394 40.128113
158000 39.200247 40.122240
159000 39.471984 40.118151
160000 40.077566 40.117897
161000 40.100914 40.117791
162000 40.242508 40.118561
163000 40.197844 40.119048
164000 40.237413 40.119769
165000 40.380963 40.121352
166000 40.172459 40.121660
167000 40.052508 40.121246
168000 40.352337 40.122622
169000 40.755568 40.126367
170000 40.522700 40.128698
171000 40.716619 40.132137
172000 40.490783 40.134222
173000 40.682812 40.137393
174000 40.235263 40.137955
175000 40.121131 40.137859
176000 40.347520 40.139050
177000 39.905743 40.137732
178000 40.115422 40.137607
179000 40.046582 40.137098
180000 40.281087 40.137898
181000 40.444800 40.139594
182000 40.810392 40.143280
183000 40.524154 40.145361
184000 40.598871 40.147826
185000 39.962918 40.146826
186000 40.578307 40.149146
187000 39.771341 40.147125
188000 39.525648 40.143820
189000 39.425476 40.140019
190000 40.164505 40.140148
191000 40.239034 40.140666
192000 40.133029 40.140626
193000 40.865204 40.144380
194000 40.185538 40.144592
195000 40.465678 40.146239
196000 40.978006 40.150483
197000 40.735366 40.153452
198000 40.354429 40.154467
199000 39.992951 40.153655
200000 39.737243 40.151573
201000 40.107487 40.151354
202000 39.988011 40.150545
203000 39.991447 40.149761
204000 39.896332 40.148519
205000 39.554320 40.145620
206000 39.332621 40.141674
207000 40.435198 40.143092
208000 39.775653 40.141325
209000 40.153928 40.141386
210000 39.521315 40.138433
211000 39.221252 40.134086
212000 39.783509 40.132432
213000 39.728640 40.130537
214000 40.229878 40.131001
215000 39.310933 40.127187
216000 39.980679 40.126508
217000 39.806978 40.125036
218000 40.230131 40.125518
219000 40.042665 40.125140
220000 40.263024 40.125766
221000 40.047463 40.125412
222000 39.821386 40.124042
223000 40.308149 40.124868
224000 40.301435 40.125656
225000 40.618697 40.127848
226000 40.350042 40.128831
227000 39.561754 40.126333
228000 40.083719 40.126146
229000 39.522751 40.123511
230000 39.904490 40.122559
231000 40.018426 40.122108
232000 40.052014 40.121806
233000 40.688589 40.124238
234000 40.938524 40.127718
235000 40.854347 40.130810
236000 40.614009 40.132858
237000 41.085954 40.136879
238000 40.579205 40.138738
239000 40.832683 40.141641
240000 40.368290 40.142585
241000 40.169855 40.142699
242000 40.756008 40.145233
243000 39.980018 40.144553
244000 40.078931 40.144284
245000 40.125179 40.144206
246000 39.413823 40.141237
247000 39.511599 40.138688
248000 39.849771 40.137523
249000 40.284007 40.138111
250000 39.990209 40.137520
251000 40.483990 40.138900
252000 39.808063 40.137587
253000 40.212637 40.137884
254000 39.735179 40.136298
255000 39.777180 40.134890
256000 40.339029 40.135687
257000 39.809753 40.134419
258000 39.806141 40.133147
259000 40.014991 40.132691
260000 39.523689 40.130348
261000 40.227627 40.130721
262000 39.913782 40.129893
263000 39.463750 40.127360
264000 39.063143 40.123329
265000 39.303280 40.120234
266000 39.612523 40.118326
267000 39.240337 40.115037
268000 39.199914 40.111623
269000 39.134117 40.107989
270000 38.673305 40.102675
271000 38.817252 40.097932
272000 39.052657 40.094089
273000 38.919441 40.089786
274000 38.532530 40.084103
275000 38.827049 40.079532
276000 38.670517 40.074427
277000 39.269706 40.071522
278000 38.848115 40.067121
279000 38.673850 40.062127
280000 38.440681 40.056336
281000 39.280393 40.053575
282000 38.962339 40.049705
283000 39.226626 40.046797
284000 39.054873 40.043304
285000 39.859692 40.042660
286000 40.062484 40.042729
287000 39.526543 40.040931
288000 39.670001 40.039643
289000 39.960898 40.039370
290000 39.809690 40.038578
291000 39.899821 40.038101
292000 39.849973 40.037457
293000 39.884102 40.036934
294000 39.620479 40.035517
295000 40.044179 40.035547
296000 40.280559 40.036374
297000 41.007586 40.039644
298000 40.443036 40.040998
299000 40.335046 40.041981
300000 40.224280 40.042589
301000 39.531628 40.040892
302000 40.030903 40.040858
303000 39.895316 40.040378
304000 40.094537 40.040556
305000 40.061458 40.040625
306000 39.892824 40.040142
307000 39.096731 40.037069
308000 39.748718 40.036133
309000 40.289464 40.036952
310000 40.300547 40.037803
311000 40.681885 40.039874
312000 40.787926 40.042271
313000 40.382140 40.043357
314000 39.570884 40.041853
315000 40.066138 40.041930
316000 39.956981 40.041661
317000 40.399604 40.042790
318000 40.312429 40.043638
319000 39.910269 40.043220
320000 40.354106 40.044191
321000 39.801077 40.043434
322000 39.831878 40.042777
323000 40.517148 40.044246
324000 40.745518 40.046410
325000 39.866758 40.045857
326000 39.999481 40.045715
327000 39.856469 40.045136
328000 40.023601 40.045071
329000 40.414359 40.046193
330000 39.943385 40.045882
331000 40.180263 40.046287
332000 40.359278 40.047230
333000 40.701392 40.049195
334000 40.503967 40.050556
335000 40.769497 40.052702
336000 40.405881 40.053753
337000 40.891589 40.056240
338000 40.789233 40.058408
339000 41.274132 40.061994
340000 40.638610 40.063690
341000 40.944622 40.066274
342000 40.340747 40.067076
343000 40.697312 40.068914
344000 40.938788 40.071442
345000 40.370617 40.072310
346000 40.452104 40.073407
347000 41.172105 40.076574
348000 40.269656 40.077128
349000 40.051541 40.077055
350000 40.173089 40.077329
351000 40.135233 40.077494
352000 40.364752 40.078311
353000 40.415320 40.079265
354000 40.779103 40.081242
355000 40.735647 40.083086
356000 41.095971 40.085931
357000 40.372024 40.086732
358000 40.693530 40.088427
359000 40.290763 40.088991
360000 40.012030 40.088777
361000 39.868935 40.088168
362000 39.792620 40.087352
363000 40.291882 40.087915
364000 40.193096 40.088204
365000 40.127125 40.088311
366000 39.660401 40.087141
367000 39.987475 40.086870
368000 40.369563 40.087638
369000 40.596906 40.089018
370000 40.968017 40.091394
371000 41.067998 40.094026
372000 40.716066 40.095698
373000 41.082040 40.098343
374000 41.120434 40.101076
375000 41.086958 40.103705
376000 41.001662 40.106093
377000 40.889661 40.108171
378000 40.676420 40.109674
379000 40.812775 40.111530
380000 40.577941 40.112757
381000 40.399933 40.113511
382000 40.016758 40.113257
383000 40.596098 40.114518
384000 40.383836 40.115220
385000 40.595975 40.116468
386000 41.415406 40.119833
387000 41.168660 40.122543
388000 41.245437 40.125438
389000 40.669167 40.126835
390000 40.786284 40.128526
391000 41.122523 40.131068
392000 40.797904 40.132770
393000 40.905775 40.134736
394000 40.564810 40.135828
395000 40.648207 40.137125
396000 40.421175 40.137842
397000 39.874555 40.137179
398000 39.995688 40.136824
399000 40.216835 40.137024
400000 39.240441 40.134783
401000 39.661403 40.133602
402000 40.359335 40.134164
403000 39.998221 40.133827
404000 40.177746 40.133935
405000 40.712246 40.135363
406000 40.394810 40.136002
407000 40.955502 40.138016
408000 40.747354 40.139509
409000 41.281265 40.142301
410000 41.561158 40.145761
411000 41.080143 40.148035
412000 41.249326 40.150708
413000 41.183001 40.153207
414000 41.487488 40.156430
415000 41.470129 40.159596
416000 42.201149 40.164503
417000 41.527062 40.167771
418000 41.552121 40.171083
419000 42.126570 40.175750
420000 42.147591 40.180445
421000 42.322185 40.185532
422000 42.123872 40.190125
423000 41.282727 40.192708
424000 42.168791 40.197369
425000 42.903049 40.203735
426000 42.708862 40.209616
427000 42.388444 40.214718
428000 42.846384 40.220867
429000 43.143074 40.227679
430000 43.095261 40.234347
431000 42.785124 40.240266
432000 42.309513 40.245056
433000 42.596473 40.250486
434000 42.856101 40.256490
435000 43.290849 40.263465
436000 42.457405 40.268497
437000 42.719064 40.274105
438000 42.267205 40.278656
439000 42.724679 40.284227
440000 43.105440 40.290639
441000 42.273086 40.295135
442000 42.508181 40.300141
443000 41.668898 40.303231
444000 42.000798 40.307055
445000 42.425741 40.311816
446000 42.058611 40.315732
447000 42.235514 40.320027
448000 42.402692 40.324676
449000 41.634284 40.327593
450000 42.089746 40.331508
451000 42.219465 40.335695
452000 41.933445 40.339229
453000 42.039720 40.342983
454000 42.267436 40.347222
455000 42.026934 40.350914
456000 42.054982 40.354651
457000 42.104862 40.358481
458000 42.864410 40.363952
459000 42.560485 40.368738
460000 42.336836 40.373016
461000 42.119932 40.376805
462000 41.830380 40.379952
463000 41.876338 40.383184
464000 41.775526 40.386184
465000 42.125105 40.389924
466000 42.358873 40.394149
467000 42.137871 40.397883
468000 42.481111 40.402334
469000 42.485549 40.406776
470000 42.608535 40.411461
471000 42.983713 40.416922
472000 42.703285 40.421766
473000 42.478084 40.426113
474000 42.606055 40.430713
475000 42.652979 40.435391
476000 41.802239 40.438263
477000 42.300765 40.442167
478000 41.601462 40.444592
479000 42.199364 40.448256
480000 42.405218 40.452333
481000 42.148929 40.455860
482000 41.881951 40.458819
483000 41.636958 40.461258
484000 41.587551 40.463585
485000 42.056749 40.466870
486000 41.873406 40.469764
487000 42.642802 40.474226
488000 42.475239 40.478327
489000 42.044456 40.481529
490000 42.755450 40.486170
491000 42.450728 40.490171
492000 42.623533 40.494507
493000 42.813487 40.499211
494000 42.647202 40.503559
495000 42.773637 40.508145
496000 42.000384 40.511154
497000 41.812672 40.513772
498000 42.263896 40.517287
499000 42.140082 40.520539
500000 42.327418 40.524153
501000 41.906050 40.526911
502000 42.292967 40.530429
503000 41.935444 40.533222
504000 41.832115 40.535799
505000 42.612628 40.539912
506000 42.364194 40.543517
507000 42.300677 40.546983
508000 42.434462 40.550698
509000 41.765299 40.553085
510000 41.933150 40.555791
511000 42.206044 40.559020
512000 41.785905 40.561416
513000 41.386280 40.563024
514000 42.264170 40.566334
515000 41.880583 40.568886
516000 41.943897 40.571551
517000 42.189499 40.574680
518000 41.923120 40.577283
519000 41.893883 40.579820
520000 42.282114 40.583094
521000 41.988941 40.585792
522000 41.952785 40.588411
523000 42.355984 40.591791
524000 42.597232 40.595618
525000 41.948898 40.598195
526000 42.527922 40.601864
527000 42.524510 40.605512
528000 42.262503 40.608651
529000 42.404657 40.612046
530000 42.145834 40.614940
531000 42.229189 40.617980
532000 41.967052 40.620516
533000 41.895171 40.622907
534000 42.072695 40.625622
535000 42.229531 40.628620
536000 41.964631 40.631113
537000 41.710702 40.633123
538000 41.365050 40.634483
539000 41.264973 40.635653
540000 41.274935 40.636837
541000 41.658755 40.638726
542000 41.672775 40.640634
543000 41.989288 40.643117
544000 42.142480 40.645874
545000 41.533754 40.647503
546000 41.622717 40.649289
547000 40.803229 40.649570
548000 41.696687 40.651481
549000 41.175456 40.652436
550000 41.180480 40.653396
551000 41.803389 40.655483
552000 41.590378 40.657176
553000 41.603626 40.658888
554000 41.660401 40.660696
555000 42.028026 40.663159
556000 41.311808 40.664326
557000 41.632918 40.666065
558000 42.298115 40.668990
559000 42.889162 40.672961
560000 42.389170 40.676026
561000 42.608689 40.679471
562000 43.025228 40.683645
563000 42.297225 40.686511
564000 42.198448 40.689192
565000 42.318354 40.692075
566000 42.988796 40.696133
567000 43.027122 40.700244
568000 42.654508 40.703685
569000 42.413548 40.706690
570000 42.157571 40.709235
571000 41.984180 40.711468
572000 41.694254 40.713186
573000 42.622283 40.716518
574000 42.221245 40.719139
575000 41.877398 40.721154
576000 42.758553 40.724691
577000 43.272360 40.729106
578000 42.932937 40.732919
579000 43.034305 40.736894
580000 43.072027 40.740920
581000 42.468670 40.743894
582000 42.485362 40.746886
583000 42.577567 40.750026
584000 42.972532 40.753832
585000 43.409157 40.758371
586000 42.916767 40.762054
587000 43.005970 40.765877
588000 42.852019 40.769425
589000 42.374208 40.772149
590000 41.851969 40.773979
591000 43.041345 40.777816
592000 42.657723 40.780991
593000 42.712491 40.784249
594000 42.551071 40.787223
595000 41.641708 40.788659
596000 42.066642 40.790803
597000 41.665136 40.792268
598000 41.780204 40.793920
599000 41.756579 40.795527
600000 42.422967 40.798240
601000 41.816469 40.799934
602000 41.925210 40.801803
603000 41.533601 40.803017
604000 41.365306 40.803948
605000 41.959958 40.805858
606000 41.683456 40.807306
607000 41.430948 40.808334
608000 41.905605 40.810139
609000 41.764198 40.811705
610000 41.328977 40.812553
611000 41.585624 40.813818
612000 41.711599 40.815285
613000 40.856529 40.815353
614000 41.227398 40.816024
615000 41.290547 40.816795
616000 41.715774 40.818255
617000 41.457694 40.819291
618000 41.565386 40.820498
619000 40.655136 40.820231
620000 41.068707 40.820632
621000 40.640648 40.820342
622000 40.593285 40.819977
623000 40.238304 40.819043
624000 40.390320 40.818356
625000 41.056959 40.818738
626000 40.547788 40.818305
627000 41.038305 40.818656
628000 40.410904 40.818007
629000 40.523193 40.817538
630000 40.471595 40.816989
631000 40.835907 40.817019
632000 40.755368 40.816922
633000 41.239219 40.817589
634000 40.918935 40.817749
635000 41.221880 40.818385
636000 41.193252 40.818974
637000 41.014802 40.819282
638000 40.967831 40.819515
639000 40.974407 40.819757
640000 41.325369 40.820547
641000 41.817912 40.822103
642000 41.520597 40.823191
643000 41.272287 40.823889
644000 41.846673 40.825478
645000 41.925605 40.827183
646000 41.985591 40.828976
647000 42.343220 40.831317
648000 42.070702 40.833229
649000 42.429724 40.835689
650000 42.461409 40.838190
651000 42.078498 40.840096
652000 42.395866 40.842482
653000 42.714767 40.845349
654000 42.533492 40.847930
655000 42.133428 40.849893
656000 42.290929 40.852090
657000 42.067288 40.853939
658000 42.750135 40.856821
659000 42.033495 40.858607
660000 43.160706 40.862095
661000 42.371365 40.864378
662000 42.650609 40.867076
663000 41.757526 40.868419
664000 42.129143 40.870318
665000 42.004948 40.872024
666000 42.510902 40.874485
667000 42.207365 40.876483
668000 42.955377 40.879595
669000 42.759707 40.882406
670000 42.778524 40.885236
671000 42.870029 40.888194
672000 42.551456 40.890669
673000 43.164454 40.894047
674000 43.417085 40.897791
675000 42.820816 40.900640
676000 43.474741 40.904447
677000 43.187541 40.907820
678000 42.365399 40.909970
679000 42.709782 40.912620
680000 42.616247 40.915126
681000 42.519143 40.917481
682000 42.450252 40.919728
683000 42.762621 40.922427
684000 42.561523 40.924823
685000 42.615151 40.927291
686000 42.718673 40.929902
687000 42.752282 40.932555
688000 42.404934 40.934695
689000 42.467012 40.936919
690000 42.421649 40.939071
691000 42.426383 40.941223
692000 42.186469 40.943022
693000 42.276456 40.944947
694000 41.711402 40.946051
695000 41.968092 40.947522
696000 41.694136 40.948594
697000 42.164566 40.950339
698000 41.999643 40.951842
699000 41.355786 40.952420
700000 42.123559 40.954093
701000 42.960488 40.956955
702000 42.681692 40.959412
703000 42.456453 40.961542
704000 42.607422 40.963880
705000 43.186903 40.967033
706000 43.116932 40.970078
707000 43.756824 40.974020
708000 44.383135 40.978835
709000 44.232207 40.983423
710000 43.637096 40.987161
711000 43.712366 40.990994
712000 43.793741 40.994930
713000 43.592150 40.998573
714000 42.989220 41.001361
715000 43.964488 41.005505
716000 43.919083 41.009575
717000 44.365651 41.014255
718000 44.025003 41.018448
719000 43.604470 41.022045
720000 43.612332 41.025643
721000 43.305007 41.028804
722000 44.244610 41.033258
723000 44.029128 41.037402
724000 43.416923 41.040689
725000 43.218301 41.043692
726000 43.145968 41.046588
727000 42.790252 41.048986
728000 43.606492 41.052499
729000 43.231090 41.055488
730000 43.327630 41.058600
731000 43.486531 41.061922
732000 44.898919 41.067163
733000 44.662158 41.072068
734000 45.182952 41.077669
735000 44.529323 41.082365
736000 45.053543 41.087760
737000 44.464857 41.092343
738000 44.417061 41.096848
739000 44.024380 41.100809
740000 44.443820 41.105327
741000 43.965475 41.109187
742000 44.704731 41.114032
743000 44.839418 41.119046
744000 44.277450 41.123291
745000 44.060175 41.127234
746000 43.288329 41.130130
747000 42.986585 41.132616
748000 43.705970 41.136056
749000 43.982145 41.139856
750000 44.238869 41.143988
751000 43.993081 41.147782
752000 43.512544 41.150926
753000 44.051494 41.154778
754000 43.967830 41.158509
755000 44.725268 41.163233
756000 43.838502 41.166772
757000 44.313495 41.170929
758000 43.911846 41.174545
759000 44.387020 41.178777
760000 43.624898 41.181996
761000 44.467539 41.186313
762000 43.768719 41.189702
763000 44.277356 41.193749
764000 44.662896 41.198290
765000 45.159860 41.203468
766000 44.332114 41.207553
767000 44.266663 41.211541
768000 44.125119 41.215335
769000 43.994126 41.218948
770000 44.775382 41.223567
771000 43.984843 41.227149
772000 44.398492 41.231256
773000 43.126390 41.233708
774000 43.223693 41.236279
775000 42.940069 41.238478
776000 43.321399 41.241162
777000 43.446999 41.244001
778000 43.911678 41.247430
779000 43.609742 41.250462
780000 43.552072 41.253413
781000 43.121880 41.255805
782000 42.981364 41.258012
783000 42.762406 41.259933
784000 43.203996 41.262413
785000 42.928308 41.264535
786000 42.607578 41.266244
787000 42.820533 41.268219
788000 42.797234 41.270159
789000 43.097744 41.272475
790000 43.466603 41.275253
791000 43.346939 41.277872
792000 43.100991 41.280174
793000 42.436547 41.281632
794000 42.889438 41.283657
795000 42.928327 41.285726
796000 42.513476 41.287268
797000 42.296577 41.288534
798000 42.229093 41.289713
799000 41.866715 41.290435
800000 42.013400 41.291339
801000 41.645656 41.291781
802000 42.003988 41.292669
803000 41.595372 41.293046
804000 41.832521 41.293717
805000 42.236620 41.294889
806000 42.377424 41.296232
807000 41.980851 41.297080
808000 42.211613 41.298212
809000 42.436277 41.299619
810000 42.831842 41.301510
811000 43.416194 41.304118
812000 42.951067 41.306146
813000 42.728977 41.307896
814000 42.521385 41.309387
815000 43.199787 41.311706
816000 43.087732 41.313883
817000 43.695818 41.316798
818000 43.813838 41.319851
819000 43.778888 41.322854
820000 43.303672 41.325269
821000 43.135824 41.327474
822000 43.504757 41.330123
823000 43.914179 41.333263
824000 43.558265 41.335963
825000 43.553020 41.338651
826000 43.983486 41.341853
827000 43.947655 41.345004
828000 43.257732 41.347314
829000 43.301199 41.349670
830000 43.970759 41.352828
831000 44.235930 41.356298
832000 44.262717 41.359791
833000 43.613638 41.362497
834000 43.896361 41.365535
835000 43.659681 41.368283
836000 43.638919 41.370999
837000 43.509150 41.373553
838000 43.258972 41.375803
839000 43.424459 41.378245
840000 43.231499 41.380451
841000 43.241443 41.382664
842000 43.676493 41.385388
843000 43.869270 41.388335
844000 43.684676 41.391055
845000 43.281178 41.393292
846000 43.379901 41.395641
847000 43.227090 41.397803
848000 42.892800 41.399566
849000 43.035780 41.401493
850000 43.353123 41.403789
851000 43.298261 41.406015
852000 43.011270 41.407899
853000 43.308905 41.410128
854000 42.841350 41.411804
855000 42.815777 41.413446
856000 42.482859 41.414695
857000 43.179577 41.416755
858000 42.577868 41.418108
859000 43.442664 41.420465
860000 43.005871 41.422308
861000 43.255818 41.424438
862000 43.806164 41.427201
863000 43.183726 41.429236
864000 43.505235 41.431639
865000 44.171095 41.434806
866000 44.144971 41.437935
867000 43.862943 41.440732
868000 43.259668 41.442828
869000 42.941321 41.444552
870000 43.248821 41.446626
871000 43.069037 41.448489
872000 42.306623 41.449473
873000 42.550937 41.450735
874000 41.681862 41.450999
875000 42.216326 41.451874
876000 42.553873 41.453132
877000 41.880260 41.453619
878000 42.724140 41.455066
879000 42.057220 41.455751
880000 42.112984 41.456498
881000 41.739484 41.456819
882000 41.700671 41.457096
883000 42.090865 41.457813
884000 41.803316 41.458204
885000 41.464159 41.458211
886000 43.082573 41.460044
887000 42.903661 41.461672
888000 42.775883 41.463152
889000 43.234632 41.465144
890000 43.356976 41.467270
891000 43.765889 41.469850
892000 44.217230 41.472930
893000 43.732366 41.475460
894000 43.182436 41.477369
895000 43.522443 41.479654
896000 43.946600 41.482408
897000 44.118828 41.485347
898000 43.979626 41.488124
899000 43.304131 41.490144
900000 43.842607 41.492758
901000 43.179435 41.494630
902000 42.826240 41.496107
903000 42.991918 41.497763
904000 42.474807 41.498844
905000 42.829275 41.500314
906000 43.172273 41.502159
907000 42.107610 41.502827
908000 42.719281 41.504167
909000 43.383791 41.506234
910000 43.291885 41.508197
911000 43.139811 41.509988
912000 42.847870 41.511455
913000 42.383888 41.512410
914000 42.347397 41.513324
915000 42.254321 41.514134
916000 41.527005 41.514148
917000 42.102315 41.514789
918000 42.511862 41.515875
919000 42.609773 41.517066
920000 42.182764 41.517789
921000 42.257875 41.518593
922000 42.270667 41.519408
923000 42.449930 41.520417
924000 42.047986 41.520987
925000 42.428178 41.521968
926000 42.131964 41.522627
927000 42.437794 41.523614
928000 42.505441 41.524672
929000 42.931580 41.526187
930000 42.709756 41.527459
931000 42.461532 41.528463
932000 41.493018 41.528425
933000 42.418707 41.529379
934000 42.162691 41.530057
935000 42.010153 41.530570
936000 42.671063 41.531789
937000 42.663576 41.532997
938000 43.141456 41.534711
939000 43.161037 41.536443
940000 42.624468 41.537601
941000 42.325929 41.538439
942000 42.543210 41.539505
943000 42.493932 41.540517
944000 42.439254 41.541469
945000 42.473301 41.542456
946000 43.031791 41.544030
947000 43.300670 41.545885
948000 43.945713 41.548416
949000 43.753069 41.550739
950000 42.748096 41.552000
951000 42.013736 41.552485
952000 42.551782 41.553535
953000 41.821864 41.553817
954000 42.274240 41.554572
955000 42.509906 41.555572
956000 42.542007 41.556604
957000 42.341830 41.557424
958000 42.963793 41.558892
959000 42.950182 41.560343
960000 43.232087 41.562085
961000 43.292801 41.563886
962000 43.262721 41.565652
963000 43.816882 41.567989
964000 44.256720 41.570778
965000 43.657935 41.572941
966000 43.767301 41.575213
967000 43.105303 41.576795
968000 42.935454 41.578199
969000 43.571463 41.580256
970000 43.728833 41.582471
971000 43.216118 41.584153
972000 43.530793 41.586156
973000 43.632961 41.588260
974000 44.072865 41.590810
975000 43.469770 41.592738
976000 43.292510 41.594479
977000 43.773640 41.596710
978000 43.402374 41.598556
979000 43.113990 41.600104
980000 43.553333 41.602097
981000 43.227360 41.603754
982000 42.609980 41.604778
983000 42.400225 41.605588
984000 42.700620 41.606700
985000 43.187404 41.608305
986000 43.284794 41.610005
987000 42.737282 41.611148
988000 42.250433 41.611795
989000 42.778735 41.612975
990000 42.584041 41.613955
991000 41.922989 41.614267
992000 41.662445 41.614316
993000 42.011424 41.614716
994000 42.384126 41.615490
995000 41.797868 41.615673
996000 42.505992 41.616567
997000 42.280224 41.617233
998000 42.312544 41.617929
999000 42.526909 41.618839
1000000 42.254216 41.619475
1001000 42.280406 41.620135
1002000 42.077328 41.620591
1003000 42.416102 41.621384
1004000 41.840343 41.621602
1005000 41.782887 41.621763
1006000 42.679019 41.622814
1007000 41.940441 41.623129
1008000 42.022280 41.623525
1009000 41.995143 41.623894
1010000 42.375611 41.624638
1011000 42.750042 41.625751
1012000 41.998361 41.626119
1013000 42.778171 41.627256
1014000 42.721559 41.628336
1015000 42.816706 41.629506
1016000 42.630638 41.630492
1017000 42.814530 41.631656
1018000 43.501670 41.633493
1019000 43.768123 41.635588
1020000 42.932416 41.636859
1021000 42.479421 41.637684
1022000 43.391259 41.639400
1023000 43.145408 41.640872
1024000 42.577875 41.641787
1025000 42.688295 41.642808
1026000 42.643829 41.643784
1027000 42.805525 41.644915
1028000 43.095428 41.646326
1029000 43.088673 41.647728
1030000 43.141887 41.649179
1031000 43.424095 41.650900
1032000 43.176921 41.652379
1033000 42.622014 41.653318
1034000 42.946961 41.654569
1035000 43.137747 41.656002
1036000 42.936466 41.657238
1037000 42.869315 41.658406
1038000 42.695779 41.659406
1039000 42.490577 41.660206
1040000 42.356304 41.660875
1041000 42.578750 41.661757
1042000 42.819128 41.662868
1043000 42.769225 41.663928
1044000 42.644532 41.664868
1045000 42.615186 41.665777
1046000 42.774450 41.666837
1047000 43.878620 41.668949
1048000 43.805419 41.670988
1049000 42.146163 41.671441
1050000 42.096131 41.671846
1051000 42.030330 41.672187
1052000 42.168436 41.672658
1053000 42.827329 41.673755
1054000 42.273649 41.674324
1055000 42.054471 41.674684
1056000 42.089910 41.675078
1057000 41.438409 41.674854
1058000 41.908773 41.675075
1059000 42.154609 41.675528
1060000 42.376133 41.676189
1061000 42.571509 41.677032
1062000 42.206753 41.677531
1063000 42.632674 41.678430
1064000 42.328020 41.679040
1065000 42.161716 41.679493
1066000 42.238563 41.680018
1067000 42.589473 41.680870
1068000 42.524266 41.681660
1069000 42.598262 41.682517
1070000 42.183777 41.682986
1071000 42.526311 41.683773
1072000 42.670618 41.684694
1073000 42.088023 41.685070
1074000 42.073327 41.685431
1075000 42.193512 41.685904
1076000 41.281196 41.685528
1077000 41.538147 41.685391
1078000 41.377910 41.685106
1079000 41.516929 41.684950
1080000 41.360725 41.684650
1081000 41.797724 41.684754
1082000 41.593032 41.684669
1083000 41.417463 41.684423
1084000 41.442136 41.684199
1085000 41.345449 41.683887
1086000 41.625322 41.683833
1087000 41.420443 41.683591
1088000 41.418851 41.683347
1089000 41.823543 41.683476
1090000 41.783418 41.683568
1091000 42.640806 41.684445
1092000 42.726597 41.685400
1093000 42.282898 41.685946
1094000 42.129587 41.686352
1095000 42.282671 41.686896
1096000 41.809362 41.687008
1097000 42.101459 41.687386
1098000 42.321876 41.687964
1099000 41.933876 41.688188
1100000 42.096727 41.688559
1101000 42.337355 41.689148
1102000 41.672129 41.689133
1103000 41.922203 41.689344
1104000 42.230623 41.689834
1105000 42.742802 41.690787
1106000 42.096557 41.691154
1107000 42.501832 41.691886
1108000 42.274099 41.692412
1109000 42.422378 41.693070
1110000 42.732798 41.694007
1111000 41.963937 41.694250
1112000 42.876591 41.695313
1113000 42.510065 41.696045
1114000 42.533041 41.696796
1115000 42.374939 41.697405
1116000 42.925484 41.698505
1117000 42.949784 41.699625
1118000 42.714688 41.700533
1119000 42.032340 41.700830
1120000 42.108914 41.701194
1121000 42.075772 41.701528
1122000 41.471301 41.701323
1123000 42.022429 41.701609
1124000 42.147453 41.702006
1125000 42.046330 41.702312
1126000 41.567482 41.702192
1127000 42.010802 41.702466
1128000 41.539475 41.702321
1129000 41.935309 41.702528
1130000 42.235129 41.702999
1131000 42.483598 41.703689
1132000 42.480934 41.704376
1133000 42.476224 41.705057
1134000 43.238879 41.706410
1135000 42.721908 41.707304
1136000 43.105682 41.708535
1137000 42.975290 41.709649
1138000 43.405553 41.711140
1139000 43.523389 41.712731
1140000 43.196999 41.714033
1141000 43.426072 41.715533
1142000 43.753252 41.717318
1143000 43.696944 41.719049
1144000 43.531962 41.720634
1145000 43.171836 41.721902
1146000 43.351607 41.723324
1147000 42.440648 41.723949
1148000 43.071685 41.725123
1149000 43.388997 41.726571
1150000 43.106196 41.727771
1151000 42.979314 41.728858
1152000 42.559133 41.729579
1153000 42.628028 41.730358
1154000 42.947470 41.731413
1155000 42.836309 41.732369
1156000 42.750042 41.733250
1157000 42.832047 41.734200
1158000 42.468299 41.734833
1159000 42.771970 41.735728
1160000 42.534075 41.736417
1161000 43.136238 41.737622
1162000 43.097817 41.738793
1163000 43.918885 41.740667
1164000 43.201190 41.741922
1165000 42.703716 41.742748
1166000 43.640275 41.744375
1167000 43.339077 41.745742
1168000 43.122703 41.746920
1169000 42.730160 41.747762
1170000 42.918768 41.748762
1171000 43.418861 41.750189
1172000 43.637278 41.751799
1173000 43.793204 41.753539
1174000 43.624218 41.755133
1175000 43.747356 41.756828
1176000 43.380603 41.758209
1177000 42.859854 41.759145
1178000 43.052856 41.760243
1179000 43.645297 41.761842
1180000 44.054328 41.763785
1181000 44.078322 41.765744
1182000 43.405916 41.767132
1183000 43.963690 41.768989
1184000 44.056236 41.770921
1185000 44.382324 41.773124
1186000 43.678746 41.774731
1187000 43.846574 41.776477
1188000 43.956077 41.778311
1189000 44.476216 41.780580
1190000 44.663188 41.783003
1191000 44.843006 41.785572
1192000 45.039588 41.788302
1193000 44.292451 41.790401
1194000 43.821862 41.792102
1195000 44.293342 41.794195
1196000 44.303373 41.796293
1197000 44.527934 41.798575
1198000 44.797218 41.801078
1199000 43.910923 41.802838
1200000 44.391986 41.804996
1201000 44.191355 41.806983
1202000 43.399716 41.808308
1203000 44.696687 41.810709
1204000 44.246990 41.812732
1205000 43.784831 41.814369
1206000 43.624782 41.815870
1207000 43.986039 41.817668
1208000 43.541766 41.819095
1209000 43.782564 41.820719
1210000 43.370675 41.822000
1211000 43.657822 41.823516
1212000 43.883672 41.825216
1213000 43.774295 41.826823
1214000 43.225891 41.827975
1215000 44.220634 41.829944
1216000 44.245070 41.831931
1217000 43.941659 41.833664
1218000 43.742319 41.835231
1219000 44.107783 41.837095
1220000 44.174549 41.839011
1221000 44.787152 41.841426
1222000 44.047343 41.843231
1223000 44.164874 41.845129
1224000 44.204566 41.847057
1225000 44.351563 41.849102
1226000 43.876760 41.850755
1227000 43.842508 41.852379
1228000 43.691890 41.853877
1229000 42.921744 41.854746
1230000 43.128179 41.855781
1231000 43.863438 41.857412
1232000 43.052493 41.858382
1233000 43.989009 41.860110
1234000 43.275645 41.861257
1235000 43.728810 41.862769
1236000 44.090335 41.864571
1237000 42.894368 41.865404
1238000 43.351648 41.866604
1239000 43.579880 41.867987
1240000 43.888948 41.869617
1241000 43.186373 41.870678
1242000 42.239915 41.870975
1243000 42.132626 41.871186
1244000 42.565961 41.871744
1245000 42.447375 41.872207
1246000 42.563110 41.872761
1247000 43.013274 41.873676
1248000 42.494782 41.874173
1249000 42.666938 41.874808
1250000 42.924811 41.875648
1251000 42.842346 41.876421
1252000 43.238990 41.877509
1253000 43.067749 41.878459
1254000 42.948311 41.879312
1255000 42.713404 41.879977
1256000 42.757801 41.880676
1257000 42.998642 41.881565
1258000 42.841330 41.882328
1259000 43.414357 41.883545
1260000 42.846179 41.884309
1261000 43.179831 41.885336
1262000 42.356222 41.885710
1263000 42.912845 41.886523
1264000 42.388292 41.886920
1265000 42.568538 41.887459
1266000 42.795738 41.888176
1267000 42.388352 41.888571
1268000 42.859011 41.889336
1269000 43.474123 41.890585
1270000 43.443051 41.891807
1271000 43.413883 41.893005
1272000 43.189460 41.894024
1273000 43.493064 41.895280
1274000 43.053164 41.896189
1275000 43.250791 41.897252
1276000 43.200879 41.898273
1277000 43.079224 41.899198
1278000 43.905854 41.900768
1279000 43.531114 41.902043
1280000 43.896366 41.903601
1281000 43.955460 41.905203
1282000 43.154988 41.906178
1283000 43.396880 41.907339
1284000 43.012620 41.908200
1285000 42.192817 41.908422
1286000 42.210897 41.908657
1287000 42.414970 41.909050
1288000 42.472207 41.909488
1289000 42.844942 41.910213
1290000 42.800119 41.910903
1291000 43.044005 41.911781
1292000 42.929475 41.912569
1293000 42.231013 41.912815
1294000 42.469952 41.913245
1295000 42.376189 41.913603
1296000 41.912975 41.913602
1297000 41.084739 41.912963
1298000 41.027048 41.912281
1299000 42.494700 41.912729
1300000 41.817501 41.912656
1301000 41.949960 41.912685
1302000 42.393727 41.913054
1303000 41.809650 41.912975
1304000 40.696004 41.912041
1305000 41.320510 41.911588
1306000 41.389816 41.911189
1307000 41.861211 41.911150
1308000 41.838237 41.911095
1309000 41.220735 41.910567
1310000 41.606316 41.910335
1311000 41.527432 41.910043
1312000 41.871924 41.910014
1313000 41.286613 41.909539
1314000 41.759015 41.909425
1315000 41.516363 41.909126
1316000 41.669944 41.908944
1317000 40.948369 41.908214
1318000 41.556128 41.907947
1319000 41.792574 41.907860
1320000 41.692472 41.907697
1321000 41.649898 41.907502
1322000 41.831660 41.907444
1323000 41.566947 41.907187
1324000 41.179545 41.906637
1325000 41.409370 41.906262
1326000 41.833121 41.906207
1327000 41.793651 41.906122
1328000 41.794027 41.906038
1329000 41.854979 41.905999
1330000 41.673171 41.905824
1331000 41.841996 41.905776
1332000 41.840143 41.905727
1333000 42.026908 41.905818
1334000 42.101346 41.905964
1335000 42.155816 41.906151
1336000 42.577224 41.906654
1337000 42.352492 41.906987
1338000 42.661189 41.907551
1339000 42.139874 41.907724
1340000 41.852313 41.907683
1341000 42.401647 41.908051
1342000 42.457846 41.908461
1343000 42.738171 41.909079
1344000 42.254744 41.909336
1345000 42.184576 41.909541
1346000 42.377054 41.909888
1347000 42.429090 41.910274
1348000 42.859143 41.910977
1349000 42.994196 41.911780
1350000 43.181822 41.912721
1351000 43.149311 41.913637
1352000 43.259199 41.914632
1353000 43.404880 41.915733
1354000 43.315623 41.916767
1355000 43.168935 41.917691
1356000 43.349607 41.918747
1357000 43.560412 41.919957
1358000 43.224040 41.920917
1359000 43.045410 41.921745
1360000 43.025824 41.922557
1361000 42.930387 41.923297
1362000 42.340114 41.923603
1363000 42.846855 41.924280
1364000 42.639872 41.924805
1365000 42.519842 41.925241
1366000 42.219416 41.925456
1367000 42.467118 41.925853
1368000 42.717802 41.926431
1369000 42.631826 41.926947
1370000 42.394423 41.927288
1371000 42.513982 41.927716
1372000 42.366609 41.928036
1373000 42.473976 41.928433
1374000 42.993335 41.929208
1375000 42.415280 41.929562
1376000 42.980858 41.930326
1377000 42.709584 41.930892
1378000 42.998195 41.931666
1379000 43.104970 41.932517
1380000 43.193594 41.933431
1381000 43.576379 41.934621
1382000 42.932406 41.935343
1383000 43.288627 41.936321
1384000 44.223741 41.937974
1385000 43.027937 41.938761
1386000 43.096033 41.939596
1387000 43.840602 41.940967
1388000 43.023646 41.941747
1389000 42.925193 41.942455
1390000 44.149920 41.944043
1391000 43.438727 41.945117
1392000 43.284362 41.946079
1393000 43.701902 41.947340
1394000 44.293497 41.949023
1395000 42.540235 41.949447
1396000 42.991095 41.950193
1397000 42.725612 41.950748
1398000 43.004994 41.951502
1399000 43.637958 41.952707
1400000 43.452796 41.953779
1401000 43.196565 41.954666
1402000 42.944896 41.955372
1403000 43.345812 41.956363
1404000 43.108801 41.957184
1405000 43.322758 41.958156
1406000 42.809755 41.958762
1407000 42.821683 41.959375
1408000 42.754729 41.959940
1409000 42.044805 41.960000
1410000 42.466676 41.960360
1411000 42.563516 41.960787
1412000 42.064630 41.960861
1413000 42.426528 41.961190
1414000 42.384304 41.961489
1415000 42.629797 41.961962
1416000 42.239235 41.962158
1417000 42.686748 41.962669
1418000 42.856565 41.963299
1419000 42.814726 41.963899
1420000 42.619359 41.964361
1421000 42.397846 41.964666
1422000 43.166197 41.965511
1423000 42.637772 41.965983
1424000 42.316759 41.966230
1425000 42.795510 41.966812
1426000 42.813431 41.967405
1427000 42.648230 41.967882
1428000 42.787057 41.968456
1429000 43.188719 41.969310
1430000 42.762259 41.969864
1431000 42.672858 41.970356
1432000 43.411604 41.971362
1433000 42.813344 41.971950
1434000 42.670551 41.972437
1435000 42.596177 41.972872
1436000 43.329913 41.973817
1437000 43.502951 41.974881
1438000 42.907941 41.975530
1439000 42.844417 41.976133
1440000 43.188517 41.976975
1441000 42.775967 41.977530
1442000 43.086145 41.978299
1443000 42.585376 41.978719
1444000 42.696684 41.979217
1445000 42.434378 41.979532
1446000 43.225020 41.980393
1447000 43.429253 41.981394
1448000 43.301015 41.982305
1449000 42.837627 41.982896
1450000 42.951011 41.983563
1451000 42.926183 41.984213
1452000 43.156240 41.985020
1453000 43.615861 41.986143
1454000 42.840052 41.986730
1455000 42.768130 41.987267
1456000 43.169775 41.988079
1457000 42.570235 41.988479
1458000 42.936135 41.989129
1459000 42.912424 41.989761
1460000 42.428800 41.990062
1461000 42.887311 41.990676
1462000 42.751965 41.991197
1463000 42.969969 41.991866
1464000 43.134201 41.992646
1465000 42.673819 41.993111
1466000 43.065077 41.993843
1467000 42.954877 41.994498
1468000 43.206006 41.995323
1469000 42.619210 41.995748
1470000 42.656110 41.996197
1471000 43.033251 41.996902
1472000 42.959640 41.997556
1473000 42.295524 41.997758
1474000 42.610528 41.998174
1475000 43.081770 41.998909
1476000 43.264921 41.999766
1477000 42.721530 42.000255
1478000 41.946063 42.000218
1479000 42.544323 42.000586
1480000 43.008280 42.001267
1481000 43.735161 42.002438
1482000 42.905466 42.003047
1483000 42.925872 42.003669
1484000 43.250337 42.004509
1485000 43.251488 42.005349
1486000 44.046354 42.006723
1487000 43.600978 42.007795
1488000 43.715343 42.008942
1489000 43.978535 42.010265
1490000 43.839340 42.011493
1491000 43.376166 42.012408
1492000 43.498328 42.013404
1493000 43.180935 42.014186
1494000 43.098021 42.014911
1495000 43.284834 42.015761
1496000 43.604240 42.016823
1497000 42.952202 42.017447
1498000 43.986668 42.018762
1499000 43.867281 42.019995
1500000 43.953086 42.021284
1501000 44.032167 42.022624
1502000 43.479554 42.023594
1503000 43.259937 42.024416
1504000 43.545032 42.025427
1505000 43.647551 42.026505
1506000 43.588048 42.027542
1507000 43.640460 42.028612
1508000 43.784773 42.029777
1509000 43.672096 42.030865
1510000 43.087898 42.031565
1511000 42.897166 42.032138
1512000 42.908077 42.032717
1513000 43.180644 42.033476
1514000 42.960347 42.034088
1515000 42.582215 42.034450
1516000 42.382133 42.034679
1517000 42.770145 42.035164
1518000 42.837864 42.035693
1519000 42.685823 42.036121
1520000 42.637528 42.036517
1521000 43.254328 42.037317
1522000 42.879753 42.037871
1523000 43.471730 42.038812
1524000 42.547899 42.039146
1525000 42.432291 42.039404
1526000 42.677447 42.039822
1527000 42.275265 42.039976
1528000 41.966735 42.039928
1529000 42.283313 42.040088
1530000 42.858622 42.040623
1531000 42.904882 42.041187
1532000 42.397753 42.041420
1533000 43.216666 42.042187
1534000 43.135803 42.042899
1535000 43.127201 42.043606
1536000 43.081407 42.044281
1537000 43.114573 42.044978
1538000 42.990226 42.045592
1539000 43.497199 42.046536
1540000 42.785914 42.047016
1541000 42.869319 42.047549
1542000 43.094830 42.048229
1543000 42.568686 42.048566
1544000 42.161835 42.048639
1545000 42.476239 42.048916
1546000 41.962848 42.048860
1547000 41.404066 42.048444
1548000 42.399079 42.048670
1549000 41.676431 42.048430
1550000 41.569045 42.048120
1551000 41.478118 42.047753
1552000 41.485033 42.047390
1553000 41.269918 42.046890
1554000 41.062602 42.046256
1555000 41.522973 42.045920
1556000 41.406152 42.045509
1557000 41.655705 42.045258
1558000 41.741560 42.045063
1559000 41.661087 42.044817
1560000 42.256319 42.044953
1561000 42.549921 42.045276
1562000 42.306806 42.045444
1563000 42.421276 42.045684
1564000 42.445494 42.045940
1565000 42.043171 42.045938
1566000 41.639448 42.045678
1567000 42.502647 42.045970
1568000 42.113554 42.046013
1569000 42.473297 42.046285
1570000 42.058331 42.046293
1571000 41.394584 42.045878
1572000 41.856026 42.045757
1573000 42.188028 42.045848
1574000 42.323871 42.046025
1575000 41.395541 42.045612
1576000 42.386136 42.045828
1577000 42.400030 42.046052
1578000 42.433062 42.046297
1579000 42.471160 42.046567
1580000 42.497385 42.046852
1581000 42.478600 42.047125
1582000 42.873667 42.047647
1583000 42.881669 42.048174
1584000 42.504725 42.048462
1585000 42.669119 42.048854
1586000 42.352598 42.049046
1587000 42.286869 42.049195
1588000 42.228346 42.049308
1589000 42.364358 42.049507
1590000 42.772069 42.049961
1591000 42.743959 42.050397
1592000 43.175817 42.051104
1593000 42.011136 42.051079
1594000 42.377112 42.051284
1595000 42.127758 42.051331
1596000 41.821244 42.051187
1597000 41.660573 42.050943
1598000 41.561279 42.050636
1599000 41.658976 42.050391
1600000 41.413547 42.049993
1601000 41.644053 42.049740
1602000 41.631062 42.049478
1603000 40.937677 42.048785
1604000 40.949031 42.048099
1605000 41.254223 42.047605
1606000 41.263135 42.047116
1607000 41.155080 42.046561
1608000 41.277890 42.046083
1609000 41.438487 42.045705
1610000 41.202652 42.045182
1611000 40.930113 42.044490
1612000 40.867022 42.043759
1613000 40.928137 42.043068
1614000 41.236197 42.042568
1615000 41.518980 42.042243
1616000 41.187712 42.041715
1617000 40.795533 42.040944
1618000 41.127244 42.040379
1619000 40.665585 42.039530
1620000 40.780706 42.038753
1621000 40.512969 42.037812
1622000 40.504126 42.036866
1623000 40.490429 42.035913
1624000 40.687275 42.035083
1625000 41.015853 42.034456
1626000 40.767267 42.033676
1627000 41.207339 42.033168
1628000 40.979836 42.032521
1629000 40.693109 42.031699
1630000 41.418002 42.031323
1631000 41.248613 42.030843
1632000 41.390401 42.030450
1633000 41.728858 42.030266
1634000 41.281766 42.029808
1635000 40.984534 42.029168
1636000 41.029863 42.028558
1637000 40.685204 42.027737
1638000 41.134491 42.027192
1639000 41.056876 42.026600
1640000 41.087436 42.026027
1641000 40.977075 42.025388
1642000 41.291486 42.024941
1643000 41.273467 42.024483
1644000 41.013363 42.023868
1645000 40.959948 42.023222
1646000 41.874051 42.023131
1647000 41.888264 42.023049
1648000 42.044322 42.023062
1649000 42.188851 42.023162
1650000 42.463893 42.023430
1651000 41.266254 42.022971
1652000 41.420057 42.022606
1653000 42.311370 42.022781
1654000 42.674959 42.023175
1655000 41.793263 42.023036
1656000 42.800913 42.023506
1657000 42.022734 42.023505
1658000 41.762746 42.023348
1659000 42.353852 42.023547
1660000 42.310303 42.023720
1661000 42.613111 42.024075
1662000 41.968818 42.024042
1663000 41.484788 42.023717
1664000 41.123396 42.023176
1665000 41.091615 42.022617
1666000 41.168884 42.022104
1667000 41.771097 42.021954
1668000 41.341748 42.021546
1669000 41.610496 42.021300
1670000 41.861500 42.021204
1671000 41.481581 42.020881
1672000 42.194488 42.020985
1673000 41.739640 42.020817
1674000 41.690105 42.020619
1675000 41.193607 42.020125
1676000 41.430289 42.019774
1677000 41.821948 42.019656
1678000 42.167764 42.019744
1679000 42.119581 42.019803
1680000 42.099895 42.019851
1681000 42.370389 42.020059
1682000 42.629043 42.020422
1683000 42.471707 42.020690
1684000 42.343409 42.020881
1685000 42.235882 42.021009
1686000 42.284647 42.021165
1687000 41.734037 42.020995
1688000 41.779093 42.020852
1689000 42.071886 42.020882
1690000 41.958353 42.020845
1691000 42.624048 42.021202
1692000 42.284766 42.021357
1693000 42.346662 42.021550
1694000 42.093571 42.021592
1695000 41.880156 42.021509
1696000 42.167570 42.021595
1697000 42.153649 42.021673
1698000 41.144403 42.021156
1699000 42.161602 42.021239
1700000 41.923101 42.021181
1701000 41.635660 42.020954
1702000 41.524975 42.020663
1703000 41.054189 42.020095
1704000 40.620361 42.019274
1705000 41.189361 42.018787
1706000 40.814193 42.018081
1707000 41.016532 42.017494
1708000 41.046135 42.016926
1709000 40.670717 42.016138
1710000 40.457371 42.015226
1711000 40.825888 42.014531
1712000 40.888526 42.013874
1713000 40.822285 42.013178
1714000 40.892995 42.012524
1715000 40.856341 42.011850
1716000 41.053695 42.011292
1717000 40.777660 42.010573
1718000 41.806793 42.010455
1719000 40.885558 42.009800
1720000 40.674674 42.009024
1721000 40.740037 42.008287
1722000 40.652266 42.007499
1723000 40.680537 42.006729
1724000 40.356817 42.005772
1725000 40.933626 42.005151
1726000 40.981091 42.004557
1727000 40.093704 42.003451
1728000 40.840623 42.002778
1729000 40.476887 42.001895
1730000 40.705611 42.001146
1731000 40.032314 42.000009
1732000 40.220863 41.998981
1733000 39.827515 41.997728
1734000 39.893080 41.996515
1735000 40.452575 41.995625
1736000 40.679784 41.994867
1737000 40.811694 41.994186
1738000 40.283737 41.993202
1739000 39.690656 41.991877
1740000 39.794308 41.990614
1741000 39.328400 41.989085
1742000 39.521569 41.987669
1743000 39.483409 41.986232
1744000 39.453391 41.984780
1745000 39.947013 41.983612
1746000 39.968939 41.982458
1747000 40.163632 41.981417
1748000 40.509577 41.980575
1749000 39.941716 41.979409
1750000 39.270008 41.977861
1751000 40.022579 41.976744
1752000 39.806238 41.975506
1753000 40.230080 41.974510
1754000 39.797032 41.973268
1755000 40.241191 41.972281
1756000 39.586462 41.970923
1757000 40.173674 41.969900
1758000 39.869593 41.968705
1759000 39.298946 41.967187
1760000 40.176804 41.966170
1761000 39.847625 41.964967
1762000 40.191986 41.963961
1763000 40.216505 41.962970
1764000 40.349196 41.962055
1765000 40.878395 41.961441
1766000 41.120865 41.960965
1767000 40.566878 41.960176
1768000 40.543513 41.959375
1769000 40.904710 41.958778
1770000 40.941629 41.958204
1771000 41.158285 41.957752
1772000 41.212159 41.957331
1773000 40.987152 41.956784
1774000 40.757142 41.956108
1775000 40.308921 41.955180
1776000 40.796988 41.954528
1777000 40.793227 41.953874
1778000 40.535505 41.953077
1779000 40.339160 41.952169
1780000 40.652769 41.951439
1781000 41.285384 41.951065
1782000 41.522728 41.950825
1783000 40.683162 41.950114
1784000 41.265542 41.949730
1785000 41.394318 41.949419
1786000 42.009561 41.949453
1787000 41.794638 41.949366
1788000 41.982117 41.949385
1789000 42.512185 41.949699
1790000 42.494845 41.950004
1791000 41.782189 41.949910
1792000 41.676871 41.949758
1793000 42.182509 41.949887
1794000 41.551370 41.949665
1795000 41.980525 41.949682
1796000 41.464497 41.949412
1797000 40.243490 41.948463
1798000 40.057105 41.947411
1799000 40.885884 41.946821
1800000 40.743645 41.946153
1801000 40.097383 41.945126
1802000 40.497514 41.944323
1803000 40.250803 41.943383
1804000 41.296969 41.943025
1805000 41.442047 41.942748
1806000 41.428766 41.942463
1807000 41.795839 41.942382
1808000 42.272069 41.942564
1809000 42.484972 41.942864
1810000 42.832885 41.943356
1811000 42.181471 41.943487
1812000 42.380097 41.943728
1813000 42.568522 41.944073
1814000 42.863049 41.944579
1815000 42.574757 41.944927
1816000 42.290336 41.945117
1817000 42.428205 41.945383
1818000 42.444716 41.945657
1819000 41.943561 41.945656
1820000 41.856193 41.945607
1821000 41.408151 41.945312
1822000 40.970155 41.944777
1823000 41.377671 41.944466
1824000 40.658533 41.943761
1825000 40.553607 41.942999
1826000 41.266440 41.942628
1827000 41.033286 41.942131
1828000 41.386678 41.941827
1829000 41.938458 41.941825
1830000 41.272707 41.941459
1831000 41.114811 41.941008
1832000 40.940051 41.940461
1833000 41.659307 41.940308
1834000 41.256337 41.939935
1835000 41.056871 41.939454
1836000 40.864868 41.938869
1837000 41.169484 41.938450
1838000 40.992642 41.937935
1839000 41.126799 41.937494
1840000 40.759776 41.936854
1841000 40.502160 41.936075
1842000 40.036447 41.935043
1843000 40.342439 41.934179
1844000 40.472379 41.933387
1845000 40.417904 41.932565
1846000 40.334178 41.931699
1847000 40.668260 41.931015
1848000 40.275999 41.930120
1849000 40.717810 41.929464
1850000 40.102331 41.928476
1851000 40.670657 41.927797
1852000 40.471579 41.927011
1853000 41.086056 41.926557
1854000 41.246067 41.926190
1855000 41.060831 41.925723
1856000 40.792463 41.925113
1857000 40.614242 41.924407
1858000 40.763271 41.923782
1859000 40.504847 41.923018
1860000 40.872767 41.922454
1861000 41.437702 41.922193
1862000 41.106976 41.921756
1863000 41.009365 41.921266
1864000 40.989611 41.920766
1865000 40.731061 41.920128
1866000 41.329785 41.919812
1867000 41.079714 41.919362
1868000 40.838966 41.918783
1869000 41.028285 41.918307
1870000 41.135591 41.917888
1871000 40.940603 41.917366
1872000 41.298844 41.917036
1873000 41.127395 41.916614
1874000 40.391581 41.915800
1875000 41.021941 41.915323
1876000 41.299304 41.914995
1877000 41.226760 41.914628
1878000 40.978960 41.914130
1879000 41.991703 41.914172
1880000 41.511097 41.913957
1881000 41.643224 41.913813
1882000 41.281042 41.913477
1883000 41.891505 41.913465
1884000 41.723642 41.913365
1885000 41.658200 41.913229
1886000 41.718378 41.913126
1887000 41.441250 41.912876
1888000 41.501955 41.912658
1889000 41.040926 41.912197
1890000 41.480449 41.911968
1891000 41.755863 41.911886
1892000 41.544953 41.911692
1893000 41.187479 41.911309
1894000 41.690827 41.911193
1895000 41.160178 41.910796
1896000 40.741947 41.910180
1897000 40.686465 41.909535
1898000 40.658598 41.908876
1899000 40.844753 41.908315
1900000 40.758600 41.907710
1901000 41.273564 41.907377
1902000 40.456574 41.906614
1903000 41.558379 41.906431
1904000 41.076291 41.905995
1905000 41.543910 41.905805
1906000 41.213669 41.905442
1907000 41.235800 41.905091
1908000 41.313859 41.904781
1909000 41.292151 41.904460
1910000 41.017341 41.903995
1911000 41.441557 41.903753
1912000 40.658396 41.903102
1913000 41.199253 41.902734
1914000 41.612340 41.902582
1915000 41.096728 41.902162
1916000 40.867084 41.901621
1917000 40.764031 41.901028
1918000 41.217143 41.900671
1919000 41.419796 41.900421
1920000 41.421325 41.900171
1921000 41.256569 41.899836
1922000 41.290901 41.899519
1923000 41.605795 41.899367
1924000 42.102082 41.899472
1925000 42.084984 41.899568
1926000 42.024803 41.899633
1927000 42.304157 41.899843
1928000 42.049690 41.899921
1929000 41.233382 41.899576
1930000 41.939946 41.899596
1931000 42.674390 41.899998
1932000 42.094639 41.900098
1933000 42.154090 41.900230
1934000 41.804063 41.900180
1935000 42.434662 41.900456
1936000 42.325486 41.900676
1937000 42.151100 41.900805
1938000 42.708371 41.901222
1939000 42.933362 41.901754
1940000 42.917566 41.902278
1941000 42.428774 41.902549
1942000 43.243518 41.903239
1943000 43.366341 41.903993
1944000 43.402500 41.904763
1945000 43.497340 41.905582
1946000 43.153397 41.906223
1947000 42.496263 41.906526
1948000 43.218117 41.907200
1949000 42.332035 41.907418
1950000 43.111032 41.908035
1951000 43.143703 41.908668
1952000 43.635812 41.909553
1953000 43.919897 41.910582
1954000 43.835545 41.911568
1955000 43.671312 41.912468
1956000 42.835556 41.912940
1957000 43.961172 41.913986
1958000 43.653245 41.914875
1959000 43.697991 41.915785
1960000 44.149450 41.916924
1961000 44.153690 41.918065
1962000 43.752895 41.919000
1963000 43.876196 41.919997
1964000 43.550916 41.920828
1965000 43.809634 41.921789
1966000 43.815645 41.922752
1967000 43.925876 41.923771
1968000 43.970047 41.924810
1969000 44.159087 41.925945
1970000 43.324850 41.926655
1971000 43.053906 41.927227
1972000 42.639332 41.927588
1973000 42.960616 41.928112
1974000 43.613279 41.928965
1975000 43.641156 41.929832
1976000 43.090538 41.930420
1977000 43.282596 41.931104
1978000 42.853253 41.931570
1979000 43.112058 41.932166
1980000 43.720949 41.933070
1981000 43.540890 41.933881
1982000 42.875658 41.934357
1983000 43.347571 41.935069
1984000 43.629319 41.935923
1985000 43.603989 41.936764
1986000 44.271233 41.937939
1987000 43.811893 41.938882
1988000 44.045782 41.939942
1989000 43.903821 41.940929
1990000 43.628554 41.941777
1991000 43.550711 41.942586
1992000 43.589143 41.943412
1993000 42.811706 41.943848
1994000 42.986424 41.944371
1995000 43.372163 41.945086
1996000 43.819591 41.946025
1997000 43.617208 41.946862
1998000 44.407509 41.948094
1999000 44.604619 41.949423
2000000 43.898776 41.950397
