1000 48.050398 48.050398
2000 47.674019 47.862209
3000 47.509565 47.744661
4000 47.831785 47.766442
5000 47.852535 47.783661
6000 47.494570 47.735479
7000 47.612290 47.717880
8000 47.424391 47.681194
9000 47.653499 47.678117
10000 47.352336 47.645539
11000 47.543171 47.636233
12000 47.585904 47.632039
13000 47.473177 47.619819
14000 47.571502 47.616367
15000 47.842449 47.631439
16000 47.330966 47.612660
17000 47.713596 47.618597
18000 48.084176 47.644463
19000 47.941662 47.660105
20000 48.053018 47.679751
21000 47.782957 47.684665
22000 47.973228 47.697782
23000 47.957491 47.709073
24000 47.647805 47.706520
25000 47.970772 47.717091
26000 48.467751 47.745962
27000 48.586542 47.777095
28000 48.354654 47.797722
29000 48.361909 47.817177
30000 48.718085 47.847207
31000 48.198831 47.858550
32000 48.106269 47.866291
33000 48.193099 47.876194
34000 48.306222 47.888842
35000 48.145652 47.896179
36000 48.048821 47.900419
37000 48.032060 47.903977
38000 48.181803 47.911288
39000 47.849831 47.909713
40000 48.344285 47.920577
41000 47.931391 47.920841
42000 48.144773 47.926172
43000 47.886496 47.925250
44000 47.940441 47.925595
45000 48.037805 47.928089
46000 47.666689 47.922406
47000 48.162776 47.927520
48000 47.960137 47.928200
49000 48.136483 47.932450
50000 47.916550 47.932132
51000 47.872916 47.930971
52000 47.973345 47.931786
53000 47.896581 47.931122
54000 48.128392 47.934775
55000 47.756926 47.931541
56000 47.412110 47.922266
57000 47.451954 47.914015
58000 47.887751 47.913562
59000 47.460582 47.905884
60000 47.509525 47.899278
61000 47.747355 47.896788
62000 47.569869 47.891515
63000 47.741915 47.889140
64000 47.458964 47.882419
65000 47.894214 47.882600
66000 47.940317 47.883475
67000 47.761657 47.881657
68000 47.168692 47.871172
69000 47.768778 47.869688
70000 47.510353 47.864554
71000 47.652118 47.861562
72000 47.726582 47.859688
73000 47.922237 47.860545
74000 47.756514 47.859139
75000 47.609946 47.855816
76000 47.616530 47.852668
77000 47.372040 47.846426
78000 47.381878 47.840470
79000 47.816565 47.840167
80000 47.594480 47.837096
81000 47.619546 47.834411
82000 47.832285 47.834385
83000 48.110564 47.837712
84000 48.073927 47.840524
85000 47.963526 47.841971
86000 48.142722 47.845468
87000 48.259271 47.850225
88000 48.051242 47.852509
89000 48.531691 47.860140
90000 48.176148 47.863651
91000 48.138208 47.866669
92000 47.791933 47.865856
93000 47.659321 47.863635
94000 48.261136 47.867864
95000 48.051081 47.869793
96000 48.409928 47.875419
97000 48.086462 47.877595
98000 48.063444 47.879491
99000 48.210787 47.882838
100000 47.950015 47.883509
101000 47.883634 47.883511
102000 47.928478 47.883952
103000 47.785475 47.882995
104000 47.776814 47.881974
105000 47.919147 47.882328
106000 48.332969 47.886580
107000 47.751205 47.885315
108000 48.079585 47.887113
109000 48.310718 47.891000
110000 48.391548 47.895550
111000 48.408648 47.900173
112000 48.586580 47.906301
113000 48.238536 47.909241
114000 48.156455 47.911410
115000 48.336920 47.915110
116000 47.974618 47.915623
117000 48.089872 47.917112
118000 48.079336 47.918487
119000 48.159843 47.920515
120000 48.117695 47.922159
121000 48.240383 47.924788
122000 47.813042 47.923872
123000 47.935363 47.923966
124000 47.805996 47.923015
125000 48.121269 47.924601
126000 48.004253 47.925233
127000 48.273082 47.927972
128000 48.319042 47.931027
129000 48.275817 47.933700
130000 47.974128 47.934011
131000 48.227463 47.936251
132000 48.126492 47.937692
133000 47.720392 47.936058
134000 47.873243 47.935589
135000 48.110538 47.936885
136000 47.694112 47.935100
137000 47.837911 47.934391
138000 47.690800 47.932626
139000 48.088036 47.933744
140000 47.946123 47.933832
141000 48.247067 47.936054
142000 48.236509 47.938170
143000 47.853943 47.937581
144000 48.588695 47.942102
145000 48.680233 47.947193
146000 48.486986 47.950890
147000 48.519459 47.954758
148000 48.363037 47.957516
149000 48.331632 47.960027
150000 48.209528 47.961691
151000 48.223816 47.963427
152000 48.346661 47.965948
153000 48.447231 47.969093
154000 48.722466 47.973985
155000 48.468216 47.977174
156000 48.592703 47.981120
157000 48.222039 47.982654
158000 48.543968 47.986207
159000 48.376584 47.988662
160000 48.009702 47.988794
161000 47.995723 47.988837
162000 47.911212 47.988357
163000 47.937822 47.988047
164000 47.914245 47.987597
165000 47.829005 47.986636
166000 47.952966 47.986433
167000 48.024718 47.986663
168000 47.845966 47.985825
169000 47.608687 47.983594
170000 47.745285 47.982192
171000 47.631452 47.980141
172000 47.764099 47.978885
173000 47.651239 47.976991
174000 47.915526 47.976637
175000 47.983629 47.976677
176000 47.848823 47.975951
177000 48.112949 47.976725
178000 47.987043 47.976783
179000 48.028271 47.977071
180000 47.888263 47.976577
181000 47.791244 47.975553
182000 47.576698 47.973362
183000 47.744428 47.972111
184000 47.700474 47.970634
185000 48.078519 47.971218
186000 47.712560 47.969827
187000 48.194176 47.971027
188000 48.343732 47.973009
189000 48.405110 47.975295
190000 47.957713 47.975203
191000 47.913280 47.974879
192000 47.976516 47.974887
193000 47.544780 47.972659
194000 47.945161 47.972517
195000 47.778913 47.971524
196000 47.479296 47.969013
197000 47.620491 47.967244
198000 47.844726 47.966625
199000 48.060463 47.967096
200000 48.214849 47.968335
201000 47.991790 47.968452
202000 48.063432 47.968922
203000 48.061367 47.969377
204000 48.118623 47.970109
205000 48.326208 47.971846
206000 48.462212 47.974227
207000 47.796918 47.973370
208000 48.191564 47.974419
209000 47.964030 47.974369
210000 48.346383 47.976141
211000 48.530967 47.978770
212000 48.186805 47.979752
213000 48.220069 47.980880
214000 47.918733 47.980589
215000 48.475578 47.982892
216000 48.067838 47.983285
217000 48.172598 47.984157
218000 47.918582 47.983857
219000 48.030620 47.984070
220000 47.899004 47.983683
221000 48.027742 47.983883
222000 48.163883 47.984694
223000 47.872185 47.984189
224000 47.876172 47.983707
225000 47.688832 47.982396
226000 47.847327 47.981799
227000 48.321667 47.983296
228000 48.006017 47.983396
229000 48.345504 47.984977
230000 48.113704 47.985536
231000 48.045164 47.985795
232000 48.025014 47.985964
233000 47.647856 47.984513
234000 47.502185 47.982451
235000 47.551097 47.980616
236000 47.691584 47.979391
237000 47.416882 47.977018
238000 47.712032 47.975904
239000 47.563710 47.974180
240000 47.836511 47.973606
241000 47.954520 47.973527
242000 47.608430 47.972018
243000 48.068236 47.972414
244000 48.008884 47.972563
245000 47.981209 47.972599
246000 48.412264 47.974386
247000 48.352326 47.975916
248000 48.146726 47.976605
249000 47.886528 47.976243
250000 48.062111 47.976587
251000 47.768106 47.975756
252000 48.171942 47.976535
253000 47.929004 47.976347
254000 48.216101 47.977291
255000 48.190639 47.978127
256000 47.853858 47.977642
257000 48.170919 47.978394
258000 48.173105 47.979149
259000 48.047226 47.979411
260000 48.344930 47.980817
261000 47.920073 47.980584
262000 48.108104 47.981071
263000 48.381630 47.982594
264000 48.629084 47.985043
265000 48.480298 47.986912
266000 48.290692 47.988054
267000 48.519164 47.990043
268000 48.544175 47.992111
269000 48.584967 47.994315
270000 48.873566 47.997571
271000 48.782863 48.000469
272000 48.635612 48.002804
273000 48.718778 48.005427
274000 48.962763 48.008921
275000 48.776708 48.011713
276000 48.875329 48.014842
277000 48.501018 48.016597
278000 48.763481 48.019283
279000 48.873222 48.022344
280000 49.021223 48.025912
281000 48.494419 48.027579
282000 48.691950 48.029935
283000 48.527643 48.031693
284000 48.634232 48.033815
285000 48.140734 48.034190
286000 48.018738 48.034136
287000 48.343185 48.035213
288000 48.255695 48.035979
289000 48.079734 48.036130
290000 48.170958 48.036595
291000 48.116519 48.036870
292000 48.146604 48.037245
293000 48.126000 48.037548
294000 48.285843 48.038393
295000 48.029712 48.038363
296000 47.888577 48.037857
297000 47.462168 48.035919
298000 47.792286 48.035101
299000 47.856221 48.034503
300000 47.922066 48.034128
301000 48.340076 48.035145
302000 48.037675 48.035153
303000 48.119236 48.035431
304000 47.999540 48.035313
305000 48.019352 48.035260
306000 48.120739 48.035540
307000 48.608191 48.037405
308000 48.207889 48.037958
309000 47.883284 48.037458
310000 47.876700 48.036939
311000 47.651782 48.035701
312000 47.589798 48.034272
313000 47.828307 48.033614
314000 48.316092 48.034513
315000 48.016548 48.034456
316000 48.082091 48.034607
317000 47.817969 48.033924
318000 47.869644 48.033407
319000 48.110221 48.033648
320000 47.844918 48.033058
321000 48.176169 48.033504
322000 48.157539 48.033889
323000 47.748556 48.033006
324000 47.614558 48.031714
325000 48.136468 48.032036
326000 48.056540 48.032112
327000 48.142681 48.032450
328000 48.042057 48.032479
329000 47.809239 48.031801
330000 48.090273 48.031978
331000 47.948309 48.031725
332000 47.841852 48.031153
333000 47.640361 48.029979
334000 47.756325 48.029160
335000 47.600553 48.027881
336000 47.814255 48.027245
337000 47.529438 48.025768
338000 47.589036 48.024476
339000 47.308666 48.022364
340000 47.677147 48.021349
341000 47.498648 48.019816
342000 47.852839 48.019328
343000 47.642749 48.018230
344000 47.502032 48.016729
345000 47.835133 48.016203
346000 47.786929 48.015540
347000 47.367246 48.013672
348000 47.895060 48.013331
349000 48.025297 48.013365
350000 47.952590 48.013192
351000 47.975199 48.013084
352000 47.838608 48.012588
353000 47.808671 48.012010
354000 47.594946 48.010832
355000 47.620327 48.009732
356000 47.411102 48.008050
357000 47.834299 48.007564
358000 47.644963 48.006551
359000 47.882513 48.006205
360000 48.049004 48.006324
361000 48.135153 48.006681
362000 48.181289 48.007163
363000 47.881848 48.006818
364000 47.940653 48.006637
365000 47.980045 48.006564
366000 48.261534 48.007260
367000 48.063754 48.007414
368000 47.835757 48.006948
369000 47.701629 48.006120
370000 47.485083 48.004712
371000 47.427246 48.003156
372000 47.631776 48.002157
373000 47.419141 48.000594
374000 47.396998 47.998980
375000 47.416302 47.997427
376000 47.465597 47.996012
377000 47.530559 47.994777
378000 47.654983 47.993879
379000 47.575309 47.992774
380000 47.712775 47.992037
381000 47.817774 47.991580
382000 48.046165 47.991723
383000 47.702104 47.990967
384000 47.827303 47.990540
385000 47.702176 47.989791
386000 47.227909 47.987818
387000 47.369228 47.986219
388000 47.325120 47.984515
389000 47.659232 47.983679
390000 47.590756 47.982672
391000 47.395794 47.981171
392000 47.583979 47.980157
393000 47.521196 47.978990
394000 47.720496 47.978334
395000 47.671518 47.977557
396000 47.805208 47.977122
397000 48.131761 47.977511
398000 48.058819 47.977715
399000 47.926502 47.977587
400000 48.519100 47.978941
401000 48.260925 47.979644
402000 47.841818 47.979301
403000 48.057297 47.979495
404000 47.949810 47.979421
405000 47.634010 47.978568
406000 47.820806 47.978180
407000 47.492338 47.976986
408000 47.613485 47.976095
409000 47.304579 47.974453
410000 47.145024 47.972430
411000 47.420235 47.971087
412000 47.322889 47.969513
413000 47.360980 47.968040
414000 47.186863 47.966153
415000 47.196738 47.964299
416000 46.786175 47.961467
417000 47.164374 47.959556
418000 47.150150 47.957619
419000 46.827570 47.954922
420000 46.815891 47.952210
421000 46.719226 47.949281
422000 46.829070 47.946627
423000 47.303741 47.945107
424000 46.804122 47.942416
425000 46.401882 47.938791
426000 46.507252 47.935431
427000 46.682697 47.932497
428000 46.432556 47.928993
429000 46.272625 47.925132
430000 46.298287 47.921348
431000 46.465785 47.917971
432000 46.726222 47.915212
433000 46.568565 47.912102
434000 46.427292 47.908681
435000 46.193581 47.904738
436000 46.644770 47.901849
437000 46.501698 47.898644
438000 46.749602 47.896021
439000 46.498642 47.892838
440000 46.292820 47.889202
441000 46.746350 47.886610
442000 46.616903 47.883737
443000 47.084034 47.881932
444000 46.897631 47.879715
445000 46.662173 47.876979
446000 46.865388 47.874711
447000 46.767137 47.872233
448000 46.674854 47.869561
449000 47.103603 47.867855
450000 46.848051 47.865589
451000 46.776025 47.863173
452000 46.935279 47.861120
453000 46.875916 47.858945
454000 46.749474 47.856501
455000 46.883047 47.854362
456000 46.867410 47.852197
457000 46.839640 47.849982
458000 46.422792 47.846866
459000 46.588250 47.844123
460000 46.711141 47.841660
461000 46.831261 47.839469
462000 46.993065 47.837637
463000 46.967271 47.835757
464000 47.023907 47.834007
465000 46.828385 47.831845
466000 46.698989 47.829413
467000 46.821291 47.827255
468000 46.631753 47.824700
469000 46.629318 47.822151
470000 46.561973 47.819470
471000 46.358323 47.816368
472000 46.510289 47.813601
473000 46.633415 47.811106
474000 46.563328 47.808473
475000 46.537708 47.805798
476000 47.008880 47.804124
477000 46.731053 47.801874
478000 47.122181 47.800452
479000 46.787164 47.798337
480000 46.673463 47.795993
481000 46.815149 47.793954
482000 46.964124 47.792233
483000 47.102090 47.790804
484000 47.130061 47.789439
485000 46.866425 47.787535
486000 46.968916 47.785851
487000 46.543261 47.783299
488000 46.634977 47.780946
489000 46.873276 47.779090
490000 46.481907 47.776443
491000 46.648438 47.774146
492000 46.553780 47.771665
493000 46.450391 47.768985
494000 46.540860 47.766499
495000 46.472024 47.763884
496000 46.897863 47.762138
497000 47.003015 47.760610
498000 46.751432 47.758584
499000 46.820063 47.756703
500000 46.716338 47.754622
501000 46.950618 47.753018
502000 46.735361 47.750990
503000 46.934161 47.749367
504000 46.992090 47.747864
505000 46.559737 47.745511
506000 46.696056 47.743437
507000 46.731101 47.741441
508000 46.657378 47.739307
509000 47.029664 47.737912
510000 46.935445 47.736339
511000 46.783462 47.734474
512000 47.018067 47.733075
513000 47.244524 47.732123
514000 46.751280 47.730214
515000 46.964891 47.728728
516000 46.929431 47.727179
517000 46.792634 47.725372
518000 46.941059 47.723857
519000 46.957435 47.722381
520000 46.741359 47.720494
521000 46.904252 47.718927
522000 46.924460 47.717406
523000 46.700582 47.715461
524000 46.568150 47.713272
525000 46.926633 47.711773
526000 46.606082 47.709671
527000 46.607952 47.707581
528000 46.752202 47.705771
529000 46.673772 47.703821
530000 46.816867 47.702147
531000 46.770639 47.700393
532000 46.916483 47.698919
533000 46.956713 47.697527
534000 46.857543 47.695954
535000 46.770450 47.694224
536000 46.917836 47.692775
537000 47.060434 47.691598
538000 47.256647 47.690789
539000 47.313916 47.690090
540000 47.308206 47.689383
541000 47.089766 47.688275
542000 47.081844 47.687156
543000 46.904059 47.685714
544000 46.818731 47.684120
545000 47.160574 47.683159
546000 47.110147 47.682110
547000 47.580873 47.681925
548000 47.068342 47.680805
549000 47.365319 47.680230
550000 47.362430 47.679652
551000 47.008233 47.678434
552000 47.128460 47.677438
553000 47.120955 47.676431
554000 47.088836 47.675371
555000 46.882437 47.673942
556000 47.287089 47.673246
557000 47.104376 47.672225
558000 46.732517 47.670541
559000 46.409394 47.668285
560000 46.682297 47.666524
561000 46.561889 47.664555
562000 46.335952 47.662191
563000 46.733008 47.660541
564000 46.787672 47.658993
565000 46.721340 47.657333
566000 46.355582 47.655033
567000 46.334932 47.652705
568000 46.536874 47.650741
569000 46.668879 47.649015
570000 46.810350 47.647544
571000 46.906912 47.646247
572000 47.069716 47.645239
573000 46.554463 47.643335
574000 46.775039 47.641822
575000 46.966677 47.640648
576000 46.480220 47.638634
577000 46.203448 47.636146
578000 46.385728 47.633983
579000 46.331065 47.631733
580000 46.310772 47.629455
581000 46.638583 47.627750
582000 46.629420 47.626034
583000 46.578903 47.624238
584000 46.364353 47.622081
585000 46.130589 47.619531
586000 46.394466 47.617441
587000 46.346325 47.615275
588000 46.429503 47.613259
589000 46.690538 47.611692
590000 46.980943 47.610623
591000 46.327276 47.608452
592000 46.535120 47.606639
593000 46.505276 47.604781
594000 46.593403 47.603079
595000 47.099404 47.602232
596000 46.860914 47.600988
597000 47.086160 47.600126
598000 47.021275 47.599158
599000 47.034575 47.598215
600000 46.663698 47.596658
601000 47.000881 47.595667
602000 46.939889 47.594577
603000 47.160661 47.593858
604000 47.256500 47.593299
605000 46.920448 47.592187
606000 47.075812 47.591335
607000 47.219049 47.590721
608000 46.950868 47.589669
609000 47.030284 47.588751
610000 47.277266 47.588240
611000 47.131153 47.587492
612000 47.059928 47.586630
613000 47.549827 47.586570
614000 47.335472 47.586161
615000 47.299262 47.585694
616000 47.057573 47.584837
617000 47.203816 47.584219
618000 47.142626 47.583505
619000 47.667456 47.583641
620000 47.426837 47.583388
621000 47.675951 47.583537
622000 47.703757 47.583730
623000 47.913715 47.584260
624000 47.823464 47.584643
625000 47.433622 47.584401
626000 47.730512 47.584635
627000 47.444401 47.584411
628000 47.811283 47.584772
629000 47.744995 47.585027
630000 47.775420 47.585329
631000 47.561832 47.585292
632000 47.608804 47.585329
633000 47.328688 47.584924
634000 47.513554 47.584811
635000 47.338641 47.584424
636000 47.355087 47.584063
637000 47.457993 47.583865
638000 47.485191 47.583710
639000 47.481381 47.583550
640000 47.279329 47.583075
641000 47.000070 47.582165
642000 47.168046 47.581520
643000 47.309723 47.581098
644000 46.983916 47.580170
645000 46.939667 47.579177
646000 46.906123 47.578135
647000 46.707620 47.576790
648000 46.858653 47.575682
649000 46.659983 47.574271
650000 46.642571 47.572837
651000 46.854312 47.571734
652000 46.678611 47.570364
653000 46.504037 47.568731
654000 46.603031 47.567254
655000 46.823759 47.566119
656000 46.736487 47.564854
657000 46.860554 47.563782
658000 46.484796 47.562143
659000 46.879388 47.561107
660000 46.263172 47.559140
661000 46.692105 47.557828
662000 46.539001 47.556289
663000 47.034041 47.555502
664000 46.826141 47.554403
665000 46.895314 47.553412
666000 46.615411 47.552004
667000 46.782730 47.550850
668000 46.373610 47.549088
669000 46.479593 47.547489
670000 46.469369 47.545880
671000 46.419749 47.544202
672000 46.593192 47.542787
673000 46.261164 47.540882
674000 46.126377 47.538784
675000 46.446416 47.537165
676000 46.095781 47.535033
677000 46.248797 47.533133
678000 46.695392 47.531898
679000 46.506751 47.530388
680000 46.557760 47.528958
681000 46.610894 47.527609
682000 46.648700 47.526321
683000 46.478010 47.524786
684000 46.587681 47.523416
685000 46.558359 47.522007
686000 46.501911 47.520520
687000 46.483629 47.519011
688000 46.673620 47.517782
689000 46.639494 47.516507
690000 46.664424 47.515272
691000 46.661820 47.514037
692000 46.794314 47.512997
693000 46.744486 47.511888
694000 47.060039 47.511237
695000 46.915902 47.510380
696000 47.069782 47.509747
697000 46.806467 47.508738
698000 46.898276 47.507864
699000 47.261939 47.507512
700000 46.829244 47.506543
701000 46.370852 47.504923
702000 46.522052 47.503523
703000 46.645293 47.502302
704000 46.562582 47.500967
705000 46.249139 47.499192
706000 46.286650 47.497474
707000 45.946960 47.495281
708000 45.621619 47.492635
709000 45.699387 47.490105
710000 46.009950 47.488021
711000 45.970319 47.485886
712000 45.927590 47.483697
713000 46.033663 47.481664
714000 46.355353 47.480086
715000 45.838317 47.477790
716000 45.862006 47.475533
717000 45.630607 47.472960
718000 45.806803 47.470640
719000 46.027159 47.468632
720000 46.023010 47.466624
721000 46.186028 47.464848
722000 45.692981 47.462394
723000 45.804657 47.460101
724000 46.126463 47.458259
725000 46.232336 47.456568
726000 46.271073 47.454935
727000 46.463001 47.453571
728000 46.026092 47.451610
729000 46.225496 47.449928
730000 46.173969 47.448180
731000 46.089532 47.446322
732000 45.358819 47.443470
733000 45.478887 47.440790
734000 45.216025 47.437759
735000 45.546670 47.435186
736000 45.280916 47.432259
737000 45.579675 47.429745
738000 45.604192 47.427271
739000 45.807127 47.425079
740000 45.590461 47.422600
741000 45.837803 47.420461
742000 45.457226 47.417815
743000 45.388904 47.415084
744000 45.676033 47.412747
745000 45.788516 47.410567
746000 46.194925 47.408937
747000 46.356774 47.407529
748000 45.973683 47.405612
749000 45.829115 47.403507
750000 45.695946 47.401230
751000 45.823419 47.399129
752000 46.075753 47.397370
753000 45.793027 47.395239
754000 45.836575 47.393172
755000 45.446789 47.390594
756000 45.904137 47.388628
757000 45.657452 47.386341
758000 45.865785 47.384335
759000 45.619622 47.382010
760000 46.016381 47.380213
761000 45.578301 47.377845
762000 45.940716 47.375959
763000 45.676081 47.373731
764000 45.478511 47.371250
765000 45.227584 47.368448
766000 45.647864 47.366202
767000 45.681598 47.364006
768000 45.754808 47.361910
769000 45.822875 47.359909
770000 45.421349 47.357391
771000 45.827710 47.355407
772000 45.613728 47.353151
773000 46.281575 47.351765
774000 46.229452 47.350315
775000 46.381876 47.349065
776000 46.177290 47.347555
777000 46.110495 47.345963
778000 45.865873 47.344061
779000 46.024377 47.342367
780000 46.054839 47.340716
781000 46.283995 47.339363
782000 46.359589 47.338110
783000 46.478126 47.337012
784000 46.239988 47.335613
785000 46.388229 47.334406
786000 46.562496 47.333424
787000 46.446569 47.332297
788000 46.459211 47.331189
789000 46.296953 47.329878
790000 46.100096 47.328321
791000 46.163684 47.326849
792000 46.295209 47.325546
793000 46.656232 47.324702
794000 46.409244 47.323549
795000 46.388219 47.322373
796000 46.614000 47.321483
797000 46.733366 47.320745
798000 46.770693 47.320056
799000 46.972669 47.319621
800000 46.890597 47.319085
801000 47.097171 47.318808
802000 46.895850 47.318280
803000 47.125630 47.318040
804000 46.991863 47.317635
805000 46.766525 47.316950
806000 46.688767 47.316171
807000 46.908771 47.315666
808000 46.780376 47.315003
809000 46.656380 47.314189
810000 46.440437 47.313111
811000 46.126850 47.311648
812000 46.375937 47.310495
813000 46.496304 47.309494
814000 46.609665 47.308634
815000 46.242241 47.307326
816000 46.302331 47.306094
817000 45.979023 47.304470
818000 45.917055 47.302774
819000 45.935380 47.301104
820000 46.186741 47.299745
821000 46.276513 47.298499
822000 46.079876 47.297016
823000 45.864567 47.295276
824000 46.051565 47.293767
825000 46.054338 47.292264
826000 45.828417 47.290492
827000 45.847095 47.288747
828000 46.211260 47.287445
829000 46.188060 47.286119
830000 45.835048 47.284371
831000 45.697464 47.282461
832000 45.683634 47.280540
833000 46.022322 47.279029
834000 45.873874 47.277344
835000 45.998048 47.275812
836000 46.008989 47.274297
837000 46.077550 47.272867
838000 46.210597 47.271599
839000 46.122460 47.270230
840000 46.225278 47.268986
841000 46.219962 47.267738
842000 45.989194 47.266220
843000 45.888036 47.264585
844000 45.984886 47.263069
845000 46.198741 47.261809
846000 46.146142 47.260491
847000 46.227635 47.259271
848000 46.407426 47.258267
849000 46.330271 47.257174
850000 46.160391 47.255883
851000 46.189627 47.254630
852000 46.343470 47.253561
853000 46.183950 47.252307
854000 46.435284 47.251350
855000 46.449149 47.250412
856000 46.630794 47.249688
857000 46.253062 47.248525
858000 46.578738 47.247745
859000 46.112796 47.246423
860000 46.346379 47.245377
861000 46.212282 47.244177
862000 45.921077 47.242642
863000 46.250840 47.241493
864000 46.079623 47.240148
865000 45.730989 47.238403
866000 45.744518 47.236678
867000 45.891346 47.235126
868000 46.210225 47.233946
869000 46.381199 47.232964
870000 46.216020 47.231796
871000 46.312380 47.230740
872000 46.727818 47.230163
873000 46.593476 47.229434
874000 47.076712 47.229259
875000 46.777764 47.228743
876000 46.591869 47.228016
877000 46.965072 47.227716
878000 46.498936 47.226886
879000 46.866163 47.226476
880000 46.835124 47.226031
881000 47.044205 47.225825
882000 47.066094 47.225644
883000 46.847428 47.225215
884000 47.008275 47.224970
885000 47.200136 47.224942
886000 46.305104 47.223904
887000 46.401551 47.222977
888000 46.470804 47.222129
889000 46.223603 47.221006
890000 46.158341 47.219812
891000 45.942201 47.218378
892000 45.707126 47.216684
893000 45.959806 47.215277
894000 46.251531 47.214199
895000 46.070513 47.212921
896000 45.847646 47.211397
897000 45.758070 47.209777
898000 45.830428 47.208241
899000 46.186496 47.207104
900000 45.901988 47.205654
901000 46.253138 47.204597
902000 46.443475 47.203753
903000 46.353899 47.202812
904000 46.635214 47.202184
905000 46.441829 47.201344
906000 46.256974 47.200302
907000 46.838112 47.199902
908000 46.501580 47.199133
909000 46.144073 47.197973
910000 46.193028 47.196868
911000 46.274375 47.195856
912000 46.431750 47.195018
913000 46.685206 47.194459
914000 46.705316 47.193924
915000 46.756728 47.193446
916000 47.164407 47.193415
917000 46.841057 47.193030
918000 46.614885 47.192401
919000 46.561297 47.191714
920000 46.796369 47.191284
921000 46.754762 47.190810
922000 46.747687 47.190330
923000 46.648876 47.189743
924000 46.871309 47.189398
925000 46.660833 47.188827
926000 46.824573 47.188434
927000 46.655546 47.187859
928000 46.618405 47.187245
929000 46.386461 47.186383
930000 46.506765 47.185652
931000 46.642503 47.185069
932000 47.183719 47.185067
933000 46.666042 47.184511
934000 46.807508 47.184108
935000 46.892409 47.183796
936000 46.527846 47.183095
937000 46.531928 47.182400
938000 46.273493 47.181431
939000 46.262995 47.180453
940000 46.553270 47.179786
941000 46.717159 47.179294
942000 46.597708 47.178676
943000 46.624718 47.178089
944000 46.654744 47.177535
945000 46.636040 47.176962
946000 46.332418 47.176069
947000 46.188342 47.175026
948000 45.848108 47.173626
949000 45.948931 47.172336
950000 46.485905 47.171613
951000 46.890410 47.171317
952000 46.593013 47.170710
953000 46.997849 47.170529
954000 46.745711 47.170083
955000 46.615957 47.169503
956000 46.598366 47.168906
957000 46.708386 47.168424
958000 46.369068 47.167590
959000 46.376415 47.166765
960000 46.224964 47.165784
961000 46.192539 47.164771
962000 46.208595 47.163777
963000 45.915460 47.162481
964000 45.686729 47.160950
965000 45.998967 47.159746
966000 45.941460 47.158485
967000 46.292893 47.157590
968000 46.384368 47.156791
969000 46.044589 47.155643
970000 45.961663 47.154412
971000 46.233503 47.153464
972000 46.066094 47.152345
973000 46.012130 47.151173
974000 45.781923 47.149767
975000 46.098416 47.148689
976000 46.192694 47.147710
977000 45.938133 47.146472
978000 46.134194 47.145437
979000 46.288229 47.144561
980000 46.054172 47.143448
981000 46.227491 47.142515
982000 46.561184 47.141923
983000 46.676211 47.141449
984000 46.511740 47.140809
985000 46.248870 47.139903
986000 46.196811 47.138947
987000 46.491786 47.138291
988000 46.758880 47.137907
989000 46.469255 47.137231
990000 46.575363 47.136664
991000 46.941132 47.136466
992000 47.087681 47.136417
993000 46.891700 47.136171
994000 46.685075 47.135717
995000 47.011338 47.135592
996000 46.618103 47.135072
997000 46.742403 47.134678
998000 46.724548 47.134267
999000 46.606637 47.133739
1000000 46.756787 47.133362
1001000 46.742303 47.132972
1002000 46.854963 47.132694
1003000 46.667474 47.132230
1004000 46.987470 47.132086
1005000 47.019765 47.131974
1006000 46.523509 47.131370
1007000 46.931365 47.131171
1008000 46.885643 47.130927
1009000 46.900789 47.130699
1010000 46.689765 47.130263
1011000 46.484847 47.129624
1012000 46.898992 47.129396
1013000 46.469561 47.128745
1014000 46.500340 47.128125
1015000 46.448645 47.127456
1016000 46.549901 47.126887
1017000 46.449826 47.126222
1018000 46.081511 47.125195
1019000 45.941029 47.124033
1020000 46.386009 47.123310
1021000 46.632681 47.122829
1022000 46.140102 47.121868
1023000 46.271373 47.121036
1024000 46.578735 47.120507
1025000 46.518454 47.119919
1026000 46.542701 47.119357
1027000 46.454711 47.118710
1028000 46.298197 47.117911
1029000 46.301826 47.117118
1030000 46.273261 47.116299
1031000 46.122654 47.115335
1032000 46.254484 47.114501
1033000 46.554610 47.113959
1034000 46.378154 47.113248
1035000 46.275482 47.112438
1036000 46.383822 47.111735
1037000 46.420135 47.111068
1038000 46.514377 47.110493
1039000 46.626559 47.110027
1040000 46.700405 47.109633
1041000 46.578256 47.109123
1042000 46.447332 47.108488
1043000 46.474421 47.107880
1044000 46.542317 47.107338
1045000 46.558340 47.106813
1046000 46.471583 47.106206
1047000 45.883147 47.105037
1048000 45.921468 47.103908
1049000 46.816685 47.103634
1050000 46.844498 47.103387
1051000 46.881153 47.103176
1052000 46.804319 47.102892
1053000 46.442884 47.102265
1054000 46.746038 47.101927
1055000 46.867695 47.101705
1056000 46.847959 47.101465
1057000 47.214799 47.101572
1058000 46.949093 47.101428
1059000 46.811994 47.101155
1060000 46.689477 47.100766
1061000 46.582217 47.100278
1062000 46.783068 47.099979
1063000 46.548790 47.099460
1064000 46.716005 47.099100
1065000 46.808049 47.098827
1066000 46.765449 47.098514
1067000 46.572392 47.098021
1068000 46.608086 47.097562
1069000 46.567588 47.097066
1070000 46.795808 47.096785
1071000 46.606965 47.096327
1072000 46.528089 47.095797
1073000 46.849010 47.095567
1074000 46.857191 47.095345
1075000 46.790409 47.095062
1076000 47.304618 47.095256
1077000 47.158080 47.095315
1078000 47.249303 47.095458
1079000 47.170129 47.095527
1080000 47.259118 47.095678
1081000 47.011419 47.095600
1082000 47.126956 47.095629
1083000 47.226736 47.095750
1084000 47.212675 47.095858
1085000 47.267847 47.096017
1086000 47.108673 47.096028
1087000 47.225037 47.096147
1088000 47.225945 47.096266
1089000 46.996906 47.096175
1090000 47.019466 47.096105
1091000 46.544351 47.095599
1092000 46.497599 47.095051
1093000 46.740925 47.094727
1094000 46.825894 47.094482
1095000 46.741051 47.094159
1096000 47.004876 47.094078
1097000 46.841534 47.093847
1098000 46.719397 47.093506
1099000 46.935038 47.093362
1100000 46.844166 47.093136
1101000 46.710855 47.092788
1102000 47.082209 47.092779
1103000 46.941572 47.092642
1104000 46.769845 47.092349
1105000 46.488784 47.091803
1106000 46.844261 47.091579
1107000 46.620385 47.091154
1108000 46.745789 47.090842
1109000 46.664023 47.090457
1110000 46.494225 47.089920
1111000 46.918224 47.089765
1112000 46.416197 47.089160
1113000 46.615870 47.088734
1114000 46.603277 47.088299
1115000 46.690135 47.087941
1116000 46.389755 47.087316
1117000 46.376630 47.086680
1118000 46.504080 47.086158
1119000 46.880031 47.085974
1120000 46.837387 47.085752
1121000 46.855830 47.085547
1122000 47.196071 47.085646
1123000 46.885560 47.085468
1124000 46.815968 47.085228
1125000 46.872231 47.085038
1126000 47.141437 47.085089
1127000 46.892047 47.084917
1128000 47.157327 47.084981
1129000 46.934236 47.084848
1130000 46.767350 47.084567
1131000 46.630388 47.084165
1132000 46.631851 47.083766
1133000 46.634436 47.083369
1134000 46.221333 47.082609
1135000 46.500151 47.082096
1136000 46.292690 47.081401
1137000 46.362866 47.080769
1138000 46.132504 47.079936
1139000 46.070012 47.079049
1140000 46.243734 47.078316
1141000 46.121604 47.077478
1142000 45.948836 47.076490
1143000 45.978431 47.075529
1144000 46.065475 47.074646
1145000 46.257208 47.073932
1146000 46.161199 47.073136
1147000 46.653977 47.072770
1148000 46.310956 47.072107
1149000 46.141305 47.071296
1150000 46.292414 47.070619
1151000 46.360695 47.070002
1152000 46.588990 47.069585
1153000 46.551326 47.069135
1154000 46.377879 47.068536
1155000 46.438016 47.067990
1156000 46.484847 47.067486
1157000 46.440326 47.066944
1158000 46.638787 47.066574
1159000 46.472930 47.066062
1160000 46.602711 47.065663
1161000 46.276291 47.064983
1162000 46.296914 47.064322
1163000 45.862109 47.063288
1164000 46.241490 47.062582
1165000 46.510054 47.062108
1166000 46.008274 47.061204
1167000 46.167871 47.060438
1168000 46.283553 47.059773
1169000 46.495660 47.059291
1170000 46.393384 47.058721
1171000 46.125434 47.057924
1172000 46.009853 47.057030
1173000 45.927871 47.056068
1174000 46.016740 47.055182
1175000 45.951932 47.054243
1176000 46.145769 47.053471
1177000 46.425259 47.052937
1178000 46.321082 47.052316
1179000 46.005627 47.051428
1180000 45.791554 47.050360
1181000 45.779090 47.049284
1182000 46.132311 47.048508
1183000 45.838733 47.047486
1184000 45.790563 47.046424
1185000 45.622036 47.045222
1186000 45.988008 47.044331
1187000 45.899911 47.043366
1188000 45.842703 47.042356
1189000 45.573855 47.041121
1190000 45.478362 47.039807
1191000 45.387088 47.038420
1192000 45.287930 47.036951
1193000 45.668297 47.035804
1194000 45.912851 47.034863
1195000 45.667838 47.033720
1196000 45.662668 47.032573
1197000 45.547381 47.031332
1198000 45.410277 47.029979
1199000 45.866267 47.029009
1200000 45.617070 47.027832
1201000 45.720505 47.026744
1202000 46.135607 47.026002
1203000 45.461317 47.024702
1204000 45.691752 47.023594
1205000 45.932262 47.022689
1206000 46.016443 47.021854
1207000 45.827087 47.020865
1208000 46.060289 47.020069
1209000 45.933452 47.019171
1210000 46.151050 47.018453
1211000 45.999027 47.017611
1212000 45.880506 47.016673
1213000 45.937790 47.015784
1214000 46.228276 47.015135
1215000 45.705366 47.014057
1216000 45.692743 47.012970
1217000 45.850223 47.012015
1218000 45.954577 47.011147
1219000 45.763798 47.010124
1220000 45.729201 47.009074
1221000 45.415380 47.007768
1222000 45.795185 47.006776
1223000 45.734210 47.005736
1224000 45.713672 47.004680
1225000 45.637854 47.003564
1226000 45.884120 47.002651
1227000 45.902039 47.001754
1228000 45.981090 47.000923
1229000 46.391776 47.000427
1230000 46.280615 46.999842
1231000 45.891087 46.998941
1232000 46.321277 46.998391
1233000 45.825540 46.997440
1234000 46.201694 46.996795
1235000 45.961675 46.995957
1236000 45.772852 46.994968
1237000 46.406578 46.994492
1238000 46.161177 46.993819
1239000 46.040143 46.993049
1240000 45.877748 46.992150
1241000 46.249422 46.991551
1242000 46.764701 46.991368
1243000 46.824205 46.991234
1244000 46.585253 46.990908
1245000 46.650280 46.990634
1246000 46.586813 46.990310
1247000 46.342390 46.989790
1248000 46.624251 46.989497
1249000 46.530095 46.989130
1250000 46.390119 46.988650
1251000 46.434744 46.988208
1252000 46.221273 46.987595
1253000 46.313072 46.987057
1254000 46.377425 46.986571
1255000 46.504779 46.986187
1256000 46.480629 46.985784
1257000 46.350274 46.985279
1258000 46.435295 46.984841
1259000 46.127826 46.984161
1260000 46.432667 46.983723
1261000 46.252926 46.983143
1262000 46.700450 46.982919
1263000 46.396586 46.982455
1264000 46.682781 46.982218
1265000 46.583842 46.981903
1266000 46.460022 46.981491
1267000 46.682748 46.981255
1268000 46.425716 46.980817
1269000 46.096108 46.980120
1270000 46.112590 46.979437
1271000 46.128078 46.978767
1272000 46.247769 46.978192
1273000 46.086070 46.977492
1274000 46.320916 46.976976
1275000 46.214967 46.976378
1276000 46.241657 46.975803
1277000 46.306904 46.975279
1278000 45.868915 46.974413
1279000 46.065924 46.973703
1280000 45.873871 46.972844
1281000 45.843024 46.971962
1282000 46.266237 46.971411
1283000 46.137114 46.970761
1284000 46.342742 46.970272
1285000 46.790794 46.970132
1286000 46.780772 46.969985
1287000 46.668097 46.969750
1288000 46.636641 46.969492
1289000 46.433337 46.969076
1290000 46.457645 46.968679
1291000 46.325844 46.968181
1292000 46.387598 46.967732
1293000 46.769629 46.967579
1294000 46.637879 46.967324
1295000 46.689447 46.967109
1296000 46.946739 46.967094
1297000 47.417583 46.967441
1298000 47.450910 46.967813
1299000 46.624297 46.967549
1300000 47.000301 46.967574
1301000 46.926040 46.967542
1302000 46.679788 46.967321
1303000 47.004714 46.967350
1304000 47.643515 46.967869
1305000 47.282109 46.968109
1306000 47.242506 46.968319
1307000 46.975756 46.968325
1308000 46.988652 46.968341
1309000 47.339298 46.968624
1310000 47.119432 46.968739
1311000 47.164164 46.968888
1312000 46.969747 46.968889
1313000 47.301515 46.969142
1314000 47.033203 46.969191
1315000 47.170451 46.969344
1316000 47.083443 46.969431
1317000 47.496474 46.969831
1318000 47.147877 46.969966
1319000 47.014315 46.970000
1320000 47.070722 46.970076
1321000 47.094773 46.970170
1322000 46.992346 46.970187
1323000 47.141740 46.970317
1324000 47.362968 46.970613
1325000 47.231351 46.970810
1326000 46.991526 46.970826
1327000 47.013710 46.970858
1328000 47.013499 46.970890
1329000 46.979254 46.970896
1330000 47.081621 46.970980
1331000 46.986542 46.970991
1332000 46.987582 46.971004
1333000 46.883061 46.970938
1334000 46.841596 46.970841
1335000 46.811324 46.970721
1336000 46.579091 46.970428
1337000 46.702507 46.970228
1338000 46.533230 46.969901
1339000 46.820178 46.969789
1340000 46.980750 46.969798
1341000 46.675428 46.969578
1342000 46.644527 46.969336
1343000 46.491302 46.968980
1344000 46.756494 46.968822
1345000 46.795364 46.968693
1346000 46.688970 46.968485
1347000 46.660332 46.968256
1348000 46.425644 46.967854
1349000 46.352671 46.967398
1350000 46.251859 46.966868
1351000 46.269280 46.966351
1352000 46.210476 46.965792
1353000 46.132862 46.965177
1354000 46.180369 46.964597
1355000 46.258762 46.964076
1356000 46.162264 46.963485
1357000 46.050430 46.962812
1358000 46.229266 46.962272
1359000 46.325088 46.961803
1360000 46.335631 46.961343
1361000 46.387106 46.960921
1362000 46.709333 46.960736
1363000 46.432301 46.960348
1364000 46.544860 46.960044
1365000 46.610510 46.959788
1366000 46.776052 46.959653
1367000 46.639435 46.959419
1368000 46.502385 46.959085
1369000 46.549252 46.958785
1370000 46.679405 46.958581
1371000 46.613722 46.958330
1372000 46.694725 46.958138
1373000 46.635670 46.957903
1374000 46.353135 46.957463
1375000 46.667927 46.957252
1376000 46.359862 46.956818
1377000 46.506859 46.956491
1378000 46.350515 46.956051
1379000 46.293072 46.955571
1380000 46.245556 46.955056
1381000 46.041993 46.954395
1382000 46.386015 46.953984
1383000 46.194766 46.953435
1384000 45.703761 46.952532
1385000 46.334493 46.952086
1386000 46.297872 46.951614
1387000 45.903037 46.950858
1388000 46.336803 46.950415
1389000 46.389912 46.950012
1390000 45.741954 46.949143
1391000 46.114885 46.948543
1392000 46.197042 46.948003
1393000 45.975823 46.947305
1394000 45.667758 46.946387
1395000 46.599337 46.946138
1396000 46.354343 46.945714
1397000 46.498135 46.945394
1398000 46.346851 46.944966
1399000 46.009495 46.944297
1400000 46.107419 46.943699
1401000 46.243966 46.943200
1402000 46.379269 46.942798
1403000 46.164284 46.942243
1404000 46.291015 46.941779
1405000 46.176565 46.941234
1406000 46.452416 46.940887
1407000 46.445946 46.940535
1408000 46.482299 46.940210
1409000 46.873081 46.940162
1410000 46.639678 46.939949
1411000 46.586591 46.939698
1412000 46.862035 46.939643
1413000 46.661740 46.939447
1414000 46.684977 46.939267
1415000 46.550360 46.938992
1416000 46.765077 46.938869
1417000 46.519297 46.938573
1418000 46.427040 46.938212
1419000 46.449719 46.937868
1420000 46.556060 46.937599
1421000 46.677521 46.937416
1422000 46.260230 46.936940
1423000 46.546007 46.936665
1424000 46.722221 46.936514
1425000 46.460147 46.936180
1426000 46.450422 46.935840
1427000 46.540299 46.935562
1428000 46.464736 46.935233
1429000 46.248166 46.934752
1430000 46.478206 46.934433
1431000 46.526867 46.934148
1432000 46.129289 46.933586
1433000 46.450469 46.933249
1434000 46.528125 46.932966
1435000 46.568727 46.932712
1436000 46.172753 46.932183
1437000 46.080833 46.931591
1438000 46.399237 46.931220
1439000 46.433621 46.930875
1440000 46.248274 46.930401
1441000 46.470758 46.930082
1442000 46.303184 46.929647
1443000 46.574632 46.929401
1444000 46.513884 46.929113
1445000 46.657424 46.928925
1446000 46.228742 46.928441
1447000 46.119915 46.927882
1448000 46.188157 46.927371
1449000 46.437302 46.927033
1450000 46.375968 46.926653
1451000 46.389377 46.926283
1452000 46.265566 46.925828
1453000 46.021149 46.925205
1454000 46.435987 46.924869
1455000 46.475016 46.924559
1456000 46.258312 46.924102
1457000 46.582914 46.923868
1458000 46.384001 46.923497
1459000 46.396814 46.923136
1460000 46.660491 46.922956
1461000 46.410395 46.922606
1462000 46.483801 46.922305
1463000 46.365736 46.921925
1464000 46.277384 46.921485
1465000 46.526343 46.921215
1466000 46.314509 46.920801
1467000 46.373880 46.920428
1468000 46.238913 46.919964
1469000 46.556142 46.919716
1470000 46.536000 46.919455
1471000 46.331632 46.919056
1472000 46.371310 46.918684
1473000 46.733948 46.918558
1474000 46.560884 46.918316
1475000 46.305535 46.917900
1476000 46.207420 46.917419
1477000 46.500356 46.917136
1478000 46.928219 46.917144
1479000 46.597098 46.916928
1480000 46.345081 46.916541
1481000 45.958338 46.915894
1482000 46.400575 46.915546
1483000 46.389545 46.915192
1484000 46.215210 46.914720
1485000 46.214595 46.914249
1486000 45.795699 46.913496
1487000 46.029003 46.912901
1488000 45.968754 46.912267
1489000 45.830996 46.911540
1490000 45.903698 46.910864
1491000 46.148129 46.910352
1492000 46.083281 46.909798
1493000 46.252335 46.909358
1494000 46.296804 46.908948
1495000 46.196790 46.908471
1496000 46.027281 46.907882
1497000 46.375325 46.907527
1498000 45.826759 46.906805
1499000 45.889076 46.906126
1500000 45.844263 46.905418
1501000 45.803077 46.904684
1502000 46.093229 46.904144
1503000 46.210081 46.903682
1504000 46.058562 46.903120
1505000 46.004439 46.902523
1506000 46.035829 46.901947
1507000 46.008176 46.901354
1508000 45.932293 46.900712
1509000 45.991509 46.900109
1510000 46.302242 46.899713
1511000 46.405064 46.899386
1512000 46.399164 46.899055
1513000 46.252490 46.898628
1514000 46.370928 46.898279
1515000 46.576361 46.898067
1516000 46.686173 46.897927
1517000 46.473921 46.897647
1518000 46.437173 46.897344
1519000 46.519801 46.897095
1520000 46.546140 46.896865
1521000 46.213078 46.896415
1522000 46.414486 46.896098
1523000 46.097377 46.895574
1524000 46.595139 46.895377
1525000 46.658571 46.895221
1526000 46.524366 46.894978
1527000 46.745145 46.894880
1528000 46.916660 46.894895
1529000 46.740696 46.894794
1530000 46.425926 46.894487
1531000 46.400891 46.894165
1532000 46.677572 46.894024
1533000 46.233210 46.893592
1534000 46.276524 46.893190
1535000 46.281139 46.892791
1536000 46.305730 46.892409
1537000 46.287916 46.892016
1538000 46.354811 46.891667
1539000 46.083879 46.891142
1540000 46.465356 46.890865
1541000 46.420134 46.890560
1542000 46.298518 46.890176
1543000 46.583762 46.889977
1544000 46.807983 46.889924
1545000 46.634428 46.889759
1546000 46.918833 46.889778
1547000 47.234376 46.890000
1548000 46.676842 46.889863
1549000 47.079779 46.889985
1550000 47.140551 46.890147
1551000 47.192193 46.890342
1552000 47.188259 46.890534
1553000 47.311081 46.890804
1554000 47.430363 46.891152
1555000 47.166696 46.891329
1556000 47.233186 46.891549
1557000 47.091490 46.891677
1558000 47.043036 46.891774
1559000 47.088449 46.891900
1560000 46.755623 46.891813
1561000 46.594033 46.891622
1562000 46.727717 46.891517
1563000 46.664629 46.891372
1564000 46.651314 46.891219
1565000 46.873992 46.891208
1566000 47.100682 46.891341
1567000 46.619938 46.891168
1568000 46.834806 46.891132
1569000 46.636043 46.890970
1570000 46.865544 46.890953
1571000 47.239786 46.891175
1572000 46.978666 46.891231
1573000 46.793450 46.891169
1574000 46.718295 46.891059
1575000 47.239240 46.891280
1576000 46.683968 46.891149
1577000 46.676319 46.891012
1578000 46.658147 46.890865
1579000 46.637216 46.890704
1580000 46.622824 46.890535
1581000 46.633132 46.890372
1582000 46.417779 46.890073
1583000 46.413449 46.889772
1584000 46.618798 46.889601
1585000 46.528906 46.889373
1586000 46.702448 46.889256
1587000 46.738731 46.889161
1588000 46.771106 46.889086
1589000 46.695966 46.888965
1590000 46.472876 46.888703
1591000 46.488154 46.888451
1592000 46.255076 46.888054
1593000 46.891861 46.888056
1594000 46.688938 46.887931
1595000 46.826910 46.887893
1596000 46.998197 46.887962
1597000 47.088739 46.888088
1598000 47.144955 46.888248
1599000 47.089641 46.888374
1600000 47.228969 46.888587
1601000 47.098078 46.888718
1602000 47.105425 46.888853
1603000 47.502677 46.889236
1604000 47.496091 46.889615
1605000 47.320080 46.889883
1606000 47.314970 46.890147
1607000 47.377043 46.890450
1608000 47.306512 46.890709
1609000 47.214754 46.890911
1610000 47.349685 46.891195
1611000 47.507066 46.891578
1612000 47.543722 46.891982
1613000 47.508212 46.892364
1614000 47.330422 46.892636
1615000 47.168964 46.892807
1616000 47.358272 46.893095
1617000 47.585361 46.893523
1618000 47.393073 46.893832
1619000 47.661331 46.894306
1620000 47.594011 46.894738
1621000 47.751019 46.895266
1622000 47.756231 46.895797
1623000 47.764308 46.896332
1624000 47.648625 46.896795
1625000 47.457385 46.897140
1626000 47.601855 46.897574
1627000 47.346992 46.897850
1628000 47.478235 46.898206
1629000 47.645210 46.898665
1630000 47.226429 46.898866
1631000 47.323298 46.899126
1632000 47.242172 46.899336
1633000 47.050195 46.899429
1634000 47.304292 46.899676
1635000 47.475514 46.900029
1636000 47.449282 46.900364
1637000 47.649838 46.900822
1638000 47.388898 46.901120
1639000 47.433670 46.901445
1640000 47.416027 46.901759
1641000 47.479835 46.902111
1642000 47.298724 46.902353
1643000 47.309047 46.902600
1644000 47.458826 46.902939
1645000 47.489760 46.903295
1646000 46.968554 46.903335
1647000 46.960585 46.903370
1648000 46.873351 46.903352
1649000 46.792993 46.903285
1650000 46.641206 46.903126
1651000 47.313181 46.903374
1652000 47.225257 46.903569
1653000 46.725196 46.903461
1654000 46.525722 46.903233
1655000 47.013928 46.903300
1656000 46.457214 46.903030
1657000 46.885389 46.903020
1658000 47.031102 46.903097
1659000 46.701757 46.902975
1660000 46.725785 46.902869
1661000 46.559473 46.902662
1662000 46.915496 46.902670
1663000 47.188399 46.902841
1664000 47.395291 46.903137
1665000 47.413615 46.903444
1666000 47.369100 46.903724
1667000 47.026400 46.903797
1668000 47.269963 46.904017
1669000 47.117065 46.904144
1670000 46.975595 46.904187
1671000 47.190223 46.904358
1672000 46.789868 46.904290
1673000 47.044118 46.904373
1674000 47.072058 46.904474
1675000 47.354883 46.904742
1676000 47.219425 46.904930
1677000 46.997802 46.904986
1678000 46.804692 46.904926
1679000 46.831456 46.904882
1680000 46.842404 46.904845
1681000 46.692642 46.904719
1682000 46.550772 46.904508
1683000 46.636916 46.904349
1684000 46.707516 46.904232
1685000 46.766934 46.904151
1686000 46.739958 46.904053
1687000 47.047275 46.904138
1688000 47.021900 46.904208
1689000 46.857993 46.904181
1690000 46.921346 46.904191
1691000 46.553499 46.903984
1692000 46.739893 46.903887
1693000 46.705722 46.903769
1694000 46.845922 46.903735
1695000 46.965130 46.903772
1696000 46.804800 46.903713
1697000 46.812527 46.903659
1698000 47.383190 46.903942
1699000 46.808112 46.903885
1700000 46.941069 46.903907
1701000 47.102825 46.904024
1702000 47.165559 46.904178
1703000 47.435222 46.904490
1704000 47.687855 46.904949
1705000 47.357324 46.905215
1706000 47.574482 46.905607
1707000 47.456992 46.905930
1708000 47.439876 46.906243
1709000 47.658324 46.906683
1710000 47.783818 46.907196
1711000 47.567668 46.907582
1712000 47.531219 46.907946
1713000 47.569767 46.908332
1714000 47.528621 46.908694
1715000 47.549936 46.909068
1716000 47.435508 46.909375
1717000 47.595789 46.909775
1718000 47.006320 46.909831
1719000 47.532944 46.910193
1720000 47.656006 46.910627
1721000 47.617760 46.911038
1722000 47.669138 46.911478
1723000 47.652571 46.911908
1724000 47.843311 46.912449
1725000 47.505027 46.912792
1726000 47.477508 46.913119
1727000 48.000039 46.913749
1728000 47.559086 46.914122
1729000 47.772297 46.914618
1730000 47.637892 46.915037
1731000 48.036829 46.915685
1732000 47.924102 46.916267
1733000 48.160177 46.916985
1734000 48.120584 46.917679
1735000 47.786651 46.918180
1736000 47.653012 46.918603
1737000 47.575939 46.918981
1738000 47.886688 46.919538
1739000 48.243137 46.920299
1740000 48.180266 46.921023
1741000 48.464813 46.921910
1742000 48.346227 46.922728
1743000 48.369584 46.923558
1744000 48.387982 46.924397
1745000 48.088090 46.925064
1746000 48.074897 46.925723
1747000 47.958235 46.926314
1748000 47.753018 46.926787
1749000 48.091278 46.927453
1750000 48.500831 46.928352
1751000 48.042671 46.928988
1752000 48.173046 46.929698
1753000 47.918612 46.930262
1754000 48.178618 46.930974
1755000 47.911996 46.931533
1756000 48.306585 46.932316
1757000 47.952240 46.932897
1758000 48.134756 46.933580
1759000 48.482971 46.934461
1760000 47.950372 46.935038
1761000 48.148023 46.935727
1762000 47.941315 46.936298
1763000 47.926698 46.936860
1764000 47.847828 46.937376
1765000 47.537108 46.937716
1766000 47.396749 46.937976
1767000 47.719280 46.938418
1768000 47.733028 46.938867
1769000 47.521815 46.939197
1770000 47.500384 46.939514
1771000 47.375198 46.939760
1772000 47.344223 46.939988
1773000 47.473998 46.940289
1774000 47.607768 46.940666
1775000 47.871727 46.941190
1776000 47.584513 46.941552
1777000 47.586706 46.941915
1778000 47.737743 46.942363
1779000 47.853781 46.942875
1780000 47.668843 46.943283
1781000 47.302219 46.943485
1782000 47.166836 46.943610
1783000 47.651034 46.944007
1784000 47.313590 46.944214
1785000 47.239937 46.944380
1786000 46.892740 46.944351
1787000 47.013155 46.944389
1788000 46.908064 46.944369
1789000 46.614708 46.944185
1790000 46.624217 46.944006
1791000 47.020158 46.944048
1792000 47.079531 46.944124
1793000 46.796511 46.944042
1794000 47.150576 46.944157
1795000 46.908954 46.944137
1796000 47.199943 46.944280
1797000 47.910627 46.944817
1798000 48.021962 46.945416
1799000 47.532754 46.945743
1800000 47.615653 46.946115
1801000 47.997837 46.946699
1802000 47.760130 46.947151
1803000 47.906275 46.947682
1804000 47.295584 46.947875
1805000 47.212726 46.948022
1806000 47.220293 46.948173
1807000 47.012479 46.948208
1808000 46.746912 46.948097
1809000 46.629634 46.947921
1810000 46.439872 46.947640
1811000 46.797087 46.947557
1812000 46.687294 46.947414
1813000 46.583851 46.947213
1814000 46.423529 46.946924
1815000 46.580440 46.946722
1816000 46.736815 46.946607
1817000 46.660818 46.946450
1818000 46.651742 46.946287
1819000 46.929619 46.946278
1820000 46.978573 46.946296
1821000 47.232046 46.946453
1822000 47.483845 46.946748
1823000 47.249439 46.946914
1824000 47.665464 46.947308
1825000 47.727087 46.947735
1826000 47.313075 46.947935
1827000 47.447303 46.948209
1828000 47.244298 46.948371
1829000 46.932474 46.948362
1830000 47.309483 46.948559
1831000 47.400239 46.948806
1832000 47.501299 46.949107
1833000 47.089454 46.949184
1834000 47.318868 46.949386
1835000 47.433673 46.949649
1836000 47.544976 46.949974
1837000 47.368755 46.950202
1838000 47.470819 46.950485
1839000 47.393330 46.950726
1840000 47.606229 46.951082
1841000 47.757390 46.951520
1842000 48.034350 46.952108
1843000 47.851835 46.952596
1844000 47.774958 46.953042
1845000 47.807142 46.953505
1846000 47.856736 46.953994
1847000 47.659764 46.954376
1848000 47.891288 46.954883
1849000 47.630755 46.955249
1850000 47.994876 46.955811
1851000 47.658359 46.956190
1852000 47.775430 46.956633
1853000 47.416823 46.956881
1854000 47.324758 46.957079
1855000 47.431385 46.957335
1856000 47.587152 46.957675
1857000 47.691447 46.958070
1858000 47.604188 46.958417
1859000 47.755806 46.958846
1860000 47.540381 46.959159
1861000 47.215201 46.959297
1862000 47.404756 46.959536
1863000 47.461139 46.959805
1864000 47.472574 46.960080
1865000 47.623007 46.960436
1866000 47.276803 46.960605
1867000 47.420483 46.960851
1868000 47.560051 46.961172
1869000 47.450194 46.961434
1870000 47.388265 46.961662
1871000 47.500979 46.961950
1872000 47.294510 46.962128
1873000 47.392987 46.962358
1874000 47.822718 46.962817
1875000 47.453863 46.963079
1876000 47.294246 46.963256
1877000 47.335838 46.963454
1878000 47.478743 46.963728
1879000 46.902710 46.963696
1880000 47.173443 46.963808
1881000 47.098547 46.963879
1882000 47.304707 46.964060
1883000 46.958768 46.964058
1884000 47.053136 46.964105
1885000 47.090080 46.964172
1886000 47.056104 46.964220
1887000 47.213180 46.964352
1888000 47.178638 46.964466
1889000 47.442886 46.964719
1890000 47.190867 46.964839
1891000 47.034978 46.964876
1892000 47.154217 46.964976
1893000 47.358406 46.965184
1894000 47.071650 46.965240
1895000 47.374109 46.965456
1896000 47.616645 46.965799
1897000 47.649099 46.966159
1898000 47.665426 46.966528
1899000 47.556681 46.966839
1900000 47.606916 46.967175
1901000 47.308992 46.967355
1902000 47.784289 46.967785
1903000 47.146600 46.967879
1904000 47.422459 46.968117
1905000 47.154809 46.968215
1906000 47.343356 46.968412
1907000 47.330650 46.968602
1908000 47.285915 46.968769
1909000 47.298343 46.968941
1910000 47.456524 46.969196
1911000 47.213005 46.969324
1912000 47.665544 46.969688
1913000 47.351638 46.969888
1914000 47.116021 46.969964
1915000 47.410666 46.970194
1916000 47.543686 46.970494
1917000 47.603745 46.970824
1918000 47.341360 46.971017
1919000 47.225406 46.971150
1920000 47.224534 46.971282
1921000 47.318735 46.971463
1922000 47.299059 46.971633
1923000 47.119727 46.971710
1924000 46.841187 46.971642
1925000 46.850701 46.971579
1926000 46.884235 46.971534
1927000 46.729179 46.971408
1928000 46.870359 46.971356
1929000 47.332038 46.971543
1930000 46.931641 46.971522
1931000 46.526032 46.971291
1932000 46.845328 46.971226
1933000 46.812282 46.971144
1934000 47.007854 46.971163
1935000 46.657268 46.971001
1936000 46.717404 46.970870
1937000 46.813943 46.970789
1938000 46.507519 46.970550
1939000 46.385498 46.970248
1940000 46.394034 46.969951
1941000 46.660505 46.969792
1942000 46.218853 46.969405
1943000 46.153356 46.968985
1944000 46.134127 46.968555
1945000 46.083805 46.968101
1946000 46.267090 46.967740
1947000 46.623439 46.967563
1948000 46.232434 46.967186
1949000 46.713790 46.967056
1950000 46.289818 46.966709
1951000 46.272287 46.966353
1952000 46.010627 46.965863
1953000 45.861581 46.965298
1954000 45.905685 46.964756
1955000 45.991922 46.964258
1956000 46.438424 46.963989
1957000 45.840046 46.963415
1958000 46.001438 46.962923
1959000 45.977880 46.962421
1960000 45.742198 46.961798
1961000 45.740002 46.961175
1962000 45.949023 46.960659
1963000 45.884414 46.960111
1964000 46.055450 46.959650
1965000 45.919258 46.959121
1966000 45.916108 46.958590
1967000 45.858459 46.958031
1968000 45.835420 46.957461
1969000 45.737207 46.956841
1970000 46.175451 46.956444
1971000 46.320517 46.956122
1972000 46.545155 46.955913
1973000 46.370783 46.955617
1974000 46.022511 46.955144
1975000 46.007809 46.954664
1976000 46.300824 46.954333
1977000 46.197984 46.953951
1978000 46.428834 46.953685
1979000 46.289267 46.953349
1980000 45.965807 46.952851
1981000 46.060752 46.952400
1982000 46.416702 46.952130
1983000 46.163348 46.951732
1984000 46.014050 46.951260
1985000 46.027413 46.950794
1986000 45.679240 46.950154
1987000 45.918075 46.949635
1988000 45.795996 46.949054
1989000 45.869977 46.948512
1990000 46.014454 46.948042
1991000 46.055559 46.947594
1992000 46.035251 46.947136
1993000 46.451358 46.946887
1994000 46.356861 46.946592
1995000 46.150259 46.946192
1996000 45.914041 46.945675
1997000 46.020438 46.945212
1998000 45.609097 46.944543
1999000 45.508211 46.943825
2000000 45.872612 46.943289
