1000 23.659751 23.659751
2000 23.481342 23.570546
3000 23.354720 23.498604
4000 22.606692 23.275626
5000 22.734762 23.167453
6000 22.047659 22.980821
7000 23.649787 23.076387
8000 24.052314 23.198378
9000 23.436405 23.224826
10000 23.279096 23.230253
11000 22.485443 23.162543
12000 23.536233 23.193684
13000 22.931361 23.173505
14000 23.221969 23.176967
15000 23.464225 23.196117
16000 23.180226 23.195124
17000 23.026230 23.185189
18000 22.878532 23.168152
19000 23.714562 23.196911
20000 23.774929 23.225812
21000 21.888448 23.162128
22000 23.019206 23.155631
23000 23.170146 23.156262
24000 22.599478 23.133063
25000 23.799190 23.159708
26000 23.826410 23.185351
27000 23.381478 23.192614
28000 22.901697 23.182225
29000 24.370882 23.223213
30000 23.597502 23.235689
31000 23.670206 23.249706
32000 23.686956 23.263370
33000 23.641689 23.274834
34000 23.945315 23.294554
35000 24.313848 23.323677
36000 24.301369 23.350835
37000 23.628357 23.358335
38000 24.136150 23.378804
39000 22.686073 23.361042
40000 23.016964 23.352440
41000 22.487107 23.331334
42000 23.134087 23.326638
43000 22.883494 23.316332
44000 23.300769 23.315979
45000 22.919599 23.307170
46000 22.927776 23.298922
47000 22.829593 23.288937
48000 23.486669 23.293056
49000 23.851082 23.304444
50000 22.307147 23.284498
51000 23.975803 23.298053
52000 24.518462 23.321523
53000 23.200401 23.319238
54000 23.607783 23.324581
55000 23.674281 23.330939
56000 22.087306 23.308731
57000 23.123348 23.305479
58000 23.234945 23.304263
59000 22.253647 23.286456
60000 23.048048 23.282482
61000 23.276753 23.282389
62000 22.274168 23.266127
63000 23.064398 23.262925
64000 24.147813 23.276751
65000 23.501125 23.280203
66000 23.689532 23.286405
67000 23.509682 23.289738
68000 23.345671 23.290560
69000 23.954419 23.300181
70000 22.552840 23.289505
71000 23.096967 23.286793
72000 23.444824 23.288988
73000 23.400643 23.290518
74000 23.258889 23.290090
75000 23.593488 23.294135
76000 22.639430 23.285521
77000 22.723189 23.278218
78000 23.255964 23.277933
79000 23.735336 23.283723
80000 22.596480 23.275132
81000 22.737588 23.268496
82000 23.547105 23.271893
83000 23.695891 23.277002
84000 23.992527 23.285520
85000 23.473294 23.287729
86000 23.490412 23.290086
87000 23.688768 23.294668
88000 23.230498 23.293939
89000 23.248761 23.293432
90000 24.008996 23.301382
91000 23.820645 23.307088
92000 24.337274 23.318286
93000 22.765339 23.312340
94000 22.718982 23.306028
95000 24.158425 23.315001
96000 24.295679 23.325216
97000 24.306990 23.335337
98000 24.406800 23.346271
99000 23.534116 23.348168
100000 22.661919 23.341306
101000 24.492238 23.352701
102000 23.382954 23.352998
103000 24.222904 23.361443
104000 23.510957 23.362881
105000 24.305433 23.371858
106000 23.546284 23.373503
107000 23.339902 23.373189
108000 24.663873 23.385140
109000 23.503699 23.386228
110000 23.191705 23.384459
111000 23.075655 23.381677
112000 25.073411 23.396782
113000 24.226527 23.404125
114000 24.500815 23.413745
115000 23.722487 23.416430
116000 24.160928 23.422848
117000 23.329180 23.422047
118000 24.211038 23.428734
119000 24.532102 23.438006
120000 24.701809 23.448537
121000 23.649823 23.450201
122000 24.128101 23.455757
123000 23.874725 23.459164
124000 22.925057 23.454856
125000 23.625855 23.456224
126000 23.655812 23.457808
127000 24.087286 23.462765
128000 24.184819 23.468406
129000 24.141310 23.473622
130000 24.074475 23.478244
131000 24.264664 23.484247
132000 23.429211 23.483830
133000 23.162990 23.481418
134000 24.352587 23.487919
135000 23.590088 23.488676
136000 23.685807 23.490126
137000 23.784391 23.492273
138000 23.555965 23.492735
139000 23.723749 23.494397
140000 23.597346 23.495132
141000 23.693466 23.496539
142000 23.440349 23.496143
143000 22.423949 23.488645
144000 23.982315 23.492074
145000 24.048510 23.495911
146000 23.349009 23.494905
147000 23.222003 23.493048
148000 23.955437 23.496173
149000 23.971871 23.499365
150000 23.567468 23.499819
151000 23.342319 23.498776
152000 22.808849 23.494237
153000 24.280620 23.499377
154000 23.343666 23.498366
155000 24.457072 23.504551
156000 23.849770 23.506764
157000 23.189468 23.504743
158000 24.137046 23.508745
159000 24.332018 23.513923
160000 24.124943 23.517742
161000 23.658576 23.518616
162000 24.279365 23.523312
163000 23.728249 23.524570
164000 23.500867 23.524425
165000 23.922122 23.526835
166000 23.573560 23.527117
167000 23.797623 23.528737
168000 23.847272 23.530633
169000 23.760380 23.531992
170000 23.296756 23.530609
171000 22.932641 23.527112
172000 23.564761 23.527331
173000 24.432357 23.532562
174000 24.335136 23.537174
175000 23.185899 23.535167
176000 23.296411 23.533811
177000 24.339707 23.538364
178000 22.434150 23.532160
179000 23.451830 23.531711
180000 22.954691 23.528506
181000 22.737491 23.524135
182000 22.529585 23.518671
183000 23.250574 23.517206
184000 23.866955 23.519107
185000 24.345665 23.523575
186000 23.237879 23.522039
187000 24.430851 23.526899
188000 24.002373 23.529428
189000 24.687898 23.535557
190000 22.591427 23.530588
191000 23.261738 23.529180
192000 24.390242 23.533665
193000 22.417718 23.527883
194000 22.404736 23.522094
195000 21.898596 23.513768
196000 23.156588 23.511946
197000 23.242216 23.510576
198000 23.674936 23.511407
199000 23.619902 23.511952
200000 23.768239 23.513233
201000 22.397553 23.507683
202000 22.690560 23.503637
203000 23.282774 23.502549
204000 23.934624 23.504667
205000 23.813267 23.506173
206000 22.821772 23.502850
207000 22.782092 23.499369
208000 23.386098 23.498824
209000 22.881766 23.495872
210000 23.582937 23.496286
211000 23.155531 23.494671
212000 23.741137 23.495834
213000 23.854744 23.497519
214000 22.845902 23.494474
215000 22.950284 23.491943
216000 23.562466 23.492269
217000 23.434395 23.492002
218000 23.293258 23.491091
219000 23.441549 23.490865
220000 22.668287 23.487126
221000 23.079469 23.485281
222000 23.311300 23.484497
223000 23.426617 23.484238
224000 23.203448 23.482984
225000 23.244415 23.481924
226000 23.289369 23.481072
227000 22.992183 23.478918
228000 22.939381 23.476552
229000 23.254288 23.475581
230000 22.606016 23.471801
231000 23.704285 23.472807
232000 23.839771 23.474389
233000 22.934490 23.472072
234000 22.189002 23.466588
235000 24.263674 23.469980
236000 23.584517 23.470465
237000 24.329046 23.474088
238000 23.840454 23.475628
239000 24.477684 23.479820
240000 23.663653 23.480586
241000 23.690770 23.481458
242000 23.756052 23.482593
243000 24.665806 23.487462
244000 24.495471 23.491593
245000 24.155944 23.494305
246000 24.896322 23.500004
247000 24.746521 23.505051
248000 24.251970 23.508063
249000 23.524329 23.508128
250000 24.466605 23.511962
251000 23.119544 23.510399
252000 24.437336 23.514077
253000 24.418683 23.517652
254000 23.594956 23.517957
255000 24.484478 23.521747
256000 24.420029 23.525256
257000 24.193509 23.527856
258000 23.840888 23.529069
259000 24.535066 23.532954
260000 24.361000 23.536138
261000 23.448009 23.535801
262000 24.868075 23.540886
263000 24.276649 23.543683
264000 24.122346 23.545875
265000 24.849937 23.550796
266000 23.934547 23.552239
267000 24.535194 23.555920
268000 24.876435 23.560848
269000 24.831282 23.565570
270000 23.718098 23.566135
271000 24.758222 23.570534
272000 24.070952 23.572374
273000 23.773439 23.573110
274000 23.658485 23.573422
275000 23.391804 23.572762
276000 23.171966 23.571309
277000 23.062882 23.569474
278000 24.501202 23.572826
279000 23.747351 23.573451
280000 23.492992 23.573164
281000 23.980694 23.574614
282000 23.287387 23.573595
283000 23.728057 23.574141
284000 23.885458 23.575237
285000 23.948302 23.576546
286000 23.089398 23.574843
287000 24.279831 23.577300
288000 23.949600 23.578592
289000 23.637896 23.578797
290000 23.206061 23.577512
291000 22.794954 23.574823
292000 22.455850 23.570991
293000 22.041789 23.565772
294000 23.219012 23.564592
295000 23.556445 23.564565
296000 23.694388 23.565003
297000 22.828202 23.562522
298000 22.998405 23.560629
299000 23.812748 23.561473
300000 23.479511 23.561199
301000 22.344253 23.557156
302000 22.078886 23.552261
303000 23.259215 23.551294
304000 23.315443 23.550519
305000 23.066742 23.548932
306000 23.225945 23.547877
307000 23.078232 23.546347
308000 23.262506 23.545425
309000 23.057833 23.543848
310000 22.815339 23.541497
311000 22.736734 23.538910
312000 22.282630 23.534883
313000 22.596645 23.531886
314000 23.567648 23.532000
315000 22.786546 23.529633
316000 23.260691 23.528782
317000 22.544503 23.525677
318000 22.350711 23.521982
319000 23.211862 23.521010
320000 22.873536 23.518987
321000 23.544333 23.519066
322000 23.996910 23.520550
323000 22.920801 23.518693
324000 23.189096 23.517676
325000 23.554722 23.517790
326000 22.698876 23.515278
327000 22.693979 23.512766
328000 23.088888 23.511474
329000 23.754585 23.512213
330000 22.928883 23.510445
331000 23.706769 23.511038
332000 23.486453 23.510964
333000 22.899773 23.509129
334000 22.757005 23.506877
335000 22.885756 23.505023
336000 23.091498 23.503792
337000 22.940701 23.502121
338000 22.771728 23.499960
339000 22.173458 23.496047
340000 22.621947 23.493476
341000 22.933292 23.491833
342000 22.463531 23.488827
343000 22.033124 23.484583
344000 21.685489 23.479353
345000 22.266169 23.475836
346000 21.929571 23.471367
347000 22.390646 23.468253
348000 22.079615 23.464262
349000 22.286756 23.460888
350000 23.156190 23.460018
351000 23.039632 23.458820
352000 23.694042 23.459488
353000 23.452305 23.459468
354000 22.364748 23.456376
355000 22.048762 23.452411
356000 22.316427 23.449220
357000 22.921967 23.447743
358000 22.715396 23.445697
359000 22.379864 23.442728
360000 23.095267 23.441763
361000 22.303836 23.438611
362000 23.117877 23.437725
363000 22.226847 23.434389
364000 23.306168 23.434037
365000 22.412040 23.431237
366000 23.383402 23.431106
367000 23.185226 23.430436
368000 22.264063 23.427267
369000 22.216120 23.423984
370000 22.025725 23.420205
371000 22.982266 23.419025
372000 22.369673 23.416204
373000 22.429061 23.413558
374000 21.979692 23.409724
375000 22.862743 23.408265
376000 21.979444 23.404465
377000 22.087763 23.400972
378000 23.335935 23.400800
379000 24.310564 23.403201
380000 22.524281 23.400888
381000 22.714021 23.399085
382000 24.032037 23.400742
383000 23.283680 23.400436
384000 23.045235 23.399511
385000 22.467029 23.397089
386000 23.255469 23.396722
387000 23.841852 23.397873
388000 23.598033 23.398389
389000 22.353945 23.395704
390000 24.062692 23.397414
391000 22.511765 23.395149
392000 23.127510 23.394466
393000 22.734090 23.392786
394000 23.954363 23.394211
395000 23.724225 23.395046
396000 24.860855 23.398748
397000 23.879751 23.399960
398000 24.150513 23.401845
399000 24.245659 23.403960
400000 24.307171 23.406218
401000 24.710157 23.409470
402000 22.843926 23.408063
403000 23.616355 23.408580
404000 24.085033 23.410254
405000 22.741107 23.408602
406000 23.059609 23.407743
407000 22.904637 23.406506
408000 23.828803 23.407541
409000 22.912259 23.406331
410000 23.507847 23.406578
411000 23.453910 23.406693
412000 23.575197 23.407102
413000 22.752502 23.405517
414000 23.935792 23.406798
415000 22.827792 23.405403
416000 23.202398 23.404915
417000 23.901036 23.406105
418000 23.128274 23.405440
419000 22.748046 23.403871
420000 21.561073 23.399483
421000 22.040815 23.396256
422000 22.424068 23.393952
423000 23.631628 23.394514
424000 23.309668 23.394314
425000 22.530329 23.392281
426000 21.704626 23.388320
427000 22.718086 23.386750
428000 22.162541 23.383890
429000 22.852953 23.382652
430000 23.089629 23.381971
431000 22.316836 23.379499
432000 23.303312 23.379323
433000 22.690078 23.377731
434000 21.062139 23.372396
435000 21.955623 23.369139
436000 22.583590 23.367337
437000 21.555680 23.363191
438000 22.008129 23.360098
439000 22.795392 23.358811
440000 22.241933 23.356273
441000 22.634328 23.354636
442000 22.762163 23.353295
443000 22.810705 23.352071
444000 22.525826 23.350210
445000 22.468149 23.348228
446000 22.927428 23.347284
447000 22.899339 23.346282
448000 22.780704 23.345020
449000 22.762922 23.343723
450000 23.032840 23.343032
451000 21.790598 23.339590
452000 21.699072 23.335961
453000 22.053985 23.333131
454000 22.035988 23.330273
455000 22.379962 23.328185
456000 21.914836 23.325085
457000 22.241976 23.322715
458000 21.968562 23.319759
459000 21.932102 23.316736
460000 21.950207 23.313765
461000 22.404562 23.311793
462000 22.332703 23.309673
463000 22.472818 23.307866
464000 21.684808 23.304368
465000 22.062792 23.301698
466000 22.008788 23.298923
467000 21.825362 23.295768
468000 22.269988 23.293576
469000 21.993354 23.290804
470000 21.596443 23.287199
471000 21.857351 23.284163
472000 21.664229 23.280731
473000 22.852164 23.279825
474000 22.762771 23.278734
475000 22.332341 23.276742
476000 23.076460 23.276321
477000 22.118551 23.273894
478000 23.265460 23.273876
479000 22.982952 23.273269
480000 22.993733 23.272686
481000 22.729216 23.271556
482000 22.775721 23.270528
483000 22.836624 23.269629
484000 22.985711 23.269043
485000 22.230991 23.266902
486000 22.252183 23.264815
487000 22.152760 23.262531
488000 23.100930 23.262200
489000 22.388662 23.260414
490000 22.108040 23.258062
491000 22.482490 23.256482
492000 22.051159 23.254032
493000 21.634856 23.250748
494000 22.050341 23.248318
495000 21.138599 23.244056
496000 22.053688 23.241656
497000 21.735047 23.238625
498000 21.964434 23.236066
499000 22.442412 23.234476
500000 22.004539 23.232016
501000 21.628557 23.228815
502000 22.009191 23.226386
503000 20.851899 23.221665
504000 21.425327 23.218101
505000 21.304171 23.214311
506000 21.791494 23.211499
507000 21.389556 23.207905
508000 21.785502 23.205105
509000 22.019892 23.202777
510000 22.894117 23.202172
511000 21.991173 23.199802
512000 21.853710 23.197173
513000 22.144430 23.195121
514000 22.203525 23.193191
515000 21.924150 23.190727
516000 22.501286 23.189391
517000 21.711637 23.186533
518000 22.404408 23.185023
519000 22.373718 23.183460
520000 22.849968 23.182818
521000 22.566984 23.181636
522000 22.475953 23.180284
523000 21.339463 23.176765
524000 21.877179 23.174285
525000 22.048296 23.172140
526000 21.727643 23.169394
527000 21.611334 23.166437
528000 22.436697 23.165055
529000 20.754450 23.160498
530000 21.521352 23.157405
531000 22.070206 23.155358
532000 22.180309 23.153525
533000 21.861364 23.151101
534000 21.967282 23.148884
535000 21.660812 23.146103
536000 22.562246 23.145013
537000 21.802743 23.142514
538000 22.059878 23.140501
539000 22.577621 23.139457
540000 22.171312 23.137664
541000 22.448106 23.136390
542000 22.560544 23.135327
543000 21.031013 23.131452
544000 22.062003 23.129486
545000 21.341423 23.126205
546000 21.706440 23.123605
547000 22.006261 23.121562
548000 22.185031 23.119853
549000 21.626607 23.117133
550000 22.068144 23.115226
551000 21.266468 23.111871
552000 21.976692 23.109814
553000 21.935607 23.107691
554000 22.319286 23.106268
555000 22.143006 23.104532
556000 22.126726 23.102773
557000 21.704768 23.100264
558000 21.410772 23.097236
559000 21.408417 23.094215
560000 20.990662 23.090458
561000 21.133346 23.086970
562000 21.379347 23.083931
563000 21.560508 23.081225
564000 20.199925 23.076117
565000 21.211410 23.072816
566000 20.747941 23.068709
567000 20.902300 23.064888
568000 21.410754 23.061976
569000 21.164503 23.058641
570000 21.764532 23.056371
571000 21.971886 23.054471
572000 21.723729 23.052145
573000 21.334320 23.049147
574000 21.647970 23.046706
575000 20.688571 23.042605
576000 21.191084 23.039390
577000 20.644032 23.035239
578000 20.981151 23.031685
579000 21.471436 23.028990
580000 21.328476 23.026058
581000 21.589668 23.023586
582000 21.403212 23.020802
583000 21.366346 23.017964
584000 21.042158 23.014581
585000 21.843356 23.012579
586000 21.760446 23.010442
587000 21.456036 23.007794
588000 21.145772 23.004627
589000 21.350062 23.001818
590000 21.431007 22.999156
591000 21.123417 22.995982
592000 21.748165 22.993874
593000 21.729966 22.991743
594000 20.764978 22.987994
595000 21.888912 22.986147
596000 21.728643 22.984037
597000 21.711262 22.981905
598000 21.750116 22.979845
599000 21.581666 22.977511
600000 21.391635 22.974868
601000 21.798870 22.972911
602000 21.005891 22.969644
603000 21.744774 22.967612
604000 21.766056 22.965623
605000 21.171322 22.962657
606000 22.534513 22.961951
607000 21.901481 22.960204
608000 21.893727 22.958450
609000 21.698544 22.956381
610000 22.100577 22.954978
611000 21.770643 22.953039
612000 21.688525 22.950973
613000 21.802200 22.949099
614000 22.343036 22.948112
615000 21.128238 22.945153
616000 21.254485 22.942408
617000 21.801341 22.940559
618000 21.428451 22.938112
619000 21.868707 22.936385
620000 21.979875 22.934842
621000 22.009465 22.933352
622000 21.466002 22.930993
623000 21.741229 22.929083
624000 21.848740 22.927352
625000 22.383133 22.926481
626000 21.431266 22.924092
627000 22.429733 22.923304
628000 22.592792 22.922778
629000 22.287456 22.921768
630000 22.867896 22.921682
631000 22.888307 22.921629
632000 21.785491 22.919831
633000 22.702251 22.919488
634000 22.895932 22.919451
635000 22.621643 22.918982
636000 22.390448 22.918151
637000 22.789944 22.917949
638000 23.273460 22.918506
639000 22.574684 22.917968
640000 22.441022 22.917223
641000 21.648780 22.915244
642000 22.167855 22.914080
643000 21.849300 22.912424
644000 22.079707 22.911131
645000 22.081195 22.909844
646000 22.432766 22.909106
647000 21.680906 22.907208
648000 21.162239 22.904515
649000 21.161698 22.901829
650000 22.063050 22.900539
651000 22.312857 22.899636
652000 22.117974 22.898437
653000 21.344781 22.896058
654000 21.709913 22.894244
655000 22.233790 22.893236
656000 21.939353 22.891782
657000 22.182368 22.890702
658000 22.679307 22.890381
659000 22.367510 22.889588
660000 21.430255 22.887376
661000 22.244461 22.886404
662000 21.641534 22.884523
663000 22.015682 22.883213
664000 21.791592 22.881569
665000 22.096073 22.880388
666000 22.006696 22.879076
667000 21.265254 22.876656
668000 22.054787 22.875426
669000 21.025078 22.872660
670000 21.062137 22.869958
671000 21.961976 22.868605
672000 21.474965 22.866531
673000 21.215172 22.864077
674000 21.251134 22.861684
675000 21.042485 22.858989
676000 21.262530 22.856627
677000 21.299911 22.854328
678000 21.697338 22.852621
679000 21.847172 22.851141
680000 21.695144 22.849441
681000 21.121139 22.846903
682000 21.859706 22.845455
683000 21.711843 22.843795
684000 21.663004 22.842069
685000 22.106800 22.840996
686000 22.006516 22.839779
687000 21.720704 22.838150
688000 21.814120 22.836662
689000 21.820877 22.835188
690000 21.742839 22.833605
691000 22.310501 22.832847
692000 22.224361 22.831968
693000 22.661069 22.831722
694000 21.655602 22.830027
695000 22.431330 22.829453
696000 22.181715 22.828523
697000 22.614626 22.828216
698000 22.621317 22.827919
699000 22.399002 22.827306
700000 21.499709 22.825409
701000 21.653115 22.823737
702000 22.217428 22.822873
703000 21.484793 22.820970
704000 21.386801 22.818933
705000 22.156071 22.817992
706000 21.646420 22.816333
707000 22.191125 22.815449
708000 21.535477 22.813641
709000 21.204338 22.811371
710000 21.927992 22.810127
711000 21.604471 22.808431
712000 21.617736 22.806759
713000 22.418161 22.806214
714000 21.716738 22.804688
715000 23.087630 22.805083
716000 21.575236 22.803366
717000 21.198310 22.801127
718000 22.080612 22.800124
719000 21.855373 22.798810
720000 21.416462 22.796890
721000 22.033514 22.795831
722000 21.083826 22.793460
723000 21.750086 22.792017
724000 21.862466 22.790733
725000 21.414812 22.788835
726000 21.715554 22.787357
727000 22.205476 22.786556
728000 21.141060 22.784296
729000 21.212837 22.782140
730000 21.258168 22.780053
731000 21.993920 22.778977
732000 21.643338 22.777426
733000 20.773316 22.774692
734000 21.119067 22.772436
735000 21.046827 22.770088
736000 20.742933 22.767334
737000 21.405875 22.765487
738000 20.999464 22.763094
739000 20.964393 22.760660
740000 21.875043 22.759463
741000 21.716192 22.758055
742000 20.817185 22.755439
743000 21.339734 22.753534
744000 21.124459 22.751344
745000 20.625143 22.748490
746000 20.926916 22.746049
747000 21.821834 22.744811
748000 21.950679 22.743750
749000 21.154512 22.741628
750000 20.958137 22.739250
751000 21.344952 22.737393
752000 21.829821 22.736186
753000 22.096321 22.735337
754000 21.698652 22.733962
755000 21.582952 22.732437
756000 21.018478 22.730170
757000 21.119540 22.728042
758000 21.383492 22.726269
759000 21.632563 22.724828
760000 22.478901 22.724504
761000 21.225804 22.722535
762000 20.811588 22.720027
763000 21.060864 22.717852
764000 21.189921 22.715852
765000 21.213332 22.713888
766000 21.600453 22.712435
767000 21.280959 22.710568
768000 20.792613 22.708071
769000 21.441996 22.706425
770000 22.041214 22.705561
771000 21.849638 22.704451
772000 21.824640 22.703311
773000 22.349824 22.702854
774000 22.314627 22.702352
775000 22.499712 22.702091
776000 21.129828 22.700065
777000 21.342371 22.698317
778000 20.972275 22.696099
779000 20.852452 22.693732
780000 20.557505 22.690993
781000 22.220194 22.690390
782000 22.018532 22.689531
783000 21.593180 22.688131
784000 21.338151 22.686409
785000 22.081259 22.685638
786000 21.985391 22.684747
787000 22.144266 22.684061
788000 21.546414 22.682617
789000 20.956366 22.680429
790000 21.663633 22.679142
791000 20.442493 22.676314
792000 21.433311 22.674745
793000 21.406330 22.673145
794000 21.932800 22.672213
795000 21.638530 22.670913
796000 21.929533 22.669981
797000 21.909924 22.669028
798000 22.044580 22.668245
799000 21.787453 22.667143
800000 20.808015 22.664819
801000 21.557797 22.663437
802000 22.086153 22.662717
803000 22.460982 22.662466
804000 21.687561 22.661253
805000 22.095343 22.660550
806000 22.476713 22.660322
807000 21.006317 22.658273
808000 21.227745 22.656502
809000 21.544969 22.655128
810000 21.562629 22.653779
811000 20.550893 22.651186
812000 21.373676 22.649613
813000 22.179012 22.649034
814000 21.551098 22.647685
815000 20.626680 22.645206
816000 21.177287 22.643407
817000 21.117074 22.641539
818000 20.280871 22.638653
819000 20.909177 22.636541
820000 20.851029 22.634363
821000 21.610878 22.633117
822000 21.467697 22.631699
823000 20.898881 22.629594
824000 20.794887 22.627367
825000 21.076957 22.625488
826000 21.238068 22.623808
827000 21.461977 22.622403
828000 21.242237 22.620736
829000 20.822081 22.618567
830000 20.484097 22.615995
831000 20.382482 22.613307
832000 20.814538 22.611145
833000 21.089047 22.609318
834000 20.782047 22.607127
835000 20.885803 22.605066
836000 21.110109 22.603277
837000 21.291197 22.601710
838000 20.650123 22.599381
839000 20.841268 22.597285
840000 21.279456 22.595717
841000 20.674856 22.593433
842000 21.294462 22.591890
843000 21.015093 22.590019
844000 21.144958 22.588307
845000 21.241187 22.586713
846000 22.154422 22.586202
847000 20.983186 22.584309
848000 21.066360 22.582519
849000 21.063958 22.580731
850000 21.656502 22.579643
851000 21.258191 22.578091
852000 22.063651 22.577487
853000 22.022294 22.576836
854000 21.470204 22.575540
855000 21.785944 22.574617
856000 21.268678 22.573091
857000 21.519650 22.571862
858000 21.001878 22.570032
859000 21.318980 22.568575
860000 21.355948 22.567165
861000 20.584432 22.564863
862000 21.207087 22.563287
863000 22.530274 22.563249
864000 21.430992 22.561939
865000 21.193314 22.560357
866000 20.588622 22.558080
867000 20.350499 22.555533
868000 22.012979 22.554908
869000 21.114783 22.553251
870000 21.464115 22.551999
871000 21.500375 22.550792
872000 21.456239 22.549537
873000 21.513665 22.548350
874000 21.271093 22.546889
875000 21.179861 22.545326
876000 22.356500 22.545111
877000 21.351400 22.543750
878000 21.525211 22.542590
879000 22.261796 22.542270
880000 21.189441 22.540733
881000 21.835060 22.539932
882000 21.974087 22.539290
883000 22.105353 22.538799
884000 21.204244 22.537289
885000 20.925596 22.535468
886000 21.040647 22.533781
887000 20.327142 22.531293
888000 21.256981 22.529858
889000 21.585185 22.528796
890000 20.549109 22.526571
891000 20.397228 22.524181
892000 21.331183 22.522844
893000 20.426575 22.520496
894000 20.730996 22.518495
895000 21.586441 22.517453
896000 20.737571 22.515467
897000 21.061057 22.513846
898000 20.424026 22.511518
899000 21.718953 22.510637
900000 21.233257 22.509217
901000 20.996123 22.507538
902000 21.749517 22.506698
903000 21.520629 22.505606
904000 21.076406 22.504025
905000 21.511242 22.502928
906000 20.830034 22.501081
907000 21.529814 22.500010
908000 20.796709 22.498135
909000 20.585838 22.496031
910000 20.589893 22.493936
911000 21.674636 22.493037
912000 20.584277 22.490944
913000 21.012324 22.489324
914000 20.918223 22.487605
915000 21.028348 22.486011
916000 21.154465 22.484557
917000 21.739740 22.483745
918000 20.897777 22.482017
919000 22.364599 22.481889
920000 20.990109 22.480268
921000 21.278995 22.478963
922000 21.469131 22.477868
923000 21.266321 22.476556
924000 21.273378 22.475253
925000 21.494740 22.474193
926000 21.730310 22.473390
927000 20.869664 22.471660
928000 20.368487 22.469394
929000 21.045827 22.467861
930000 21.652184 22.466984
931000 21.356514 22.465792
932000 21.194383 22.464427
933000 21.673302 22.463579
934000 21.814867 22.462885
935000 21.073296 22.461399
936000 21.524324 22.460398
937000 21.133774 22.458982
938000 21.033702 22.457462
939000 21.176847 22.456098
940000 21.047335 22.454600
941000 21.196577 22.453263
942000 21.487483 22.452238
943000 20.962669 22.450658
944000 20.387140 22.448472
945000 21.362881 22.447323
946000 20.623816 22.445396
947000 21.180930 22.444060
948000 21.033577 22.442573
949000 21.560584 22.441643
950000 21.132106 22.440265
951000 21.994695 22.439796
952000 21.772343 22.439095
953000 21.846338 22.438473
954000 20.932124 22.436894
955000 20.896345 22.435281
956000 21.440969 22.434241
957000 21.377806 22.433137
958000 21.637058 22.432306
959000 21.364815 22.431193
960000 21.491927 22.430215
961000 21.008476 22.428735
962000 22.289900 22.428591
963000 20.733313 22.426830
964000 21.812749 22.426193
965000 21.322420 22.425050
966000 20.401562 22.422955
967000 20.704318 22.421178
968000 21.427419 22.420151
969000 22.023798 22.419742
970000 21.740928 22.419042
971000 21.200400 22.417787
972000 22.301794 22.417668
973000 21.421444 22.416644
974000 21.949316 22.416164
975000 21.150544 22.414866
976000 21.205754 22.413627
977000 20.977554 22.412157
978000 21.167663 22.410885
979000 21.509998 22.409965
980000 21.207436 22.408737
981000 20.726040 22.407022
982000 21.642497 22.406244
983000 21.141231 22.404957
984000 21.649462 22.404189
985000 20.967037 22.402730
986000 21.466546 22.401780
987000 21.328336 22.400693
988000 21.799166 22.400084
989000 21.171985 22.398842
990000 21.392582 22.397826
991000 22.722943 22.398154
992000 22.069934 22.397823
993000 21.778246 22.397199
994000 21.603998 22.396401
995000 22.442662 22.396448
996000 21.809704 22.395859
997000 21.524888 22.394985
998000 21.268314 22.393856
999000 21.372854 22.392834
1000000 21.522408 22.391964
1001000 22.166054 22.391738
1002000 21.925473 22.391273
1003000 22.262313 22.391144
1004000 22.131352 22.390885
1005000 21.598434 22.390097
1006000 21.968689 22.389678
1007000 21.801125 22.389093
1008000 22.003326 22.388711
1009000 22.009331 22.388335
1010000 21.343060 22.387300
1011000 21.461631 22.386384
1012000 21.446241 22.385455
1013000 21.744909 22.384823
1014000 21.844719 22.384290
1015000 21.263218 22.383186
1016000 20.738593 22.381567
1017000 21.665562 22.380863
1018000 21.796584 22.380289
1019000 20.725130 22.378665
1020000 21.712592 22.378012
1021000 21.425756 22.377079
1022000 20.286016 22.375033
1023000 20.669794 22.373366
1024000 20.875295 22.371903
1025000 21.685304 22.371233
1026000 20.938595 22.369837
1027000 21.300786 22.368796
1028000 22.260524 22.368691
1029000 21.329054 22.367680
1030000 20.624723 22.365988
1031000 21.196244 22.364854
1032000 21.655055 22.364166
1033000 21.924852 22.363740
1034000 20.943209 22.362367
1035000 21.730169 22.361756
1036000 21.443989 22.360870
1037000 22.249162 22.360762
1038000 22.155193 22.360564
1039000 21.735895 22.359963
1040000 20.736813 22.358402
1041000 21.674926 22.357746
1042000 21.262792 22.356695
1043000 21.089252 22.355480
1044000 21.974313 22.355115
1045000 21.477691 22.354275
1046000 21.091940 22.353068
1047000 19.895769 22.350721
1048000 20.599169 22.349050
1049000 20.836339 22.347608
1050000 21.374640 22.346681
1051000 21.390925 22.345772
1052000 21.405623 22.344878
1053000 21.336433 22.343920
1054000 21.811936 22.343416
1055000 22.278708 22.343354
1056000 21.747102 22.342790
1057000 21.205340 22.341714
1058000 21.895075 22.341291
1059000 21.451539 22.340451
1060000 21.171440 22.339348
1061000 21.995835 22.339025
1062000 20.952725 22.337719
1063000 20.879208 22.336347
1064000 21.057535 22.335145
1065000 21.603901 22.334459
1066000 22.004755 22.334149
1067000 21.741523 22.333594
1068000 21.114377 22.332452
1069000 21.369168 22.331551
1070000 21.955777 22.331200
1071000 21.826479 22.330729
1072000 21.088114 22.329570
1073000 21.599390 22.328889
1074000 21.308861 22.327939
1075000 21.867705 22.327511
1076000 22.132262 22.327330
1077000 21.973106 22.327001
1078000 22.430156 22.327097
1079000 22.267160 22.327041
1080000 21.181428 22.325980
1081000 22.408018 22.326056
1082000 22.001779 22.325756
1083000 21.852032 22.325319
1084000 21.643939 22.324690
1085000 22.743307 22.325076
1086000 22.470352 22.325210
1087000 22.103950 22.325007
1088000 21.234766 22.324004
1089000 22.419768 22.324092
1090000 21.525229 22.323360
1091000 21.612400 22.322708
1092000 20.596649 22.321127
1093000 21.443124 22.320324
1094000 21.886726 22.319928
1095000 20.863646 22.318598
1096000 21.565602 22.317911
1097000 22.445647 22.318027
1098000 22.331852 22.318040
1099000 21.780735 22.317551
1100000 21.927491 22.317196
1101000 21.346125 22.316314
1102000 21.831414 22.315874
1103000 21.560773 22.315190
1104000 21.444254 22.314401
1105000 21.122378 22.313322
1106000 21.893143 22.312942
1107000 21.942647 22.312607
1108000 21.507674 22.311881
1109000 21.594156 22.311234
1110000 20.747150 22.309825
1111000 22.138636 22.309671
1112000 21.360340 22.308817
1113000 20.873815 22.307528
1114000 20.820976 22.306193
1115000 21.268752 22.305263
1116000 21.581870 22.304615
1117000 21.638868 22.304019
1118000 21.306122 22.303126
1119000 21.451155 22.302365
1120000 21.966268 22.302065
1121000 21.146860 22.301034
1122000 21.137349 22.299997
1123000 22.007050 22.299736
1124000 20.506196 22.298140
1125000 21.145994 22.297116
1126000 21.556321 22.296458
1127000 21.538814 22.295786
1128000 21.483555 22.295066
1129000 21.654630 22.294499
1130000 22.051651 22.294284
1131000 21.662331 22.293725
1132000 21.778509 22.293270
1133000 21.941446 22.292959
1134000 20.761832 22.291609
1135000 21.215558 22.290661
1136000 21.688921 22.290131
1137000 21.809077 22.289708
1138000 20.854639 22.288447
1139000 21.676452 22.287910
1140000 21.363860 22.287099
1141000 20.820820 22.285814
1142000 21.970709 22.285538
1143000 21.589242 22.284929
1144000 21.518088 22.284259
1145000 21.482494 22.283559
1146000 21.584290 22.282948
1147000 21.623912 22.282374
1148000 21.966819 22.282099
1149000 20.719824 22.280739
1150000 22.527730 22.280954
1151000 22.474006 22.281122
1152000 22.349775 22.281181
1153000 22.854872 22.281679
1154000 22.911751 22.282225
1155000 22.881459 22.282744
1156000 22.650380 22.283062
1157000 22.947914 22.283636
1158000 22.618221 22.283925
1159000 22.305281 22.283944
1160000 20.755741 22.282626
1161000 20.818210 22.281365
1162000 20.821378 22.280109
1163000 20.580355 22.278647
1164000 20.951225 22.277507
1165000 22.171948 22.277416
1166000 21.160401 22.276458
1167000 22.054760 22.276268
1168000 20.249847 22.274533
1169000 21.276364 22.273679
1170000 21.986762 22.273434
1171000 21.228324 22.272542
1172000 20.849066 22.271327
1173000 21.537703 22.270702
1174000 21.699675 22.270215
1175000 21.444595 22.269513
1176000 21.381910 22.268758
1177000 21.731158 22.268301
1178000 21.445126 22.267602
1179000 21.866378 22.267262
1180000 22.244269 22.267242
1181000 22.426204 22.267377
1182000 22.069497 22.267210
1183000 21.360566 22.266443
1184000 21.017152 22.265388
1185000 21.138496 22.264437
1186000 20.778815 22.263184
1187000 21.670127 22.262685
1188000 21.669647 22.262186
1189000 21.580167 22.261612
1190000 21.117272 22.260650
1191000 20.791855 22.259417
1192000 21.350957 22.258655
1193000 21.367376 22.257908
1194000 22.312793 22.257954
1195000 20.942145 22.256853
1196000 21.130301 22.255911
1197000 20.735274 22.254641
1198000 21.072503 22.253654
1199000 20.756550 22.252405
1200000 20.678776 22.251094
1201000 20.923947 22.249989
1202000 20.173880 22.248262
1203000 20.549652 22.246850
1204000 20.971074 22.245790
1205000 20.753243 22.244551
1206000 20.263487 22.242909
1207000 20.486573 22.241454
1208000 20.171651 22.239740
1209000 21.669178 22.239268
1210000 22.030359 22.239096
1211000 21.425672 22.238424
1212000 21.563528 22.237867
1213000 21.311342 22.237103
1214000 21.394456 22.236409
1215000 20.876500 22.235290
1216000 20.974723 22.234253
1217000 20.532095 22.232854
1218000 21.335406 22.232118
1219000 21.175606 22.231251
1220000 21.298527 22.230486
1221000 20.335412 22.228934
1222000 21.202026 22.228094
1223000 21.389505 22.227408
1224000 21.617446 22.226910
1225000 21.560681 22.226366
1226000 21.515360 22.225786
1227000 20.552787 22.224423
1228000 21.616235 22.223927
1229000 22.680573 22.224299
1230000 22.831231 22.224792
1231000 21.030717 22.223822
1232000 21.961529 22.223610
1233000 20.843331 22.222490
1234000 21.496595 22.221902
1235000 21.661720 22.221448
1236000 21.530091 22.220889
1237000 22.685955 22.221265
1238000 21.524642 22.220702
1239000 22.009451 22.220532
1240000 21.126809 22.219650
1241000 21.537698 22.219100
1242000 22.835270 22.219596
1243000 22.077324 22.219482
1244000 23.036216 22.220138
1245000 22.843951 22.220639
1246000 21.346336 22.219938
1247000 21.522659 22.219379
1248000 21.572230 22.218860
1249000 22.756901 22.219291
1250000 20.994337 22.218311
1251000 21.175160 22.217477
1252000 21.284055 22.216731
1253000 21.739447 22.216350
1254000 21.967942 22.216152
1255000 21.678180 22.215724
1256000 22.449704 22.215910
1257000 22.275545 22.215957
1258000 21.964273 22.215757
1259000 21.367891 22.215084
1260000 21.936848 22.214863
1261000 22.055323 22.214737
1262000 21.947124 22.214525
1263000 21.785297 22.214185
1264000 22.295379 22.214249
1265000 22.542450 22.214508
1266000 21.837541 22.214211
1267000 22.154957 22.214164
1268000 21.841383 22.213870
1269000 20.862537 22.212805
1270000 21.468280 22.212219
1271000 21.484420 22.211646
1272000 22.187019 22.211627
1273000 21.292103 22.210904
1274000 21.625627 22.210445
1275000 22.211525 22.210446
1276000 21.241922 22.209687
1277000 22.212432 22.209689
1278000 21.824858 22.209388
1279000 22.766728 22.209824
1280000 21.975148 22.209640
1281000 21.773432 22.209300
1282000 22.626412 22.209625
1283000 22.667733 22.209982
1284000 22.428917 22.210153
1285000 22.382765 22.210287
1286000 21.688482 22.209881
1287000 22.528189 22.210129
1288000 21.916484 22.209901
1289000 22.597302 22.210201
1290000 21.321550 22.209512
1291000 22.057954 22.209395
1292000 22.063853 22.209282
1293000 21.259959 22.208548
1294000 22.049932 22.208425
1295000 22.168248 22.208394
1296000 22.451194 22.208582
1297000 22.702975 22.208963
1298000 22.648484 22.209302
1299000 22.215908 22.209307
1300000 22.412094 22.209463
1301000 21.657456 22.209038
1302000 21.109064 22.208194
1303000 21.790492 22.207873
1304000 22.523792 22.208115
1305000 22.175426 22.208090
1306000 21.701196 22.207702
1307000 22.285604 22.207762
1308000 21.821005 22.207466
1309000 22.118396 22.207398
1310000 21.946035 22.207198
1311000 22.234053 22.207219
1312000 21.510565 22.206688
1313000 22.124987 22.206626
1314000 22.150520 22.206583
1315000 21.807861 22.206280
1316000 22.058502 22.206167
1317000 21.951648 22.205974
1318000 21.704645 22.205594
1319000 21.276960 22.204890
1320000 22.173771 22.204866
1321000 22.362624 22.204986
1322000 21.189712 22.204218
1323000 22.623438 22.204535
1324000 23.045268 22.205170
1325000 22.319476 22.205256
1326000 21.865556 22.205000
1327000 21.934787 22.204796
1328000 21.783660 22.204479
1329000 21.978311 22.204309
1330000 22.226963 22.204326
1331000 21.732179 22.203971
1332000 22.304481 22.204046
1333000 22.022870 22.203911
1334000 22.060109 22.203803
1335000 22.448762 22.203986
1336000 21.895986 22.203756
1337000 22.741565 22.204158
1338000 22.096155 22.204077
1339000 22.196401 22.204071
1340000 22.179866 22.204053
1341000 21.679654 22.203662
1342000 22.365119 22.203783
1343000 21.698919 22.203407
1344000 22.001687 22.203257
1345000 23.289019 22.204064
1346000 22.363008 22.204182
1347000 22.147515 22.204140
1348000 21.969207 22.203966
1349000 22.455220 22.204152
1350000 21.047933 22.203295
1351000 21.910576 22.203079
1352000 21.309750 22.202418
1353000 21.163419 22.201650
1354000 21.935647 22.201454
1355000 22.221436 22.201468
1356000 22.528220 22.201709
1357000 21.959314 22.201531
1358000 21.366088 22.200916
1359000 22.335408 22.201015
1360000 22.539619 22.201263
1361000 22.313106 22.201346
1362000 21.682028 22.200964
1363000 21.465734 22.200425
1364000 21.715577 22.200069
1365000 21.662290 22.199676
1366000 21.905133 22.199460
1367000 22.085850 22.199377
1368000 22.440459 22.199553
1369000 22.647115 22.199880
1370000 21.886218 22.199651
1371000 20.621106 22.198500
1372000 21.156057 22.197740
1373000 21.131942 22.196964
1374000 21.246106 22.196272
1375000 22.695961 22.196635
1376000 22.146248 22.196598
1377000 22.261250 22.196645
1378000 22.374185 22.196774
1379000 21.640363 22.196371
1380000 21.392128 22.195788
1381000 21.039041 22.194950
1382000 23.149952 22.195641
1383000 22.055719 22.195540
1384000 21.922530 22.195343
1385000 21.832329 22.195081
1386000 21.113112 22.194300
1387000 21.357996 22.193697
1388000 22.259296 22.193744
1389000 21.933237 22.193557
1390000 21.551385 22.193095
1391000 22.041429 22.192986
1392000 21.853561 22.192742
1393000 21.482688 22.192232
1394000 21.791980 22.191945
1395000 23.065469 22.192571
1396000 22.100183 22.192505
1397000 21.891674 22.192290
1398000 22.500160 22.192510
1399000 22.716474 22.192884
1400000 22.776607 22.193301
1401000 21.782568 22.193008
1402000 22.154355 22.192981
1403000 21.477531 22.192471
1404000 22.974807 22.193028
1405000 22.581677 22.193305
1406000 21.329295 22.192690
1407000 22.696868 22.193048
1408000 23.265921 22.193810
1409000 23.162561 22.194498
1410000 23.027362 22.195089
1411000 22.300878 22.195164
1412000 23.121734 22.195820
1413000 22.475522 22.196018
1414000 22.350639 22.196127
1415000 22.189610 22.196123
1416000 22.668821 22.196456
1417000 22.086677 22.196379
1418000 21.748054 22.196063
1419000 22.579790 22.196333
1420000 22.317126 22.196418
1421000 22.223655 22.196437
1422000 22.265137 22.196486
1423000 22.933665 22.197004
1424000 22.117053 22.196948
1425000 21.934877 22.196764
1426000 21.957621 22.196596
1427000 21.468931 22.196086
1428000 22.027915 22.195968
1429000 22.586455 22.196242
1430000 22.613988 22.196534
1431000 21.741998 22.196216
1432000 22.499465 22.196428
1433000 22.076832 22.196344
1434000 22.497155 22.196554
1435000 21.406806 22.196004
1436000 22.175555 22.195989
1437000 21.630758 22.195596
1438000 21.509379 22.195119
1439000 21.873973 22.194896
1440000 21.587711 22.194474
1441000 21.499145 22.193992
1442000 21.686323 22.193640
1443000 22.151255 22.193610
1444000 21.946258 22.193439
1445000 21.519295 22.192972
1446000 21.831516 22.192722
1447000 21.590371 22.192306
1448000 21.689103 22.191959
1449000 21.869186 22.191736
1450000 21.687421 22.191388
1451000 22.031101 22.191278
1452000 21.928402 22.191096
1453000 21.813214 22.190836
1454000 20.970039 22.189997
1455000 21.523269 22.189539
1456000 22.593581 22.189816
1457000 21.548507 22.189376
1458000 21.973210 22.189228
1459000 22.941327 22.189743
1460000 22.757067 22.190132
1461000 21.804942 22.189868
1462000 22.068849 22.189785
1463000 21.295008 22.189174
1464000 22.701092 22.189523
1465000 21.821250 22.189272
1466000 21.307195 22.188670
1467000 21.283000 22.188053
1468000 21.827712 22.187807
1469000 21.679218 22.187461
1470000 21.616637 22.187073
1471000 21.520031 22.186619
1472000 22.079445 22.186547
1473000 21.936778 22.186377
1474000 21.264107 22.185751
1475000 21.286254 22.185142
1476000 21.337185 22.184567
1477000 21.519383 22.184117
1478000 22.258415 22.184167
1479000 22.338868 22.184272
1480000 21.133250 22.183561
1481000 21.848689 22.183335
1482000 20.821226 22.182416
1483000 21.484476 22.181946
1484000 21.602456 22.181555
1485000 21.370731 22.181009
1486000 21.811849 22.180761
1487000 21.112946 22.180043
1488000 21.837736 22.179813
1489000 20.932636 22.178975
1490000 21.532283 22.178541
1491000 21.431950 22.178040
1492000 22.390239 22.178182
1493000 22.270122 22.178244
1494000 21.790854 22.177985
1495000 21.482563 22.177520
1496000 21.259348 22.176906
1497000 21.882457 22.176709
1498000 22.369621 22.176838
1499000 21.487590 22.176378
1500000 20.487716 22.175252
1501000 20.803889 22.174339
1502000 21.871916 22.174137
1503000 20.912685 22.173298
1504000 21.194583 22.172647
1505000 22.157414 22.172637
1506000 20.668886 22.171639
1507000 21.867959 22.171437
1508000 22.230095 22.171476
1509000 20.927629 22.170652
1510000 20.756724 22.169715
1511000 22.015469 22.169613
1512000 21.910916 22.169442
1513000 20.892402 22.168598
1514000 21.856319 22.168392
1515000 20.642602 22.167385
1516000 21.693872 22.167072
1517000 22.421607 22.167240
1518000 21.056333 22.166508
1519000 21.657954 22.166174
1520000 21.854528 22.165969
1521000 21.986191 22.165850
1522000 21.995773 22.165739
1523000 21.184292 22.165094
1524000 22.526264 22.165331
1525000 22.607895 22.165621
1526000 21.751719 22.165350
1527000 22.279998 22.165425
1528000 23.020422 22.165985
1529000 22.708365 22.166340
1530000 22.959396 22.166858
1531000 22.134053 22.166836
1532000 22.870705 22.167296
1533000 21.751084 22.167024
1534000 20.867139 22.166177
1535000 22.577994 22.166445
1536000 21.274199 22.165864
1537000 21.929071 22.165710
1538000 21.746299 22.165438
1539000 23.249447 22.166142
1540000 22.047440 22.166065
1541000 22.962783 22.166582
1542000 22.856436 22.167029
1543000 22.622565 22.167325
1544000 22.755625 22.167706
1545000 22.217055 22.167737
1546000 23.208308 22.168411
1547000 23.360338 22.169181
1548000 21.992532 22.169067
1549000 22.494093 22.169277
1550000 22.535690 22.169513
1551000 22.218001 22.169544
1552000 22.107985 22.169505
1553000 22.692244 22.169841
1554000 22.464558 22.170031
1555000 22.674840 22.170356
1556000 22.232606 22.170396
1557000 20.988587 22.169637
1558000 22.919705 22.170118
1559000 22.863810 22.170563
1560000 21.362396 22.170045
1561000 22.286285 22.170119
1562000 22.089545 22.170068
1563000 22.221588 22.170101
1564000 22.329677 22.170203
1565000 22.880860 22.170657
1566000 22.424384 22.170819
1567000 21.324534 22.170279
1568000 21.875962 22.170091
1569000 22.348847 22.170205
1570000 23.139634 22.170823
1571000 22.664740 22.171137
1572000 22.728847 22.171492
1573000 22.044069 22.171411
1574000 21.890507 22.171232
1575000 21.844087 22.171025
1576000 21.922534 22.170867
1577000 21.789201 22.170625
1578000 21.454119 22.170171
1579000 21.775696 22.169921
1580000 21.063496 22.169221
1581000 21.913210 22.169059
1582000 21.862241 22.168865
1583000 20.839866 22.168025
1584000 21.942149 22.167883
1585000 21.322353 22.167349
1586000 22.466405 22.167538
1587000 21.096275 22.166863
1588000 22.524832 22.167088
1589000 21.921309 22.166934
1590000 21.492058 22.166509
1591000 20.466624 22.165441
1592000 21.898059 22.165273
1593000 21.655642 22.164953
1594000 21.570966 22.164580
1595000 22.043810 22.164504
1596000 23.001842 22.165029
1597000 21.610910 22.164682
1598000 21.483509 22.164256
1599000 22.719182 22.164603
1600000 21.402004 22.164126
1601000 22.292026 22.164206
1602000 21.971064 22.164086
1603000 22.299875 22.164170
1604000 22.939479 22.164654
1605000 22.896483 22.165110
1606000 22.995970 22.165627
1607000 22.619203 22.165909
1608000 22.735670 22.166264
1609000 22.768111 22.166638
1610000 22.264881 22.166699
1611000 22.186217 22.166711
1612000 22.764522 22.167082
1613000 21.903748 22.166918
1614000 22.081893 22.166866
1615000 22.708262 22.167201
1616000 22.326291 22.167299
1617000 23.198903 22.167937
1618000 22.554445 22.168176
1619000 21.546479 22.167792
1620000 21.700796 22.167504
1621000 22.705947 22.167836
1622000 23.240894 22.168498
1623000 23.346097 22.169223
1624000 21.772898 22.168979
1625000 22.939611 22.169453
1626000 22.450737 22.169626
1627000 21.989017 22.169515
1628000 23.564253 22.170372
1629000 23.095444 22.170940
1630000 23.205209 22.171574
1631000 23.657079 22.172485
1632000 22.152987 22.172473
1633000 22.366495 22.172592
1634000 22.630462 22.172872
1635000 22.691243 22.173189
1636000 22.178318 22.173193
1637000 22.680551 22.173502
1638000 22.657766 22.173798
1639000 21.809301 22.173576
1640000 22.028648 22.173487
1641000 21.759655 22.173235
1642000 23.156276 22.173834
1643000 22.506356 22.174036
1644000 22.966533 22.174518
1645000 21.970923 22.174395
1646000 21.579266 22.174033
1647000 21.844683 22.173833
1648000 22.622784 22.174105
1649000 22.415760 22.174252
1650000 21.490097 22.173837
1651000 21.772088 22.173594
1652000 22.531164 22.173810
1653000 22.601154 22.174069
1654000 21.628662 22.173739
1655000 22.489756 22.173930
1656000 22.488386 22.174120
1657000 22.295863 22.174194
1658000 21.755988 22.173941
1659000 21.844728 22.173743
1660000 21.908205 22.173583
1661000 21.489755 22.173171
1662000 22.459985 22.173344
1663000 21.585029 22.172990
1664000 21.950954 22.172857
1665000 22.844343 22.173260
1666000 21.646803 22.172944
1667000 22.606687 22.173204
1668000 21.545563 22.172828
1669000 22.886561 22.173255
1670000 21.822092 22.173045
1671000 22.273212 22.173105
1672000 22.198892 22.173120
1673000 22.483601 22.173306
1674000 21.874299 22.173127
1675000 22.137741 22.173106
1676000 22.155030 22.173096
1677000 22.675887 22.173395
1678000 22.155821 22.173385
1679000 21.481869 22.172973
1680000 21.303026 22.172455
1681000 21.852350 22.172265
1682000 21.524148 22.171879
1683000 21.849170 22.171688
1684000 22.599360 22.171942
1685000 22.027078 22.171856
1686000 21.613578 22.171525
1687000 21.616865 22.171196
1688000 21.754867 22.170949
1689000 21.691749 22.170665
1690000 22.049068 22.170593
1691000 21.788783 22.170368
1692000 21.178727 22.169782
1693000 21.119805 22.169161
1694000 21.627425 22.168842
1695000 21.772690 22.168608
1696000 21.338364 22.168118
1697000 22.375229 22.168240
1698000 22.731053 22.168572
1699000 21.026081 22.167899
1700000 21.750570 22.167654
1701000 20.838634 22.166873
1702000 21.346671 22.166391
1703000 21.746183 22.166144
1704000 22.484446 22.166331
1705000 22.558071 22.166561
1706000 22.697122 22.166872
1707000 21.737065 22.166620
1708000 22.701214 22.166933
1709000 22.424055 22.167083
1710000 22.408827 22.167225
1711000 22.034551 22.167147
1712000 21.873711 22.166976
1713000 21.802137 22.166763
1714000 22.678882 22.167061
1715000 22.587334 22.167306
1716000 21.938815 22.167173
1717000 22.875943 22.167586
1718000 21.891603 22.167425
1719000 22.603909 22.167679
1720000 23.150464 22.168251
1721000 21.667424 22.167960
1722000 23.262817 22.168596
1723000 22.213226 22.168621
1724000 22.958216 22.169079
1725000 22.382485 22.169203
1726000 22.432234 22.169356
1727000 22.853074 22.169751
1728000 22.208760 22.169774
1729000 22.132107 22.169752
1730000 22.628023 22.170017
1731000 21.965291 22.169899
1732000 21.952627 22.169773
1733000 21.874547 22.169603
1734000 22.127062 22.169579
1735000 21.932935 22.169442
1736000 21.982953 22.169335
1737000 21.753006 22.169095
1738000 22.958865 22.169549
1739000 23.633932 22.170392
1740000 22.848292 22.170781
1741000 22.949035 22.171228
1742000 22.697906 22.171531
1743000 22.420448 22.171673
1744000 22.943863 22.172116
1745000 23.024332 22.172604
1746000 23.366482 22.173288
1747000 22.237098 22.173325
1748000 21.822774 22.173124
1749000 22.001924 22.173026
1750000 21.918202 22.172881
1751000 21.099706 22.172268
1752000 23.117841 22.172808
1753000 22.077324 22.172753
1754000 21.775735 22.172527
1755000 22.025962 22.172443
1756000 22.796447 22.172799
1757000 22.564457 22.173021
1758000 21.684443 22.172744
1759000 22.955989 22.173189
1760000 23.006570 22.173662
1761000 22.825135 22.174032
1762000 23.348219 22.174699
1763000 22.842718 22.175078
1764000 22.074515 22.175021
1765000 22.937227 22.175452
1766000 22.406948 22.175584
1767000 22.536776 22.175788
1768000 22.278861 22.175846
1769000 22.646770 22.176112
1770000 21.241175 22.175584
1771000 21.697663 22.175314
1772000 22.064354 22.175252
1773000 22.217489 22.175276
1774000 22.220767 22.175301
1775000 23.111983 22.175829
1776000 21.714881 22.175569
1777000 22.087921 22.175520
1778000 22.792215 22.175867
1779000 22.819736 22.176229
1780000 23.365886 22.176897
1781000 22.647106 22.177161
1782000 22.629436 22.177415
1783000 23.416610 22.178110
1784000 22.534414 22.178310
1785000 22.386840 22.178427
1786000 23.309084 22.179060
1787000 21.900277 22.178904
1788000 21.513069 22.178531
1789000 20.876135 22.177803
1790000 22.105488 22.177763
1791000 22.633594 22.178017
1792000 22.248845 22.178057
1793000 21.973851 22.177943
1794000 21.966045 22.177825
1795000 22.053313 22.177755
1796000 22.108271 22.177717
1797000 23.198607 22.178285
1798000 22.691636 22.178570
1799000 22.051585 22.178500
1800000 22.010424 22.178406
1801000 23.163009 22.178953
1802000 23.129921 22.179481
1803000 22.389540 22.179597
1804000 21.796687 22.179385
1805000 22.800023 22.179729
1806000 22.138642 22.179706
1807000 23.103143 22.180217
1808000 21.685909 22.179944
1809000 22.513036 22.180128
1810000 21.680291 22.179852
1811000 22.086346 22.179800
1812000 21.548586 22.179452
1813000 22.853585 22.179824
1814000 22.567739 22.180038
1815000 21.205614 22.179501
1816000 21.151349 22.178934
1817000 22.172183 22.178931
1818000 22.105606 22.178890
1819000 22.007712 22.178796
1820000 21.978227 22.178686
1821000 22.415076 22.178816
1822000 21.942123 22.178686
1823000 22.591460 22.178912
1824000 22.158015 22.178901
1825000 22.584828 22.179123
1826000 22.504716 22.179302
1827000 22.059705 22.179236
1828000 21.229806 22.178717
1829000 22.325785 22.178797
1830000 22.169503 22.178792
1831000 21.568957 22.178459
1832000 22.789811 22.178793
1833000 22.334146 22.178878
1834000 22.090219 22.178829
1835000 22.291649 22.178891
1836000 22.368531 22.178994
1837000 22.364174 22.179095
1838000 22.588138 22.179317
1839000 22.528633 22.179507
1840000 23.191702 22.180057
1841000 22.665865 22.180321
1842000 23.249590 22.180902
1843000 23.150775 22.181428
1844000 22.792208 22.181759
1845000 22.368998 22.181861
1846000 22.392015 22.181975
1847000 23.109300 22.182477
1848000 22.976332 22.182906
1849000 22.739337 22.183207
1850000 23.289256 22.183805
1851000 23.002091 22.184247
1852000 22.353941 22.184339
1853000 23.130278 22.184849
1854000 22.583554 22.185064
1855000 21.357067 22.184618
1856000 22.075048 22.184559
1857000 22.552953 22.184757
1858000 21.864605 22.184585
1859000 22.109054 22.184544
1860000 22.807126 22.184879
1861000 21.974243 22.184766
1862000 22.834436 22.185115
1863000 23.377302 22.185755
1864000 22.349932 22.185843
1865000 22.966897 22.186262
1866000 22.904480 22.186647
1867000 22.799872 22.186975
1868000 22.232615 22.186999
1869000 22.557771 22.187198
1870000 22.172108 22.187190
1871000 22.852703 22.187545
1872000 22.618264 22.187776
1873000 21.314353 22.187309
1874000 22.631520 22.187546
1875000 22.262476 22.187586
1876000 21.669481 22.187310
1877000 22.253852 22.187345
1878000 22.707992 22.187623
1879000 21.541448 22.187279
1880000 22.220775 22.187297
1881000 21.958468 22.187175
1882000 23.036270 22.187626
1883000 22.816836 22.187960
1884000 22.579120 22.188168
1885000 21.824843 22.187975
1886000 22.293430 22.188031
1887000 21.230998 22.187524
1888000 22.074001 22.187464
1889000 22.163492 22.187451
1890000 21.408970 22.187039
1891000 22.257716 22.187077
1892000 21.675902 22.186806
1893000 22.377854 22.186907
1894000 21.543045 22.186567
1895000 22.333529 22.186645
1896000 21.934076 22.186512
1897000 23.133305 22.187011
1898000 23.031282 22.187456
1899000 23.131074 22.187953
1900000 23.201453 22.188486
1901000 22.033462 22.188404
1902000 22.722092 22.188685
1903000 23.140609 22.189185
1904000 21.854304 22.189009
1905000 22.454012 22.189148
1906000 22.332780 22.189224
1907000 22.268666 22.189265
1908000 22.307032 22.189327
1909000 21.966702 22.189211
1910000 21.510030 22.188855
1911000 21.829907 22.188667
1912000 22.639948 22.188903
1913000 22.255663 22.188938
1914000 21.772849 22.188721
1915000 22.598366 22.188935
1916000 22.254914 22.188969
1917000 22.645825 22.189207
1918000 21.593258 22.188897
1919000 21.448878 22.188511
1920000 21.253753 22.188024
1921000 22.150260 22.188004
1922000 22.001033 22.187907
1923000 21.551747 22.187576
1924000 21.945242 22.187450
1925000 22.118086 22.187414
1926000 21.921402 22.187276
1927000 22.522627 22.187450
1928000 21.934973 22.187319
1929000 22.831510 22.187653
1930000 21.624704 22.187362
1931000 20.980834 22.186737
1932000 22.234949 22.186762
1933000 21.531014 22.186423
1934000 21.544515 22.186091
1935000 21.648492 22.185813
1936000 20.892746 22.185145
1937000 21.400334 22.184740
1938000 21.145824 22.184204
1939000 21.090771 22.183640
1940000 22.405343 22.183754
1941000 21.766427 22.183539
1942000 20.423845 22.182633
1943000 21.269045 22.182163
1944000 21.484457 22.181804
1945000 21.029760 22.181211
1946000 21.761711 22.180996
1947000 21.467109 22.180629
1948000 21.481807 22.180270
1949000 22.270956 22.180317
1950000 21.884569 22.180165
1951000 22.032606 22.180090
1952000 20.818436 22.179392
1953000 20.875727 22.178725
1954000 21.347079 22.178299
1955000 20.789353 22.177589
1956000 21.061575 22.177018
1957000 21.063661 22.176449
1958000 21.669852 22.176190
1959000 21.538322 22.175865
1960000 21.676998 22.175610
1961000 20.931855 22.174976
1962000 21.804414 22.174787
1963000 21.543228 22.174465
1964000 21.368643 22.174055
1965000 21.553328 22.173739
1966000 21.310925 22.173300
1967000 21.658904 22.173039
1968000 21.680867 22.172789
1969000 21.349547 22.172371
1970000 21.533466 22.172046
1971000 21.532283 22.171722
1972000 21.830877 22.171549
1973000 21.957181 22.171440
1974000 20.251330 22.170468
1975000 22.014420 22.170389
1976000 22.092422 22.170349
1977000 21.871255 22.170198
1978000 22.984773 22.170610
1979000 21.708902 22.170376
1980000 21.835927 22.170207
1981000 22.124305 22.170184
1982000 23.029622 22.170618
1983000 22.767781 22.170919
1984000 22.039223 22.170853
1985000 22.669802 22.171104
1986000 21.447135 22.170739
1987000 21.710123 22.170508
1988000 21.519041 22.170180
1989000 21.643075 22.169915
1990000 22.836751 22.170250
1991000 22.157508 22.170244
1992000 21.777316 22.170046
1993000 21.410508 22.169665
1994000 22.319036 22.169740
1995000 22.258881 22.169785
1996000 21.396667 22.169397
1997000 22.084871 22.169355
1998000 22.003491 22.169272
1999000 22.015515 22.169195
2000000 21.678895 22.168950
