1000 28.443200 28.443200
2000 28.281790 28.362495
3000 27.996646 28.240545
4000 27.981092 28.175682
5000 28.176884 28.175922
6000 27.882569 28.127030
7000 27.820660 28.083263
8000 27.661058 28.030487
9000 27.770054 28.001550
10000 27.568226 27.958218
11000 27.223274 27.891405
12000 27.363353 27.847400
13000 27.370584 27.810722
14000 27.309638 27.774930
15000 27.883448 27.782165
16000 27.489419 27.763868
17000 28.024325 27.779189
18000 27.811663 27.780993
19000 28.148318 27.800326
20000 27.937654 27.807193
21000 28.032378 27.817916
22000 28.015108 27.826879
23000 27.950254 27.832243
24000 27.946003 27.836983
25000 28.280548 27.854726
26000 28.886299 27.894402
27000 28.319738 27.910155
28000 28.385466 27.927130
29000 28.415479 27.943970
30000 28.387126 27.958742
31000 28.481633 27.975609
32000 28.840569 28.002639
33000 28.526810 28.018523
34000 28.603372 28.035725
35000 28.646705 28.053181
36000 28.401754 28.062864
37000 28.046145 28.062412
38000 28.220385 28.066569
39000 27.940877 28.063346
40000 28.331511 28.070050
41000 28.001358 28.068375
42000 27.792992 28.061818
43000 27.983637 28.060000
44000 28.003151 28.058708
45000 27.870525 28.054526
46000 27.681030 28.046407
47000 28.006190 28.045551
48000 28.283438 28.050507
49000 28.088419 28.051281
50000 28.261814 28.055491
51000 28.089540 28.056159
52000 28.236413 28.059625
53000 28.329166 28.064711
54000 28.235881 28.067881
55000 28.138322 28.069162
56000 27.721639 28.062956
57000 27.731341 28.057138
58000 28.199303 28.059589
59000 27.906755 28.056999
60000 28.241425 28.060073
61000 28.163353 28.061766
62000 27.876503 28.058778
63000 28.081758 28.059142
64000 28.053092 28.059048
65000 28.489725 28.065674
66000 28.619439 28.074064
67000 28.176873 28.075598
68000 27.929080 28.073444
69000 28.419611 28.078461
70000 28.090363 28.078631
71000 28.178798 28.080042
72000 28.124940 28.080665
73000 28.493237 28.086317
74000 28.283234 28.088978
75000 28.086761 28.088948
76000 28.161045 28.089897
77000 27.779237 28.085862
78000 28.171940 28.086966
79000 28.185971 28.088219
80000 27.973636 28.086787
81000 28.203760 28.088231
82000 28.554892 28.093922
83000 28.968720 28.104462
84000 28.529970 28.109527
85000 28.625585 28.115599
86000 28.570280 28.120886
87000 28.691016 28.127439
88000 28.743156 28.134436
89000 28.991375 28.144064
90000 28.830787 28.151694
91000 28.828643 28.159133
92000 28.504805 28.162891
93000 28.446150 28.165936
94000 28.598507 28.170538
95000 28.749135 28.176629
96000 28.784504 28.182961
97000 28.664199 28.187922
98000 28.631585 28.192449
99000 28.646696 28.197038
100000 28.455259 28.199620
101000 28.506468 28.202658
102000 28.269201 28.203310
103000 28.189433 28.203176
104000 28.553531 28.206544
105000 28.546923 28.209786
106000 28.591788 28.213390
107000 28.169064 28.212976
108000 28.045891 28.211428
109000 28.667189 28.215610
110000 28.668232 28.219725
111000 28.744304 28.224450
112000 28.541922 28.227285
113000 28.571697 28.230333
114000 28.411386 28.231921
115000 28.659360 28.235638
116000 28.126473 28.234697
117000 28.206431 28.234455
118000 28.099610 28.233313
119000 28.159354 28.232691
120000 27.895256 28.229879
121000 28.436713 28.231588
122000 27.714844 28.227353
123000 28.198338 28.227117
124000 28.029340 28.225522
125000 28.613012 28.228622
126000 28.282896 28.229053
127000 28.624679 28.232168
128000 28.714154 28.235933
129000 28.764608 28.240032
130000 28.982472 28.245743
131000 28.807270 28.250029
132000 28.568630 28.252443
133000 28.411210 28.253637
134000 28.791309 28.257649
135000 28.857489 28.262092
136000 28.396009 28.263077
137000 28.247197 28.262961
138000 28.099180 28.261774
139000 28.412362 28.262858
140000 27.971702 28.260778
141000 28.610608 28.263259
142000 27.922593 28.260860
143000 28.050729 28.259390
144000 28.508239 28.261119
145000 28.627857 28.263648
146000 28.648092 28.266281
147000 28.411154 28.267266
148000 28.432198 28.268381
149000 28.775355 28.271783
150000 28.838836 28.275564
151000 28.667431 28.278159
152000 28.684355 28.280831
153000 29.282134 28.287376
154000 29.274523 28.293786
155000 29.128757 28.299173
156000 29.216361 28.305052
157000 29.181954 28.310637
158000 29.306338 28.316939
159000 29.279631 28.322994
160000 29.098367 28.327840
161000 28.989565 28.331950
162000 29.190078 28.337247
163000 28.800174 28.340087
164000 28.865244 28.343289
165000 28.570049 28.344664
166000 28.447950 28.345286
167000 28.547126 28.346495
168000 28.670106 28.348421
169000 28.414521 28.348812
170000 28.745650 28.351146
171000 28.687375 28.353113
172000 28.371158 28.353218
173000 28.534176 28.354264
174000 28.590020 28.355618
175000 28.818394 28.358263
176000 28.588403 28.359570
177000 28.958327 28.362953
178000 28.515535 28.363810
179000 28.270941 28.363292
180000 28.662451 28.364954
181000 28.817786 28.367455
182000 28.444071 28.367876
183000 28.637515 28.369350
184000 28.360403 28.369301
185000 28.693458 28.371053
186000 28.558084 28.372059
187000 28.699922 28.373812
188000 29.134062 28.377856
189000 28.782309 28.379996
190000 28.722810 28.381800
191000 28.709800 28.383518
192000 28.507227 28.384162
193000 28.342167 28.383944
194000 28.624298 28.385183
195000 28.540915 28.385982
196000 28.171354 28.384887
197000 28.233099 28.384116
198000 28.380867 28.384100
199000 28.589424 28.385132
200000 28.857729 28.387495
201000 28.721326 28.389156
202000 28.563353 28.390018
203000 28.671479 28.391405
204000 28.594014 28.392398
205000 28.656377 28.393685
206000 29.012637 28.396690
207000 28.503188 28.397205
208000 29.341256 28.401743
209000 29.058540 28.404886
210000 29.279485 28.409051
211000 29.448682 28.413978
212000 29.047797 28.416967
213000 29.252386 28.420890
214000 28.774946 28.422544
215000 29.310316 28.426673
216000 28.868308 28.428718
217000 28.759855 28.430244
218000 28.832795 28.432090
219000 28.703226 28.433328
220000 28.682758 28.434462
221000 28.832978 28.436265
222000 28.892187 28.438319
223000 28.564433 28.438885
224000 28.635866 28.439764
225000 28.804075 28.441383
226000 29.218184 28.444820
227000 29.536273 28.449629
228000 29.406889 28.453827
229000 29.412606 28.458014
230000 29.048943 28.460583
231000 28.998837 28.462913
232000 29.056313 28.465471
233000 28.770019 28.466778
234000 28.793312 28.468174
235000 29.009448 28.470477
236000 28.886267 28.472239
237000 28.717007 28.473271
238000 28.924108 28.475166
239000 28.662532 28.475950
240000 28.781454 28.477223
241000 28.899445 28.478975
242000 28.607489 28.479506
243000 28.930641 28.481362
244000 28.614311 28.481907
245000 28.776928 28.483111
246000 29.174387 28.485921
247000 28.867460 28.487466
248000 28.785668 28.488668
249000 28.802783 28.489930
250000 28.764131 28.491027
251000 28.682255 28.491789
252000 28.932150 28.493536
253000 28.781598 28.494675
254000 28.883451 28.496205
255000 28.760664 28.497242
256000 28.363082 28.496718
257000 28.505210 28.496751
258000 28.496888 28.496752
259000 28.341657 28.496153
260000 28.759444 28.497166
261000 28.765716 28.498195
262000 28.812082 28.499393
263000 29.086131 28.501624
264000 29.042082 28.503671
265000 29.064004 28.505785
266000 29.020163 28.507719
267000 28.844870 28.508982
268000 28.966756 28.510690
269000 29.249379 28.513436
270000 29.261797 28.516208
271000 29.234383 28.518858
272000 29.467826 28.522346
273000 29.547839 28.526103
274000 29.647256 28.530195
275000 29.534004 28.533845
276000 29.790037 28.538396
277000 29.004028 28.540077
278000 29.571690 28.543788
279000 29.467351 28.547098
280000 29.599654 28.550858
281000 28.795169 28.551727
282000 28.829804 28.552713
283000 29.192704 28.554974
284000 29.303756 28.557611
285000 28.740211 28.558252
286000 28.405802 28.557719
287000 28.255687 28.556666
288000 28.736261 28.557290
289000 28.695980 28.557770
290000 28.378909 28.557153
291000 28.299338 28.556267
292000 28.158630 28.554905
293000 28.595767 28.555045
294000 28.219402 28.553903
295000 27.918203 28.551748
296000 28.013416 28.549930
297000 28.100857 28.548418
298000 27.880993 28.546178
299000 28.152488 28.544861
300000 28.424716 28.544461
301000 28.257242 28.543506
302000 28.100451 28.542039
303000 28.178242 28.540839
304000 28.283056 28.539991
305000 28.410116 28.539565
306000 28.580103 28.539697
307000 29.013154 28.541240
308000 29.096950 28.543044
309000 28.443978 28.542723
310000 28.488990 28.542550
311000 28.425550 28.542174
312000 28.241617 28.541210
313000 28.477724 28.541008
314000 28.724915 28.541593
315000 28.761477 28.542291
316000 28.805625 28.543125
317000 28.317512 28.542413
318000 28.314076 28.541695
319000 28.532228 28.541665
320000 28.267215 28.540808
321000 28.685329 28.541258
322000 28.891152 28.542344
323000 28.487325 28.542174
324000 28.522802 28.542114
325000 28.807040 28.542929
326000 28.861816 28.543908
327000 28.464924 28.543666
328000 28.705973 28.544161
329000 28.713913 28.544677
330000 29.081378 28.546303
331000 28.698791 28.546764
332000 28.667347 28.547127
333000 27.916167 28.545232
334000 28.205103 28.544214
335000 28.014214 28.542632
336000 28.424152 28.542279
337000 28.233379 28.541363
338000 27.725725 28.538950
339000 27.579660 28.536120
340000 28.365367 28.535618
341000 28.175274 28.534561
342000 28.779779 28.535278
343000 28.331527 28.534684
344000 28.365433 28.534192
345000 28.348481 28.533654
346000 28.344331 28.533106
347000 28.202692 28.532154
348000 28.747812 28.532774
349000 28.495027 28.532666
350000 28.737772 28.533252
351000 28.564827 28.533342
352000 28.398307 28.532958
353000 28.365758 28.532484
354000 28.078677 28.531202
355000 28.569278 28.531310
356000 28.081378 28.530046
357000 28.583689 28.530196
358000 28.082551 28.528946
359000 28.243243 28.528150
360000 28.351484 28.527659
361000 28.141031 28.526588
362000 28.550010 28.526653
363000 28.289102 28.525998
364000 28.615117 28.526243
365000 28.538601 28.526277
366000 28.730180 28.526834
367000 28.462584 28.526659
368000 28.597357 28.526851
369000 28.399908 28.526507
370000 28.088823 28.525324
371000 28.396381 28.524977
372000 28.324318 28.524437
373000 28.075021 28.523233
374000 28.242041 28.522481
375000 28.229657 28.521700
376000 28.047068 28.520437
377000 27.930596 28.518873
378000 28.479358 28.518768
379000 28.215666 28.517969
380000 28.394715 28.517644
381000 28.284887 28.517033
382000 28.316166 28.516508
383000 28.279901 28.515890
384000 28.186764 28.515033
385000 27.769083 28.513095
386000 27.328202 28.510025
387000 27.864879 28.508358
388000 27.525597 28.505826
389000 27.992425 28.504506
390000 27.667129 28.502359
391000 28.359672 28.501994
392000 27.541798 28.499544
393000 28.111755 28.498557
394000 28.242944 28.497909
395000 28.198817 28.497152
396000 28.055889 28.496037
397000 27.441654 28.493381
398000 27.500350 28.490886
399000 27.589726 28.488628
400000 28.076297 28.487597
401000 27.792845 28.485864
402000 28.141978 28.485009
403000 28.056749 28.483946
404000 28.200346 28.483244
405000 27.678008 28.481256
406000 28.084122 28.480278
407000 27.785604 28.478571
408000 27.707993 28.476682
409000 27.697770 28.474778
410000 27.512007 28.472430
411000 27.545283 28.470174
412000 27.734722 28.468389
413000 28.122311 28.467551
414000 27.735113 28.465782
415000 27.362252 28.463123
416000 27.208834 28.460107
417000 27.730940 28.458359
418000 27.681086 28.456499
419000 27.944755 28.455278
420000 27.732657 28.453557
421000 27.536220 28.451379
422000 27.765342 28.449753
423000 27.808896 28.448238
424000 27.847394 28.446821
425000 27.410999 28.444384
426000 27.346904 28.441807
427000 27.507326 28.439619
428000 27.132908 28.436566
429000 27.379886 28.434103
430000 27.329089 28.431533
431000 27.341236 28.429003
432000 27.326611 28.426451
433000 27.339880 28.423942
434000 27.313942 28.421384
435000 27.206262 28.418591
436000 27.212211 28.415824
437000 27.171820 28.412977
438000 27.491288 28.410873
439000 27.004030 28.407668
440000 27.434484 28.405457
441000 27.699594 28.403856
442000 27.602044 28.402042
443000 27.880552 28.400865
444000 27.809285 28.399532
445000 27.491209 28.397491
446000 27.726142 28.395986
447000 27.395921 28.393749
448000 27.470705 28.391688
449000 28.078608 28.390991
450000 28.025416 28.390179
451000 27.993156 28.389298
452000 27.944779 28.388315
453000 28.108168 28.387696
454000 27.892754 28.386606
455000 28.073678 28.385918
456000 28.035504 28.385150
457000 27.977390 28.384258
458000 27.541554 28.382418
459000 27.791024 28.381129
460000 28.132665 28.380589
461000 28.123238 28.380031
462000 28.456237 28.380196
463000 28.109449 28.379611
464000 28.203078 28.379231
465000 28.114620 28.378662
466000 28.016136 28.377884
467000 28.134549 28.377363
468000 28.248242 28.377087
469000 27.915927 28.376103
470000 28.083155 28.375480
471000 28.059106 28.374808
472000 27.908677 28.373821
473000 28.030273 28.373095
474000 27.928457 28.372156
475000 28.231317 28.371860
476000 28.427170 28.371976
477000 28.246590 28.371713
478000 28.511747 28.372006
479000 28.263535 28.371780
480000 28.193324 28.371408
481000 28.302872 28.371266
482000 28.050499 28.370600
483000 28.414645 28.370691
484000 28.018264 28.369963
485000 27.996087 28.369192
486000 27.807707 28.368037
487000 27.770431 28.366810
488000 27.879006 28.365810
489000 27.674072 28.364396
490000 28.047003 28.363748
491000 27.971976 28.362950
492000 27.795622 28.361797
493000 27.951554 28.360965
494000 28.087325 28.360411
495000 28.033142 28.359750
496000 28.558541 28.360150
497000 28.414067 28.360259
498000 28.258479 28.360054
499000 28.199843 28.359733
500000 27.914146 28.358842
501000 27.894243 28.357915
502000 27.960341 28.357123
503000 28.440544 28.357289
504000 28.362739 28.357300
505000 28.151019 28.356891
506000 28.235013 28.356650
507000 28.052444 28.356050
508000 27.874785 28.355103
509000 28.201635 28.354801
510000 28.287622 28.354670
511000 28.004625 28.353985
512000 28.188286 28.353661
513000 28.342721 28.353640
514000 28.250171 28.353438
515000 28.302608 28.353340
516000 28.068449 28.352788
517000 28.139918 28.352376
518000 28.272421 28.352221
519000 28.380460 28.352276
520000 28.051866 28.351698
521000 28.319010 28.351635
522000 28.266359 28.351472
523000 28.060231 28.350915
524000 27.664653 28.349606
525000 27.897453 28.348744
526000 27.505275 28.347141
527000 27.616166 28.345754
528000 27.813831 28.344746
529000 27.386291 28.342934
530000 27.495498 28.341335
531000 27.655940 28.340045
532000 27.610569 28.338674
533000 27.581916 28.337254
534000 28.017414 28.336655
535000 27.537129 28.335160
536000 27.770855 28.334108
537000 28.209510 28.333875
538000 28.109910 28.333459
539000 28.544470 28.333851
540000 28.074257 28.333370
541000 27.916254 28.332599
542000 27.963916 28.331919
543000 27.782301 28.330907
544000 27.843434 28.330010
545000 28.255774 28.329874
546000 27.806203 28.328915
547000 28.401025 28.329047
548000 27.888986 28.328244
549000 27.987371 28.327623
550000 28.223092 28.327433
551000 27.766721 28.326415
552000 28.104613 28.326014
553000 28.054825 28.325523
554000 28.094082 28.325105
555000 27.801079 28.324161
556000 28.142937 28.323835
557000 28.351198 28.323884
558000 28.174659 28.323617
559000 27.748889 28.322589
560000 27.861815 28.321766
561000 27.897879 28.321010
562000 27.881230 28.320228
563000 27.999574 28.319658
564000 28.044083 28.319170
565000 27.822751 28.318291
566000 27.535905 28.316909
567000 27.248775 28.315025
568000 27.791241 28.314103
569000 27.690869 28.313007
570000 27.927562 28.312331
571000 27.901200 28.311611
572000 27.992213 28.311053
573000 27.783800 28.310133
574000 28.030547 28.309646
575000 28.284017 28.309601
576000 27.657803 28.308469
577000 27.606067 28.307252
578000 27.575490 28.305986
579000 27.419476 28.304455
580000 27.310011 28.302740
581000 27.881722 28.302016
582000 27.473985 28.300593
583000 27.568939 28.299338
584000 27.224653 28.297498
585000 27.231067 28.295675
586000 27.185597 28.293781
587000 27.719342 28.292802
588000 27.483961 28.291426
589000 27.721289 28.290458
590000 27.892578 28.289784
591000 27.436047 28.288339
592000 27.552949 28.287097
593000 27.574776 28.285896
594000 27.435273 28.284464
595000 28.037640 28.284049
596000 27.838390 28.283301
597000 28.165789 28.283105
598000 27.922630 28.282502
599000 27.907632 28.281876
600000 27.674044 28.280863
601000 27.866229 28.280173
602000 28.030775 28.279759
603000 28.152484 28.279548
604000 28.427392 28.279792
605000 28.396862 28.279986
606000 28.264741 28.279961
607000 28.677718 28.280616
608000 28.312653 28.280669
609000 28.390547 28.280849
610000 28.824472 28.281740
611000 28.555019 28.282188
612000 28.485993 28.282521
613000 28.817206 28.283393
614000 28.677125 28.284034
615000 28.577619 28.284512
616000 28.363962 28.284640
617000 28.207310 28.284515
618000 28.334034 28.284595
619000 28.501838 28.284946
620000 28.430329 28.285181
621000 28.406814 28.285377
622000 28.654875 28.285971
623000 28.775602 28.286757
624000 28.728092 28.287464
625000 28.507301 28.287816
626000 28.667291 28.288422
627000 28.619922 28.288950
628000 28.769141 28.289715
629000 28.498598 28.290047
630000 28.558173 28.290473
631000 28.524119 28.290843
632000 28.705095 28.291499
633000 28.477251 28.291792
634000 28.636637 28.292336
635000 28.584835 28.292797
636000 28.561594 28.293219
637000 28.681925 28.293829
638000 28.496255 28.294147
639000 28.739617 28.294844
640000 28.355553 28.294939
641000 28.544657 28.295328
642000 28.381803 28.295463
643000 28.818086 28.296276
644000 28.420727 28.296469
645000 28.507950 28.296797
646000 28.339449 28.296863
647000 28.100145 28.296559
648000 27.859719 28.295885
649000 27.670598 28.294921
650000 27.988740 28.294450
651000 28.240705 28.294368
652000 27.693104 28.293445
653000 27.702620 28.292541
654000 28.260388 28.292491
655000 28.091944 28.292185
656000 27.896424 28.291582
657000 28.207914 28.291455
658000 27.884339 28.290836
659000 28.348744 28.290924
660000 27.690249 28.290014
661000 28.405787 28.290189
662000 28.341929 28.290267
663000 28.652886 28.290814
664000 28.344879 28.290895
665000 28.380291 28.291030
666000 28.197249 28.290889
667000 28.491799 28.291190
668000 27.985238 28.290732
669000 28.212419 28.290615
670000 28.126093 28.290370
671000 28.273065 28.290344
672000 28.289074 28.290342
673000 27.762019 28.289557
674000 27.767592 28.288782
675000 27.988379 28.288337
676000 27.721572 28.287499
677000 27.973410 28.287035
678000 28.422421 28.287235
679000 28.373801 28.287362
680000 28.448253 28.287599
681000 28.531987 28.287958
682000 28.195490 28.287822
683000 28.119768 28.287576
684000 28.320545 28.287624
685000 28.119383 28.287379
686000 27.864190 28.286762
687000 28.087667 28.286472
688000 28.233294 28.286395
689000 28.211435 28.286286
690000 28.199141 28.286160
691000 27.936661 28.285654
692000 28.404380 28.285825
693000 28.254575 28.285780
694000 28.390018 28.285930
695000 28.345931 28.286017
696000 28.458686 28.286265
697000 27.934361 28.285760
698000 28.421926 28.285955
699000 28.449478 28.286189
700000 28.216813 28.286090
701000 27.854855 28.285475
702000 27.850804 28.284856
703000 28.228660 28.284776
704000 27.956752 28.284310
705000 27.830503 28.283666
706000 27.774435 28.282945
707000 27.366052 28.281648
708000 26.802977 28.279559
709000 26.990187 28.277741
710000 27.359207 28.276447
711000 27.420614 28.275243
712000 27.555717 28.274233
713000 27.653741 28.273362
714000 27.862315 28.272787
715000 27.648383 28.271913
716000 27.672454 28.271076
717000 27.189445 28.269568
718000 27.573334 28.268598
719000 27.521490 28.267559
720000 27.501603 28.266495
721000 27.874055 28.265951
722000 27.401155 28.264753
723000 27.221011 28.263309
724000 27.672998 28.262494
725000 27.866280 28.261948
726000 27.596587 28.261031
727000 27.820036 28.260424
728000 27.535256 28.259428
729000 27.548379 28.258453
730000 27.406779 28.257286
731000 27.372483 28.256076
732000 26.816835 28.254110
733000 27.132223 28.252579
734000 26.688422 28.250448
735000 26.995806 28.248741
736000 26.924958 28.246943
737000 27.129819 28.245427
738000 27.376368 28.244249
739000 27.514255 28.243261
740000 27.376557 28.242090
741000 27.419042 28.240979
742000 27.248295 28.239642
743000 27.039113 28.238026
744000 27.253249 28.236702
745000 27.278689 28.235416
746000 27.565397 28.234518
747000 27.978336 28.234175
748000 27.351147 28.232995
749000 27.441782 28.231938
750000 27.739694 28.231282
751000 27.261866 28.229991
752000 27.703076 28.229290
753000 27.742168 28.228644
754000 27.971431 28.228302
755000 27.321996 28.227102
756000 27.739827 28.226457
757000 27.808459 28.225905
758000 27.898646 28.225474
759000 27.381301 28.224361
760000 27.636843 28.223588
761000 27.340509 28.222428
762000 27.695973 28.221737
763000 27.652999 28.220992
764000 27.607161 28.220188
765000 27.273143 28.218950
766000 27.765866 28.218359
767000 27.597392 28.217549
768000 27.556661 28.216689
769000 27.557870 28.215832
770000 27.263998 28.214596
771000 27.583717 28.213777
772000 27.462500 28.212804
773000 27.757232 28.212215
774000 27.826609 28.211717
775000 27.934868 28.211359
776000 27.518401 28.210466
777000 27.941207 28.210120
778000 27.617944 28.209359
779000 27.506729 28.208457
780000 27.730042 28.207843
781000 27.889257 28.207436
782000 28.255080 28.207496
783000 28.131265 28.207399
784000 27.986294 28.207117
785000 27.904819 28.206732
786000 28.044243 28.206525
787000 28.055617 28.206334
788000 27.691188 28.205680
789000 27.491331 28.204774
790000 27.517005 28.203904
791000 27.342064 28.202814
792000 27.631120 28.202092
793000 27.948908 28.201773
794000 27.853900 28.201335
795000 27.874136 28.200923
796000 28.192368 28.200913
797000 28.179612 28.200886
798000 28.041453 28.200686
799000 27.921182 28.200336
800000 28.066089 28.200169
801000 28.238256 28.200216
802000 28.109121 28.200103
803000 28.304220 28.200232
804000 28.212441 28.200247
805000 28.420221 28.200521
806000 28.205433 28.200527
807000 28.461026 28.200850
808000 27.996905 28.200597
809000 28.001983 28.200352
810000 27.722088 28.199761
811000 27.472813 28.198865
812000 27.628151 28.198162
813000 27.822792 28.197700
814000 27.843463 28.197265
815000 27.421200 28.196313
816000 27.425064 28.195368
817000 27.541466 28.194567
818000 27.321548 28.193500
819000 27.091517 28.192155
820000 27.319506 28.191090
821000 27.750022 28.190553
822000 27.259245 28.189420
823000 27.169490 28.188181
824000 27.353197 28.187167
825000 27.233596 28.186012
826000 27.033625 28.184616
827000 27.078762 28.183279
828000 27.271328 28.182178
829000 27.336107 28.181157
830000 27.143143 28.179907
831000 27.121897 28.178634
832000 26.957299 28.177166
833000 27.528682 28.176387
834000 27.291744 28.175326
835000 27.372141 28.174364
836000 27.244332 28.173252
837000 27.506300 28.172455
838000 27.806170 28.172018
839000 27.681714 28.171434
840000 27.869335 28.171074
841000 27.807487 28.170642
842000 27.774466 28.170171
843000 27.183580 28.169001
844000 27.312801 28.167986
845000 27.365871 28.167037
846000 27.437048 28.166174
847000 27.571337 28.165472
848000 27.842410 28.165091
849000 27.401863 28.164192
850000 27.157396 28.163008
851000 27.235222 28.161917
852000 27.395994 28.161018
853000 27.223920 28.159920
854000 27.535512 28.159189
855000 27.680832 28.158629
856000 27.648663 28.158033
857000 27.513953 28.157282
858000 27.686470 28.156733
859000 27.530321 28.156004
860000 27.825364 28.155619
861000 27.607767 28.154983
862000 27.193724 28.153868
863000 27.503323 28.153114
864000 27.466149 28.152319
865000 27.403000 28.151453
866000 27.215953 28.150373
867000 27.144111 28.149212
868000 27.632817 28.148617
869000 27.648455 28.148041
870000 27.427516 28.147213
871000 27.479959 28.146447
872000 28.113209 28.146409
873000 27.945193 28.146179
874000 27.743901 28.145718
875000 28.278006 28.145869
876000 27.849767 28.145531
877000 28.188646 28.145581
878000 28.038609 28.145459
879000 28.306307 28.145642
880000 27.876717 28.145336
881000 28.080073 28.145262
882000 28.018420 28.145118
883000 27.500737 28.144388
884000 28.054459 28.144287
885000 28.175661 28.144322
886000 27.389210 28.143470
887000 27.623287 28.142883
888000 27.801049 28.142499
889000 27.199134 28.141437
890000 27.442383 28.140652
891000 27.092164 28.139475
892000 26.780809 28.137952
893000 27.061635 28.136747
894000 27.259479 28.135765
895000 27.137805 28.134650
896000 27.075440 28.133468
897000 27.186130 28.132412
898000 27.133206 28.131299
899000 27.658931 28.130774
900000 27.351444 28.129908
901000 27.649560 28.129375
902000 27.954209 28.129181
903000 27.863941 28.128887
904000 27.798625 28.128522
905000 27.413222 28.127731
906000 27.245196 28.126757
907000 27.837430 28.126438
908000 27.417590 28.125658
909000 27.383866 28.124841
910000 27.312926 28.123949
911000 27.533553 28.123301
912000 27.532319 28.122653
913000 28.093209 28.122621
914000 28.150517 28.122651
915000 28.270682 28.122813
916000 28.705992 28.123450
917000 28.441995 28.123797
918000 28.187937 28.123867
919000 28.340269 28.124103
920000 28.364876 28.124364
921000 28.043535 28.124277
922000 28.020950 28.124164
923000 27.734225 28.123742
924000 27.887763 28.123487
925000 27.714759 28.123045
926000 27.903162 28.122807
927000 27.833654 28.122495
928000 27.843212 28.122194
929000 27.575383 28.121606
930000 27.952409 28.121424
931000 28.097940 28.121399
932000 28.356946 28.121651
933000 28.260398 28.121800
934000 28.524889 28.122232
935000 28.389979 28.122518
936000 27.821490 28.122196
937000 27.945226 28.122008
938000 27.729496 28.121589
939000 28.043792 28.121506
940000 28.131940 28.121517
941000 28.104762 28.121500
942000 28.091612 28.121468
943000 28.012074 28.121352
944000 28.123450 28.121354
945000 28.396473 28.121645
946000 28.265621 28.121797
947000 28.103000 28.121778
948000 27.717588 28.121351
949000 28.019403 28.121244
950000 28.337752 28.121472
951000 28.561890 28.121935
952000 28.481601 28.122313
953000 28.664264 28.122881
954000 28.178199 28.122939
955000 28.367032 28.123195
956000 28.257820 28.123336
957000 28.195704 28.123411
958000 28.097161 28.123384
959000 28.009386 28.123265
960000 27.818761 28.122948
961000 27.796301 28.122608
962000 28.008985 28.122490
963000 27.533369 28.121878
964000 27.348216 28.121075
965000 27.493079 28.120425
966000 27.499967 28.119782
967000 27.736594 28.119386
968000 27.858776 28.119117
969000 27.905495 28.118896
970000 27.933780 28.118706
971000 27.839544 28.118418
972000 27.816971 28.118108
973000 27.637085 28.117614
974000 27.247819 28.116721
975000 27.445013 28.116032
976000 27.895790 28.115806
977000 27.638284 28.115317
978000 27.791191 28.114986
979000 27.789118 28.114653
980000 27.592118 28.114120
981000 27.696827 28.113694
982000 27.917607 28.113495
983000 27.858528 28.113235
984000 27.648713 28.112763
985000 27.708609 28.112353
986000 27.563834 28.111797
987000 27.466365 28.111143
988000 28.173770 28.111206
989000 27.836428 28.110928
990000 27.794711 28.110609
991000 28.234229 28.110734
992000 28.361829 28.110987
993000 28.512974 28.111392
994000 28.178419 28.111459
995000 28.308557 28.111657
996000 28.086918 28.111632
997000 28.001583 28.111522
998000 28.033402 28.111444
999000 27.807474 28.111139
1000000 28.119420 28.111148
1001000 28.196000 28.111232
1002000 27.888691 28.111010
1003000 27.746583 28.110647
1004000 28.172645 28.110709
1005000 27.939107 28.110538
1006000 27.861377 28.110290
1007000 28.173106 28.110353
1008000 28.285799 28.110527
1009000 27.877759 28.110296
1010000 27.861814 28.110050
1011000 28.246474 28.110185
1012000 28.380575 28.110452
1013000 27.795654 28.110141
1014000 27.809572 28.109845
1015000 27.747869 28.109488
1016000 27.842786 28.109226
1017000 27.539600 28.108666
1018000 27.453163 28.108022
1019000 27.190798 28.107122
1020000 27.543089 28.106569
1021000 27.447927 28.105924
1022000 27.256765 28.105093
1023000 27.214464 28.104222
1024000 27.640902 28.103770
1025000 27.671800 28.103348
1026000 27.736056 28.102990
1027000 27.444388 28.102349
1028000 27.525881 28.101788
1029000 27.856313 28.101550
1030000 27.724103 28.101183
1031000 27.085561 28.100198
1032000 27.554061 28.099669
1033000 27.853874 28.099431
1034000 27.721249 28.099065
1035000 27.907557 28.098880
1036000 27.882635 28.098671
1037000 27.823290 28.098406
1038000 27.876518 28.098192
1039000 27.695047 28.097804
1040000 27.719361 28.097440
1041000 27.805570 28.097160
1042000 27.796299 28.096871
1043000 27.725914 28.096515
1044000 27.940403 28.096366
1045000 27.669154 28.095957
1046000 27.979949 28.095846
1047000 27.163836 28.094956
1048000 27.677841 28.094558
1049000 27.938334 28.094409
1050000 28.232169 28.094540
1051000 28.316238 28.094751
1052000 28.372077 28.095015
1053000 27.974570 28.094900
1054000 28.145947 28.094949
1055000 28.286191 28.095130
1056000 28.097603 28.095132
1057000 28.794757 28.095794
1058000 28.661541 28.096329
1059000 28.599580 28.096804
1060000 28.294116 28.096990
1061000 28.471878 28.097344
1062000 28.447617 28.097674
1063000 27.804660 28.097398
1064000 27.980921 28.097288
1065000 27.907987 28.097111
1066000 28.208001 28.097215
1067000 27.638799 28.096785
1068000 27.835531 28.096541
1069000 27.835387 28.096296
1070000 28.062201 28.096264
1071000 27.912283 28.096093
1072000 27.670882 28.095696
1073000 28.048383 28.095652
1074000 28.102353 28.095658
1075000 28.136311 28.095696
1076000 28.690821 28.096249
1077000 28.449759 28.096577
1078000 28.628437 28.097071
1079000 28.586667 28.097524
1080000 28.568042 28.097960
1081000 28.326055 28.098171
1082000 28.306768 28.098364
1083000 28.213711 28.098470
1084000 28.074472 28.098448
1085000 28.264673 28.098601
1086000 28.299257 28.098786
1087000 28.285983 28.098958
1088000 28.164261 28.099018
1089000 27.917144 28.098851
1090000 27.959679 28.098724
1091000 27.660307 28.098322
1092000 27.759914 28.098012
1093000 28.038439 28.097957
1094000 27.847077 28.097728
1095000 28.008778 28.097647
1096000 28.010369 28.097567
1097000 28.095052 28.097565
1098000 28.012774 28.097488
1099000 27.993201 28.097393
1100000 27.871540 28.097188
1101000 27.663093 28.096793
1102000 28.041239 28.096743
1103000 27.765260 28.096442
1104000 27.574547 28.095970
1105000 27.357912 28.095302
1106000 27.287833 28.094572
1107000 27.438901 28.093979
1108000 27.355448 28.093313
1109000 27.518569 28.092794
1110000 27.413098 28.092182
1111000 27.728644 28.091855
1112000 27.162970 28.091020
1113000 27.340995 28.090346
1114000 27.269003 28.089608
1115000 27.353707 28.088948
1116000 27.031151 28.088001
1117000 27.295545 28.087291
1118000 27.099986 28.086408
1119000 27.297543 28.085703
1120000 27.048313 28.084777
1121000 27.114457 28.083911
1122000 27.350857 28.083258
1123000 27.558321 28.082790
1124000 27.385322 28.082170
1125000 27.817838 28.081935
1126000 27.828787 28.081710
1127000 27.610440 28.081292
1128000 27.680634 28.080937
1129000 27.539930 28.080458
1130000 27.465156 28.079913
1131000 27.447937 28.079354
1132000 27.436709 28.078787
1133000 27.402821 28.078190
1134000 27.296983 28.077501
1135000 27.361874 28.076871
1136000 27.302154 28.076189
1137000 27.248960 28.075461
1138000 27.173773 28.074669
1139000 27.383974 28.074062
1140000 27.335920 28.073415
1141000 27.131698 28.072589
1142000 27.076112 28.071717
1143000 26.932908 28.070721
1144000 27.039437 28.069819
1145000 27.020024 28.068902
1146000 27.016999 28.067984
1147000 27.448097 28.067444
1148000 27.329224 28.066801
1149000 27.043212 28.065910
1150000 27.577349 28.065485
1151000 27.530314 28.065020
1152000 27.669473 28.064677
1153000 27.823074 28.064467
1154000 27.522296 28.063997
1155000 27.398400 28.063421
1156000 27.340457 28.062796
1157000 27.179988 28.062033
1158000 27.453405 28.061507
1159000 27.278496 28.060832
1160000 27.507083 28.060354
1161000 27.214251 28.059625
1162000 26.949864 28.058670
1163000 26.823316 28.057608
1164000 26.947406 28.056654
1165000 27.118128 28.055849
1166000 27.108661 28.055036
1167000 27.036909 28.054164
1168000 27.049850 28.053304
1169000 27.089239 28.052479
1170000 27.302569 28.051839
1171000 27.047849 28.050981
1172000 27.025671 28.050106
1173000 26.986503 28.049200
1174000 27.160102 28.048442
1175000 27.133243 28.047663
1176000 26.991791 28.046766
1177000 27.460615 28.046268
1178000 27.184580 28.045536
1179000 27.176299 28.044799
1180000 26.956891 28.043877
1181000 26.625391 28.042676
1182000 27.029376 28.041818
1183000 26.681422 28.040668
1184000 26.715635 28.039549
1185000 26.603375 28.038337
1186000 26.757617 28.037258
1187000 26.607242 28.036053
1188000 26.795046 28.035008
1189000 26.424369 28.033654
1190000 26.690847 28.032525
1191000 26.247378 28.031026
1192000 26.307182 28.029580
1193000 26.663695 28.028435
1194000 26.678441 28.027305
1195000 26.291134 28.025852
1196000 26.607626 28.024666
1197000 26.648509 28.023516
1198000 26.598829 28.022327
1199000 26.751877 28.021267
1200000 26.535406 28.020029
1201000 26.421173 28.018698
1202000 27.007521 28.017857
1203000 26.441339 28.016546
1204000 26.495543 28.015283
1205000 26.558362 28.014074
1206000 27.025135 28.013254
1207000 26.554647 28.012045
1208000 26.692989 28.010953
1209000 26.812769 28.009962
1210000 27.259815 28.009342
1211000 27.008411 28.008516
1212000 27.265831 28.007903
1213000 26.963955 28.007042
1214000 27.196755 28.006375
1215000 26.896986 28.005462
1216000 26.716466 28.004402
1217000 26.770912 28.003388
1218000 27.106128 28.002652
1219000 26.805455 28.001670
1220000 26.990989 28.000841
1221000 26.891754 27.999933
1222000 27.061173 27.999165
1223000 27.099364 27.998429
1224000 27.135187 27.997724
1225000 27.046545 27.996947
1226000 27.154784 27.996260
1227000 27.234793 27.995640
1228000 27.187738 27.994982
1229000 27.398462 27.994496
1230000 27.334300 27.993960
1231000 27.080609 27.993218
1232000 27.353590 27.992698
1233000 27.041604 27.991927
1234000 27.528242 27.991551
1235000 27.254194 27.990954
1236000 26.965170 27.990124
1237000 27.894049 27.990047
1238000 27.506810 27.989656
1239000 27.416051 27.989193
1240000 27.346729 27.988675
1241000 27.836413 27.988553
1242000 27.948156 27.988520
1243000 27.863529 27.988420
1244000 27.949338 27.988388
1245000 28.113362 27.988488
1246000 27.812597 27.988347
1247000 27.559753 27.988004
1248000 27.818875 27.987868
1249000 27.673594 27.987616
1250000 27.457475 27.987192
1251000 27.312871 27.986653
1252000 27.159122 27.985992
1253000 27.492473 27.985599
1254000 27.821212 27.985467
1255000 27.835227 27.985348
1256000 27.958266 27.985326
1257000 27.838053 27.985209
1258000 27.778396 27.985045
1259000 27.497477 27.984657
1260000 27.434959 27.984221
1261000 27.553435 27.983879
1262000 27.585389 27.983564
1263000 27.336173 27.983051
1264000 27.713044 27.982837
1265000 27.556378 27.982500
1266000 27.460973 27.982088
1267000 27.579816 27.981771
1268000 27.261970 27.981203
1269000 27.124516 27.980528
1270000 27.193969 27.979909
1271000 27.105208 27.979221
1272000 27.146137 27.978566
1273000 26.871962 27.977696
1274000 26.988883 27.976920
1275000 27.165841 27.976284
1276000 27.268917 27.975730
1277000 27.102887 27.975046
1278000 27.089725 27.974353
1279000 27.067153 27.973644
1280000 26.963025 27.972855
1281000 26.974468 27.972075
1282000 27.168465 27.971448
1283000 27.206438 27.970852
1284000 27.371781 27.970386
1285000 27.658130 27.970143
1286000 27.494427 27.969773
1287000 27.334365 27.969279
1288000 27.501554 27.968916
1289000 27.099579 27.968241
1290000 27.106609 27.967573
1291000 27.085327 27.966890
1292000 26.989688 27.966134
1293000 27.489159 27.965765
1294000 27.454381 27.965370
1295000 27.504015 27.965013
1296000 27.675593 27.964790
1297000 28.277218 27.965031
1298000 28.286541 27.965279
1299000 27.781815 27.965137
1300000 27.764531 27.964983
1301000 27.719459 27.964794
1302000 27.557200 27.964481
1303000 27.681424 27.964264
1304000 27.752042 27.964101
1305000 27.914665 27.964063
1306000 27.910759 27.964023
1307000 27.813103 27.963907
1308000 27.832684 27.963807
1309000 28.072622 27.963890
1310000 28.092769 27.963988
1311000 28.259487 27.964214
1312000 28.086245 27.964307
1313000 28.094059 27.964406
1314000 28.122886 27.964526
1315000 28.085465 27.964618
1316000 28.163654 27.964769
1317000 28.494378 27.965172
1318000 28.276007 27.965407
1319000 28.105499 27.965514
1320000 28.282026 27.965753
1321000 28.307516 27.966012
1322000 28.103254 27.966116
1323000 28.489209 27.966511
1324000 28.138835 27.966641
1325000 28.218726 27.966832
1326000 27.961771 27.966828
1327000 28.195892 27.967000
1328000 28.030779 27.967049
1329000 27.870389 27.966976
1330000 28.076677 27.967058
1331000 28.155568 27.967200
1332000 28.286604 27.967440
1333000 27.835410 27.967341
1334000 27.433055 27.966940
1335000 27.622793 27.966682
1336000 27.796570 27.966555
1337000 27.419417 27.966146
1338000 27.471017 27.965776
1339000 27.875389 27.965708
1340000 27.957137 27.965702
1341000 27.930237 27.965675
1342000 27.767496 27.965528
1343000 27.728650 27.965351
1344000 27.773470 27.965209
1345000 27.831103 27.965109
1346000 27.832063 27.965010
1347000 27.992721 27.965031
1348000 27.685050 27.964823
1349000 27.656409 27.964594
1350000 27.651528 27.964362
1351000 27.647383 27.964128
1352000 27.552405 27.963823
1353000 27.431051 27.963429
1354000 27.391422 27.963007
1355000 27.751350 27.962851
1356000 27.764599 27.962705
1357000 27.587922 27.962428
1358000 27.643712 27.962194
1359000 27.720927 27.962016
1360000 28.030451 27.962066
1361000 27.979093 27.962079
1362000 28.128172 27.962201
1363000 27.709971 27.962016
1364000 27.601907 27.961752
1365000 28.032589 27.961804
1366000 28.217288 27.961991
1367000 28.048614 27.962054
1368000 27.829990 27.961958
1369000 27.929433 27.961934
1370000 27.772827 27.961796
1371000 27.510629 27.961467
1372000 27.652293 27.961241
1373000 27.997857 27.961268
1374000 27.522429 27.960949
1375000 27.809520 27.960839
1376000 27.607076 27.960581
1377000 27.360670 27.960146
1378000 27.452195 27.959777
1379000 27.730871 27.959611
1380000 27.676343 27.959406
1381000 27.465595 27.959048
1382000 27.985560 27.959068
1383000 27.859072 27.958995
1384000 27.484995 27.958653
1385000 27.884315 27.958599
1386000 28.066944 27.958677
1387000 27.649963 27.958455
1388000 27.955377 27.958452
1389000 27.810649 27.958346
1390000 27.328497 27.957893
1391000 27.854046 27.957818
1392000 27.783050 27.957693
1393000 27.254419 27.957188
1394000 27.169216 27.956623
1395000 27.801136 27.956511
1396000 28.061199 27.956586
1397000 28.031287 27.956640
1398000 27.558497 27.956355
1399000 27.775512 27.956226
1400000 27.968601 27.956234
1401000 27.545425 27.955941
1402000 27.589450 27.955680
1403000 27.553549 27.955393
1404000 27.916543 27.955365
1405000 27.714357 27.955194
1406000 27.858590 27.955125
1407000 28.299060 27.955370
1408000 28.172287 27.955524
1409000 28.570535 27.955960
1410000 28.640610 27.956446
1411000 28.303813 27.956692
1412000 28.270279 27.956914
1413000 28.299773 27.957157
1414000 28.414471 27.957480
1415000 28.363063 27.957767
1416000 28.562005 27.958193
1417000 27.649818 27.957976
1418000 27.886113 27.957925
1419000 28.033383 27.957978
1420000 28.048826 27.958042
1421000 27.846129 27.957964
1422000 27.589798 27.957705
1423000 28.033343 27.957758
1424000 28.556323 27.958178
1425000 28.132841 27.958301
1426000 28.175424 27.958453
1427000 28.370339 27.958742
1428000 28.273736 27.958962
1429000 28.022939 27.959007
1430000 28.273974 27.959227
1431000 28.075228 27.959308
1432000 27.598266 27.959056
1433000 27.733482 27.958899
1434000 27.836613 27.958813
1435000 28.051364 27.958878
1436000 28.099007 27.958976
1437000 27.907442 27.958940
1438000 28.263380 27.959151
1439000 28.004102 27.959183
1440000 27.720834 27.959017
1441000 28.104609 27.959118
1442000 28.043258 27.959176
1443000 28.205424 27.959347
1444000 28.309331 27.959589
1445000 28.201854 27.959757
1446000 27.890643 27.959709
1447000 27.853329 27.959636
1448000 27.721403 27.959471
1449000 27.777212 27.959346
1450000 28.050517 27.959408
1451000 27.638996 27.959188
1452000 28.112368 27.959293
1453000 27.777481 27.959168
1454000 27.769229 27.959037
1455000 27.998536 27.959064
1456000 27.984192 27.959082
1457000 28.024519 27.959127
1458000 27.997477 27.959153
1459000 27.589571 27.958900
1460000 27.814649 27.958801
1461000 27.538365 27.958513
1462000 28.022159 27.958557
1463000 27.858265 27.958488
1464000 27.909136 27.958454
1465000 27.954634 27.958452
1466000 27.604755 27.958210
1467000 27.363684 27.957805
1468000 27.309372 27.957363
1469000 27.642940 27.957149
1470000 27.468224 27.956817
1471000 27.274945 27.956353
1472000 27.474002 27.956026
1473000 27.884063 27.955977
1474000 27.794576 27.955867
1475000 27.833152 27.955784
1476000 27.844347 27.955709
1477000 27.767505 27.955581
1478000 28.297537 27.955812
1479000 28.310986 27.956053
1480000 27.721074 27.955894
1481000 27.515212 27.955596
1482000 27.915813 27.955569
1483000 27.945146 27.955562
1484000 27.854670 27.955494
1485000 27.600043 27.955255
1486000 27.420615 27.954895
1487000 27.442007 27.954550
1488000 27.262716 27.954085
1489000 26.859529 27.953350
1490000 27.287997 27.952904
1491000 27.449028 27.952566
1492000 27.603110 27.952332
1493000 27.750200 27.952196
1494000 27.458146 27.951866
1495000 27.630755 27.951651
1496000 27.468127 27.951328
1497000 27.863450 27.951269
1498000 27.323539 27.950850
1499000 27.391694 27.950477
1500000 27.259070 27.950016
1501000 27.013711 27.949392
1502000 27.612413 27.949168
1503000 27.543093 27.948898
1504000 27.299888 27.948466
1505000 27.212279 27.947977
1506000 27.290957 27.947541
1507000 27.392086 27.947172
1508000 27.238121 27.946702
1509000 27.249478 27.946240
1510000 27.476389 27.945929
1511000 27.565113 27.945677
1512000 27.618516 27.945460
1513000 27.216946 27.944979
1514000 27.465762 27.944662
1515000 27.506440 27.944373
1516000 27.783126 27.944267
1517000 27.676238 27.944090
1518000 27.764484 27.943972
1519000 27.843935 27.943906
1520000 27.931847 27.943898
1521000 27.487081 27.943597
1522000 27.862859 27.943544
1523000 27.475706 27.943237
1524000 27.708847 27.943083
1525000 27.980920 27.943108
1526000 27.954750 27.943116
1527000 28.117323 27.943230
1528000 28.184143 27.943388
1529000 27.606866 27.943167
1530000 27.677456 27.942994
1531000 27.898947 27.942965
1532000 27.989116 27.942995
1533000 27.407103 27.942646
1534000 27.313559 27.942236
1535000 27.374589 27.941866
1536000 27.418463 27.941525
1537000 27.202783 27.941044
1538000 27.282207 27.940616
1539000 27.260656 27.940174
1540000 27.395458 27.939820
1541000 27.527508 27.939553
1542000 27.729331 27.939417
1543000 28.265878 27.939628
1544000 27.977602 27.939653
1545000 27.869793 27.939607
1546000 28.029051 27.939665
1547000 28.384543 27.939953
1548000 27.940941 27.939954
1549000 28.277371 27.940171
1550000 28.331074 27.940424
1551000 28.261988 27.940631
1552000 28.229587 27.940817
1553000 28.372930 27.941095
1554000 28.490667 27.941449
1555000 28.310546 27.941686
1556000 28.310976 27.941924
1557000 28.579602 27.942333
1558000 28.521033 27.942705
1559000 28.643747 27.943154
1560000 28.564109 27.943552
1561000 28.376653 27.943830
1562000 28.490554 27.944180
1563000 28.433014 27.944493
1564000 28.215885 27.944666
1565000 28.808748 27.945218
1566000 28.788317 27.945757
1567000 28.323500 27.945998
1568000 28.476403 27.946336
1569000 28.077619 27.946420
1570000 28.870621 27.947008
1571000 29.050635 27.947711
1572000 28.631129 27.948146
1573000 28.276899 27.948355
1574000 27.980944 27.948375
1575000 28.457578 27.948699
1576000 27.905334 27.948671
1577000 28.065045 27.948745
1578000 27.849049 27.948682
1579000 27.473550 27.948381
1580000 27.631258 27.948180
1581000 27.692274 27.948018
1582000 27.498361 27.947734
1583000 27.434765 27.947410
1584000 27.591735 27.947185
1585000 27.637520 27.946990
1586000 27.679532 27.946821
1587000 27.546122 27.946569
1588000 27.736802 27.946437
1589000 27.431356 27.946113
1590000 27.480299 27.945820
1591000 27.424155 27.945492
1592000 27.236119 27.945046
1593000 27.662098 27.944869
1594000 27.642906 27.944679
1595000 27.686701 27.944517
1596000 28.063357 27.944592
1597000 28.092071 27.944684
1598000 27.910001 27.944662
1599000 27.982992 27.944686
1600000 28.088479 27.944776
1601000 27.994591 27.944807
1602000 27.873772 27.944763
1603000 28.333111 27.945005
1604000 28.370316 27.945270
1605000 28.347054 27.945521
1606000 28.421829 27.945817
1607000 28.373649 27.946084
1608000 28.234845 27.946263
1609000 28.307478 27.946488
1610000 28.127272 27.946600
1611000 28.541873 27.946970
1612000 28.609386 27.947380
1613000 28.765712 27.947888
1614000 28.540784 27.948255
1615000 28.363169 27.948512
1616000 28.081407 27.948594
1617000 28.366937 27.948853
1618000 28.615655 27.949265
1619000 28.766434 27.949770
1620000 28.518483 27.950121
1621000 28.847129 27.950674
1622000 28.510540 27.951019
1623000 28.556110 27.951392
1624000 28.517996 27.951741
1625000 28.385410 27.952008
1626000 28.337347 27.952245
1627000 28.123119 27.952350
1628000 28.330904 27.952583
1629000 28.260680 27.952772
1630000 28.107803 27.952867
1631000 27.888886 27.952828
1632000 27.896068 27.952793
1633000 28.275277 27.952990
1634000 28.282329 27.953192
1635000 28.302573 27.953406
1636000 28.320734 27.953630
1637000 28.756648 27.954121
1638000 28.257742 27.954306
1639000 28.393712 27.954574
1640000 28.326602 27.954801
1641000 28.278028 27.954998
1642000 28.248295 27.955176
1643000 28.276973 27.955372
1644000 28.193078 27.955517
1645000 28.453732 27.955820
1646000 27.635740 27.955625
1647000 27.837027 27.955553
1648000 28.119655 27.955653
1649000 27.893560 27.955615
1650000 27.956411 27.955616
1651000 27.871984 27.955565
1652000 28.026333 27.955608
1653000 27.827777 27.955531
1654000 27.580211 27.955304
1655000 27.953234 27.955302
1656000 27.699812 27.955148
1657000 27.623045 27.954948
1658000 27.609280 27.954739
1659000 27.360512 27.954381
1660000 27.535089 27.954128
1661000 27.318003 27.953745
1662000 27.414514 27.953421
1663000 28.064882 27.953488
1664000 28.016662 27.953526
1665000 28.424340 27.953809
1666000 27.939492 27.953800
1667000 27.954599 27.953801
1668000 28.007983 27.953833
1669000 27.750329 27.953711
1670000 27.948300 27.953708
1671000 28.219634 27.953867
1672000 27.854795 27.953808
1673000 27.940216 27.953800
1674000 28.215923 27.953956
1675000 28.461320 27.954259
1676000 28.228841 27.954423
1677000 28.188587 27.954563
1678000 27.802884 27.954472
1679000 27.711554 27.954328
1680000 27.936145 27.954317
1681000 27.862927 27.954262
1682000 27.976292 27.954276
1683000 27.867022 27.954224
1684000 27.888443 27.954185
1685000 27.550285 27.953945
1686000 27.779903 27.953842
1687000 27.859391 27.953786
1688000 27.970928 27.953796
1689000 27.837774 27.953727
1690000 27.833787 27.953656
1691000 27.679373 27.953494
1692000 27.755177 27.953377
1693000 27.786155 27.953278
1694000 27.663459 27.953107
1695000 27.782835 27.953006
1696000 27.866969 27.952956
1697000 27.929652 27.952942
1698000 28.283855 27.953137
1699000 27.841387 27.953071
1700000 27.911931 27.953047
1701000 28.068002 27.953115
1702000 27.950489 27.953113
1703000 28.206133 27.953262
1704000 28.002547 27.953290
1705000 27.816573 27.953210
1706000 28.250310 27.953384
1707000 28.018753 27.953423
1708000 27.595679 27.953213
1709000 28.147715 27.953327
1710000 27.998110 27.953353
1711000 28.112013 27.953446
1712000 27.989644 27.953467
1713000 28.252743 27.953642
1714000 28.162186 27.953764
1715000 28.216645 27.953917
1716000 27.924261 27.953900
1717000 27.976811 27.953913
1718000 27.897366 27.953880
1719000 27.935415 27.953869
1720000 28.311670 27.954077
1721000 28.473699 27.954379
1722000 28.477520 27.954683
1723000 28.252870 27.954856
1724000 28.402858 27.955116
1725000 28.401366 27.955375
1726000 28.181823 27.955506
1727000 28.775167 27.955980
1728000 28.276435 27.956166
1729000 28.687160 27.956589
1730000 28.257157 27.956762
1731000 28.444713 27.957044
1732000 28.288229 27.957235
1733000 28.635226 27.957627
1734000 28.556894 27.957972
1735000 28.223008 27.958125
1736000 28.170780 27.958248
1737000 27.933594 27.958233
1738000 28.054877 27.958289
1739000 28.765372 27.958753
1740000 28.491464 27.959059
1741000 28.593136 27.959423
1742000 28.381617 27.959666
1743000 28.917437 27.960215
1744000 28.933314 27.960773
1745000 28.662622 27.961175
1746000 28.689736 27.961593
1747000 28.794800 27.962070
1748000 28.686933 27.962484
1749000 28.654756 27.962880
1750000 28.520248 27.963199
1751000 28.304494 27.963394
1752000 28.133426 27.963491
1753000 28.328801 27.963699
1754000 28.626744 27.964077
1755000 28.220453 27.964223
1756000 28.678684 27.964630
1757000 28.452494 27.964908
1758000 28.547681 27.965239
1759000 28.582732 27.965590
1760000 28.437749 27.965858
1761000 28.195522 27.965989
1762000 28.613996 27.966357
1763000 28.496013 27.966657
1764000 28.356665 27.966878
1765000 28.671652 27.967277
1766000 28.133373 27.967372
1767000 28.569255 27.967712
1768000 28.368218 27.967939
1769000 28.571062 27.968280
1770000 28.324508 27.968481
1771000 28.357123 27.968700
1772000 28.140393 27.968797
1773000 28.215173 27.968936
1774000 28.160049 27.969044
1775000 28.242133 27.969198
1776000 28.132604 27.969290
1777000 27.944012 27.969276
1778000 28.232772 27.969424
1779000 28.603377 27.969780
1780000 28.185664 27.969901
1781000 28.213148 27.970038
1782000 28.206269 27.970171
1783000 28.382648 27.970402
1784000 28.260527 27.970564
1785000 27.809758 27.970474
1786000 27.391418 27.970150
1787000 27.781805 27.970045
1788000 27.675309 27.969880
1789000 27.158489 27.969426
1790000 27.616745 27.969229
1791000 27.658869 27.969056
1792000 27.688090 27.968899
1793000 27.602975 27.968695
1794000 28.026332 27.968727
1795000 28.032741 27.968763
1796000 28.191791 27.968887
1797000 28.635859 27.969258
1798000 28.603323 27.969611
1799000 28.374325 27.969836
1800000 28.458831 27.970108
1801000 28.764799 27.970549
1802000 28.550984 27.970871
1803000 28.723506 27.971288
1804000 28.105252 27.971363
1805000 28.200989 27.971490
1806000 28.373357 27.971712
1807000 28.092557 27.971779
1808000 27.789598 27.971679
1809000 27.821170 27.971595
1810000 27.714291 27.971453
1811000 27.784231 27.971350
1812000 27.793475 27.971252
1813000 27.638256 27.971068
1814000 27.486897 27.970801
1815000 27.583867 27.970588
1816000 27.702879 27.970440
1817000 27.772767 27.970332
1818000 27.669705 27.970166
1819000 27.847193 27.970099
1820000 28.047399 27.970141
1821000 28.217240 27.970277
1822000 28.421740 27.970525
1823000 28.377766 27.970748
1824000 28.632248 27.971111
1825000 28.761487 27.971544
1826000 28.160868 27.971647
1827000 28.519827 27.971947
1828000 28.521877 27.972248
1829000 28.092048 27.972314
1830000 28.311600 27.972499
1831000 28.407601 27.972737
1832000 28.344338 27.972940
1833000 28.446345 27.973198
1834000 28.637590 27.973560
1835000 28.667996 27.973939
1836000 28.584500 27.974271
1837000 28.764824 27.974702
1838000 28.404879 27.974936
1839000 28.475271 27.975208
1840000 28.663288 27.975582
1841000 28.477531 27.975854
1842000 29.044412 27.976434
1843000 28.505937 27.976722
1844000 28.667559 27.977096
1845000 28.815867 27.977551
1846000 28.627644 27.977903
1847000 28.572606 27.978225
1848000 28.922455 27.978736
1849000 28.667175 27.979108
1850000 29.138057 27.979735
1851000 28.885911 27.980224
1852000 28.623636 27.980572
1853000 28.431347 27.980815
1854000 28.306451 27.980991
1855000 28.245860 27.981134
1856000 28.247117 27.981277
1857000 28.657410 27.981641
1858000 28.722663 27.982040
1859000 28.604449 27.982375
1860000 28.748651 27.982787
1861000 28.267277 27.982939
1862000 28.174520 27.983042
1863000 28.240738 27.983181
1864000 27.884732 27.983128
1865000 28.546436 27.983430
1866000 28.250739 27.983573
1867000 28.382350 27.983787
1868000 28.596163 27.984115
1869000 28.458000 27.984368
1870000 28.122583 27.984442
1871000 28.236670 27.984577
1872000 28.190615 27.984687
1873000 28.116422 27.984757
1874000 28.607545 27.985090
1875000 28.014982 27.985105
1876000 28.058837 27.985145
1877000 28.268436 27.985296
1878000 28.333982 27.985481
1879000 27.581929 27.985267
1880000 27.703552 27.985117
1881000 27.997277 27.985123
1882000 28.207680 27.985241
1883000 28.129083 27.985318
1884000 27.992547 27.985322
1885000 28.171334 27.985420
1886000 28.431095 27.985657
1887000 28.526160 27.985943
1888000 28.383032 27.986153
1889000 28.562247 27.986458
1890000 28.347609 27.986649
1891000 28.201699 27.986763
1892000 28.623619 27.987100
1893000 28.555623 27.987400
1894000 28.624347 27.987736
1895000 28.536631 27.988026
1896000 28.887277 27.988500
1897000 28.859199 27.988959
1898000 28.654074 27.989310
1899000 28.408290 27.989530
1900000 28.708598 27.989909
1901000 28.547404 27.990202
1902000 28.733674 27.990593
1903000 28.165469 27.990685
1904000 28.543173 27.990975
1905000 28.509387 27.991247
1906000 28.300216 27.991409
1907000 28.279008 27.991560
1908000 28.388902 27.991768
1909000 28.205175 27.991880
1910000 28.613168 27.992205
1911000 28.332980 27.992384
1912000 28.883909 27.992850
1913000 28.647210 27.993192
1914000 28.480969 27.993447
1915000 28.705255 27.993819
1916000 28.922058 27.994303
1917000 28.745270 27.994695
1918000 28.581651 27.995001
1919000 28.675534 27.995356
1920000 28.637127 27.995690
1921000 28.475896 27.995940
1922000 28.425708 27.996163
1923000 28.281644 27.996312
1924000 27.929217 27.996277
1925000 27.963768 27.996260
1926000 27.856446 27.996187
1927000 27.637004 27.996001
1928000 28.024318 27.996016
1929000 28.136267 27.996088
1930000 28.058182 27.996121
1931000 27.706353 27.995971
1932000 27.759631 27.995848
1933000 27.674995 27.995682
1934000 27.883414 27.995624
1935000 27.536528 27.995387
1936000 27.593604 27.995179
1937000 27.737286 27.995046
1938000 27.299208 27.994687
1939000 27.208881 27.994282
1940000 27.397394 27.993974
1941000 27.724940 27.993836
1942000 27.374619 27.993517
1943000 27.258412 27.993139
1944000 27.318528 27.992792
1945000 27.441781 27.992508
1946000 27.527600 27.992269
1947000 27.730715 27.992135
1948000 27.698488 27.991984
1949000 27.864102 27.991919
1950000 27.496125 27.991664
1951000 27.669270 27.991499
1952000 27.404178 27.991198
1953000 27.463750 27.990928
1954000 27.127395 27.990486
1955000 27.174102 27.990069
1956000 27.770882 27.989957
1957000 27.435060 27.989673
1958000 27.370770 27.989357
1959000 27.217377 27.988963
1960000 27.365322 27.988645
1961000 27.069497 27.988176
1962000 27.501049 27.987928
1963000 27.539226 27.987699
1964000 27.727650 27.987567
1965000 27.455503 27.987296
1966000 27.603171 27.987101
1967000 27.324417 27.986764
1968000 27.220039 27.986374
1969000 27.288922 27.986020
1970000 27.674659 27.985862
1971000 27.803767 27.985769
1972000 27.971270 27.985762
1973000 27.772028 27.985654
1974000 27.385895 27.985350
1975000 27.683420 27.985197
1976000 27.734784 27.985070
1977000 27.633325 27.984892
1978000 28.096826 27.984949
1979000 27.713376 27.984812
1980000 27.521836 27.984578
1981000 27.747444 27.984458
1982000 28.086767 27.984510
1983000 27.440977 27.984236
1984000 27.428468 27.983956
1985000 27.455987 27.983690
1986000 27.458161 27.983425
1987000 27.471226 27.983167
1988000 27.484284 27.982916
1989000 27.514600 27.982681
1990000 27.619653 27.982498
1991000 27.877420 27.982446
1992000 27.921717 27.982415
1993000 27.942131 27.982395
1994000 27.685615 27.982246
1995000 27.578172 27.982044
1996000 27.581185 27.981843
1997000 27.623151 27.981663
1998000 27.216904 27.981280
1999000 27.076945 27.980828
2000000 27.311761 27.980493
