1000 55.565597 55.565597
2000 56.504021 56.034809
3000 57.063547 56.377722
4000 55.953946 56.271778
5000 55.330839 56.083590
6000 55.052988 55.911823
7000 54.961853 55.776113
8000 54.688381 55.640147
9000 55.555998 55.630797
10000 55.606916 55.628409
11000 55.975556 55.659967
12000 55.478406 55.644837
13000 55.997140 55.671937
14000 56.046119 55.698665
15000 55.794992 55.705087
16000 56.084340 55.728790
17000 56.199132 55.756457
18000 56.109442 55.776067
19000 56.168454 55.796719
20000 56.151129 55.814440
21000 56.428090 55.843661
22000 56.391429 55.868560
23000 55.742234 55.863067
24000 56.177663 55.876175
25000 55.906761 55.877399
26000 56.057949 55.884343
27000 56.090203 55.891968
28000 56.473191 55.912726
29000 56.540779 55.934383
30000 54.798650 55.896525
31000 56.055662 55.901658
32000 56.015823 55.905226
33000 56.502081 55.923312
34000 56.345983 55.935744
35000 57.442145 55.978784
36000 56.854783 56.003117
37000 56.744684 56.023160
38000 57.484214 56.061608
39000 57.190205 56.090547
40000 57.016856 56.113705
41000 56.954046 56.134201
42000 57.317424 56.162373
43000 57.007874 56.182035
44000 56.628395 56.192180
45000 57.518977 56.221664
46000 56.947692 56.237448
47000 57.106732 56.255943
48000 56.639750 56.263939
49000 56.467913 56.268102
50000 56.425621 56.271252
51000 56.428248 56.274330
52000 56.837003 56.285151
53000 56.110110 56.281848
54000 55.921219 56.275170
55000 56.346938 56.276475
56000 56.075591 56.272888
57000 55.815312 56.264860
58000 56.185463 56.263491
59000 56.770939 56.272092
60000 57.446361 56.291663
61000 57.771823 56.315928
62000 57.267672 56.331279
63000 56.920490 56.340631
64000 57.730740 56.362352
65000 58.156861 56.389960
66000 58.232367 56.417875
67000 58.302533 56.446004
68000 58.539947 56.476797
69000 58.448740 56.505376
70000 58.119214 56.528431
71000 58.267391 56.552923
72000 59.275685 56.590740
73000 59.465322 56.630117
74000 59.311553 56.666353
75000 59.274168 56.701124
76000 58.851130 56.729413
77000 58.940431 56.758128
78000 58.746823 56.783624
79000 58.868135 56.810010
80000 58.392941 56.829797
81000 58.211963 56.846861
82000 59.076703 56.874054
83000 58.306124 56.891308
84000 58.901977 56.915244
85000 57.176364 56.918316
86000 57.832420 56.928945
87000 58.104512 56.942458
88000 57.004594 56.943164
89000 57.315784 56.947351
90000 57.769673 56.956487
91000 58.424173 56.972616
92000 58.586218 56.990155
93000 57.985500 57.000858
94000 58.337111 57.015073
95000 58.673986 57.032535
96000 58.594281 57.048804
97000 58.536479 57.064140
98000 59.398350 57.087959
99000 59.044249 57.107719
100000 58.212231 57.118764
101000 58.679184 57.134214
102000 58.013244 57.142832
103000 58.389911 57.154940
104000 59.004918 57.172728
105000 59.171390 57.191763
106000 58.208086 57.201351
107000 58.774036 57.216049
108000 58.833396 57.231024
109000 58.508373 57.242743
110000 58.124052 57.250755
111000 57.843779 57.256097
112000 58.222733 57.264728
113000 57.643212 57.268078
114000 58.313673 57.277249
115000 57.997288 57.283511
116000 58.091268 57.290474
117000 57.525205 57.292480
118000 57.653798 57.295542
119000 57.029257 57.293305
120000 57.732307 57.296963
121000 57.988642 57.302679
122000 58.025879 57.308607
123000 57.611005 57.311066
124000 57.337679 57.311280
125000 57.601091 57.313599
126000 57.357078 57.313944
127000 56.427596 57.306965
128000 56.644400 57.301789
129000 56.599689 57.296346
130000 56.677429 57.291585
131000 56.463271 57.285262
132000 56.202062 57.277056
133000 56.719742 57.272866
134000 57.133523 57.271826
135000 56.296310 57.264600
136000 56.082107 57.255905
137000 56.364764 57.249400
138000 56.880023 57.246724
139000 56.215561 57.239305
140000 56.603955 57.234767
141000 56.625125 57.230443
142000 56.906873 57.228165
143000 56.425805 57.222554
144000 56.802516 57.219637
145000 57.297235 57.220172
146000 58.154926 57.226574
147000 57.601269 57.229123
148000 58.017310 57.234449
149000 57.675078 57.237406
150000 57.504488 57.239187
151000 58.273424 57.246036
152000 57.692500 57.248973
153000 57.084620 57.247899
154000 57.997107 57.252764
155000 57.934017 57.257159
156000 57.514440 57.258808
157000 57.461604 57.260100
158000 56.897264 57.257804
159000 57.244553 57.257720
160000 57.039654 57.256357
161000 55.985705 57.248465
162000 56.004498 57.240786
163000 56.004438 57.233201
164000 54.979810 57.219461
165000 54.949586 57.205704
166000 54.630497 57.190191
167000 54.356464 57.173223
168000 54.226625 57.155683
169000 54.141031 57.137845
170000 54.905438 57.124713
171000 54.530128 57.109540
172000 54.630579 57.095128
173000 55.239049 57.084399
174000 54.702694 57.070711
175000 54.440367 57.055680
176000 54.893309 57.043394
177000 55.243343 57.033224
178000 55.278677 57.023367
179000 55.547513 57.015122
180000 54.788727 57.002754
181000 55.481130 56.994347
182000 55.775932 56.987652
183000 55.300338 56.978432
184000 55.914633 56.972650
185000 55.398608 56.964142
186000 55.458140 56.956045
187000 55.306023 56.947222
188000 55.111064 56.937455
189000 55.436894 56.929515
190000 55.444598 56.921700
191000 55.158490 56.912469
192000 55.079236 56.902921
193000 54.688208 56.891445
194000 54.077096 56.876938
195000 54.470800 56.864599
196000 54.250486 56.851262
197000 54.134721 56.837472
198000 54.790681 56.827135
199000 54.746296 56.816679
200000 55.525887 56.810225
201000 54.862946 56.800537
202000 55.385172 56.793530
203000 54.679816 56.783117
204000 54.685981 56.772837
205000 55.392983 56.766106
206000 54.578875 56.755489
207000 54.953970 56.746786
208000 54.935542 56.738078
209000 54.374571 56.726769
210000 54.583318 56.716562
211000 54.914342 56.708021
212000 54.848881 56.699251
213000 54.671289 56.689731
214000 54.655369 56.680224
215000 54.808579 56.671519
216000 55.103979 56.664262
217000 54.404182 56.653847
218000 54.511248 56.644018
219000 53.732639 56.630724
220000 54.132394 56.619368
221000 54.120133 56.608059
222000 54.288857 56.597613
223000 54.424089 56.587866
224000 54.077364 56.576658
225000 54.310648 56.566587
226000 54.393610 56.556972
227000 54.171367 56.546463
228000 54.044897 56.535491
229000 54.204098 56.525310
230000 54.105304 56.514789
231000 54.085609 56.504273
232000 53.697918 56.492176
233000 54.267406 56.482628
234000 54.033831 56.472163
235000 54.028360 56.461764
236000 54.126365 56.451868
237000 54.175328 56.442262
238000 53.952462 56.431801
239000 54.237965 56.422622
240000 53.613651 56.410918
241000 54.304053 56.402176
242000 54.067031 56.392526
243000 54.117715 56.383165
244000 54.477526 56.375355
245000 54.499372 56.367698
246000 54.424555 56.359799
247000 54.698423 56.353073
248000 55.210369 56.348465
249000 54.532518 56.341172
250000 55.428999 56.337523
251000 55.018313 56.332267
252000 55.205478 56.327796
253000 54.770458 56.321641
254000 55.125027 56.316929
255000 55.088873 56.312114
256000 54.944350 56.306771
257000 54.510174 56.299780
258000 54.666758 56.293451
259000 54.726668 56.287401
260000 54.569531 56.280794
261000 54.191268 56.272788
262000 54.781828 56.267097
263000 54.218143 56.259307
264000 54.410547 56.252304
265000 54.884791 56.247143
266000 54.361153 56.240053
267000 54.654458 56.234115
268000 54.286299 56.226847
269000 53.632307 56.217202
270000 54.614996 56.211268
271000 54.188886 56.203805
272000 54.111169 56.196111
273000 53.596156 56.186588
274000 54.488699 56.180391
275000 53.235771 56.169683
276000 53.465145 56.159884
277000 53.573551 56.150547
278000 53.789473 56.142054
279000 54.371834 56.135709
280000 54.751526 56.130766
281000 54.430355 56.124715
282000 54.249626 56.118065
283000 54.839687 56.113548
284000 54.757153 56.108772
285000 55.153274 56.105419
286000 55.222685 56.102333
287000 55.472494 56.100138
288000 55.698547 56.098744
289000 55.615529 56.097072
290000 55.125711 56.093722
291000 55.180620 56.090585
292000 55.004642 56.086866
293000 54.438149 56.081239
294000 54.401130 56.075524
295000 53.968160 56.068380
296000 54.362706 56.062618
297000 54.628753 56.057790
298000 55.219764 56.054978
299000 54.704968 56.050463
300000 55.408000 56.048321
301000 55.147401 56.045328
302000 54.246544 56.039372
303000 54.811102 56.035318
304000 55.202295 56.032578
305000 55.828157 56.031908
306000 55.272829 56.029427
307000 54.440942 56.024253
308000 55.244411 56.021721
309000 55.321306 56.019454
310000 54.838842 56.015646
311000 55.190496 56.012993
312000 55.216687 56.010440
313000 55.417123 56.008545
314000 55.044596 56.005475
315000 55.266738 56.003130
316000 54.898858 55.999635
317000 54.568398 55.995120
318000 54.184252 55.989426
319000 54.097640 55.983495
320000 54.693961 55.979466
321000 54.540000 55.974981
322000 54.268225 55.969681
323000 54.132298 55.963992
324000 54.086205 55.958197
325000 54.241159 55.952913
326000 53.952532 55.946777
327000 53.576990 55.939530
328000 54.265338 55.934426
329000 54.134010 55.928954
330000 54.205336 55.923731
331000 54.503245 55.919439
332000 54.638105 55.915580
333000 54.409115 55.911056
334000 54.596574 55.907120
335000 54.058224 55.901601
336000 54.044003 55.896072
337000 53.685434 55.889513
338000 53.987235 55.883885
339000 53.269736 55.876173
340000 53.273090 55.868517
341000 53.015541 55.860151
342000 53.076271 55.852011
343000 53.548608 55.845295
344000 53.429409 55.838272
345000 52.902841 55.829764
346000 52.721179 55.820779
347000 53.607063 55.814400
348000 53.087284 55.806563
349000 53.561220 55.800130
350000 53.672309 55.794050
351000 53.852649 55.788519
352000 52.603149 55.779470
353000 52.947159 55.771446
354000 52.664335 55.762669
355000 53.115341 55.755212
356000 52.287346 55.745471
357000 52.786445 55.737182
358000 53.253583 55.730245
359000 52.857452 55.722242
360000 53.340396 55.715626
361000 53.753115 55.710190
362000 53.878649 55.705130
363000 53.795674 55.699870
364000 55.205300 55.698511
365000 54.862365 55.696221
366000 54.827907 55.693848
367000 54.128407 55.689583
368000 54.407762 55.686099
369000 54.234024 55.682164
370000 54.862462 55.679949
371000 55.956618 55.680695
372000 55.152314 55.679274
373000 55.403698 55.678535
374000 55.453242 55.677933
375000 55.653993 55.677869
376000 55.603252 55.677671
377000 55.741395 55.677840
378000 56.125805 55.679025
379000 55.428549 55.678364
380000 55.485385 55.677856
381000 55.916425 55.678482
382000 55.679204 55.678484
383000 55.357903 55.677647
384000 55.746810 55.677827
385000 56.317861 55.679490
386000 56.707964 55.682154
387000 56.984132 55.685518
388000 57.648428 55.690577
389000 56.476041 55.692597
390000 56.724110 55.695242
391000 56.236721 55.696626
392000 55.928048 55.697217
393000 55.459500 55.696612
394000 55.953726 55.697264
395000 55.430910 55.696590
396000 55.408880 55.695864
397000 55.787073 55.696093
398000 55.706142 55.696119
399000 55.654354 55.696014
400000 55.872530 55.696455
401000 55.677429 55.696408
402000 55.473682 55.695854
403000 55.287482 55.694840
404000 55.293670 55.693847
405000 55.886275 55.694323
406000 56.100243 55.695322
407000 55.408854 55.694618
408000 55.301040 55.693654
409000 55.472970 55.693114
410000 55.579917 55.692838
411000 55.757550 55.692996
412000 54.869142 55.690996
413000 55.229546 55.689879
414000 54.393040 55.686746
415000 55.097438 55.685326
416000 55.170816 55.684089
417000 55.326706 55.683232
418000 55.723502 55.683329
419000 55.706340 55.683384
420000 56.142413 55.684477
421000 56.618834 55.686696
422000 56.739816 55.689191
423000 56.175867 55.690342
424000 56.319710 55.691826
425000 56.935817 55.694753
426000 56.901007 55.697585
427000 56.722563 55.699985
428000 56.787442 55.702526
429000 56.637200 55.704705
430000 56.964356 55.707634
431000 56.838069 55.710257
432000 57.025583 55.713302
433000 56.431623 55.714961
434000 55.969504 55.715547
435000 56.579848 55.717534
436000 56.074324 55.718353
437000 56.071748 55.719161
438000 56.701404 55.721404
439000 57.031054 55.724387
440000 57.211252 55.727766
441000 56.699827 55.729971
442000 55.853305 55.730250
443000 56.059772 55.730993
444000 55.736826 55.731007
445000 56.347551 55.732392
446000 56.709268 55.734582
447000 56.542357 55.736389
448000 57.016444 55.739247
449000 56.453757 55.740838
450000 55.528942 55.740367
451000 56.110612 55.741188
452000 56.000293 55.741761
453000 56.090120 55.742530
454000 55.449849 55.741886
455000 54.992685 55.740239
456000 54.678498 55.737911
457000 54.895252 55.736067
458000 54.922009 55.734289
459000 54.699245 55.732034
460000 54.958135 55.730352
461000 55.745613 55.730385
462000 55.303415 55.729461
463000 55.165490 55.728243
464000 54.162291 55.724868
465000 55.084873 55.723492
466000 54.898928 55.721722
467000 54.770576 55.719685
468000 54.935866 55.718011
469000 55.080335 55.716651
470000 54.606029 55.714288
471000 55.188507 55.713172
472000 54.757105 55.711146
473000 55.080377 55.709813
474000 55.094031 55.708513
475000 55.757642 55.708617
476000 55.460671 55.708096
477000 55.271583 55.707181
478000 55.375208 55.706486
479000 54.885380 55.704772
480000 54.535864 55.702337
481000 54.986849 55.700849
482000 55.172600 55.699753
483000 55.557234 55.699458
484000 54.928575 55.697866
485000 55.100466 55.696634
486000 54.222672 55.693601
487000 55.043320 55.692266
488000 54.892624 55.690627
489000 54.829271 55.688866
490000 54.489746 55.686418
491000 55.169922 55.685367
492000 54.807943 55.683583
493000 55.002525 55.682202
494000 54.667743 55.680148
495000 55.573255 55.679932
496000 55.269236 55.679104
497000 54.441725 55.676614
498000 54.670584 55.674594
499000 54.851657 55.672945
500000 55.144536 55.671888
501000 55.261375 55.671069
502000 54.272361 55.668283
503000 55.000951 55.666956
504000 54.002425 55.663653
505000 53.375857 55.659123
506000 53.819227 55.655487
507000 54.115435 55.652449
508000 54.617231 55.650411
509000 53.769860 55.646717
510000 52.986155 55.641500
511000 53.545737 55.637399
512000 53.206663 55.632651
513000 53.889321 55.629253
514000 54.049969 55.626180
515000 54.259138 55.623526
516000 53.444860 55.619304
517000 53.754596 55.615697
518000 53.983821 55.612547
519000 53.506744 55.608489
520000 54.493114 55.606344
521000 54.393592 55.604017
522000 54.715799 55.602315
523000 54.526466 55.600258
524000 54.653779 55.598452
525000 53.939563 55.595292
526000 55.013074 55.594185
527000 54.255737 55.591645
528000 54.159079 55.588932
529000 53.826433 55.585600
530000 54.394527 55.583353
531000 53.986795 55.580346
532000 53.677712 55.576770
533000 53.485132 55.572846
534000 54.298897 55.570460
535000 53.313446 55.566241
536000 54.272815 55.563828
537000 53.938411 55.560801
538000 54.739745 55.559275
539000 55.001688 55.558241
540000 54.196803 55.555719
541000 54.064010 55.552962
542000 54.229014 55.550519
543000 54.523217 55.548628
544000 54.083362 55.545934
545000 54.282068 55.543615
546000 54.636629 55.541954
547000 54.457477 55.539971
548000 54.698657 55.538436
549000 54.572955 55.536677
550000 54.125445 55.534112
551000 54.342523 55.531949
552000 54.081575 55.529321
553000 53.955787 55.526476
554000 53.662323 55.523111
555000 54.309587 55.520925
556000 54.811785 55.519649
557000 54.505216 55.517828
558000 53.599066 55.514389
559000 53.564068 55.510900
560000 54.245902 55.508641
561000 54.395078 55.506656
562000 54.687503 55.505199
563000 54.340149 55.503130
564000 54.315761 55.501024
565000 54.409815 55.499093
566000 53.911915 55.496289
567000 54.153665 55.493921
568000 54.459762 55.492100
569000 54.061197 55.489585
570000 54.215126 55.487349
571000 53.727728 55.484268
572000 54.361256 55.482304
573000 54.516004 55.480618
574000 54.005207 55.478048
575000 53.533303 55.474665
576000 53.716904 55.471614
577000 54.472580 55.469882
578000 54.414878 55.468057
579000 54.206982 55.465879
580000 54.785304 55.464706
581000 54.362695 55.462809
582000 54.218371 55.460671
583000 54.299770 55.458679
584000 54.217490 55.456554
585000 54.153391 55.454327
586000 54.383297 55.452499
587000 54.973983 55.451684
588000 54.829502 55.450626
589000 54.990528 55.449844
590000 54.323179 55.447935
591000 54.688051 55.446649
592000 54.430090 55.444932
593000 53.916181 55.442354
594000 53.548401 55.439165
595000 53.127212 55.435280
596000 54.175909 55.433167
597000 53.879912 55.430565
598000 53.773491 55.427794
599000 54.037648 55.425473
600000 54.246163 55.423508
601000 54.084118 55.421279
602000 54.393071 55.419571
603000 54.459993 55.417980
604000 54.101970 55.415801
605000 54.748593 55.414698
606000 53.708433 55.411882
607000 53.594740 55.408889
608000 53.974135 55.406529
609000 53.415674 55.403260
610000 53.434369 55.400032
611000 53.519429 55.396954
612000 53.245706 55.393439
613000 53.607828 55.390526
614000 53.222058 55.386995
615000 53.369895 55.383715
616000 53.664640 55.380924
617000 53.492153 55.377863
618000 53.121445 55.374212
619000 52.627227 55.369774
620000 53.729517 55.367128
621000 53.450695 55.364042
622000 53.353472 55.360810
623000 53.379907 55.357630
624000 53.112541 55.354032
625000 53.140842 55.350491
626000 53.675775 55.347816
627000 53.486091 55.344847
628000 52.586757 55.340455
629000 52.658224 55.336191
630000 53.760295 55.333689
631000 53.308056 55.330479
632000 53.152793 55.327033
633000 53.835343 55.324677
634000 52.669001 55.320488
635000 53.235863 55.317205
636000 53.037234 55.313620
637000 53.306976 55.310470
638000 53.585290 55.307766
639000 53.554982 55.305023
640000 53.558576 55.302294
641000 54.188096 55.300556
642000 53.415055 55.297619
643000 53.746820 55.295207
644000 54.282028 55.293634
645000 53.942254 55.291539
646000 52.858705 55.287773
647000 53.195080 55.284538
648000 53.814965 55.282270
649000 54.108889 55.280463
650000 53.164065 55.277207
651000 53.340027 55.274231
652000 53.095516 55.270889
653000 53.227303 55.267760
654000 53.584310 55.265186
655000 53.176767 55.261997
656000 52.959349 55.258487
657000 53.123066 55.255237
658000 53.398132 55.252414
659000 53.654299 55.249989
660000 53.374848 55.247148
661000 53.931385 55.245158
662000 54.254732 55.243662
663000 53.589674 55.241167
664000 53.541080 55.238607
665000 53.116464 55.235415
666000 52.793126 55.231748
667000 53.552526 55.229231
668000 53.375907 55.226456
669000 52.817265 55.222855
670000 53.116242 55.219711
671000 53.025113 55.216440
672000 52.908052 55.213005
673000 52.732103 55.209319
674000 53.409117 55.206648
675000 53.201165 55.203677
676000 52.663828 55.199920
677000 52.843335 55.196439
678000 53.113299 55.193366
679000 53.526333 55.190911
680000 53.382946 55.188252
681000 52.786561 55.184726
682000 52.760003 55.181170
683000 53.644506 55.178920
684000 53.437388 55.176374
685000 53.060167 55.173285
686000 53.480322 55.170817
687000 53.417241 55.168265
688000 53.055104 55.165193
689000 53.476607 55.162742
690000 53.453585 55.160265
691000 53.398026 55.157715
692000 53.365023 55.155124
693000 52.875505 55.151835
694000 53.370206 55.149268
695000 54.400995 55.148191
696000 54.457651 55.147199
697000 53.966524 55.145505
698000 54.265499 55.144244
699000 54.053728 55.142684
700000 54.167835 55.141291
701000 54.695304 55.140655
702000 55.216809 55.140764
703000 54.689140 55.140121
704000 54.628559 55.139395
705000 54.838285 55.138968
706000 54.865967 55.138581
707000 54.836041 55.138153
708000 54.600854 55.137394
709000 54.733444 55.136824
710000 54.689508 55.136194
711000 54.515037 55.135321
712000 54.909710 55.135004
713000 55.111644 55.134971
714000 54.488490 55.134066
715000 55.594246 55.134709
716000 55.911024 55.135793
717000 55.735947 55.136630
718000 54.758595 55.136104
719000 55.831482 55.137071
720000 55.937531 55.138183
721000 55.990151 55.139364
722000 55.447695 55.139792
723000 55.678757 55.140537
724000 55.118253 55.140506
725000 55.728931 55.141318
726000 56.259849 55.142858
727000 55.967424 55.143993
728000 55.952169 55.145103
729000 55.613417 55.145745
730000 55.812213 55.146658
731000 55.610574 55.147293
732000 55.745656 55.148110
733000 55.579865 55.148699
734000 55.427374 55.149079
735000 55.052472 55.148948
736000 55.883035 55.149945
737000 55.709258 55.150704
738000 55.901894 55.151722
739000 55.525921 55.152228
740000 55.189496 55.152278
741000 55.320148 55.152505
742000 55.785412 55.153358
743000 55.803560 55.154233
744000 56.261065 55.155721
745000 56.603237 55.157664
746000 55.492010 55.158112
747000 55.803031 55.158975
748000 55.810287 55.159846
749000 55.916565 55.160856
750000 55.306762 55.161051
751000 55.904005 55.162040
752000 55.564401 55.162575
753000 56.473318 55.164316
754000 56.016589 55.165446
755000 56.830784 55.167652
756000 56.392702 55.169272
757000 55.598378 55.169839
758000 55.177450 55.169849
759000 55.532917 55.170328
760000 56.161995 55.171632
761000 56.311241 55.173130
762000 56.519174 55.174896
763000 56.168939 55.176199
764000 56.636964 55.178111
765000 56.877707 55.180333
766000 57.228966 55.183007
767000 57.378155 55.185869
768000 57.391299 55.188741
769000 58.112958 55.192544
770000 57.598062 55.195668
771000 56.797828 55.197746
772000 57.157342 55.200284
773000 57.525762 55.203292
774000 57.264536 55.205956
775000 57.025542 55.208303
776000 57.108946 55.210753
777000 56.781259 55.212774
778000 57.638314 55.215892
779000 57.325335 55.218599
780000 57.528586 55.221561
781000 57.542387 55.224533
782000 56.615022 55.226311
783000 57.685927 55.229452
784000 57.647547 55.232536
785000 57.642075 55.235606
786000 56.967904 55.237810
787000 57.321415 55.240457
788000 57.302483 55.243074
789000 57.035703 55.245346
790000 56.404720 55.246814
791000 56.780472 55.248752
792000 57.480205 55.251570
793000 57.589279 55.254518
794000 57.277825 55.257066
795000 57.607909 55.260023
796000 57.765585 55.263171
797000 57.695538 55.266223
798000 57.317447 55.268793
799000 57.128005 55.271120
800000 57.989175 55.274518
801000 57.815296 55.277690
802000 57.922537 55.280988
803000 57.886118 55.284232
804000 58.566303 55.288314
805000 58.789479 55.292663
806000 57.711851 55.295665
807000 57.554112 55.298463
808000 58.223752 55.302084
809000 57.861468 55.305247
810000 57.996770 55.308570
811000 57.502975 55.311276
812000 57.764557 55.314297
813000 57.839716 55.317404
814000 58.774774 55.321651
815000 58.835109 55.325962
816000 59.042282 55.330516
817000 58.687666 55.334625
818000 58.634320 55.338659
819000 59.076235 55.343223
820000 59.022358 55.347710
821000 58.117710 55.351084
822000 58.578484 55.355010
823000 58.876999 55.359289
824000 59.255833 55.364018
825000 58.998401 55.368423
826000 58.429815 55.372130
827000 59.149909 55.376698
828000 58.558012 55.380540
829000 57.925197 55.383609
830000 57.532053 55.386198
831000 57.427057 55.388654
832000 57.627064 55.391344
833000 57.651897 55.394058
834000 57.365986 55.396422
835000 57.470475 55.398906
836000 58.549337 55.402675
837000 58.159436 55.405968
838000 58.090324 55.409172
839000 57.698276 55.411900
840000 58.844943 55.415987
841000 58.646640 55.419828
842000 58.438333 55.423413
843000 58.262428 55.426781
844000 58.701306 55.430661
845000 57.645778 55.433282
846000 57.045037 55.435187
847000 57.895814 55.438093
848000 57.756466 55.440827
849000 58.136176 55.444001
850000 58.682200 55.447811
851000 58.353568 55.451225
852000 58.043347 55.454268
853000 58.838227 55.458235
854000 58.866209 55.462226
855000 58.712909 55.466028
856000 58.161142 55.469176
857000 58.500318 55.472713
858000 58.894092 55.476701
859000 58.925228 55.480715
860000 58.744877 55.484511
861000 59.379472 55.489034
862000 58.930907 55.493027
863000 59.606884 55.497794
864000 59.430821 55.502346
865000 58.851210 55.506218
866000 58.816365 55.510040
867000 58.304887 55.513264
868000 58.420593 55.516613
869000 57.965641 55.519431
870000 57.481679 55.521687
871000 57.504050 55.523963
872000 58.381910 55.527240
873000 58.651755 55.530819
874000 58.662378 55.534402
875000 58.060104 55.537289
876000 58.778882 55.540989
877000 58.993480 55.544926
878000 59.356575 55.549267
879000 58.645524 55.552790
880000 57.999156 55.555570
881000 58.456922 55.558863
882000 58.166374 55.561819
883000 58.656990 55.565325
884000 58.646723 55.568810
885000 58.514544 55.572139
886000 58.291611 55.575208
887000 58.237285 55.578210
888000 58.844382 55.581888
889000 58.065291 55.584681
890000 57.032632 55.586308
891000 57.977866 55.588992
892000 57.508870 55.591145
893000 57.257202 55.593010
894000 56.605220 55.594142
895000 56.810904 55.595502
896000 57.147835 55.597234
897000 57.206258 55.599028
898000 57.052815 55.600647
899000 57.411976 55.602662
900000 57.431953 55.604695
901000 57.212565 55.606479
902000 58.207519 55.609363
903000 57.721376 55.611702
904000 57.794260 55.614116
905000 57.696779 55.616417
906000 56.939786 55.617878
907000 56.611332 55.618973
908000 56.827279 55.620304
909000 56.045576 55.620772
910000 57.388054 55.622714
911000 56.882824 55.624097
912000 57.266003 55.625897
913000 56.329904 55.626669
914000 57.160409 55.628347
915000 57.110529 55.629966
916000 56.803952 55.631248
917000 56.432637 55.632122
918000 56.660150 55.633242
919000 56.681798 55.634383
920000 56.396905 55.635212
921000 55.609029 55.635183
922000 56.104909 55.635693
923000 56.202028 55.636306
924000 56.751280 55.637513
925000 56.696000 55.638657
926000 56.700464 55.639804
927000 56.459663 55.640688
928000 55.544702 55.640585
929000 55.771582 55.640726
930000 56.100098 55.641220
931000 56.136778 55.641752
932000 56.273382 55.642430
933000 56.335522 55.643173
934000 56.009854 55.643565
935000 56.109843 55.644064
936000 56.185085 55.644642
937000 56.182358 55.645216
938000 55.558424 55.645123
939000 56.267315 55.645786
940000 55.551435 55.645686
941000 56.063586 55.646130
942000 56.014291 55.646521
943000 55.829589 55.646715
944000 56.081856 55.647176
945000 55.736878 55.647271
946000 55.581488 55.647201
947000 55.278835 55.646812
948000 56.350528 55.647554
949000 55.947693 55.647871
950000 56.655286 55.648931
951000 56.739564 55.650078
952000 56.397354 55.650863
953000 56.325258 55.651571
954000 56.893872 55.652873
955000 56.037443 55.653275
956000 55.988272 55.653626
957000 56.217915 55.654215
958000 56.604864 55.655208
959000 56.344640 55.655927
960000 56.349218 55.656649
961000 56.903453 55.657946
962000 56.976311 55.659317
963000 57.226742 55.660944
964000 57.138790 55.662477
965000 56.603138 55.663452
966000 57.078576 55.664917
967000 57.614392 55.666933
968000 57.738191 55.669073
969000 57.871400 55.671346
970000 57.137886 55.672858
971000 56.654645 55.673869
972000 57.469812 55.675716
973000 57.492794 55.677584
974000 57.855031 55.679819
975000 58.336389 55.682544
976000 58.050886 55.684971
977000 57.946012 55.687285
978000 58.567464 55.690230
979000 58.573919 55.693175
980000 59.070950 55.696622
981000 58.754646 55.699739
982000 58.500585 55.702592
983000 58.882358 55.705826
984000 57.898649 55.708055
985000 58.101634 55.710485
986000 58.515618 55.713330
987000 57.888951 55.715534
988000 57.064344 55.716899
989000 58.019154 55.719227
990000 58.472319 55.722008
991000 57.815008 55.724120
992000 58.318816 55.726736
993000 58.819637 55.729850
994000 59.509320 55.733653
995000 59.848327 55.737788
996000 59.152713 55.741217
997000 59.261051 55.744747
998000 59.161369 55.748171
999000 58.957351 55.751383
1000000 59.211467 55.754843
1001000 59.015687 55.758101
1002000 58.689824 55.761026
1003000 59.557008 55.764811
1004000 60.388456 55.769416
1005000 59.182969 55.772813
1006000 58.431498 55.775456
1007000 58.406632 55.778069
1008000 59.285327 55.781548
1009000 59.987134 55.785716
1010000 59.179034 55.789076
1011000 58.584809 55.791841
1012000 58.896992 55.794909
1013000 58.488829 55.797569
1014000 58.581643 55.800314
1015000 58.435695 55.802911
1016000 58.756533 55.805818
1017000 58.635409 55.808600
1018000 58.919129 55.811656
1019000 58.613305 55.814405
1020000 58.319984 55.816862
1021000 59.406763 55.820378
1022000 59.327729 55.823810
1023000 59.547153 55.827449
1024000 59.978433 55.831503
1025000 60.014437 55.835584
1026000 60.392898 55.840026
1027000 59.731757 55.843815
1028000 60.758960 55.848596
1029000 60.827923 55.853435
1030000 61.064025 55.858494
1031000 61.685214 55.864146
1032000 61.819567 55.869916
1033000 61.245434 55.875120
1034000 60.327929 55.879427
1035000 60.831928 55.884212
1036000 61.478534 55.889612
1037000 60.920159 55.894463
1038000 61.340277 55.899709
1039000 61.594113 55.905190
1040000 61.489785 55.910560
1041000 62.058595 55.916465
1042000 61.628625 55.921947
1043000 61.272413 55.927077
1044000 60.211684 55.931181
1045000 59.817765 55.934900
1046000 60.826040 55.939577
1047000 59.383016 55.942865
1048000 60.411366 55.947129
1049000 60.007607 55.951000
1050000 60.558900 55.955389
1051000 59.874820 55.959118
1052000 60.391124 55.963331
1053000 59.536015 55.966724
1054000 60.170806 55.970712
1055000 60.240464 55.974759
1056000 60.245694 55.978804
1057000 60.413150 55.982999
1058000 60.190657 55.986976
1059000 60.846671 55.991565
1060000 60.709854 55.996016
1061000 61.223334 56.000943
1062000 61.047727 56.005695
1063000 61.402969 56.010773
1064000 61.272794 56.015718
1065000 61.588739 56.020951
1066000 60.457981 56.025113
1067000 60.374761 56.029190
1068000 59.681239 56.032609
1069000 60.032412 56.036351
1070000 59.492527 56.039581
1071000 59.298514 56.042624
1072000 60.081560 56.046392
1073000 60.420927 56.050468
1074000 60.157797 56.054293
1075000 60.405756 56.058341
1076000 59.955289 56.061962
1077000 59.950077 56.065573
1078000 60.054617 56.069273
1079000 60.416517 56.073302
1080000 60.890807 56.077763
1081000 61.390471 56.082677
1082000 60.904339 56.087133
1083000 61.499182 56.092131
1084000 61.086473 56.096738
1085000 61.429251 56.101653
1086000 60.779156 56.105960
1087000 59.344488 56.108939
1088000 60.767968 56.113221
1089000 60.740783 56.117471
1090000 60.269593 56.121280
1091000 60.441239 56.125240
1092000 59.418813 56.128256
1093000 59.532852 56.131371
1094000 59.626760 56.134566
1095000 60.688712 56.138725
1096000 60.649495 56.142840
1097000 59.543355 56.145940
1098000 60.893378 56.150264
1099000 60.250463 56.153995
1100000 60.754414 56.158177
1101000 59.836933 56.161518
1102000 60.133349 56.165123
1103000 60.295861 56.168868
1104000 59.072777 56.171498
1105000 58.472300 56.173580
1106000 57.980417 56.175214
1107000 57.447858 56.176363
1108000 57.701315 56.177740
1109000 57.484139 56.178918
1110000 58.129517 56.180675
1111000 57.183226 56.181577
1112000 58.072254 56.183278
1113000 58.313479 56.185192
1114000 58.065465 56.186879
1115000 57.981817 56.188489
1116000 58.541547 56.190598
1117000 59.069292 56.193175
1118000 58.509462 56.195247
1119000 58.493335 56.197300
1120000 59.118271 56.199908
1121000 58.736986 56.202172
1122000 59.393714 56.205016
1123000 58.812688 56.207338
1124000 58.312194 56.209211
1125000 58.508334 56.211254
1126000 58.169111 56.212993
1127000 58.453904 56.214982
1128000 57.205382 56.215860
1129000 57.458204 56.216960
1130000 57.378872 56.217988
1131000 57.309015 56.218953
1132000 57.569085 56.220146
1133000 57.119114 56.220939
1134000 57.441439 56.222015
1135000 57.760052 56.223370
1136000 58.198270 56.225109
1137000 57.942330 56.226619
1138000 57.937405 56.228123
1139000 57.424953 56.229173
1140000 57.270671 56.230087
1141000 57.255266 56.230985
1142000 57.625885 56.232207
1143000 56.898337 56.232790
1144000 57.009937 56.233469
1145000 57.031244 56.234166
1146000 57.282485 56.235080
1147000 57.146867 56.235875
1148000 57.435630 56.236920
1149000 57.342716 56.237883
1150000 57.324181 56.238827
1151000 56.888588 56.239392
1152000 56.827139 56.239902
1153000 56.759797 56.240353
1154000 56.579496 56.240647
1155000 55.986074 56.240427
1156000 56.898960 56.240996
1157000 56.994012 56.241647
1158000 56.084948 56.241512
1159000 56.752703 56.241953
1160000 56.784791 56.242421
1161000 57.118613 56.243175
1162000 57.607200 56.244349
1163000 57.668001 56.245573
1164000 57.591661 56.246730
1165000 57.419047 56.247736
1166000 57.187199 56.248542
1167000 57.513757 56.249626
1168000 57.971483 56.251100
1169000 57.475010 56.252147
1170000 57.816723 56.253484
1171000 56.874301 56.254015
1172000 57.603032 56.255166
1173000 57.471226 56.256202
1174000 57.741744 56.257468
1175000 57.277254 56.258336
1176000 57.907104 56.259738
1177000 57.394585 56.260702
1178000 57.320428 56.261601
1179000 57.698424 56.262820
1180000 57.407431 56.263790
1181000 57.317430 56.264682
1182000 56.822561 56.265154
1183000 56.343646 56.265221
1184000 57.318999 56.266111
1185000 56.630702 56.266418
1186000 57.345863 56.267328
1187000 56.946811 56.267901
1188000 57.144873 56.268639
1189000 56.747016 56.269041
1190000 57.373235 56.269969
1191000 56.355300 56.270041
1192000 56.804906 56.270490
1193000 55.801753 56.270097
1194000 56.786551 56.270529
1195000 56.286090 56.270542
1196000 56.260897 56.270534
1197000 56.596532 56.270807
1198000 56.713569 56.271176
1199000 57.101896 56.271869
1200000 56.097348 56.271724
1201000 56.891264 56.272239
1202000 56.623209 56.272531
1203000 55.660268 56.272022
1204000 56.090220 56.271871
1205000 55.745089 56.271434
1206000 56.003111 56.271212
1207000 56.002935 56.270990
1208000 56.715035 56.271357
1209000 55.913197 56.271061
1210000 56.376092 56.271148
1211000 57.088007 56.271822
1212000 56.318211 56.271861
1213000 56.663706 56.272184
1214000 56.758601 56.272584
1215000 56.720303 56.272953
1216000 56.392326 56.273051
1217000 56.587606 56.273309
1218000 56.112121 56.273177
1219000 56.916595 56.273705
1220000 56.764918 56.274107
1221000 56.450900 56.274252
1222000 55.912425 56.273956
1223000 55.355103 56.273205
1224000 55.289096 56.272401
1225000 54.888884 56.271271
1226000 55.108331 56.270323
1227000 55.412557 56.269624
1228000 56.270734 56.269625
1229000 55.266915 56.268809
1230000 55.180777 56.267924
1231000 55.078794 56.266958
1232000 55.039389 56.265962
1233000 54.655191 56.264655
1234000 54.838714 56.263500
1235000 54.365022 56.261963
1236000 54.514203 56.260549
1237000 54.169937 56.258859
1238000 53.719032 56.256807
1239000 53.544556 56.254618
1240000 53.768594 56.252613
1241000 53.221266 56.250170
1242000 53.538715 56.247987
1243000 53.526571 56.245798
1244000 54.281861 56.244219
1245000 54.375763 56.242718
1246000 53.718986 56.240693
1247000 53.494605 56.238491
1248000 53.423382 56.236235
1249000 52.890886 56.233557
1250000 52.493743 56.230565
1251000 53.164926 56.228114
1252000 53.185508 56.225684
1253000 54.074955 56.223968
1254000 53.926022 56.222135
1255000 53.345607 56.219843
1256000 53.588895 56.217748
1257000 52.869604 56.215085
1258000 52.537068 56.212161
1259000 51.856322 56.208701
1260000 52.106004 56.205445
1261000 52.324908 56.202368
1262000 52.169985 56.199173
1263000 52.510809 56.196252
1264000 52.455602 56.193293
1265000 52.702777 56.190534
1266000 52.832688 56.187881
1267000 53.200258 56.185523
1268000 52.968792 56.182986
1269000 52.861206 56.180369
1270000 53.271217 56.178078
1271000 53.043192 56.175612
1272000 53.624941 56.173606
1273000 54.258852 56.172102
1274000 53.601099 56.170084
1275000 53.708805 56.168154
1276000 54.104752 56.166537
1277000 54.063089 56.164890
1278000 54.422682 56.163526
1279000 54.074255 56.161893
1280000 53.699119 56.159969
1281000 53.733634 56.158075
1282000 54.357603 56.156670
1283000 54.392377 56.155295
1284000 52.992827 56.152832
1285000 53.047404 56.150415
1286000 53.251051 56.148161
1287000 53.014652 56.145726
1288000 52.291216 56.142734
1289000 52.889564 56.140210
1290000 52.805754 56.137625
1291000 53.203734 56.135352
1292000 53.419314 56.133250
1293000 53.525420 56.131233
1294000 52.991437 56.128807
1295000 52.303238 56.125853
1296000 52.306148 56.122905
1297000 52.850021 56.120382
1298000 53.668601 56.118493
1299000 53.417153 56.116414
1300000 53.710819 56.114563
1301000 53.649975 56.112669
1302000 54.432164 56.111378
1303000 54.258201 56.109956
1304000 54.173159 56.108470
1305000 54.184054 56.106996
1306000 54.747265 56.105955
1307000 54.451037 56.104688
1308000 54.917518 56.103781
1309000 54.708118 56.102715
1310000 54.976545 56.101855
1311000 55.463461 56.101368
1312000 54.509621 56.100155
1313000 55.244325 56.099503
1314000 55.158498 56.098787
1315000 54.610506 56.097655
1316000 55.564232 56.097250
1317000 55.397239 56.096718
1318000 55.565901 56.096315
1319000 55.833406 56.096116
1320000 55.326458 56.095533
1321000 54.979445 56.094688
1322000 55.448399 56.094199
1323000 55.038294 56.093401
1324000 55.796313 56.093177
1325000 55.289683 56.092570
1326000 55.100530 56.091822
1327000 55.392278 56.091295
1328000 55.487731 56.090841
1329000 55.328800 56.090267
1330000 54.806795 56.089302
1331000 54.992007 56.088478
1332000 55.355625 56.087928
1333000 54.638819 56.086840
1334000 53.451164 56.084865
1335000 54.078400 56.083362
1336000 55.160522 56.082671
1337000 55.326081 56.082105
1338000 54.678338 56.081056
1339000 54.287545 56.079717
1340000 55.006777 56.078916
1341000 54.521500 56.077754
1342000 54.884037 56.076865
1343000 55.282956 56.076274
1344000 55.045269 56.075507
1345000 54.821513 56.074574
1346000 54.620976 56.073494
1347000 54.520690 56.072342
1348000 53.976909 56.070787
1349000 54.587830 56.069688
1350000 54.764167 56.068721
1351000 54.560037 56.067604
1352000 54.658949 56.066562
1353000 55.245784 56.065956
1354000 54.949546 56.065131
1355000 55.326453 56.064586
1356000 55.333143 56.064046
1357000 55.525997 56.063650
1358000 54.191589 56.062271
1359000 54.012317 56.060763
1360000 53.947432 56.059209
1361000 54.027726 56.057716
1362000 54.269234 56.056403
1363000 54.338804 56.055143
1364000 54.346629 56.053891
1365000 54.748655 56.052934
1366000 54.514055 56.051808
1367000 55.510986 56.051412
1368000 55.041124 56.050674
1369000 54.927405 56.049853
1370000 56.239810 56.049992
1371000 55.556403 56.049632
1372000 55.010294 56.048874
1373000 55.099637 56.048183
1374000 55.550167 56.047820
1375000 55.857797 56.047682
1376000 55.219232 56.047080
1377000 54.929242 56.046268
1378000 55.351470 56.045764
1379000 54.568468 56.044693
1380000 54.997866 56.043934
1381000 54.859104 56.043076
1382000 55.043213 56.042353
1383000 55.397338 56.041886
1384000 55.280601 56.041336
1385000 54.829077 56.040461
1386000 54.901177 56.039639
1387000 54.568113 56.038578
1388000 54.598975 56.037541
1389000 54.893939 56.036718
1390000 55.324850 56.036206
1391000 55.456247 56.035789
1392000 55.033137 56.035068
1393000 55.789429 56.034892
1394000 55.270371 56.034344
1395000 54.833574 56.033483
1396000 55.079298 56.032799
1397000 55.491644 56.032412
1398000 55.241901 56.031846
1399000 55.018827 56.031122
1400000 54.846787 56.030276
1401000 54.114573 56.028909
1402000 54.102890 56.027535
1403000 54.030823 56.026112
1404000 54.329251 56.024903
1405000 54.224850 56.023622
1406000 54.641135 56.022639
1407000 54.471338 56.021536
1408000 54.301094 56.020315
1409000 54.728264 56.019398
1410000 54.747416 56.018495
1411000 54.689059 56.017553
1412000 53.853553 56.016021
1413000 54.565022 56.014994
1414000 54.393592 56.013847
1415000 54.915295 56.013071
1416000 54.830278 56.012235
1417000 54.849612 56.011415
1418000 54.617884 56.010432
1419000 55.245604 56.009893
1420000 55.078422 56.009237
1421000 54.775264 56.008369
1422000 55.128362 56.007750
1423000 55.419945 56.007337
1424000 56.017791 56.007344
1425000 55.743195 56.007159
1426000 55.202556 56.006595
1427000 55.055318 56.005928
1428000 55.195614 56.005361
1429000 55.165930 56.004773
1430000 55.294887 56.004277
1431000 54.735745 56.003390
1432000 55.539605 56.003066
1433000 54.876364 56.002280
1434000 55.293660 56.001786
1435000 55.350834 56.001332
1436000 54.790743 56.000489
1437000 54.729469 55.999605
1438000 54.445702 55.998524
1439000 55.037725 55.997857
1440000 55.289575 55.997365
1441000 55.241307 55.996840
1442000 54.826321 55.996028
1443000 54.463610 55.994966
1444000 53.977690 55.993569
1445000 54.525508 55.992553
1446000 54.206315 55.991318
1447000 54.813764 55.990504
1448000 54.525922 55.989493
1449000 54.447060 55.988428
1450000 54.465726 55.987378
1451000 54.963816 55.986673
1452000 55.838715 55.986571
1453000 55.082788 55.985949
1454000 55.249716 55.985442
1455000 54.960275 55.984738
1456000 54.393956 55.983645
1457000 54.518270 55.982640
1458000 54.889271 55.981890
1459000 53.970718 55.980511
1460000 53.696457 55.978947
1461000 53.766761 55.977433
1462000 53.404611 55.975673
1463000 53.498538 55.973980
1464000 54.023187 55.972647
1465000 53.961959 55.971275
1466000 53.140233 55.969344
1467000 53.464921 55.967636
1468000 53.187771 55.965743
1469000 53.024893 55.963741
1470000 53.708419 55.962207
1471000 53.270010 55.960376
1472000 53.678855 55.958826
1473000 53.170879 55.956934
1474000 53.124267 55.955012
1475000 53.587433 55.953407
1476000 53.721963 55.951895
1477000 53.860773 55.950479
1478000 53.172932 55.948600
1479000 53.324226 55.946826
1480000 53.985795 55.945501
1481000 53.006160 55.943516
1482000 53.353563 55.941768
1483000 53.205609 55.939923
1484000 54.288099 55.938810
1485000 53.780490 55.937357
1486000 54.540075 55.936416
1487000 53.859868 55.935020
1488000 54.309048 55.933927
1489000 53.960762 55.932602
1490000 53.956535 55.931276
1491000 53.465165 55.929622
1492000 53.036594 55.927683
1493000 53.296351 55.925920
1494000 53.240996 55.924123
1495000 53.872896 55.922751
1496000 53.627040 55.921217
1497000 53.736270 55.919757
1498000 53.757217 55.918313
1499000 53.178453 55.916486
1500000 52.928158 55.914493
1501000 52.856690 55.912456
1502000 52.961602 55.910492
1503000 53.489252 55.908881
1504000 53.171359 55.907061
1505000 53.803004 55.905662
1506000 53.692978 55.904193
1507000 53.915424 55.902874
1508000 53.197098 55.901079
1509000 53.240890 55.899316
1510000 53.923164 55.898008
1511000 53.188922 55.896215
1512000 53.209511 55.894438
1513000 53.886834 55.893111
1514000 53.665437 55.891640
1515000 52.913087 55.889674
1516000 53.576411 55.888148
1517000 53.340139 55.886468
1518000 53.028369 55.884585
1519000 54.192562 55.883471
1520000 54.476863 55.882546
1521000 54.588158 55.881695
1522000 54.521363 55.880801
1523000 55.113162 55.880297
1524000 54.518776 55.879404
1525000 54.818291 55.878708
1526000 54.489513 55.877797
1527000 54.605552 55.876964
1528000 55.210944 55.876528
1529000 54.732340 55.875780
1530000 54.635850 55.874970
1531000 54.509559 55.874078
1532000 54.754157 55.873347
1533000 54.730771 55.872602
1534000 54.644041 55.871801
1535000 54.573159 55.870955
1536000 54.847498 55.870288
1537000 54.435096 55.869355
1538000 54.003756 55.868142
1539000 54.378711 55.867174
1540000 54.104520 55.866029
1541000 54.277190 55.864998
1542000 54.233346 55.863940
1543000 54.753361 55.863220
1544000 55.343179 55.862883
1545000 54.769214 55.862176
1546000 55.217511 55.861759
1547000 55.557356 55.861562
1548000 55.073945 55.861053
1549000 55.561716 55.860860
1550000 55.750572 55.860789
1551000 55.465767 55.860534
1552000 55.619113 55.860378
1553000 55.313130 55.860026
1554000 55.987186 55.860108
1555000 55.580339 55.859928
1556000 55.654045 55.859796
1557000 55.361732 55.859476
1558000 55.467237 55.859224
1559000 54.714373 55.858490
1560000 54.444779 55.857583
1561000 55.052586 55.857068
1562000 54.718795 55.856339
1563000 55.159824 55.855893
1564000 55.186561 55.855465
1565000 54.850031 55.854823
1566000 55.321876 55.854483
1567000 55.758238 55.854421
1568000 55.266173 55.854046
1569000 55.125304 55.853582
1570000 55.300658 55.853229
1571000 55.009442 55.852692
1572000 54.898778 55.852085
1573000 54.820344 55.851430
1574000 53.894183 55.850186
1575000 54.186829 55.849130
1576000 54.151707 55.848053
1577000 54.796954 55.847386
1578000 54.724787 55.846675
1579000 55.218489 55.846277
1580000 55.871514 55.846293
1581000 55.807964 55.846269
1582000 55.641007 55.846139
1583000 55.406573 55.845861
1584000 55.427672 55.845597
1585000 55.667986 55.845485
1586000 54.680845 55.844751
1587000 56.205915 55.844979
1588000 55.187874 55.844565
1589000 55.070404 55.844078
1590000 54.679709 55.843345
1591000 55.317541 55.843015
1592000 55.102326 55.842550
1593000 55.529668 55.842353
1594000 55.190273 55.841944
1595000 55.161752 55.841518
1596000 54.604018 55.840742
1597000 54.977013 55.840201
1598000 55.122984 55.839753
1599000 55.721804 55.839679
1600000 55.624501 55.839544
1601000 55.280818 55.839195
1602000 55.157411 55.838770
1603000 55.624646 55.838636
1604000 55.295849 55.838298
1605000 53.797140 55.837026
1606000 54.052259 55.835915
1607000 54.471052 55.835065
1608000 54.319903 55.834123
1609000 53.228081 55.832503
1610000 53.278621 55.830917
1611000 54.111654 55.829850
1612000 54.134677 55.828798
1613000 54.125135 55.827742
1614000 53.794497 55.826482
1615000 54.338488 55.825561
1616000 53.704442 55.824249
1617000 53.176055 55.822611
1618000 53.135837 55.820950
1619000 53.276148 55.819378
1620000 52.181226 55.817133
1621000 53.381271 55.815630
1622000 53.614377 55.814273
1623000 53.763624 55.813009
1624000 52.687839 55.811085
1625000 53.793950 55.809844
1626000 53.991240 55.808725
1627000 54.115703 55.807685
1628000 54.497246 55.806880
1629000 54.568113 55.806119
1630000 54.753361 55.805473
1631000 54.954501 55.804952
1632000 54.337724 55.804053
1633000 54.943704 55.803526
1634000 53.698112 55.802237
1635000 54.168422 55.801238
1636000 54.308117 55.800325
1637000 54.968354 55.799817
1638000 54.481536 55.799012
1639000 54.276588 55.798083
1640000 54.679515 55.797401
1641000 54.412674 55.796557
1642000 54.672263 55.795873
1643000 54.663435 55.795184
1644000 54.249536 55.794243
1645000 54.557621 55.793492
1646000 54.083369 55.792453
1647000 53.898484 55.791303
1648000 53.833149 55.790114
1649000 54.368743 55.789253
1650000 53.719925 55.787998
1651000 53.962287 55.786893
1652000 53.775693 55.785675
1653000 54.197181 55.784714
1654000 54.292825 55.783812
1655000 54.477957 55.783023
1656000 54.357114 55.782162
1657000 53.894940 55.781023
1658000 53.847053 55.779857
1659000 54.783687 55.779256
1660000 53.021545 55.777595
1661000 53.181583 55.776032
1662000 53.629991 55.774741
1663000 53.682098 55.773482
1664000 53.683018 55.772226
1665000 53.283934 55.770732
1666000 52.893143 55.769004
1667000 52.402014 55.766985
1668000 52.380343 55.764954
1669000 52.995400 55.763295
1670000 52.593207 55.761397
1671000 52.674840 55.759549
1672000 52.294514 55.757477
1673000 52.518535 55.755541
1674000 52.156621 55.753391
1675000 52.426652 55.751405
1676000 52.511059 55.749472
1677000 52.366383 55.747454
1678000 53.396052 55.746053
1679000 53.438575 55.744679
1680000 53.079382 55.743092
1681000 52.916549 55.741411
1682000 52.385566 55.739416
1683000 52.147198 55.737281
1684000 52.383869 55.735290
1685000 51.604441 55.732838
1686000 52.429897 55.730879
1687000 52.427145 55.728921
1688000 52.628505 55.727084
1689000 52.972952 55.725454
1690000 52.858764 55.723757
1691000 53.374045 55.722368
1692000 53.085336 55.720809
1693000 53.134212 55.719281
1694000 52.659482 55.717475
1695000 53.102979 55.715933
1696000 53.873680 55.714846
1697000 53.922189 55.713790
1698000 53.742922 55.712629
1699000 54.031145 55.711640
1700000 53.801442 55.710516
1701000 54.207415 55.709632
1702000 53.640485 55.708417
1703000 54.605533 55.707769
1704000 54.561845 55.707097
1705000 54.328782 55.706288
1706000 54.430804 55.705541
1707000 54.169588 55.704641
1708000 54.115252 55.703710
1709000 54.404108 55.702950
1710000 53.365017 55.701583
1711000 54.952513 55.701145
1712000 54.543693 55.700469
1713000 55.324004 55.700249
1714000 55.480827 55.700121
1715000 54.789791 55.699590
1716000 54.928779 55.699141
1717000 54.963492 55.698712
1718000 53.952389 55.697696
1719000 54.227535 55.696841
1720000 54.554261 55.696176
1721000 54.355744 55.695398
1722000 53.975019 55.694398
1723000 54.704289 55.693824
1724000 54.747140 55.693275
1725000 54.751131 55.692729
1726000 55.131734 55.692404
1727000 55.267181 55.692157
1728000 55.101125 55.691815
1729000 55.268912 55.691571
1730000 55.857945 55.691667
1731000 55.271466 55.691424
1732000 55.274019 55.691183
1733000 55.063420 55.690821
1734000 55.202537 55.690539
1735000 55.004954 55.690144
1736000 54.663837 55.689553
1737000 54.629289 55.688943
1738000 54.672352 55.688358
1739000 54.977141 55.687949
1740000 55.532403 55.687859
1741000 54.519348 55.687188
1742000 55.237879 55.686930
1743000 55.167116 55.686632
1744000 55.834984 55.686717
1745000 55.831574 55.686800
1746000 54.920993 55.686361
1747000 55.561610 55.686290
1748000 55.977247 55.686456
1749000 55.487114 55.686342
1750000 55.160372 55.686042
1751000 55.734307 55.686069
1752000 55.500446 55.685963
1753000 54.781767 55.685448
1754000 55.409287 55.685290
1755000 55.241673 55.685037
1756000 55.308952 55.684823
1757000 55.192584 55.684543
1758000 55.116651 55.684220
1759000 54.957973 55.683807
1760000 55.592609 55.683755
1761000 55.697180 55.683763
1762000 55.354027 55.683576
1763000 55.547278 55.683499
1764000 55.279929 55.683270
1765000 55.289520 55.683047
1766000 55.723773 55.683070
1767000 55.399426 55.682909
1768000 54.596408 55.682295
1769000 55.520616 55.682203
1770000 55.386635 55.682036
1771000 55.603925 55.681992
1772000 55.026569 55.681622
1773000 54.273665 55.680828
1774000 53.805936 55.679771
1775000 53.108836 55.678323
1776000 53.984482 55.677369
1777000 54.116201 55.676491
1778000 53.249668 55.675126
1779000 54.075711 55.674227
1780000 54.207770 55.673403
1781000 53.108099 55.671962
1782000 53.860701 55.670946
1783000 53.896393 55.669951
1784000 54.017800 55.669025
1785000 53.844817 55.668003
1786000 53.282667 55.666667
1787000 53.383161 55.665389
1788000 52.943900 55.663867
1789000 54.356371 55.663136
1790000 53.636408 55.662004
1791000 53.592016 55.660848
1792000 53.999828 55.659921
1793000 54.297206 55.659161
1794000 54.230033 55.658365
1795000 53.893808 55.657382
1796000 53.788863 55.656341
1797000 54.363039 55.655622
1798000 54.421659 55.654935
1799000 53.981961 55.654005
1800000 53.220890 55.652654
1801000 53.790483 55.651620
1802000 53.730650 55.650554
1803000 52.996063 55.649081
1804000 53.579371 55.647934
1805000 53.982847 55.647012
1806000 54.970651 55.646637
1807000 54.593396 55.646054
1808000 55.003617 55.645699
1809000 54.284955 55.644947
1810000 54.193394 55.644145
1811000 54.750877 55.643652
1812000 54.413720 55.642973
1813000 54.487460 55.642335
1814000 53.689741 55.641259
1815000 54.827452 55.640811
1816000 54.648668 55.640264
1817000 55.192886 55.640018
1818000 53.822453 55.639018
1819000 53.183614 55.637668
1820000 53.876592 55.636701
1821000 54.262314 55.635946
1822000 54.107109 55.635107
1823000 53.522789 55.633948
1824000 53.498223 55.632777
1825000 53.838827 55.631794
1826000 53.931927 55.630864
1827000 54.415901 55.630199
1828000 54.190759 55.629411
1829000 53.645275 55.628326
1830000 53.567491 55.627200
1831000 53.568017 55.626075
1832000 54.242706 55.625320
1833000 54.670915 55.624800
1834000 54.152094 55.623997
1835000 54.048408 55.623138
1836000 53.906299 55.622203
1837000 53.515706 55.621056
1838000 54.845188 55.620634
1839000 54.876427 55.620229
1840000 55.043408 55.619916
1841000 54.476661 55.619295
1842000 54.576732 55.618729
1843000 54.667211 55.618213
1844000 54.933188 55.617841
1845000 54.067286 55.617001
1846000 54.295315 55.616285
1847000 54.974249 55.615937
1848000 54.405326 55.615282
1849000 54.306905 55.614574
1850000 54.609407 55.614031
1851000 54.904095 55.613648
1852000 55.033941 55.613335
1853000 54.904624 55.612952
1854000 54.854619 55.612543
1855000 54.737395 55.612071
1856000 54.900483 55.611688
1857000 55.264570 55.611501
1858000 55.713253 55.611556
1859000 55.483628 55.611487
1860000 55.585325 55.611473
1861000 55.340915 55.611328
1862000 55.999670 55.611536
1863000 56.213794 55.611859
1864000 55.572316 55.611838
1865000 56.089885 55.612094
1866000 57.214644 55.612953
1867000 56.983483 55.613687
1868000 57.154517 55.614512
1869000 57.132286 55.615324
1870000 57.953731 55.616575
1871000 58.940839 55.618352
1872000 57.827270 55.619531
1873000 58.311725 55.620969
1874000 58.806623 55.622669
1875000 58.028403 55.623952
1876000 58.112970 55.625279
1877000 58.689361 55.626911
1878000 59.115240 55.628769
1879000 58.242040 55.630159
1880000 58.170429 55.631510
1881000 58.329528 55.632945
1882000 57.995652 55.634200
1883000 57.534830 55.635210
1884000 57.800223 55.636359
1885000 58.040759 55.637634
1886000 57.448282 55.638594
1887000 57.903344 55.639795
1888000 57.756038 55.640915
1889000 57.640470 55.641974
1890000 57.641778 55.643032
1891000 57.821529 55.644184
1892000 57.655372 55.645247
1893000 56.908129 55.645914
1894000 57.479989 55.646883
1895000 57.571732 55.647898
1896000 56.526621 55.648362
1897000 56.518091 55.648820
1898000 56.858314 55.649458
1899000 56.915101 55.650124
1900000 57.610862 55.651156
1901000 56.834512 55.651778
1902000 56.454019 55.652200
1903000 56.134343 55.652454
1904000 55.953396 55.652612
1905000 55.685991 55.652629
1906000 56.322109 55.652980
1907000 55.046608 55.652662
1908000 55.209399 55.652430
1909000 55.187914 55.652187
1910000 54.427639 55.651546
1911000 54.348109 55.650864
1912000 54.383852 55.650201
1913000 54.056312 55.649368
1914000 53.916415 55.648462
1915000 53.709107 55.647450
1916000 53.796902 55.646484
1917000 53.545357 55.645388
1918000 53.474478 55.644256
1919000 53.434718 55.643105
1920000 53.056311 55.641757
1921000 53.067269 55.640417
1922000 53.036491 55.639062
1923000 53.410428 55.637903
1924000 53.407960 55.636744
1925000 53.415607 55.635590
1926000 53.364333 55.634411
1927000 54.262723 55.633699
1928000 54.008362 55.632856
1929000 53.698003 55.631853
1930000 52.956080 55.630467
1931000 54.109538 55.629679
1932000 53.735302 55.628699
1933000 53.828900 55.627768
1934000 54.019181 55.626936
1935000 54.294678 55.626247
1936000 54.390114 55.625609
1937000 53.796435 55.624665
1938000 54.054070 55.623854
1939000 53.611196 55.622816
1940000 54.635433 55.622307
1941000 53.956894 55.621449
1942000 54.266600 55.620752
1943000 53.919139 55.619876
1944000 54.296012 55.619195
1945000 54.123889 55.618426
1946000 54.198437 55.617696
1947000 53.527398 55.616623
1948000 54.478424 55.616038
1949000 54.372581 55.615400
1950000 54.115081 55.614631
1951000 53.885411 55.613745
1952000 53.516616 55.612670
1953000 53.611043 55.611645
1954000 53.768154 55.610702
1955000 53.991111 55.609874
1956000 54.408330 55.609259
1957000 54.797427 55.608844
1958000 54.959860 55.608513
1959000 55.725601 55.608573
1960000 55.283368 55.608407
1961000 54.461095 55.607822
1962000 55.469442 55.607751
1963000 54.199923 55.607034
1964000 54.689769 55.606567
1965000 54.996818 55.606257
1966000 54.928191 55.605912
1967000 55.310697 55.605762
1968000 55.202519 55.605557
1969000 55.553465 55.605530
1970000 56.042858 55.605752
1971000 56.022550 55.605964
1972000 55.251808 55.605784
1973000 54.600899 55.605275
1974000 55.433442 55.605188
1975000 56.326181 55.605553
1976000 55.879384 55.605691
1977000 56.182676 55.605983
1978000 55.987103 55.606176
1979000 56.380037 55.606567
1980000 55.454014 55.606490
1981000 55.369426 55.606370
1982000 54.912363 55.606020
1983000 54.759677 55.605593
1984000 54.775961 55.605175
1985000 54.981351 55.604861
1986000 55.045613 55.604579
1987000 54.894222 55.604222
1988000 55.373792 55.604106
1989000 54.328344 55.603465
1990000 54.588742 55.602955
1991000 55.070986 55.602687
1992000 54.247844 55.602007
1993000 54.607325 55.601508
1994000 54.630636 55.601021
1995000 54.670074 55.600555
1996000 54.044422 55.599775
1997000 55.058094 55.599504
1998000 54.169229 55.598788
1999000 54.677791 55.598327
2000000 54.303036 55.597680
2001000 54.138697 55.596950
2002000 54.676667 55.596491
2003000 53.496378 55.595442
2004000 53.524376 55.594409
2005000 53.996145 55.593612
2006000 53.307071 55.592472
2007000 53.472348 55.591415
2008000 53.616222 55.590432
2009000 52.494151 55.588891
2010000 53.851551 55.588026
2011000 53.833919 55.587154
2012000 53.532815 55.586133
2013000 53.766208 55.585229
2014000 53.785264 55.584335
2015000 53.487698 55.583295
2016000 53.713350 55.582367
2017000 53.842207 55.581504
2018000 53.454776 55.580450
2019000 53.705196 55.579522
2020000 53.965439 55.578723
2021000 52.980915 55.577437
2022000 53.182198 55.576253
2023000 52.427442 55.574696
2024000 53.095546 55.573471
2025000 52.994132 55.572197
2026000 53.176481 55.571015
2027000 52.624908 55.569562
2028000 53.091846 55.568340
2029000 53.086836 55.567117
2030000 53.349436 55.566024
2031000 53.048887 55.564785
2032000 53.135388 55.563589
2033000 53.394928 55.562523
2034000 53.762218 55.561638
2035000 53.323304 55.560538
2036000 53.075204 55.559317
2037000 53.328385 55.558222
2038000 52.581274 55.556761
2039000 53.449976 55.555728
2040000 53.419121 55.554680
2041000 53.479800 55.553664
2042000 53.042532 55.552434
2043000 52.945968 55.551158
2044000 53.640611 55.550224
2045000 53.889399 55.549411
2046000 54.217012 55.548760
2047000 53.389938 55.547706
2048000 52.957494 55.546441
2049000 53.823529 55.545600
2050000 53.105802 55.544410
2051000 53.682760 55.543502
2052000 54.083229 55.542791
2053000 53.284570 55.541691
2054000 54.139524 55.541008
2055000 53.040516 55.539791
2056000 53.607718 55.538851
2057000 53.709069 55.537962
2058000 53.493221 55.536968
2059000 53.563015 55.536010
2060000 53.362819 55.534955
2061000 53.354858 55.533897
2062000 53.351270 55.532838
2063000 53.824939 55.532010
2064000 52.844173 55.530708
2065000 53.060440 55.529512
2066000 53.454994 55.528508
2067000 53.097387 55.527332
2068000 53.204526 55.526208
2069000 53.294868 55.525130
2070000 53.220474 55.524017
2071000 52.911961 55.522755
2072000 52.431286 55.521263
2073000 52.032139 55.519580
2074000 52.927378 55.518330
2075000 52.169174 55.516716
2076000 52.809661 55.515412
2077000 52.288574 55.513859
2078000 52.738433 55.512523
2079000 52.652988 55.511148
2080000 52.944073 55.509914
2081000 53.383944 55.508892
2082000 52.925646 55.507651
2083000 53.243410 55.506564
2084000 53.705027 55.505700
2085000 53.147713 55.504569
2086000 53.228634 55.503478
2087000 53.520761 55.502528
2088000 54.327996 55.501965
2089000 53.867501 55.501183
2090000 53.800125 55.500369
2091000 54.171594 55.499733
2092000 54.147273 55.499087
2093000 53.658901 55.498208
2094000 52.232060 55.496648
2095000 53.018566 55.495465
2096000 53.135036 55.494339
2097000 53.604514 55.493438
2098000 53.163848 55.492327
2099000 54.148540 55.491687
2100000 53.595029 55.490784
2101000 53.890381 55.490022
2102000 54.196523 55.489407
2103000 53.731210 55.488571
2104000 53.372605 55.487565
2105000 52.773788 55.486276
2106000 53.000299 55.485095
2107000 53.924704 55.484355
2108000 53.868798 55.483589
2109000 53.807320 55.482794
2110000 54.007688 55.482095
2111000 54.252748 55.481512
2112000 53.595844 55.480619
2113000 53.462601 55.479664
2114000 53.072704 55.478526
2115000 53.323417 55.477507
2116000 54.106312 55.476859
2117000 54.667643 55.476477
2118000 54.475813 55.476004
2119000 54.103530 55.475356
2120000 53.625399 55.474484
2121000 53.662905 55.473630
2122000 53.355225 55.472631
2123000 53.435530 55.471672
2124000 52.818224 55.470423
2125000 52.541924 55.469044
2126000 52.811929 55.467795
2127000 52.501048 55.466400
2128000 53.184139 55.465327
2129000 53.224119 55.464275
2130000 52.714753 55.462984
2131000 52.239316 55.461471
2132000 52.365209 55.460019
2133000 52.557587 55.458658
2134000 52.592907 55.457315
2135000 52.615192 55.455984
2136000 52.658840 55.454674
2137000 52.741481 55.453405
2138000 52.736216 55.452134
2139000 52.900959 55.450941
2140000 51.916201 55.449289
2141000 52.524226 55.447923
2142000 52.110333 55.446365
2143000 52.590233 55.445032
2144000 53.184915 55.443978
2145000 52.509886 55.442610
2146000 52.691883 55.441328
2147000 52.888998 55.440140
2148000 53.107224 55.439054
2149000 53.273897 55.438046
2150000 52.927292 55.436878
2151000 52.721110 55.435616
2152000 52.146548 55.434087
2153000 51.547396 55.432282
2154000 51.448869 55.430433
2155000 51.873602 55.428782
2156000 52.329938 55.427345
2157000 53.142216 55.426286
2158000 53.778865 55.425522
2159000 53.882720 55.424808
2160000 53.502224 55.423917
2161000 54.391063 55.423439
2162000 54.197253 55.422872
2163000 54.103050 55.422262
2164000 53.661938 55.421449
2165000 54.053990 55.420817
2166000 54.324088 55.420311
2167000 55.230930 55.420223
2168000 55.195763 55.420120
2169000 53.903347 55.419421
2170000 54.135615 55.418829
2171000 54.170546 55.418254
2172000 53.875539 55.417544
2173000 54.481239 55.417113
2174000 54.384328 55.416638
2175000 53.792815 55.415891
2176000 53.452690 55.414989
2177000 53.798884 55.414247
2178000 53.617398 55.413422
2179000 54.109527 55.412823
2180000 53.550739 55.411969
2181000 53.127000 55.410921
2182000 53.776458 55.410172
2183000 54.086867 55.409566
2184000 54.138479 55.408984
2185000 53.799995 55.408248
2186000 54.111635 55.407655
2187000 53.911263 55.406970
2188000 54.026062 55.406339
2189000 53.724178 55.405571
2190000 54.049423 55.404952
2191000 53.351340 55.404014
2192000 52.674896 55.402769
2193000 53.895548 55.402082
2194000 54.480717 55.401662
2195000 53.897091 55.400976
2196000 54.593933 55.400609
2197000 54.067701 55.400002
2198000 54.044485 55.399386
2199000 53.643443 55.398587
2200000 53.424266 55.397690
2201000 54.328975 55.397204
2202000 54.130656 55.396629
2203000 54.111114 55.396045
2204000 53.958780 55.395393
2205000 54.403947 55.394944
2206000 55.102813 55.394811
2207000 53.382447 55.393899
2208000 53.951269 55.393246
2209000 54.045941 55.392636
2210000 54.115424 55.392058
2211000 54.138679 55.391491
2212000 54.529927 55.391102
2213000 53.692439 55.390334
2214000 54.668032 55.390008
2215000 54.723730 55.389707
2216000 55.133650 55.389592
2217000 54.715643 55.389288
2218000 54.628970 55.388945
2219000 54.396898 55.388498
2220000 54.304805 55.388010
2221000 54.299960 55.387520
2222000 54.816491 55.387263
2223000 54.892900 55.387040
2224000 53.914947 55.386378
2225000 54.330136 55.385904
2226000 54.574486 55.385539
2227000 53.760085 55.384809
2228000 54.044228 55.384208
2229000 53.915902 55.383549
2230000 53.533449 55.382719
2231000 54.854926 55.382483
2232000 54.404903 55.382045
2233000 54.544578 55.381670
2234000 54.823708 55.381420
2235000 54.348030 55.380958
2236000 54.666899 55.380638
2237000 55.238099 55.380574
2238000 54.953475 55.380384
2239000 54.799325 55.380124
2240000 55.313475 55.380094
2241000 54.855859 55.379860
2242000 54.887675 55.379641
2243000 54.940195 55.379445
2244000 54.917544 55.379239
2245000 54.120442 55.378678
2246000 55.000907 55.378510
2247000 55.522016 55.378574
2248000 55.036756 55.378422
2249000 55.231739 55.378357
2250000 54.415840 55.377929
2251000 54.004980 55.377319
2252000 54.285447 55.376834
2253000 55.572100 55.376921
2254000 55.947760 55.377174
2255000 55.603811 55.377275
2256000 55.273476 55.377229
2257000 55.224074 55.377161
2258000 55.285187 55.377120
2259000 55.558082 55.377200
2260000 56.021713 55.377485
2261000 56.090168 55.377801
2262000 55.699798 55.377943
2263000 55.834060 55.378144
2264000 55.795133 55.378329
2265000 56.640958 55.378886
2266000 56.930691 55.379571
2267000 56.585066 55.380103
2268000 57.329985 55.380962
2269000 57.247028 55.381785
2270000 56.524392 55.382288
2271000 56.618277 55.382832
2272000 57.098570 55.383588
2273000 57.170868 55.384374
2274000 56.833402 55.385011
2275000 56.335163 55.385429
2276000 56.588288 55.385957
2277000 56.121643 55.386280
2278000 56.786202 55.386895
2279000 57.383912 55.387771
2280000 57.035092 55.388494
2281000 56.837002 55.389129
2282000 57.010609 55.389839
2283000 56.875887 55.390490
2284000 56.277580 55.390879
2285000 56.556924 55.391389
2286000 55.883325 55.391604
2287000 56.079996 55.391905
2288000 56.417750 55.392353
2289000 55.849868 55.392553
2290000 56.103280 55.392864
2291000 56.077413 55.393162
2292000 55.850816 55.393362
2293000 56.053629 55.393650
2294000 55.871471 55.393858
2295000 55.503616 55.393906
2296000 54.958802 55.393717
2297000 54.774209 55.393447
2298000 54.635833 55.393117
2299000 54.359436 55.392668
2300000 55.867898 55.392874
2301000 54.892679 55.392657
2302000 54.559590 55.392295
2303000 55.530999 55.392355
2304000 55.237133 55.392288
2305000 54.490350 55.391897
2306000 54.410283 55.391471
2307000 54.908988 55.391262
2308000 54.933871 55.391064
2309000 54.795108 55.390806
2310000 54.096469 55.390245
2311000 54.203258 55.389732
2312000 53.941489 55.389105
2313000 53.788895 55.388413
2314000 54.227697 55.387912
2315000 53.876911 55.387259
2316000 54.274869 55.386779
2317000 54.411626 55.386358
2318000 54.996817 55.386190
2319000 54.742411 55.385912
2320000 54.832462 55.385674
2321000 55.012687 55.385513
2322000 54.466423 55.385117
2323000 53.564514 55.384333
2324000 54.440064 55.383927
2325000 54.074294 55.383364
2326000 54.299551 55.382898
2327000 54.078149 55.382337
2328000 54.258864 55.381855
2329000 54.233212 55.381361
2330000 54.128163 55.380824
2331000 53.940703 55.380206
2332000 53.668002 55.379471
2333000 54.146860 55.378943
2334000 54.278267 55.378472
2335000 54.280386 55.378001
2336000 54.557900 55.377650
2337000 54.359098 55.377214
2338000 54.683537 55.376918
2339000 54.914576 55.376720
2340000 55.068358 55.376588
2341000 54.526739 55.376225
2342000 54.506083 55.375854
2343000 54.202022 55.375353
2344000 54.094036 55.374806
2345000 54.448625 55.374411
2346000 54.187305 55.373905
2347000 53.854126 55.373258
2348000 54.422739 55.372853
2349000 53.984398 55.372262
2350000 54.191908 55.371759
2351000 54.432094 55.371360
2352000 54.365924 55.370932
2353000 53.997230 55.370348
2354000 54.768811 55.370093
2355000 54.426605 55.369692
2356000 54.185022 55.369189
2357000 53.783092 55.368516
2358000 54.517541 55.368156
2359000 54.050014 55.367597
2360000 54.180508 55.367094
2361000 54.204407 55.366601
2362000 53.936203 55.365996
2363000 54.583445 55.365665
2364000 54.562285 55.365325
2365000 54.660403 55.365027
2366000 54.241182 55.364552
2367000 54.108532 55.364021
2368000 54.293989 55.363569
2369000 54.729780 55.363302
2370000 54.505149 55.362940
2371000 54.423851 55.362543
2372000 54.592244 55.362219
2373000 54.717735 55.361947
2374000 54.192048 55.361454
2375000 54.839686 55.361235
2376000 54.571762 55.360902
2377000 54.182031 55.360406
2378000 53.860594 55.359776
2379000 53.793939 55.359118
2380000 54.251642 55.358652
2381000 54.868196 55.358446
2382000 54.636434 55.358143
2383000 54.163601 55.357642
2384000 53.965979 55.357058
2385000 54.768171 55.356811
2386000 54.155982 55.356308
2387000 54.126812 55.355793
2388000 54.390948 55.355389
2389000 54.727532 55.355126
2390000 55.362010 55.355129
2391000 54.448188 55.354750
2392000 54.414940 55.354357
2393000 55.324797 55.354344
2394000 54.369775 55.353933
2395000 54.587310 55.353613
2396000 55.040244 55.353482
2397000 55.303255 55.353461
2398000 54.903455 55.353274
2399000 54.553722 55.352940
2400000 54.401985 55.352544
2401000 54.594004 55.352228
2402000 54.470625 55.351861
2403000 54.703560 55.351591
2404000 55.207652 55.351531
2405000 55.326163 55.351521
2406000 54.976523 55.351365
2407000 55.499922 55.351427
2408000 55.476495 55.351479
2409000 54.607232 55.351170
2410000 56.624052 55.351698
2411000 55.827257 55.351895
2412000 56.089835 55.352201
2413000 55.258931 55.352162
2414000 55.333850 55.352155
2415000 55.269296 55.352120
2416000 55.023978 55.351985
2417000 54.996965 55.351838
2418000 55.130653 55.351746
2419000 56.257655 55.352121
2420000 56.143724 55.352448
2421000 56.250875 55.352819
2422000 56.391126 55.353248
2423000 56.525480 55.353731
2424000 56.464379 55.354190
2425000 55.975252 55.354446
2426000 55.881145 55.354663
2427000 55.266816 55.354627
2428000 55.194128 55.354561
2429000 55.464714 55.354606
2430000 55.290742 55.354580
2431000 56.534728 55.355065
2432000 56.150834 55.355392
2433000 56.153135 55.355720
2434000 56.844793 55.356332
2435000 56.557318 55.356825
2436000 56.693135 55.357374
2437000 56.714877 55.357931
2438000 56.361082 55.358342
2439000 57.190394 55.359093
2440000 56.753483 55.359665
2441000 56.796775 55.360254
2442000 56.282657 55.360631
2443000 56.418568 55.361064
2444000 56.484995 55.361524
2445000 56.841432 55.362130
2446000 56.596979 55.362634
2447000 56.287710 55.363012
2448000 56.136878 55.363329
2449000 56.830229 55.363928
2450000 56.824597 55.364524
2451000 56.549443 55.365007
2452000 56.478214 55.365461
2453000 56.287545 55.365837
2454000 56.410501 55.366263
2455000 56.096372 55.366560
2456000 55.379469 55.366565
2457000 55.881641 55.366775
2458000 55.848558 55.366971
2459000 56.110864 55.367274
2460000 55.707650 55.367412
2461000 55.749621 55.367567
2462000 55.535987 55.367636
2463000 56.383701 55.368048
2464000 56.219689 55.368394
2465000 56.167149 55.368718
2466000 55.972834 55.368963
2467000 56.034605 55.369233
2468000 56.245940 55.369588
2469000 56.838287 55.370183
2470000 55.523093 55.370245
2471000 54.846366 55.370033
2472000 55.247636 55.369983
2473000 55.933331 55.370211
2474000 55.956859 55.370448
2475000 56.723126 55.370995
2476000 56.073445 55.371278
2477000 56.236832 55.371628
2478000 55.332130 55.371612
2479000 55.880610 55.371817
2480000 55.618298 55.371917
2481000 55.444504 55.371946
2482000 56.387702 55.372355
2483000 56.194454 55.372686
2484000 56.457418 55.373123
2485000 56.616571 55.373623
2486000 56.972141 55.374266
2487000 56.606977 55.374762
2488000 56.760261 55.375319
2489000 56.934141 55.375945
2490000 57.369115 55.376745
2491000 56.980424 55.377389
2492000 57.078614 55.378072
2493000 56.518395 55.378529
2494000 57.470254 55.379368
2495000 57.411418 55.380183
2496000 57.419741 55.381000
2497000 57.091126 55.381685
2498000 56.671950 55.382201
2499000 57.183148 55.382922
2500000 56.962767 55.383554
2501000 57.150065 55.384260
2502000 57.358517 55.385049
2503000 56.799928 55.385614
2504000 57.669617 55.386526
2505000 57.042385 55.387187
2506000 56.955402 55.387813
2507000 56.365469 55.388203
2508000 57.049600 55.388866
2509000 57.280415 55.389620
2510000 56.630440 55.390114
2511000 57.211371 55.390839
2512000 56.194331 55.391159
2513000 56.278269 55.391512
2514000 56.563586 55.391978
2515000 57.021296 55.392626
2516000 56.895159 55.393223
2517000 56.270823 55.393572
2518000 56.708360 55.394094
2519000 57.528128 55.394941
2520000 56.268170 55.395288
2521000 55.933013 55.395501
2522000 57.170756 55.396205
2523000 56.693421 55.396719
2524000 57.501316 55.397553
2525000 57.425465 55.398356
2526000 57.157749 55.399053
2527000 56.609436 55.399532
2528000 56.789934 55.400082
2529000 56.376787 55.400468
2530000 55.687984 55.400582
2531000 57.117336 55.401260
2532000 57.046546 55.401910
2533000 57.213155 55.402625
2534000 56.954979 55.403237
2535000 57.880195 55.404214
2536000 56.638817 55.404701
2537000 56.045365 55.404954
2538000 56.649707 55.405444
2539000 56.731296 55.405966
2540000 56.302236 55.406319
2541000 56.781788 55.406861
2542000 56.192938 55.407170
2543000 56.793787 55.407715
2544000 56.228349 55.408038
2545000 56.122719 55.408318
2546000 56.406552 55.408711
2547000 55.970861 55.408931
2548000 56.031413 55.409176
2549000 55.434936 55.409186
2550000 55.686029 55.409294
2551000 55.414839 55.409296
2552000 55.651847 55.409391
2553000 55.886167 55.409578
2554000 56.098864 55.409848
2555000 56.625642 55.410324
2556000 56.398617 55.410711
2557000 57.105407 55.411373
2558000 56.921289 55.411964
2559000 56.060999 55.412217
2560000 57.351785 55.412975
2561000 56.833304 55.413530
2562000 57.522782 55.414353
2563000 56.444659 55.414755
2564000 56.439295 55.415154
2565000 56.624015 55.415626
2566000 56.977989 55.416235
2567000 57.184093 55.416923
2568000 57.076830 55.417570
2569000 56.481835 55.417984
2570000 56.799803 55.418522
2571000 56.850330 55.419078
2572000 57.722858 55.419974
2573000 57.357051 55.420727
2574000 57.566383 55.421561
2575000 57.588311 55.422402
2576000 57.089640 55.423049
2577000 57.479660 55.423847
2578000 57.275540 55.424566
2579000 57.283378 55.425286
2580000 57.612252 55.426134
2581000 57.014793 55.426750
2582000 56.923523 55.427329
2583000 57.981613 55.428318
2584000 57.580650 55.429151
2585000 57.628593 55.430002
2586000 57.484460 55.430796
2587000 57.002036 55.431404
2588000 56.727368 55.431904
2589000 56.180230 55.432194
2590000 56.883602 55.432754
2591000 56.287868 55.433084
2592000 56.688446 55.433568
2593000 57.465125 55.434352
2594000 56.712259 55.434844
2595000 58.545301 55.436043
2596000 58.358523 55.437169
2597000 58.888952 55.438498
2598000 58.705351 55.439755
2599000 58.960741 55.441110
2600000 58.608637 55.442328
2601000 58.514453 55.443510
2602000 57.930479 55.444465
2603000 59.169986 55.445897
2604000 58.679212 55.447138
2605000 58.673514 55.448377
2606000 58.444196 55.449526
2607000 57.992809 55.450502
2608000 58.045509 55.451497
2609000 58.434392 55.452640
2610000 59.433718 55.454166
2611000 59.438811 55.455692
2612000 59.613923 55.457284
2613000 60.149012 55.459079
2614000 59.802488 55.460741
2615000 59.799399 55.462400
2616000 59.606319 55.463984
2617000 59.562867 55.465550
2618000 59.426808 55.467063
2619000 59.461614 55.468589
2620000 59.699028 55.470203
2621000 59.426211 55.471713
2622000 59.324268 55.473182
2623000 59.633481 55.474768
2624000 59.993400 55.476490
2625000 59.596440 55.478059
2626000 59.303391 55.479516
2627000 60.216336 55.481319
2628000 60.548389 55.483247
2629000 60.908248 55.485311
2630000 60.493821 55.487215
2631000 60.269511 55.489033
2632000 60.396830 55.490898
2633000 60.087812 55.492644
2634000 60.556502 55.494566
2635000 60.648807 55.496522
2636000 61.123716 55.498657
2637000 61.489464 55.500929
2638000 61.370024 55.503154
2639000 60.561037 55.505070
2640000 60.253116 55.506869
2641000 60.988334 55.508944
2642000 59.653680 55.510513
2643000 60.205730 55.512289
2644000 59.957742 55.513971
2645000 59.921186 55.515637
2646000 59.827413 55.517267
2647000 60.588483 55.519182
2648000 60.659959 55.521124
2649000 60.433397 55.522978
2650000 60.594330 55.524892
2651000 60.319237 55.526700
2652000 59.868057 55.528337
2653000 59.739946 55.529925
2654000 59.922668 55.531580
2655000 60.622584 55.533498
2656000 61.206203 55.535633
2657000 59.855743 55.537259
2658000 60.866365 55.539264
2659000 59.837174 55.540881
2660000 59.912712 55.542524
2661000 60.149124 55.544255
2662000 59.796186 55.545853
2663000 59.486480 55.547332
2664000 60.144929 55.549058
2665000 60.649931 55.550972
2666000 60.720056 55.552911
2667000 61.391221 55.555100
2668000 60.298411 55.556878
2669000 60.743163 55.558821
2670000 60.839153 55.560799
2671000 60.482282 55.562641
2672000 60.507323 55.564492
2673000 60.012378 55.566156
2674000 60.034711 55.567827
2675000 60.660971 55.569731
2676000 60.578799 55.571603
2677000 59.819620 55.573190
2678000 59.939372 55.574820
2679000 59.324520 55.576220
2680000 58.821996 55.577431
2681000 58.740913 55.578611
2682000 58.821746 55.579820
2683000 58.904563 55.581059
2684000 58.454950 55.582130
2685000 59.443430 55.583568
2686000 59.109310 55.584881
2687000 59.263323 55.586250
2688000 59.408541 55.587672
2689000 58.738785 55.588844
2690000 59.553360 55.590317
2691000 58.830060 55.591521
2692000 59.237892 55.592876
2693000 59.657851 55.594385
2694000 59.202458 55.595725
2695000 59.525846 55.597183
2696000 59.274068 55.598547
2697000 58.943133 55.599787
2698000 58.450384 55.600843
2699000 58.638088 55.601969
2700000 58.974329 55.603218
2701000 58.842482 55.604417
2702000 59.663514 55.605919
2703000 59.639779 55.607412
2704000 60.549802 55.609239
2705000 60.695989 55.611120
2706000 60.552214 55.612946
2707000 59.791067 55.614489
2708000 60.237042 55.616196
2709000 60.234704 55.617901
2710000 60.169991 55.619581
2711000 59.807305 55.621126
2712000 60.319305 55.622858
2713000 59.810231 55.624401
2714000 59.607471 55.625869
2715000 60.187431 55.627549
2716000 59.929961 55.629133
2717000 60.494923 55.630924
2718000 60.431792 55.632691
2719000 60.183573 55.634364
2720000 59.283312 55.635706
2721000 59.932355 55.637285
2722000 59.720313 55.638785
2723000 59.547161 55.640220
2724000 59.597010 55.641673
2725000 59.387628 55.643047
2726000 60.136942 55.644696
2727000 59.869915 55.646245
2728000 59.635850 55.647708
2729000 59.895881 55.649264
2730000 59.912998 55.650826
2731000 59.704169 55.652310
2732000 59.031653 55.653547
2733000 59.835507 55.655078
2734000 59.804192 55.656595
2735000 60.097260 55.658219
2736000 59.589137 55.659656
2737000 59.834380 55.661181
2738000 58.517579 55.662224
2739000 59.261078 55.663538
2740000 59.502172 55.664939
2741000 59.396944 55.666301
2742000 59.232495 55.667601
2743000 59.747508 55.669089
2744000 59.592313 55.670518
2745000 59.195123 55.671802
2746000 59.591010 55.673230
2747000 59.451234 55.674605
2748000 58.733303 55.675718
2749000 59.138664 55.676978
2750000 58.750958 55.678095
2751000 58.453176 55.679104
2752000 58.812439 55.680243
2753000 58.746936 55.681357
2754000 57.579662 55.682046
2755000 57.358155 55.682654
2756000 56.882825 55.683090
2757000 56.657572 55.683443
2758000 57.255181 55.684013
2759000 57.307546 55.684602
2760000 58.264498 55.685536
2761000 58.367759 55.686508
2762000 58.731449 55.687610
2763000 58.822245 55.688745
2764000 58.293048 55.689687
2765000 58.010980 55.690527
2766000 57.898411 55.691325
2767000 57.690298 55.692047
2768000 57.582404 55.692730
2769000 57.883067 55.693521
2770000 57.866425 55.694306
2771000 57.698007 55.695029
2772000 58.190154 55.695929
2773000 58.117423 55.696802
2774000 58.057321 55.697653
2775000 57.745131 55.698391
2776000 57.581575 55.699069
2777000 57.654118 55.699773
2778000 56.782805 55.700163
2779000 56.926121 55.700604
2780000 57.294100 55.701177
2781000 57.427604 55.701798
2782000 57.239048 55.702351
2783000 57.541713 55.703012
2784000 57.737478 55.703742
2785000 57.615622 55.704429
2786000 57.734180 55.705158
2787000 57.597594 55.705837
2788000 57.725585 55.706561
2789000 57.832051 55.707323
2790000 57.579851 55.707994
2791000 56.983050 55.708451
2792000 57.284340 55.709016
2793000 56.722654 55.709378
2794000 56.475780 55.709653
2795000 56.266018 55.709852
2796000 55.628121 55.709823
2797000 56.088693 55.709958
2798000 56.550787 55.710259
2799000 56.979769 55.710712
2800000 56.685341 55.711060
2801000 56.537024 55.711355
2802000 56.327416 55.711575
2803000 55.780899 55.711600
2804000 55.590825 55.711557
2805000 56.468662 55.711827
2806000 57.283622 55.712387
2807000 57.329803 55.712963
2808000 57.172334 55.713483
2809000 57.180277 55.714005
2810000 57.100406 55.714498
2811000 57.180693 55.715020
2812000 57.222580 55.715556
2813000 57.189819 55.716080
2814000 57.538636 55.716728
2815000 57.891844 55.717500
2816000 57.358174 55.718083
2817000 56.917038 55.718509
2818000 57.194328 55.719032
2819000 57.218570 55.719564
2820000 57.388588 55.720156
2821000 57.000977 55.720610
2822000 56.871624 55.721018
2823000 57.424409 55.721621
2824000 57.349526 55.722198
2825000 57.792628 55.722931
2826000 57.552887 55.723578
2827000 57.480542 55.724200
2828000 57.718278 55.724905
2829000 57.339234 55.725475
2830000 58.743783 55.726542
2831000 58.277934 55.727443
2832000 58.331918 55.728363
2833000 59.211469 55.729592
2834000 58.399552 55.730535
2835000 59.000343 55.731688
2836000 59.161343 55.732897
2837000 58.828141 55.733988
2838000 58.736013 55.735046
2839000 58.330756 55.735960
2840000 58.833862 55.737051
2841000 58.376645 55.737980
2842000 58.782561 55.739052
2843000 58.715316 55.740098
2844000 58.382261 55.741027
2845000 58.010421 55.741825
2846000 58.444807 55.742775
2847000 58.907802 55.743887
2848000 59.561883 55.745227
2849000 59.980736 55.746714
2850000 60.723451 55.748460
2851000 59.996239 55.749950
2852000 60.670174 55.751675
2853000 59.937514 55.753142
2854000 59.204020 55.754351
2855000 59.597855 55.755698
2856000 59.796564 55.757113
2857000 59.788007 55.758523
2858000 60.654660 55.760237
2859000 61.517752 55.762250
2860000 60.985085 55.764077
2861000 61.523607 55.766090
2862000 60.987879 55.767914
2863000 60.330117 55.769508
2864000 60.195005 55.771053
2865000 60.436530 55.772681
2866000 60.061093 55.774178
2867000 60.627093 55.775870
2868000 60.969782 55.777681
2869000 60.683652 55.779391
2870000 60.390642 55.780998
2871000 59.758639 55.782384
2872000 59.741617 55.783762
2873000 59.465776 55.785044
2874000 59.940795 55.786490
2875000 60.108795 55.787993
2876000 60.910337 55.789774
2877000 60.992925 55.791583
2878000 60.601371 55.793254
2879000 60.069092 55.794739
2880000 60.898913 55.796511
2881000 60.413764 55.798114
2882000 60.962677 55.799906
2883000 61.157527 55.801764
2884000 61.357256 55.803691
2885000 61.940575 55.805818
2886000 62.080561 55.807992
2887000 61.753349 55.810051
2888000 62.840692 55.812486
2889000 62.195973 55.814695
2890000 63.072374 55.817207
2891000 63.403878 55.819831
2892000 63.434425 55.822464
2893000 63.278642 55.825041
2894000 63.450402 55.827676
2895000 63.872811 55.830455
2896000 63.493830 55.833101
2897000 63.280243 55.835672
2898000 63.725268 55.838394
2899000 63.823874 55.841149
2900000 63.315122 55.843726
2901000 63.660706 55.846421
2902000 61.843254 55.848487
2903000 62.736831 55.850860
2904000 62.887238 55.853283
2905000 62.179220 55.855461
2906000 61.872046 55.857531
2907000 61.858224 55.859595
2908000 63.762473 55.862313
2909000 62.794991 55.864696
2910000 62.020327 55.866811
2911000 62.851301 55.869211
2912000 62.476501 55.871480
2913000 62.213374 55.873657
2914000 62.708794 55.876002
2915000 62.270678 55.878196
2916000 62.351364 55.880416
2917000 62.276021 55.882609
2918000 63.087060 55.885078
2919000 62.513438 55.887348
2920000 62.585310 55.889642
2921000 62.788795 55.892004
2922000 62.205761 55.894165
2923000 62.680306 55.896486
2924000 61.766764 55.898494
2925000 61.914004 55.900551
2926000 62.537996 55.902819
2927000 61.481068 55.904725
2928000 60.809910 55.906400
2929000 61.267875 55.908231
2930000 61.515507 55.910144
2931000 60.823150 55.911821
2932000 61.635634 55.913773
2933000 62.138087 55.915895
2934000 61.138111 55.917675
2935000 61.614420 55.919616
2936000 61.658572 55.921571
2937000 62.221021 55.923715
2938000 60.921020 55.925416
2939000 60.978391 55.927136
2940000 60.613331 55.928730
2941000 60.141642 55.930162
2942000 60.904238 55.931853
2943000 60.923327 55.933549
2944000 60.534766 55.935112
2945000 60.766455 55.936752
2946000 60.609126 55.938338
2947000 61.413523 55.940196
2948000 60.755216 55.941829
2949000 61.117953 55.943585
2950000 60.517446 55.945135
2951000 60.704917 55.946748
2952000 60.508731 55.948293
2953000 61.499594 55.950173
2954000 61.924267 55.952196
2955000 61.593539 55.954105
2956000 61.184777 55.955874
2957000 61.638800 55.957796
2958000 61.414275 55.959641
2959000 62.056789 55.961701
2960000 61.773998 55.963665
2961000 60.706932 55.965267
2962000 61.022446 55.966974
2963000 61.218235 55.968746
2964000 60.557370 55.970295
2965000 60.582830 55.971850
2966000 60.507771 55.973380
2967000 60.847897 55.975022
2968000 61.294561 55.976815
2969000 62.215270 55.978916
2970000 62.758471 55.981199
2971000 62.535231 55.983405
2972000 62.200375 55.985496
2973000 62.397908 55.987653
2974000 62.604993 55.989878
2975000 63.102267 55.992269
2976000 62.929650 55.994600
2977000 62.692864 55.996850
2978000 62.360807 55.998987
2979000 62.092044 56.001033
2980000 61.793564 56.002976
2981000 62.839923 56.005270
2982000 61.926619 56.007256
2983000 61.765064 56.009186
2984000 60.873971 56.010816
2985000 60.889171 56.012450
2986000 61.185913 56.014183
2987000 61.038434 56.015865
2988000 60.765355 56.017455
2989000 60.869513 56.019078
2990000 61.868698 56.021034
2991000 61.555300 56.022885
2992000 62.158636 56.024935
2993000 62.375521 56.027057
2994000 62.117072 56.029091
2995000 62.879095 56.031378
2996000 61.735828 56.033282
2997000 62.261509 56.035360
2998000 61.993614 56.037348
2999000 62.772557 56.039594
3000000 62.408865 56.041717
