1000 -0.082706 -0.082706
2000 -0.109302 -0.096004
3000 -0.102401 -0.098136
4000 -0.113386 -0.101949
5000 -0.097868 -0.101133
6000 -0.104415 -0.101680
7000 -0.078446 -0.098361
8000 -0.088587 -0.097139
9000 -0.103740 -0.097872
10000 -0.099761 -0.098061
11000 -0.068716 -0.095393
12000 -0.068244 -0.093131
13000 -0.070975 -0.091427
14000 -0.077247 -0.090414
15000 -0.078604 -0.089626
16000 -0.079806 -0.089013
17000 -0.066589 -0.087694
18000 -0.101157 -0.088442
19000 -0.071841 -0.087568
20000 -0.070873 -0.086733
21000 -0.089058 -0.086844
22000 -0.080661 -0.086563
23000 -0.096105 -0.086978
24000 -0.080347 -0.086701
25000 -0.083617 -0.086578
26000 -0.108100 -0.087406
27000 -0.104487 -0.088038
28000 -0.090689 -0.088133
29000 -0.092966 -0.088300
30000 -0.093285 -0.088466
31000 -0.086364 -0.088398
32000 -0.097013 -0.088667
33000 -0.107413 -0.089235
34000 -0.091596 -0.089305
35000 -0.066759 -0.088661
36000 -0.065999 -0.088031
37000 -0.097120 -0.088277
38000 -0.083273 -0.088145
39000 -0.047595 -0.087105
40000 -0.069239 -0.086659
41000 -0.048603 -0.085731
42000 -0.045022 -0.084761
43000 -0.052066 -0.084001
44000 -0.068316 -0.083644
45000 -0.077134 -0.083500
46000 -0.075964 -0.083336
47000 -0.052581 -0.082682
48000 -0.048873 -0.081977
49000 -0.056240 -0.081452
50000 -0.044870 -0.080720
51000 -0.045454 -0.080029
52000 -0.054117 -0.079531
53000 -0.059952 -0.079161
54000 -0.058298 -0.078775
55000 -0.053028 -0.078307
56000 -0.045894 -0.077728
57000 -0.059771 -0.077413
58000 -0.054263 -0.077014
59000 -0.056442 -0.076665
60000 -0.075379 -0.076644
61000 -0.055615 -0.076299
62000 -0.068710 -0.076176
63000 -0.047882 -0.075727
64000 -0.076242 -0.075735
65000 -0.097683 -0.076073
66000 -0.075612 -0.076066
67000 -0.080812 -0.076137
68000 -0.087634 -0.076306
69000 -0.089962 -0.076504
70000 -0.063602 -0.076320
71000 -0.083126 -0.076415
72000 -0.049807 -0.076046
73000 -0.052076 -0.075718
74000 -0.067321 -0.075604
75000 -0.061025 -0.075410
76000 -0.067465 -0.075305
77000 -0.061743 -0.075129
78000 -0.067929 -0.075037
79000 -0.074984 -0.075036
80000 -0.046233 -0.074676
81000 -0.069602 -0.074613
82000 -0.053844 -0.074360
83000 -0.030632 -0.073833
84000 -0.026416 -0.073269
85000 -0.033283 -0.072798
86000 -0.027827 -0.072275
87000 0.003102 -0.071409
88000 -0.020525 -0.070831
89000 -0.011481 -0.070164
90000 -0.014044 -0.069540
91000 -0.017417 -0.068968
92000 -0.016522 -0.068397
93000 -0.010139 -0.067771
94000 -0.017533 -0.067237
95000 -0.026004 -0.066803
96000 -0.008810 -0.066198
97000 -0.011477 -0.065634
98000 -0.010412 -0.065071
99000 -0.005782 -0.064472
100000 -0.034783 -0.064175
101000 -0.005784 -0.063597
102000 -0.008545 -0.063057
103000 -0.019885 -0.062638
104000 -0.029804 -0.062322
105000 -0.040531 -0.062115
106000 -0.039985 -0.061906
107000 -0.044955 -0.061748
108000 -0.055326 -0.061688
109000 -0.069010 -0.061755
110000 -0.067037 -0.061803
111000 -0.048927 -0.061687
112000 -0.064465 -0.061712
113000 -0.071334 -0.061797
114000 -0.064605 -0.061822
115000 -0.048914 -0.061710
116000 -0.058627 -0.061683
117000 -0.060169 -0.061670
118000 -0.045688 -0.061535
119000 -0.045764 -0.061402
120000 -0.039950 -0.061223
121000 -0.049832 -0.061129
122000 -0.044031 -0.060989
123000 -0.028031 -0.060721
124000 -0.049392 -0.060630
125000 -0.047309 -0.060523
126000 -0.035355 -0.060324
127000 -0.045239 -0.060205
128000 -0.030237 -0.059971
129000 -0.053630 -0.059921
130000 -0.045498 -0.059811
131000 -0.035319 -0.059624
132000 -0.041709 -0.059488
133000 -0.034455 -0.059300
134000 -0.047137 -0.059209
135000 -0.038221 -0.059053
136000 -0.041102 -0.058921
137000 -0.037656 -0.058766
138000 -0.023509 -0.058511
139000 -0.034408 -0.058337
140000 -0.050174 -0.058279
141000 -0.051976 -0.058234
142000 -0.030346 -0.058038
143000 -0.026601 -0.057818
144000 -0.020814 -0.057561
145000 -0.024154 -0.057331
146000 -0.006013 -0.056979
147000 -0.023014 -0.056748
148000 -0.031820 -0.056580
149000 -0.011184 -0.056275
150000 -0.029735 -0.056098
151000 -0.015019 -0.055826
152000 -0.014556 -0.055555
153000 -0.023578 -0.055346
154000 0.006295 -0.054945
155000 -0.010619 -0.054659
156000 -0.014472 -0.054402
157000 -0.020702 -0.054187
158000 -0.036629 -0.054076
159000 -0.011085 -0.053806
160000 -0.008008 -0.053519
161000 -0.010425 -0.053252
162000 -0.025086 -0.053078
163000 -0.026790 -0.052916
164000 -0.018334 -0.052706
165000 -0.010318 -0.052449
166000 0.003703 -0.052110
167000 0.011302 -0.051731
168000 0.000435 -0.051420
169000 -0.003867 -0.051139
170000 -0.020529 -0.050959
171000 -0.038826 -0.050888
172000 -0.012379 -0.050664
173000 -0.021959 -0.050498
174000 -0.057116 -0.050536
175000 -0.042892 -0.050492
176000 -0.039148 -0.050428
177000 -0.042742 -0.050385
178000 -0.050777 -0.050387
179000 -0.035395 -0.050303
180000 -0.016764 -0.050117
181000 -0.057210 -0.050156
182000 -0.045536 -0.050130
183000 -0.036107 -0.050054
184000 -0.027949 -0.049934
185000 -0.017982 -0.049761
186000 -0.038867 -0.049702
187000 -0.040265 -0.049652
188000 -0.021218 -0.049501
189000 -0.016096 -0.049324
190000 -0.020020 -0.049170
191000 -0.010665 -0.048968
192000 -0.029638 -0.048867
193000 -0.025254 -0.048745
194000 -0.026645 -0.048631
195000 -0.013052 -0.048449
196000 -0.013587 -0.048271
197000 0.007082 -0.047990
198000 -0.017358 -0.047835
199000 -0.004843 -0.047619
200000 -0.019520 -0.047479
201000 0.007470 -0.047205
202000 -0.007829 -0.047010
203000 0.005686 -0.046751
204000 -0.001434 -0.046529
205000 0.021919 -0.046195
206000 -0.007229 -0.046006
207000 -0.008299 -0.045823
208000 -0.014916 -0.045675
209000 -0.001308 -0.045463
210000 -0.033090 -0.045404
211000 -0.013198 -0.045251
212000 -0.010268 -0.045086
213000 -0.055328 -0.045134
214000 -0.012644 -0.044982
215000 -0.012437 -0.044831
216000 -0.012581 -0.044682
217000 -0.013746 -0.044539
218000 -0.035611 -0.044498
219000 -0.003987 -0.044313
220000 -0.010337 -0.044159
221000 0.004426 -0.043939
222000 -0.022015 -0.043840
223000 -0.038219 -0.043815
224000 -0.053538 -0.043858
225000 -0.063914 -0.043947
226000 -0.050202 -0.043975
227000 -0.049740 -0.044000
228000 -0.056781 -0.044056
229000 -0.052080 -0.044092
230000 -0.049985 -0.044117
231000 -0.045736 -0.044124
232000 -0.033664 -0.044079
233000 -0.031370 -0.044025
234000 -0.028824 -0.043960
235000 -0.031275 -0.043906
236000 -0.039602 -0.043887
237000 -0.035304 -0.043851
238000 -0.033121 -0.043806
239000 -0.038996 -0.043786
240000 -0.043750 -0.043786
241000 -0.046217 -0.043796
242000 -0.030500 -0.043741
243000 -0.040997 -0.043730
244000 -0.030681 -0.043676
245000 -0.018105 -0.043572
246000 -0.034256 -0.043534
247000 -0.043993 -0.043536
248000 -0.037507 -0.043511
249000 -0.043951 -0.043513
250000 -0.044402 -0.043517
251000 -0.046382 -0.043528
252000 -0.051728 -0.043561
253000 -0.051455 -0.043592
254000 -0.047784 -0.043608
255000 -0.055656 -0.043656
256000 -0.065059 -0.043739
257000 -0.052442 -0.043773
258000 -0.066118 -0.043860
259000 -0.055174 -0.043903
260000 -0.064362 -0.043982
261000 -0.054843 -0.044024
262000 -0.057498 -0.044075
263000 -0.045277 -0.044080
264000 -0.037723 -0.044056
265000 -0.025313 -0.043985
266000 -0.043761 -0.043984
267000 -0.046109 -0.043992
268000 -0.057556 -0.044043
269000 -0.058041 -0.044095
270000 -0.061668 -0.044160
271000 -0.031973 -0.044115
272000 -0.023305 -0.044038
273000 -0.042955 -0.044034
274000 -0.034877 -0.044001
275000 -0.034860 -0.043968
276000 -0.044792 -0.043971
277000 -0.042575 -0.043966
278000 -0.044523 -0.043968
279000 -0.039343 -0.043951
280000 -0.056860 -0.043997
281000 -0.050497 -0.044020
282000 -0.041294 -0.044011
283000 -0.038409 -0.043991
284000 -0.034062 -0.043956
285000 -0.042365 -0.043950
286000 -0.043599 -0.043949
287000 -0.032840 -0.043910
288000 -0.027717 -0.043854
289000 -0.042829 -0.043851
290000 -0.041475 -0.043842
291000 -0.036406 -0.043817
292000 -0.038207 -0.043798
293000 -0.025473 -0.043735
294000 -0.030329 -0.043689
295000 -0.031887 -0.043649
296000 -0.030767 -0.043606
297000 -0.027075 -0.043550
298000 -0.025485 -0.043490
299000 -0.001759 -0.043350
300000 -0.019673 -0.043271
301000 -0.008713 -0.043156
302000 -0.009345 -0.043044
303000 -0.018024 -0.042962
304000 -0.000144 -0.042821
305000 0.004884 -0.042665
306000 -0.003893 -0.042538
307000 -0.009623 -0.042431
308000 -0.001853 -0.042299
309000 -0.009323 -0.042192
310000 -0.011020 -0.042092
311000 -0.004608 -0.041971
312000 -0.024892 -0.041916
313000 -0.006043 -0.041802
314000 -0.015706 -0.041719
315000 -0.019682 -0.041649
316000 -0.009084 -0.041546
317000 -0.028232 -0.041504
318000 -0.018467 -0.041431
319000 -0.044765 -0.041442
320000 -0.024681 -0.041389
321000 -0.019704 -0.041322
322000 -0.009576 -0.041223
323000 -0.000924 -0.041098
324000 -0.035530 -0.041081
325000 -0.014308 -0.040999
326000 -0.018623 -0.040930
327000 -0.007680 -0.040828
328000 -0.034708 -0.040810
329000 -0.020535 -0.040748
330000 0.004523 -0.040611
331000 -0.027492 -0.040571
332000 -0.030260 -0.040540
333000 -0.029465 -0.040507
334000 -0.023252 -0.040455
335000 -0.033594 -0.040435
336000 -0.021541 -0.040379
337000 -0.005896 -0.040276
338000 0.007337 -0.040135
339000 0.020934 -0.039955
340000 0.016585 -0.039789
341000 -0.001730 -0.039677
342000 0.021412 -0.039499
343000 0.036805 -0.039276
344000 0.016225 -0.039115
345000 0.031939 -0.038909
346000 0.039292 -0.038683
347000 0.000324 -0.038571
348000 0.005633 -0.038444
349000 0.014031 -0.038293
350000 0.018442 -0.038131
351000 0.029768 -0.037938
352000 0.010153 -0.037801
353000 0.030725 -0.037607
354000 0.022023 -0.037439
355000 0.033885 -0.037238
356000 0.047929 -0.036998
357000 0.043020 -0.036774
358000 0.060223 -0.036503
359000 0.028307 -0.036323
360000 0.042833 -0.036103
361000 0.014576 -0.035963
362000 0.004678 -0.035850
363000 0.014842 -0.035711
364000 0.022967 -0.035549
365000 0.029425 -0.035371
366000 0.039820 -0.035166
367000 0.032260 -0.034982
368000 0.014635 -0.034847
369000 0.023446 -0.034689
370000 0.023159 -0.034533
371000 0.028322 -0.034364
372000 0.020437 -0.034216
373000 0.017851 -0.034077
374000 0.027255 -0.033913
375000 0.015684 -0.033780
376000 0.030840 -0.033609
377000 0.017849 -0.033472
378000 0.027887 -0.033310
379000 0.016209 -0.033179
380000 0.020781 -0.033037
381000 0.014985 -0.032911
382000 -0.017793 -0.032872
383000 -0.002080 -0.032791
384000 0.008645 -0.032683
385000 -0.036432 -0.032693
386000 0.033103 -0.032523
387000 -0.016108 -0.032480
388000 -0.005566 -0.032411
389000 0.000993 -0.032325
390000 -0.013594 -0.032277
391000 0.001067 -0.032192
392000 -0.015968 -0.032150
393000 -0.005795 -0.032083
394000 -0.007477 -0.032021
395000 -0.034410 -0.032027
396000 -0.049635 -0.032071
397000 -0.030247 -0.032067
398000 -0.033540 -0.032070
399000 -0.025968 -0.032055
400000 -0.013745 -0.032009
401000 -0.026988 -0.031997
402000 -0.026286 -0.031982
403000 -0.040468 -0.032004
404000 -0.020064 -0.031974
405000 -0.004033 -0.031905
406000 -0.028106 -0.031896
407000 -0.019997 -0.031866
408000 -0.029138 -0.031860
409000 -0.002096 -0.031787
410000 -0.020367 -0.031759
411000 -0.010789 -0.031708
412000 0.007740 -0.031612
413000 -0.012247 -0.031565
414000 -0.010069 -0.031514
415000 -0.015559 -0.031475
416000 -0.024867 -0.031459
417000 -0.010240 -0.031408
418000 -0.014471 -0.031368
419000 -0.011331 -0.031320
420000 -0.008517 -0.031266
421000 0.017487 -0.031150
422000 0.004003 -0.031067
423000 -0.016849 -0.031033
424000 -0.003648 -0.030968
425000 0.011241 -0.030869
426000 0.004506 -0.030786
427000 0.002543 -0.030708
428000 -0.000711 -0.030638
429000 0.027614 -0.030502
430000 0.008887 -0.030410
431000 0.017486 -0.030299
432000 0.022063 -0.030178
433000 0.010853 -0.030083
434000 0.036368 -0.029930
435000 0.036119 -0.029778
436000 0.020229 -0.029664
437000 0.025332 -0.029538
438000 0.040406 -0.029378
439000 0.060892 -0.029173
440000 0.060799 -0.028968
441000 0.049434 -0.028790
442000 0.077596 -0.028550
443000 0.089068 -0.028284
444000 0.097686 -0.028000
445000 0.092501 -0.027730
446000 0.054479 -0.027545
447000 0.041257 -0.027391
448000 0.060313 -0.027196
449000 0.084068 -0.026948
450000 0.077577 -0.026716
451000 0.073257 -0.026494
452000 0.068350 -0.026284
453000 0.075929 -0.026058
454000 0.060928 -0.025867
455000 0.067682 -0.025661
456000 0.060337 -0.025473
457000 0.068644 -0.025267
458000 0.060338 -0.025080
459000 0.061604 -0.024891
460000 0.066920 -0.024691
461000 0.062119 -0.024503
462000 0.048561 -0.024345
463000 0.049824 -0.024185
464000 0.031133 -0.024065
465000 0.046637 -0.023913
466000 0.041232 -0.023774
467000 0.057211 -0.023600
468000 0.075686 -0.023388
469000 0.065499 -0.023198
470000 0.065605 -0.023010
471000 0.063271 -0.022826
472000 0.048899 -0.022674
473000 0.069932 -0.022479
474000 0.064363 -0.022295
475000 0.058282 -0.022126
476000 0.067858 -0.021937
477000 0.037183 -0.021813
478000 0.047118 -0.021669
479000 0.040557 -0.021539
480000 0.049549 -0.021391
481000 0.043582 -0.021255
482000 0.038010 -0.021133
483000 0.056961 -0.020971
484000 0.029949 -0.020866
485000 0.041160 -0.020738
486000 0.038532 -0.020616
487000 0.046411 -0.020478
488000 0.037918 -0.020358
489000 0.047960 -0.020219
490000 0.047730 -0.020080
491000 0.085362 -0.019865
492000 0.052914 -0.019717
493000 0.059489 -0.019557
494000 0.054407 -0.019407
495000 0.067750 -0.019231
496000 0.085673 -0.019019
497000 0.084625 -0.018811
498000 0.107631 -0.018557
499000 0.095802 -0.018328
500000 0.073152 -0.018145
501000 0.056576 -0.017996
502000 0.081989 -0.017797
503000 0.083764 -0.017595
504000 0.083260 -0.017395
505000 0.074259 -0.017213
506000 0.088614 -0.017004
507000 0.073359 -0.016826
508000 0.082382 -0.016630
509000 0.088682 -0.016424
510000 0.070299 -0.016253
511000 0.056050 -0.016112
512000 0.061961 -0.015959
513000 0.071791 -0.015788
514000 0.051362 -0.015658
515000 0.046270 -0.015538
516000 0.043289 -0.015424
517000 0.045981 -0.015305
518000 0.032296 -0.015213
519000 0.012653 -0.015159
520000 0.022603 -0.015087
521000 0.023862 -0.015012
522000 0.046810 -0.014893
523000 0.043276 -0.014782
524000 0.054295 -0.014650
525000 0.041912 -0.014543
526000 0.044732 -0.014430
527000 0.053617 -0.014301
528000 0.071008 -0.014139
529000 0.048840 -0.014020
530000 0.032426 -0.013933
531000 0.020264 -0.013868
532000 0.030685 -0.013784
533000 0.049145 -0.013666
534000 0.053800 -0.013540
535000 0.054389 -0.013413
536000 0.041010 -0.013311
537000 0.024644 -0.013241
538000 0.024603 -0.013170
539000 0.028171 -0.013094
540000 0.015123 -0.013041
541000 0.011961 -0.012995
542000 -0.003465 -0.012978
543000 0.019447 -0.012918
544000 0.009642 -0.012876
545000 0.013459 -0.012828
546000 0.019198 -0.012770
547000 0.033481 -0.012685
548000 0.006042 -0.012651
549000 0.005039 -0.012619
550000 0.008680 -0.012580
551000 0.005206 -0.012548
552000 -0.013818 -0.012550
553000 0.009424 -0.012510
554000 -0.002727 -0.012492
555000 0.000578 -0.012469
556000 0.006057 -0.012436
557000 0.000897 -0.012412
558000 -0.004374 -0.012397
559000 0.002293 -0.012371
560000 0.002433 -0.012345
561000 -0.002392 -0.012327
562000 0.006907 -0.012293
563000 0.007413 -0.012258
564000 -0.007170 -0.012249
565000 -0.005985 -0.012237
566000 0.016853 -0.012186
567000 0.015774 -0.012137
568000 0.014309 -0.012090
569000 0.010166 -0.012051
570000 0.011082 -0.012011
571000 0.006253 -0.011979
572000 0.012113 -0.011936
573000 0.017564 -0.011885
574000 0.019358 -0.011830
575000 0.021829 -0.011772
576000 0.010749 -0.011733
577000 0.041001 -0.011641
578000 0.019695 -0.011587
579000 0.034204 -0.011508
580000 0.044101 -0.011412
581000 0.040556 -0.011323
582000 0.042612 -0.011230
583000 0.029915 -0.011160
584000 0.049389 -0.011056
585000 0.027556 -0.010990
586000 0.029101 -0.010921
587000 0.019690 -0.010869
588000 0.006436 -0.010840
589000 0.014200 -0.010797
590000 0.006678 -0.010768
591000 -0.007594 -0.010762
592000 0.010150 -0.010727
593000 -0.000090 -0.010709
594000 0.018487 -0.010660
595000 0.017256 -0.010613
596000 0.005390 -0.010586
597000 0.016014 -0.010542
598000 0.011909 -0.010504
599000 0.002009 -0.010483
600000 0.005704 -0.010456
601000 0.017953 -0.010409
602000 0.021734 -0.010356
603000 0.041493 -0.010270
604000 0.012446 -0.010232
605000 0.008919 -0.010200
606000 -0.011254 -0.010202
607000 0.004577 -0.010178
608000 -0.008561 -0.010175
609000 -0.010917 -0.010176
610000 -0.023378 -0.010198
611000 -0.036486 -0.010241
612000 -0.004910 -0.010232
613000 -0.020801 -0.010249
614000 -0.005916 -0.010242
615000 0.003505 -0.010220
616000 0.000783 -0.010202
617000 -0.012616 -0.010206
618000 0.009888 -0.010174
619000 0.011305 -0.010139
620000 0.019330 -0.010091
621000 0.017184 -0.010047
622000 0.023636 -0.009993
623000 0.027443 -0.009933
624000 0.022425 -0.009881
625000 0.016644 -0.009839
626000 0.016628 -0.009797
627000 0.005166 -0.009773
628000 0.015657 -0.009732
629000 0.025742 -0.009676
630000 0.022323 -0.009625
631000 0.014317 -0.009587
632000 0.004260 -0.009565
633000 0.009715 -0.009535
634000 0.003865 -0.009514
635000 0.015506 -0.009474
636000 0.011469 -0.009441
637000 0.009538 -0.009412
638000 0.038347 -0.009337
639000 0.021677 -0.009288
640000 0.037713 -0.009215
641000 0.020725 -0.009168
642000 0.023812 -0.009117
643000 0.009084 -0.009088
644000 0.031106 -0.009026
645000 0.031101 -0.008964
646000 0.029616 -0.008904
647000 0.037519 -0.008832
648000 0.050771 -0.008740
649000 0.049079 -0.008651
650000 0.049185 -0.008562
651000 0.020974 -0.008517
652000 0.042598 -0.008438
653000 0.020467 -0.008394
654000 0.014051 -0.008360
655000 0.033949 -0.008295
656000 0.039289 -0.008223
657000 0.031841 -0.008162
658000 0.041532 -0.008086
659000 0.049542 -0.007999
660000 0.024560 -0.007949
661000 0.016832 -0.007912
662000 0.004566 -0.007893
663000 0.025837 -0.007842
664000 0.013731 -0.007810
665000 0.037050 -0.007742
666000 0.015481 -0.007707
667000 -0.002760 -0.007700
668000 0.009340 -0.007674
669000 0.009858 -0.007648
670000 0.010750 -0.007621
671000 0.020346 -0.007579
672000 0.020870 -0.007537
673000 0.017910 -0.007499
674000 0.026337 -0.007449
675000 0.006236 -0.007428
676000 0.015938 -0.007394
677000 0.011426 -0.007366
678000 0.020896 -0.007324
679000 0.040130 -0.007255
680000 0.027278 -0.007204
681000 0.011589 -0.007176
682000 0.012969 -0.007147
683000 0.015707 -0.007113
684000 0.002108 -0.007100
685000 0.009516 -0.007075
686000 0.016949 -0.007040
687000 0.014824 -0.007009
688000 0.012868 -0.006980
689000 0.026311 -0.006931
690000 0.024883 -0.006885
691000 0.033989 -0.006826
692000 0.015897 -0.006793
693000 0.013186 -0.006764
694000 0.021427 -0.006724
695000 0.017256 -0.006689
696000 0.014088 -0.006659
697000 0.025268 -0.006614
698000 0.039552 -0.006548
699000 0.021076 -0.006508
700000 0.000432 -0.006498
701000 -0.013841 -0.006509
702000 0.010692 -0.006484
703000 -0.006139 -0.006484
704000 0.004923 -0.006467
705000 0.008397 -0.006446
706000 -0.011739 -0.006454
707000 -0.011098 -0.006460
708000 -0.010792 -0.006466
709000 -0.007985 -0.006469
710000 -0.002425 -0.006463
711000 0.013578 -0.006435
712000 -0.001350 -0.006428
713000 -0.002576 -0.006422
714000 0.001233 -0.006411
715000 -0.009708 -0.006416
716000 -0.013965 -0.006427
717000 -0.015449 -0.006439
718000 0.007669 -0.006420
719000 0.017963 -0.006386
720000 0.031772 -0.006333
721000 0.038164 -0.006271
722000 0.034373 -0.006215
723000 0.027565 -0.006168
724000 0.027008 -0.006122
725000 0.032103 -0.006069
726000 -0.002961 -0.006065
727000 -0.000475 -0.006057
728000 0.017457 -0.006025
729000 -0.002203 -0.006020
730000 0.015491 -0.005990
731000 0.014622 -0.005962
732000 0.017810 -0.005930
733000 0.019009 -0.005896
734000 0.022252 -0.005857
735000 0.030899 -0.005807
736000 0.018787 -0.005774
737000 0.024170 -0.005733
738000 0.035472 -0.005677
739000 0.023427 -0.005638
740000 0.021708 -0.005601
741000 0.013095 -0.005576
742000 -0.005111 -0.005575
743000 -0.016984 -0.005591
744000 -0.002100 -0.005586
745000 0.003398 -0.005574
746000 -0.002057 -0.005569
747000 -0.004392 -0.005568
748000 -0.032398 -0.005603
749000 0.012346 -0.005579
750000 -0.035134 -0.005619
751000 -0.005589 -0.005619
752000 0.024490 -0.005579
753000 0.004070 -0.005566
754000 -0.007023 -0.005568
755000 -0.011897 -0.005576
756000 0.015737 -0.005548
757000 0.011218 -0.005526
758000 0.030600 -0.005478
759000 0.025832 -0.005437
760000 -0.001512 -0.005432
761000 0.022534 -0.005395
762000 0.018846 -0.005363
763000 0.043865 -0.005299
764000 0.016728 -0.005270
765000 0.017685 -0.005240
766000 0.026085 -0.005199
767000 0.045356 -0.005133
768000 0.040219 -0.005074
769000 0.050328 -0.005002
770000 0.053462 -0.004926
771000 0.029234 -0.004882
772000 0.047363 -0.004814
773000 0.023615 -0.004777
774000 0.036434 -0.004724
775000 0.052977 -0.004650
776000 0.027127 -0.004609
777000 0.029560 -0.004565
778000 0.029062 -0.004522
779000 0.060285 -0.004438
780000 0.054828 -0.004362
781000 0.065418 -0.004273
782000 0.064340 -0.004185
783000 0.043303 -0.004125
784000 0.046165 -0.004060
785000 0.047732 -0.003994
786000 0.026089 -0.003956
787000 0.053131 -0.003884
788000 0.041450 -0.003826
789000 0.013174 -0.003805
790000 0.033976 -0.003757
791000 0.042056 -0.003699
792000 0.046302 -0.003636
793000 0.044159 -0.003575
794000 0.037407 -0.003524
795000 0.042629 -0.003466
796000 0.049348 -0.003399
797000 0.052813 -0.003329
798000 0.017694 -0.003303
799000 0.036302 -0.003253
800000 0.016833 -0.003228
801000 0.020274 -0.003199
802000 0.033812 -0.003152
803000 0.030116 -0.003111
804000 0.052196 -0.003042
805000 0.055222 -0.002970
806000 0.028983 -0.002930
807000 0.053177 -0.002861
808000 0.056625 -0.002787
809000 0.048003 -0.002724
810000 0.053669 -0.002655
811000 0.052055 -0.002587
812000 0.046515 -0.002527
813000 0.029983 -0.002487
814000 0.037472 -0.002438
815000 0.037401 -0.002389
816000 0.029495 -0.002350
817000 0.042003 -0.002295
818000 0.039783 -0.002244
819000 0.028916 -0.002206
820000 0.037294 -0.002158
821000 0.022396 -0.002128
822000 0.021302 -0.002099
823000 0.045383 -0.002042
824000 0.033626 -0.001998
825000 0.025893 -0.001965
826000 0.024112 -0.001933
827000 0.037612 -0.001885
828000 0.024514 -0.001853
829000 0.025967 -0.001820
830000 0.038546 -0.001771
831000 0.029268 -0.001734
832000 0.032383 -0.001693
833000 0.040380 -0.001642
834000 0.018273 -0.001618
835000 0.005044 -0.001610
836000 0.035221 -0.001566
837000 0.030144 -0.001528
838000 0.020807 -0.001502
839000 0.011781 -0.001486
840000 0.014112 -0.001467
841000 -0.002336 -0.001468
842000 0.002213 -0.001464
843000 -0.005330 -0.001469
844000 0.007442 -0.001458
845000 -0.013198 -0.001472
846000 -0.012367 -0.001485
847000 0.001925 -0.001481
848000 -0.016494 -0.001498
849000 -0.026011 -0.001527
850000 0.001535 -0.001524
851000 -0.007798 -0.001531
852000 0.000107 -0.001529
853000 -0.001317 -0.001529
854000 0.000913 -0.001526
855000 0.003630 -0.001520
856000 -0.032599 -0.001556
857000 0.001706 -0.001553
858000 -0.019214 -0.001573
859000 -0.035186 -0.001612
860000 -0.041163 -0.001658
861000 0.006163 -0.001649
862000 -0.011713 -0.001661
863000 -0.033211 -0.001697
864000 -0.041219 -0.001743
865000 -0.029521 -0.001775
866000 -0.051187 -0.001832
867000 -0.034225 -0.001870
868000 -0.014440 -0.001884
869000 -0.009433 -0.001893
870000 -0.009846 -0.001902
871000 -0.020398 -0.001923
872000 0.000828 -0.001920
873000 0.003704 -0.001914
874000 -0.004045 -0.001916
875000 -0.020294 -0.001937
876000 -0.007305 -0.001943
877000 -0.014003 -0.001957
878000 -0.005119 -0.001961
879000 -0.024777 -0.001987
880000 -0.019941 -0.002007
881000 -0.015144 -0.002022
882000 -0.019324 -0.002041
883000 -0.054674 -0.002101
884000 -0.024913 -0.002127
885000 -0.037888 -0.002167
886000 -0.039423 -0.002209
887000 -0.044519 -0.002257
888000 -0.037902 -0.002297
889000 -0.067716 -0.002371
890000 -0.059226 -0.002435
891000 -0.042408 -0.002479
892000 -0.047666 -0.002530
893000 -0.031785 -0.002563
894000 -0.035378 -0.002600
895000 -0.029060 -0.002629
896000 -0.001344 -0.002628
897000 -0.019572 -0.002647
898000 -0.016089 -0.002662
899000 -0.031708 -0.002694
900000 -0.025995 -0.002720
901000 -0.012112 -0.002730
902000 -0.003610 -0.002731
903000 -0.015085 -0.002745
904000 0.011924 -0.002729
905000 -0.007303 -0.002734
906000 -0.052957 -0.002789
907000 -0.028623 -0.002818
908000 -0.043081 -0.002862
909000 -0.013227 -0.002873
910000 -0.002119 -0.002873
911000 -0.013374 -0.002884
912000 -0.007210 -0.002889
913000 -0.046262 -0.002936
914000 -0.042161 -0.002979
915000 -0.061725 -0.003043
916000 -0.050856 -0.003096
917000 -0.036052 -0.003132
918000 -0.038246 -0.003170
919000 -0.070988 -0.003244
920000 -0.069309 -0.003315
921000 -0.072763 -0.003391
922000 -0.051458 -0.003443
923000 -0.050892 -0.003494
924000 -0.055203 -0.003550
925000 -0.064841 -0.003617
926000 -0.065854 -0.003684
927000 -0.053231 -0.003737
928000 -0.023457 -0.003758
929000 -0.020284 -0.003776
930000 -0.020267 -0.003794
931000 -0.033772 -0.003826
932000 -0.038805 -0.003864
933000 -0.021711 -0.003883
934000 -0.017741 -0.003898
935000 -0.009092 -0.003903
936000 -0.003698 -0.003903
937000 -0.021227 -0.003922
938000 -0.027537 -0.003947
939000 -0.005333 -0.003948
940000 -0.034498 -0.003981
941000 -0.030013 -0.004008
942000 -0.021827 -0.004027
943000 -0.013283 -0.004037
944000 -0.018693 -0.004053
945000 0.012575 -0.004035
946000 -0.004411 -0.004035
947000 0.013194 -0.004017
948000 0.003164 -0.004010
949000 0.006660 -0.003998
950000 0.007240 -0.003987
951000 0.002550 -0.003980
952000 -0.009378 -0.003985
953000 -0.022139 -0.004004
954000 -0.018383 -0.004019
955000 -0.029953 -0.004047
956000 -0.052876 -0.004098
957000 -0.037982 -0.004133
958000 -0.047772 -0.004179
959000 -0.031085 -0.004207
960000 -0.031917 -0.004236
961000 -0.036170 -0.004269
962000 -0.029200 -0.004295
963000 -0.029200 -0.004321
964000 -0.013413 -0.004330
965000 -0.004641 -0.004330
966000 0.008513 -0.004317
967000 -0.006566 -0.004319
968000 -0.020236 -0.004336
969000 -0.008415 -0.004340
970000 -0.022247 -0.004359
971000 -0.034353 -0.004389
972000 -0.052524 -0.004439
973000 -0.065809 -0.004502
974000 -0.051570 -0.004550
975000 -0.039815 -0.004586
976000 -0.044828 -0.004628
977000 -0.051223 -0.004675
978000 -0.050009 -0.004722
979000 -0.067164 -0.004786
980000 -0.079310 -0.004862
981000 -0.040033 -0.004897
982000 -0.067598 -0.004961
983000 -0.057146 -0.005014
984000 -0.062389 -0.005073
985000 -0.088114 -0.005157
986000 -0.093865 -0.005247
987000 -0.064972 -0.005307
988000 -0.061879 -0.005365
989000 -0.057968 -0.005418
990000 -0.066583 -0.005480
991000 -0.037482 -0.005512
992000 -0.034592 -0.005541
993000 -0.033894 -0.005570
994000 -0.036164 -0.005601
995000 -0.040984 -0.005636
996000 -0.023421 -0.005654
997000 -0.030542 -0.005679
998000 -0.031090 -0.005704
999000 0.006921 -0.005692
1000000 -0.022593 -0.005709
1001000 -0.016535 -0.005720
1002000 -0.031409 -0.005745
1003000 -0.012633 -0.005752
1004000 0.014866 -0.005732
1005000 0.000861 -0.005725
1006000 -0.012085 -0.005731
1007000 0.009132 -0.005717
1008000 -0.001247 -0.005712
1009000 -0.001035 -0.005707
1010000 0.005253 -0.005697
1011000 -0.010351 -0.005701
1012000 -0.011768 -0.005707
1013000 -0.018423 -0.005720
1014000 -0.005821 -0.005720
1015000 -0.006979 -0.005721
1016000 -0.000458 -0.005716
1017000 0.012850 -0.005698
1018000 -0.000112 -0.005692
1019000 -0.021057 -0.005707
1020000 -0.003420 -0.005705
1021000 -0.004746 -0.005704
1022000 -0.011782 -0.005710
1023000 -0.019003 -0.005723
1024000 -0.017777 -0.005735
1025000 -0.022115 -0.005751
1026000 -0.025689 -0.005770
1027000 -0.030382 -0.005794
1028000 -0.025389 -0.005813
1029000 -0.030282 -0.005837
1030000 -0.014115 -0.005845
1031000 -0.014244 -0.005853
1032000 -0.027229 -0.005874
1033000 -0.004044 -0.005872
1034000 0.022482 -0.005845
1035000 0.020132 -0.005820
1036000 0.021549 -0.005793
1037000 0.027071 -0.005762
1038000 0.006790 -0.005749
1039000 0.005702 -0.005738
1040000 0.002588 -0.005730
1041000 0.006835 -0.005718
1042000 0.014921 -0.005699
1043000 0.017552 -0.005676
1044000 0.036526 -0.005636
1045000 0.020121 -0.005611
1046000 0.014944 -0.005591
1047000 0.022918 -0.005564
1048000 0.023707 -0.005536
1049000 0.012823 -0.005519
1050000 0.025889 -0.005489
1051000 0.021851 -0.005463
1052000 0.078162 -0.005383
1053000 0.090148 -0.005293
1054000 0.066897 -0.005224
1055000 0.064718 -0.005158
1056000 0.050119 -0.005106
1057000 0.037622 -0.005065
1058000 0.044351 -0.005018
1059000 0.051238 -0.004965
1060000 0.052285 -0.004911
1061000 0.042378 -0.004867
1062000 0.036133 -0.004828
1063000 0.056655 -0.004770
1064000 0.036643 -0.004731
1065000 0.031932 -0.004697
1066000 0.015954 -0.004678
1067000 0.003603 -0.004670
1068000 0.026517 -0.004641
1069000 0.029821 -0.004608
1070000 0.022335 -0.004583
1071000 0.015574 -0.004564
1072000 0.042147 -0.004521
1073000 0.033477 -0.004485
1074000 0.021544 -0.004461
1075000 0.033328 -0.004426
1076000 0.035870 -0.004389
1077000 0.043242 -0.004344
1078000 0.051184 -0.004293
1079000 0.072511 -0.004222
1080000 0.069001 -0.004154
1081000 0.047491 -0.004106
1082000 0.028065 -0.004076
1083000 0.026428 -0.004048
1084000 0.042466 -0.004005
1085000 0.039001 -0.003966
1086000 0.051653 -0.003914
1087000 0.027961 -0.003885
1088000 0.037289 -0.003847
1089000 0.050379 -0.003797
1090000 0.043938 -0.003754
1091000 0.032188 -0.003721
1092000 0.017456 -0.003701
1093000 0.011599 -0.003687
1094000 0.002827 -0.003681
1095000 0.002575 -0.003676
1096000 0.000022 -0.003672
1097000 0.003702 -0.003666
1098000 0.013324 -0.003650
1099000 0.010166 -0.003637
1100000 0.016464 -0.003619
1101000 0.010874 -0.003606
1102000 0.010916 -0.003593
1103000 0.036459 -0.003557
1104000 0.022357 -0.003533
1105000 0.019079 -0.003513
1106000 0.011961 -0.003499
1107000 0.008905 -0.003487
1108000 0.010930 -0.003474
1109000 0.032014 -0.003442
1110000 0.048149 -0.003396
1111000 0.031747 -0.003364
1112000 0.044721 -0.003321
1113000 0.026015 -0.003295
1114000 0.027394 -0.003267
1115000 0.043348 -0.003225
1116000 0.042623 -0.003184
1117000 0.030467 -0.003154
1118000 0.019669 -0.003134
1119000 0.029355 -0.003105
1120000 0.036400 -0.003069
1121000 0.037211 -0.003033
1122000 0.026747 -0.003007
1123000 0.040741 -0.002968
1124000 0.044338 -0.002926
1125000 0.040749 -0.002887
1126000 0.026945 -0.002861
1127000 0.064573 -0.002801
1128000 -0.001696 -0.002800
1129000 0.015429 -0.002784
1130000 0.014081 -0.002769
1131000 0.016554 -0.002752
1132000 0.018526 -0.002733
1133000 -0.010890 -0.002740
1134000 -0.010003 -0.002746
1135000 0.013861 -0.002732
1136000 0.019543 -0.002712
1137000 0.003726 -0.002707
1138000 0.016241 -0.002690
1139000 0.031787 -0.002660
1140000 0.025965 -0.002634
1141000 0.033324 -0.002603
1142000 0.005848 -0.002596
1143000 0.012067 -0.002583
1144000 0.016681 -0.002566
1145000 -0.004120 -0.002567
1146000 -0.021778 -0.002584
1147000 -0.014160 -0.002594
1148000 -0.015149 -0.002605
1149000 -0.003058 -0.002605
1150000 -0.017846 -0.002619
1151000 -0.023651 -0.002637
1152000 -0.004454 -0.002639
1153000 -0.014186 -0.002649
1154000 -0.019210 -0.002663
1155000 -0.011937 -0.002671
1156000 -0.017148 -0.002683
1157000 -0.008261 -0.002688
1158000 -0.035080 -0.002716
1159000 -0.014550 -0.002726
1160000 -0.003830 -0.002727
1161000 0.001190 -0.002724
1162000 0.009140 -0.002714
1163000 0.018395 -0.002696
1164000 0.026161 -0.002671
1165000 0.015958 -0.002655
1166000 0.020369 -0.002635
1167000 0.021075 -0.002615
1168000 0.001281 -0.002612
1169000 0.024798 -0.002588
1170000 0.005894 -0.002581
1171000 0.019597 -0.002562
1172000 0.040711 -0.002525
1173000 0.025917 -0.002501
1174000 0.001142 -0.002498
1175000 0.029832 -0.002470
1176000 0.010452 -0.002459
1177000 0.000664 -0.002456
1178000 0.004516 -0.002451
1179000 0.000001 -0.002448
1180000 0.011588 -0.002437
1181000 0.003768 -0.002431
1182000 0.011328 -0.002420
1183000 -0.015305 -0.002431
1184000 0.015214 -0.002416
1185000 -0.005801 -0.002419
1186000 0.021326 -0.002398
1187000 0.002725 -0.002394
1188000 0.003533 -0.002389
1189000 0.028243 -0.002363
1190000 0.016170 -0.002348
1191000 -0.001156 -0.002347
1192000 0.007697 -0.002338
1193000 -0.014763 -0.002349
1194000 -0.010339 -0.002356
1195000 0.016412 -0.002340
1196000 -0.010920 -0.002347
1197000 -0.006936 -0.002351
1198000 0.010503 -0.002340
1199000 0.000876 -0.002337
1200000 -0.016951 -0.002350
1201000 -0.007455 -0.002354
1202000 -0.003791 -0.002355
1203000 -0.037310 -0.002384
1204000 -0.024709 -0.002403
1205000 -0.016036 -0.002414
1206000 -0.035780 -0.002442
1207000 -0.008453 -0.002447
1208000 0.003232 -0.002442
1209000 -0.008704 -0.002447
1210000 -0.018766 -0.002461
1211000 -0.026511 -0.002480
1212000 -0.035751 -0.002508
1213000 -0.025047 -0.002526
1214000 -0.019449 -0.002540
1215000 -0.030815 -0.002564
1216000 -0.029999 -0.002586
1217000 -0.011148 -0.002593
1218000 -0.029113 -0.002615
1219000 -0.009481 -0.002621
1220000 -0.007816 -0.002625
1221000 0.007305 -0.002617
1222000 -0.011841 -0.002624
1223000 -0.015494 -0.002635
1224000 -0.012863 -0.002643
1225000 -0.023102 -0.002660
1226000 -0.024542 -0.002678
1227000 -0.018425 -0.002691
1228000 0.018654 -0.002673
1229000 -0.000148 -0.002671
1230000 0.008063 -0.002662
1231000 0.006624 -0.002655
1232000 -0.017514 -0.002667
1233000 -0.004812 -0.002669
1234000 -0.005890 -0.002671
1235000 -0.034247 -0.002697
1236000 -0.028280 -0.002718
1237000 -0.028124 -0.002738
1238000 -0.014329 -0.002747
1239000 -0.007797 -0.002752
1240000 -0.005281 -0.002754
1241000 -0.029020 -0.002775
1242000 -0.014599 -0.002784
1243000 -0.029572 -0.002806
1244000 -0.020541 -0.002820
1245000 -0.043591 -0.002853
1246000 -0.021761 -0.002868
1247000 -0.001663 -0.002867
1248000 -0.036973 -0.002894
1249000 -0.021003 -0.002909
1250000 -0.011053 -0.002915
1251000 -0.023687 -0.002932
1252000 0.003810 -0.002927
1253000 -0.021820 -0.002942
1254000 -0.020194 -0.002955
1255000 0.001511 -0.002952
1256000 -0.007833 -0.002956
1257000 -0.005124 -0.002957
1258000 -0.010174 -0.002963
1259000 -0.009082 -0.002968
1260000 -0.007436 -0.002972
1261000 -0.019089 -0.002984
1262000 -0.017641 -0.002996
1263000 -0.016436 -0.003007
1264000 -0.023085 -0.003023
1265000 0.009136 -0.003013
1266000 -0.019921 -0.003026
1267000 -0.039031 -0.003055
1268000 -0.023388 -0.003071
1269000 -0.050982 -0.003109
1270000 -0.045959 -0.003142
1271000 -0.074231 -0.003198
1272000 -0.050468 -0.003235
1273000 -0.034398 -0.003260
1274000 -0.048709 -0.003295
1275000 -0.041574 -0.003326
1276000 -0.037694 -0.003352
1277000 -0.039394 -0.003381
1278000 -0.046803 -0.003415
1279000 -0.041344 -0.003444
1280000 -0.030300 -0.003465
1281000 -0.043968 -0.003497
1282000 -0.029120 -0.003517
1283000 -0.018887 -0.003529
1284000 -0.021863 -0.003543
1285000 -0.015929 -0.003553
1286000 0.007808 -0.003544
1287000 -0.000839 -0.003542
1288000 -0.020058 -0.003555
1289000 -0.003615 -0.003555
1290000 -0.010815 -0.003560
1291000 0.014560 -0.003546
1292000 -0.015618 -0.003556
1293000 0.008244 -0.003547
1294000 -0.013641 -0.003554
1295000 -0.022082 -0.003569
1296000 -0.001920 -0.003567
1297000 -0.004861 -0.003568
1298000 -0.011031 -0.003574
1299000 -0.014940 -0.003583
1300000 -0.017635 -0.003594
1301000 -0.014355 -0.003602
1302000 -0.029577 -0.003622
1303000 -0.035322 -0.003646
1304000 -0.019097 -0.003658
1305000 -0.034455 -0.003682
1306000 -0.026200 -0.003699
1307000 -0.031845 -0.003720
1308000 -0.054273 -0.003759
1309000 -0.033551 -0.003782
1310000 -0.029512 -0.003802
1311000 -0.019546 -0.003814
1312000 -0.017881 -0.003824
1313000 -0.010800 -0.003830
1314000 -0.018730 -0.003841
1315000 -0.011753 -0.003847
1316000 -0.010475 -0.003852
1317000 -0.018874 -0.003863
1318000 -0.023390 -0.003878
1319000 -0.020737 -0.003891
1320000 -0.022436 -0.003905
1321000 -0.036778 -0.003930
1322000 -0.031609 -0.003951
1323000 -0.039113 -0.003977
1324000 -0.046632 -0.004010
1325000 -0.034097 -0.004032
1326000 -0.032143 -0.004054
1327000 -0.037171 -0.004078
1328000 -0.056981 -0.004118
1329000 -0.034124 -0.004141
1330000 -0.043070 -0.004170
1331000 -0.031565 -0.004191
1332000 -0.028379 -0.004209
1333000 -0.024838 -0.004224
1334000 -0.030555 -0.004244
1335000 -0.042720 -0.004273
1336000 -0.052712 -0.004309
1337000 -0.066827 -0.004356
1338000 -0.049060 -0.004389
1339000 -0.039522 -0.004416
1340000 -0.028251 -0.004433
1341000 -0.057874 -0.004473
1342000 -0.039120 -0.004499
1343000 -0.028400 -0.004517
1344000 -0.039944 -0.004543
1345000 -0.049685 -0.004577
1346000 -0.061104 -0.004619
1347000 -0.039968 -0.004645
1348000 -0.063471 -0.004689
1349000 -0.045372 -0.004719
1350000 -0.041522 -0.004746
1351000 -0.041048 -0.004773
1352000 -0.044945 -0.004803
1353000 -0.048971 -0.004835
1354000 -0.062839 -0.004878
1355000 -0.065441 -0.004923
1356000 -0.048949 -0.004955
1357000 -0.032302 -0.004975
1358000 -0.043437 -0.005004
1359000 -0.039603 -0.005029
1360000 -0.043661 -0.005058
1361000 -0.038302 -0.005082
1362000 -0.033838 -0.005103
1363000 -0.025290 -0.005118
1364000 -0.041202 -0.005144
1365000 -0.032799 -0.005165
1366000 -0.013909 -0.005171
1367000 -0.022110 -0.005183
1368000 -0.026333 -0.005199
1369000 -0.021860 -0.005211
1370000 -0.030684 -0.005230
1371000 -0.008308 -0.005232
1372000 -0.036630 -0.005255
1373000 -0.030472 -0.005273
1374000 -0.041311 -0.005299
1375000 -0.052543 -0.005334
1376000 -0.042930 -0.005361
1377000 -0.044574 -0.005390
1378000 -0.037442 -0.005413
1379000 -0.041063 -0.005439
1380000 -0.038187 -0.005462
1381000 -0.029325 -0.005480
1382000 -0.041466 -0.005506
1383000 -0.024048 -0.005519
1384000 -0.005262 -0.005519
1385000 -0.004892 -0.005519
1386000 -0.029037 -0.005536
1387000 -0.003031 -0.005534
1388000 -0.007670 -0.005535
1389000 -0.008110 -0.005537
1390000 -0.013980 -0.005543
1391000 -0.002645 -0.005541
1392000 -0.005000 -0.005541
1393000 -0.023144 -0.005553
1394000 -0.025171 -0.005567
1395000 -0.037790 -0.005591
1396000 -0.030562 -0.005608
1397000 -0.022550 -0.005621
1398000 -0.037738 -0.005643
1399000 -0.016950 -0.005652
1400000 -0.043729 -0.005679
1401000 -0.041782 -0.005705
1402000 -0.024017 -0.005718
1403000 -0.012408 -0.005722
1404000 -0.028691 -0.005739
1405000 -0.037364 -0.005761
1406000 -0.044392 -0.005789
1407000 -0.046063 -0.005817
1408000 -0.038524 -0.005841
1409000 -0.049691 -0.005872
1410000 -0.038843 -0.005895
1411000 -0.046872 -0.005924
1412000 -0.040249 -0.005948
1413000 -0.028876 -0.005965
1414000 -0.041490 -0.005990
1415000 -0.025960 -0.006004
1416000 -0.052700 -0.006037
1417000 -0.063904 -0.006078
1418000 -0.050425 -0.006109
1419000 -0.062962 -0.006149
1420000 -0.074599 -0.006197
1421000 -0.062118 -0.006237
1422000 -0.062588 -0.006276
1423000 -0.048974 -0.006306
1424000 -0.036861 -0.006328
1425000 -0.044493 -0.006354
1426000 -0.042499 -0.006380
1427000 -0.061569 -0.006418
1428000 -0.029370 -0.006435
1429000 -0.037683 -0.006456
1430000 -0.030248 -0.006473
1431000 -0.047984 -0.006502
1432000 -0.040816 -0.006526
1433000 -0.030061 -0.006542
1434000 -0.038303 -0.006565
1435000 -0.039430 -0.006588
1436000 -0.053209 -0.006620
1437000 -0.024342 -0.006632
1438000 -0.053821 -0.006665
1439000 -0.022184 -0.006676
1440000 -0.058656 -0.006712
1441000 -0.059475 -0.006749
1442000 -0.049778 -0.006778
1443000 -0.037282 -0.006800
1444000 -0.041645 -0.006824
1445000 -0.064576 -0.006864
1446000 -0.062918 -0.006902
1447000 -0.059777 -0.006939
1448000 -0.058662 -0.006975
1449000 -0.064102 -0.007014
1450000 -0.043259 -0.007039
1451000 -0.039576 -0.007062
1452000 -0.056788 -0.007096
1453000 -0.055823 -0.007129
1454000 -0.083508 -0.007182
1455000 -0.046780 -0.007209
1456000 -0.029520 -0.007224
1457000 -0.030732 -0.007241
1458000 -0.048787 -0.007269
1459000 -0.051511 -0.007299
1460000 -0.027865 -0.007313
1461000 -0.039628 -0.007336
1462000 -0.020588 -0.007345
1463000 -0.025650 -0.007357
1464000 -0.036116 -0.007377
1465000 -0.053408 -0.007408
1466000 -0.050842 -0.007438
1467000 -0.033096 -0.007455
1468000 -0.061441 -0.007492
1469000 -0.069715 -0.007534
1470000 -0.046762 -0.007561
1471000 -0.026182 -0.007574
1472000 -0.014335 -0.007578
1473000 -0.022764 -0.007589
1474000 -0.022332 -0.007599
1475000 -0.030041 -0.007614
1476000 -0.032687 -0.007631
1477000 -0.025226 -0.007643
1478000 -0.039566 -0.007664
1479000 -0.045935 -0.007690
1480000 -0.034945 -0.007709
1481000 -0.049338 -0.007737
1482000 -0.034804 -0.007755
1483000 -0.034789 -0.007773
1484000 -0.022926 -0.007784
1485000 -0.031475 -0.007799
1486000 -0.009530 -0.007801
1487000 0.009065 -0.007789
1488000 0.016156 -0.007773
1489000 -0.023926 -0.007784
1490000 -0.012047 -0.007787
1491000 -0.015789 -0.007792
1492000 -0.003386 -0.007789
1493000 -0.013589 -0.007793
1494000 -0.021405 -0.007802
1495000 -0.010683 -0.007804
1496000 -0.011003 -0.007806
1497000 -0.008160 -0.007807
1498000 -0.003501 -0.007804
1499000 -0.007620 -0.007804
1500000 -0.039036 -0.007824
1501000 -0.039113 -0.007845
1502000 -0.030400 -0.007860
1503000 -0.010197 -0.007862
1504000 -0.020414 -0.007870
1505000 -0.011305 -0.007873
1506000 -0.006092 -0.007871
1507000 -0.033677 -0.007888
1508000 -0.009438 -0.007889
1509000 -0.002066 -0.007886
1510000 -0.010895 -0.007888
1511000 0.005882 -0.007879
1512000 -0.010654 -0.007880
1513000 0.005504 -0.007871
1514000 0.004193 -0.007864
1515000 0.003301 -0.007856
1516000 0.000384 -0.007851
1517000 0.005839 -0.007842
1518000 -0.007971 -0.007842
1519000 -0.004575 -0.007840
1520000 -0.024711 -0.007851
1521000 -0.009016 -0.007852
1522000 -0.013425 -0.007855
1523000 -0.022833 -0.007865
1524000 -0.007729 -0.007865
1525000 0.003550 -0.007857
1526000 0.015971 -0.007842
1527000 0.024409 -0.007821
1528000 0.016291 -0.007805
1529000 0.025433 -0.007783
1530000 0.025285 -0.007762
1531000 0.005839 -0.007753
1532000 -0.000355 -0.007748
1533000 0.013870 -0.007734
1534000 -0.018008 -0.007740
1535000 -0.005824 -0.007739
1536000 0.011090 -0.007727
1537000 0.005545 -0.007718
1538000 -0.002803 -0.007715
1539000 0.009268 -0.007704
1540000 0.012099 -0.007691
1541000 0.002092 -0.007685
1542000 0.002912 -0.007678
1543000 0.021845 -0.007659
1544000 0.019056 -0.007642
1545000 0.035311 -0.007614
1546000 0.032562 -0.007588
1547000 0.034158 -0.007561
1548000 0.029786 -0.007537
1549000 0.033840 -0.007510
1550000 0.019814 -0.007492
1551000 0.022089 -0.007473
1552000 0.020441 -0.007455
1553000 0.019709 -0.007438
1554000 -0.001251 -0.007434
1555000 0.012917 -0.007421
1556000 0.000292 -0.007416
1557000 0.001162 -0.007410
1558000 -0.011079 -0.007413
1559000 -0.014857 -0.007417
1560000 0.008679 -0.007407
1561000 -0.009476 -0.007408
1562000 -0.013192 -0.007412
1563000 -0.022135 -0.007421
1564000 0.001793 -0.007416
1565000 0.018020 -0.007399
1566000 0.022892 -0.007380
1567000 0.014610 -0.007366
1568000 0.011307 -0.007354
1569000 -0.004994 -0.007353
1570000 -0.017403 -0.007359
1571000 0.002875 -0.007352
1572000 -0.013653 -0.007356
1573000 -0.004940 -0.007355
1574000 -0.024076 -0.007366
1575000 -0.023326 -0.007376
1576000 -0.033465 -0.007392
1577000 -0.040597 -0.007413
1578000 -0.015407 -0.007418
1579000 -0.032120 -0.007434
1580000 -0.011095 -0.007436
1581000 -0.021232 -0.007445
1582000 -0.023952 -0.007455
1583000 -0.010571 -0.007457
1584000 -0.004783 -0.007456
1585000 -0.006412 -0.007455
1586000 -0.024358 -0.007466
1587000 -0.013986 -0.007470
1588000 -0.004613 -0.007468
1589000 -0.030485 -0.007483
1590000 -0.029003 -0.007496
1591000 -0.020630 -0.007504
1592000 -0.006788 -0.007504
1593000 -0.006494 -0.007503
1594000 -0.006528 -0.007503
1595000 0.001545 -0.007497
1596000 0.019662 -0.007480
1597000 0.008434 -0.007470
1598000 -0.016963 -0.007476
1599000 0.003863 -0.007469
1600000 0.022404 -0.007450
1601000 0.011459 -0.007438
1602000 0.003372 -0.007432
1603000 -0.010572 -0.007434
1604000 -0.007840 -0.007434
1605000 -0.012540 -0.007437
1606000 -0.006971 -0.007437
1607000 -0.016977 -0.007443
1608000 -0.008900 -0.007444
1609000 -0.008493 -0.007444
1610000 -0.011076 -0.007446
1611000 -0.000362 -0.007442
1612000 0.001665 -0.007436
1613000 0.028237 -0.007414
1614000 0.028848 -0.007392
1615000 0.013844 -0.007379
1616000 0.013980 -0.007365
1617000 0.019426 -0.007349
1618000 0.005931 -0.007341
1619000 0.009151 -0.007330
1620000 0.016238 -0.007316
1621000 0.004563 -0.007309
1622000 0.011139 -0.007297
1623000 0.015148 -0.007283
1624000 0.004278 -0.007276
1625000 0.015761 -0.007262
1626000 0.011915 -0.007250
1627000 0.003444 -0.007244
1628000 -0.004490 -0.007242
1629000 0.012272 -0.007230
1630000 0.033717 -0.007205
1631000 0.014061 -0.007192
1632000 0.014703 -0.007179
1633000 0.007437 -0.007170
1634000 0.017519 -0.007154
1635000 -0.013857 -0.007159
1636000 -0.026014 -0.007170
1637000 -0.022533 -0.007179
1638000 -0.029864 -0.007193
1639000 -0.011178 -0.007196
1640000 -0.014576 -0.007200
1641000 -0.012120 -0.007203
1642000 -0.014292 -0.007208
1643000 -0.022658 -0.007217
1644000 -0.029701 -0.007231
1645000 -0.016969 -0.007237
1646000 -0.047206 -0.007261
1647000 -0.055548 -0.007290
1648000 -0.041288 -0.007311
1649000 -0.032992 -0.007326
1650000 -0.042894 -0.007348
1651000 -0.015233 -0.007353
1652000 -0.037579 -0.007371
1653000 -0.033312 -0.007387
1654000 -0.017798 -0.007393
1655000 -0.013791 -0.007397
1656000 -0.032062 -0.007412
1657000 -0.037731 -0.007430
1658000 -0.016395 -0.007435
1659000 -0.038188 -0.007454
1660000 -0.060300 -0.007486
1661000 -0.038686 -0.007505
1662000 -0.031284 -0.007519
1663000 -0.053161 -0.007546
1664000 -0.053907 -0.007574
1665000 -0.030959 -0.007588
1666000 -0.050686 -0.007614
1667000 -0.055509 -0.007643
1668000 -0.038147 -0.007661
1669000 -0.035196 -0.007678
1670000 -0.068672 -0.007714
1671000 -0.048380 -0.007738
1672000 -0.032344 -0.007753
1673000 -0.041695 -0.007774
1674000 -0.019078 -0.007780
1675000 -0.032673 -0.007795
1676000 -0.036978 -0.007813
1677000 -0.047292 -0.007836
1678000 -0.058010 -0.007866
1679000 -0.041422 -0.007886
1680000 -0.053309 -0.007913
1681000 -0.045822 -0.007936
1682000 -0.069646 -0.007972
1683000 -0.058945 -0.008003
1684000 -0.047760 -0.008026
1685000 -0.032701 -0.008041
1686000 -0.036182 -0.008057
1687000 -0.037884 -0.008075
1688000 -0.056378 -0.008104
1689000 -0.054174 -0.008131
1690000 -0.056639 -0.008160
1691000 -0.040713 -0.008179
1692000 -0.048750 -0.008203
1693000 -0.061699 -0.008235
1694000 -0.064736 -0.008268
1695000 -0.054311 -0.008295
1696000 -0.068655 -0.008331
1697000 -0.082416 -0.008374
1698000 -0.060236 -0.008405
1699000 -0.057177 -0.008434
1700000 -0.035049 -0.008449
1701000 -0.038273 -0.008467
1702000 -0.052265 -0.008493
1703000 -0.055575 -0.008520
1704000 -0.058011 -0.008549
1705000 -0.055434 -0.008577
1706000 -0.045793 -0.008599
1707000 -0.061168 -0.008629
1708000 -0.049183 -0.008653
1709000 -0.057879 -0.008682
1710000 -0.042326 -0.008702
1711000 -0.049958 -0.008726
1712000 -0.073577 -0.008764
1713000 -0.063276 -0.008795
1714000 -0.060944 -0.008826
1715000 -0.049800 -0.008850
1716000 -0.037860 -0.008867
1717000 -0.049556 -0.008890
1718000 -0.056169 -0.008918
1719000 -0.061518 -0.008948
1720000 -0.075759 -0.008987
1721000 -0.077577 -0.009027
1722000 -0.087055 -0.009072
1723000 -0.083558 -0.009116
1724000 -0.099471 -0.009168
1725000 -0.077796 -0.009208
1726000 -0.054602 -0.009234
1727000 -0.046668 -0.009256
1728000 -0.069311 -0.009291
1729000 -0.077676 -0.009330
1730000 -0.072855 -0.009367
1731000 -0.081683 -0.009409
1732000 -0.073264 -0.009445
1733000 -0.068780 -0.009480
1734000 -0.097466 -0.009530
1735000 -0.082948 -0.009573
1736000 -0.075437 -0.009611
1737000 -0.085669 -0.009654
1738000 -0.100172 -0.009707
1739000 -0.126328 -0.009774
1740000 -0.116989 -0.009835
1741000 -0.118094 -0.009897
1742000 -0.113217 -0.009957
1743000 -0.090641 -0.010003
1744000 -0.084305 -0.010046
1745000 -0.073869 -0.010082
1746000 -0.077942 -0.010121
1747000 -0.104484 -0.010175
1748000 -0.067562 -0.010208
1749000 -0.075593 -0.010245
1750000 -0.078280 -0.010284
1751000 -0.068848 -0.010318
1752000 -0.086659 -0.010361
1753000 -0.113806 -0.010420
1754000 -0.108021 -0.010476
1755000 -0.092693 -0.010523
1756000 -0.081415 -0.010563
1757000 -0.077860 -0.010601
1758000 -0.092434 -0.010648
1759000 -0.064232 -0.010678
1760000 -0.070506 -0.010712
1761000 -0.084866 -0.010754
1762000 -0.065654 -0.010786
1763000 -0.048914 -0.010807
1764000 -0.047488 -0.010828
1765000 -0.060534 -0.010856
1766000 -0.069526 -0.010889
1767000 -0.051145 -0.010912
1768000 -0.061109 -0.010941
1769000 -0.029740 -0.010951
1770000 -0.067189 -0.010983
1771000 -0.074948 -0.011019
1772000 -0.085949 -0.011061
1773000 -0.054217 -0.011086
1774000 -0.053211 -0.011110
1775000 -0.041719 -0.011127
1776000 -0.099861 -0.011177
1777000 -0.053941 -0.011201
1778000 -0.094728 -0.011248
1779000 -0.081146 -0.011287
1780000 -0.053154 -0.011311
1781000 -0.073324 -0.011345
1782000 -0.084293 -0.011386
1783000 -0.071829 -0.011420
1784000 -0.070944 -0.011454
1785000 -0.087082 -0.011496
1786000 -0.074589 -0.011531
1787000 -0.071968 -0.011565
1788000 -0.082614 -0.011605
1789000 -0.078195 -0.011642
1790000 -0.068307 -0.011674
1791000 -0.072139 -0.011707
1792000 -0.068212 -0.011739
1793000 -0.080588 -0.011777
1794000 -0.062128 -0.011805
1795000 -0.074423 -0.011840
1796000 -0.104192 -0.011892
1797000 -0.078484 -0.011929
1798000 -0.078282 -0.011966
1799000 -0.098004 -0.012014
1800000 -0.091832 -0.012058
1801000 -0.073445 -0.012092
1802000 -0.083100 -0.012131
1803000 -0.073349 -0.012165
1804000 -0.076302 -0.012201
1805000 -0.065488 -0.012230
1806000 -0.067900 -0.012261
1807000 -0.079303 -0.012298
1808000 -0.075904 -0.012334
1809000 -0.072205 -0.012367
1810000 -0.038404 -0.012381
1811000 -0.056710 -0.012406
1812000 -0.034719 -0.012418
1813000 -0.032236 -0.012429
1814000 -0.020690 -0.012433
1815000 -0.030766 -0.012443
1816000 -0.050171 -0.012464
1817000 -0.040349 -0.012480
1818000 -0.038403 -0.012494
1819000 -0.050089 -0.012514
1820000 -0.047435 -0.012534
1821000 -0.074520 -0.012568
1822000 -0.066153 -0.012597
1823000 -0.056777 -0.012621
1824000 -0.069027 -0.012652
1825000 -0.057006 -0.012677
1826000 -0.093882 -0.012721
1827000 -0.073550 -0.012754
1828000 -0.072643 -0.012787
1829000 -0.069582 -0.012818
1830000 -0.090480 -0.012861
1831000 -0.072232 -0.012893
1832000 -0.080468 -0.012930
1833000 -0.084913 -0.012969
1834000 -0.075971 -0.013004
1835000 -0.078037 -0.013039
1836000 -0.085699 -0.013079
1837000 -0.069155 -0.013109
1838000 -0.062683 -0.013136
1839000 -0.060409 -0.013162
1840000 -0.067498 -0.013191
1841000 -0.059145 -0.013216
1842000 -0.054939 -0.013239
1843000 -0.079062 -0.013275
1844000 -0.088248 -0.013315
1845000 -0.073539 -0.013348
1846000 -0.064306 -0.013375
1847000 -0.076783 -0.013410
1848000 -0.061521 -0.013436
1849000 -0.064442 -0.013463
1850000 -0.073937 -0.013496
1851000 -0.075939 -0.013530
1852000 -0.102441 -0.013578
1853000 -0.080910 -0.013614
1854000 -0.071745 -0.013646
1855000 -0.096539 -0.013690
1856000 -0.055029 -0.013713
1857000 -0.074687 -0.013745
1858000 -0.063085 -0.013772
1859000 -0.073367 -0.013804
1860000 -0.064536 -0.013831
1861000 -0.068809 -0.013861
1862000 -0.095081 -0.013904
1863000 -0.070259 -0.013935
1864000 -0.069488 -0.013964
1865000 -0.051110 -0.013984
1866000 -0.053908 -0.014006
1867000 -0.049014 -0.014025
1868000 -0.060802 -0.014050
1869000 -0.067510 -0.014078
1870000 -0.060025 -0.014103
1871000 -0.060319 -0.014127
1872000 -0.054848 -0.014149
1873000 -0.035933 -0.014161
1874000 -0.042566 -0.014176
1875000 -0.040409 -0.014190
1876000 -0.022618 -0.014194
1877000 -0.033695 -0.014205
1878000 -0.032041 -0.014214
1879000 -0.020244 -0.014218
1880000 -0.016814 -0.014219
1881000 -0.024935 -0.014225
1882000 -0.013396 -0.014224
1883000 -0.000503 -0.014217
1884000 -0.004043 -0.014212
1885000 -0.022132 -0.014216
1886000 -0.015054 -0.014216
1887000 -0.022180 -0.014220
1888000 -0.020936 -0.014224
1889000 -0.007975 -0.014221
1890000 0.001313 -0.014212
1891000 0.007952 -0.014201
1892000 0.010677 -0.014188
1893000 -0.027779 -0.014195
1894000 -0.027431 -0.014202
1895000 -0.014744 -0.014202
1896000 -0.022818 -0.014207
1897000 -0.007124 -0.014203
1898000 -0.005333 -0.014198
1899000 0.006224 -0.014187
1900000 0.008162 -0.014176
1901000 0.007824 -0.014164
1902000 -0.010331 -0.014162
1903000 -0.007602 -0.014159
1904000 0.020110 -0.014141
1905000 0.026905 -0.014119
1906000 0.005400 -0.014109
1907000 -0.016771 -0.014110
1908000 -0.022904 -0.014115
1909000 -0.015838 -0.014116
1910000 -0.034438 -0.014126
1911000 0.000433 -0.014119
1912000 0.003104 -0.014110
1913000 -0.004917 -0.014105
1914000 0.002863 -0.014096
1915000 -0.011650 -0.014095
1916000 0.001629 -0.014087
1917000 -0.003051 -0.014081
1918000 -0.008520 -0.014078
1919000 -0.019620 -0.014081
1920000 -0.006926 -0.014077
1921000 -0.012994 -0.014076
1922000 -0.026456 -0.014083
1923000 -0.027292 -0.014090
1924000 -0.041387 -0.014104
1925000 -0.041270 -0.014118
1926000 -0.010314 -0.014116
1927000 -0.004467 -0.014111
1928000 -0.020034 -0.014114
1929000 -0.028450 -0.014122
1930000 -0.014337 -0.014122
1931000 -0.013430 -0.014121
1932000 -0.020261 -0.014125
1933000 -0.012549 -0.014124
1934000 0.006399 -0.014113
1935000 0.012902 -0.014099
1936000 -0.001402 -0.014093
1937000 0.004102 -0.014083
1938000 0.009881 -0.014071
1939000 -0.000877 -0.014064
1940000 -0.007047 -0.014060
1941000 -0.014268 -0.014061
1942000 -0.019049 -0.014063
1943000 -0.004338 -0.014058
1944000 -0.019853 -0.014061
1945000 -0.010092 -0.014059
1946000 -0.009955 -0.014057
1947000 -0.015333 -0.014058
1948000 -0.010333 -0.014056
1949000 -0.006525 -0.014052
1950000 -0.008030 -0.014049
1951000 -0.009774 -0.014047
1952000 -0.003357 -0.014041
1953000 0.007334 -0.014030
1954000 0.005860 -0.014020
1955000 -0.008979 -0.014017
1956000 -0.003358 -0.014012
1957000 0.015676 -0.013997
1958000 0.017593 -0.013981
1959000 0.003480 -0.013972
1960000 0.005316 -0.013962
1961000 -0.012617 -0.013961
1962000 0.010201 -0.013949
1963000 -0.012613 -0.013948
1964000 -0.001495 -0.013942
1965000 -0.008401 -0.013939
1966000 -0.024494 -0.013944
1967000 -0.029514 -0.013952
1968000 -0.016395 -0.013954
1969000 -0.040095 -0.013967
1970000 -0.062008 -0.013991
1971000 -0.015069 -0.013992
1972000 -0.015269 -0.013992
1973000 -0.022958 -0.013997
1974000 -0.012753 -0.013996
1975000 -0.028492 -0.014004
1976000 -0.011304 -0.014002
1977000 -0.013755 -0.014002
1978000 -0.023683 -0.014007
1979000 -0.000386 -0.014000
1980000 -0.034444 -0.014010
1981000 -0.035695 -0.014021
1982000 -0.021493 -0.014025
1983000 -0.018946 -0.014028
1984000 -0.015341 -0.014028
1985000 -0.019514 -0.014031
1986000 -0.034091 -0.014041
1987000 -0.030339 -0.014049
1988000 -0.028378 -0.014057
1989000 0.000423 -0.014049
1990000 -0.026624 -0.014056
1991000 -0.007382 -0.014052
1992000 -0.015404 -0.014053
1993000 -0.036044 -0.014064
1994000 -0.028529 -0.014071
1995000 -0.035285 -0.014082
1996000 -0.042063 -0.014096
1997000 -0.030356 -0.014104
1998000 -0.017169 -0.014106
1999000 -0.027245 -0.014112
2000000 -0.018413 -0.014114
2001000 -0.003778 -0.014109
2002000 -0.014895 -0.014110
2003000 -0.013433 -0.014109
2004000 -0.034005 -0.014119
2005000 -0.043785 -0.014134
2006000 -0.033012 -0.014143
2007000 -0.025867 -0.014149
2008000 -0.031900 -0.014158
2009000 -0.026139 -0.014164
2010000 -0.024525 -0.014169
2011000 -0.031797 -0.014178
2012000 -0.027748 -0.014185
2013000 -0.024937 -0.014190
2014000 -0.036513 -0.014201
2015000 -0.033249 -0.014211
2016000 -0.038041 -0.014222
2017000 -0.022364 -0.014226
2018000 -0.052240 -0.014245
2019000 -0.068145 -0.014272
2020000 -0.079116 -0.014304
2021000 -0.064895 -0.014329
2022000 -0.055506 -0.014349
2023000 -0.056948 -0.014370
2024000 -0.036776 -0.014382
2025000 -0.040246 -0.014394
2026000 -0.050874 -0.014412
2027000 -0.054116 -0.014432
2028000 -0.027102 -0.014438
2029000 -0.047043 -0.014454
2030000 -0.027037 -0.014460
2031000 -0.030491 -0.014468
2032000 -0.031394 -0.014477
2033000 -0.029990 -0.014484
2034000 -0.038316 -0.014496
2035000 -0.031380 -0.014504
2036000 -0.030618 -0.014512
2037000 -0.039718 -0.014525
2038000 -0.043816 -0.014539
2039000 -0.058365 -0.014560
2040000 -0.045994 -0.014576
2041000 -0.032555 -0.014585
2042000 -0.039587 -0.014597
2043000 -0.032850 -0.014606
2044000 -0.041996 -0.014619
2045000 -0.018747 -0.014621
2046000 -0.007183 -0.014618
2047000 -0.011819 -0.014616
2048000 -0.011936 -0.014615
2049000 -0.027728 -0.014621
2050000 -0.020671 -0.014624
2051000 -0.034840 -0.014634
2052000 -0.049314 -0.014651
2053000 -0.052707 -0.014670
2054000 -0.047075 -0.014685
2055000 -0.041791 -0.014699
2056000 -0.027064 -0.014705
2057000 -0.026856 -0.014710
2058000 -0.037793 -0.014722
2059000 -0.032488 -0.014730
2060000 -0.025459 -0.014736
2061000 -0.020486 -0.014738
2062000 -0.014816 -0.014738
2063000 -0.016064 -0.014739
2064000 -0.034339 -0.014749
2065000 -0.052548 -0.014767
2066000 -0.043736 -0.014781
2067000 -0.031640 -0.014789
2068000 0.008434 -0.014778
2069000 -0.021968 -0.014781
2070000 -0.012487 -0.014780
2071000 -0.026773 -0.014786
2072000 0.005205 -0.014776
2073000 0.007682 -0.014765
2074000 0.010091 -0.014753
2075000 0.008622 -0.014742
2076000 -0.015005 -0.014742
2077000 -0.007982 -0.014739
2078000 -0.009669 -0.014737
2079000 -0.029362 -0.014744
2080000 -0.033169 -0.014753
2081000 -0.007515 -0.014749
2082000 -0.033048 -0.014758
2083000 -0.004971 -0.014753
2084000 -0.025943 -0.014759
2085000 -0.027739 -0.014765
2086000 -0.037216 -0.014775
2087000 -0.041071 -0.014788
2088000 -0.023009 -0.014792
2089000 -0.021228 -0.014795
2090000 -0.005057 -0.014790
2091000 -0.026012 -0.014796
2092000 -0.017669 -0.014797
2093000 -0.042406 -0.014810
2094000 -0.024965 -0.014815
2095000 -0.023303 -0.014819
2096000 -0.035625 -0.014829
2097000 -0.045823 -0.014844
2098000 -0.036970 -0.014855
2099000 -0.020305 -0.014857
2100000 -0.027498 -0.014863
2101000 -0.041440 -0.014876
2102000 -0.046657 -0.014891
2103000 -0.041489 -0.014904
2104000 -0.043055 -0.014917
2105000 -0.046143 -0.014932
2106000 -0.040841 -0.014944
2107000 -0.017411 -0.014945
2108000 -0.024475 -0.014950
2109000 -0.035819 -0.014960
2110000 -0.020924 -0.014962
2111000 -0.017263 -0.014964
2112000 -0.039521 -0.014975
2113000 -0.023267 -0.014979
2114000 -0.033190 -0.014988
2115000 -0.014005 -0.014987
2116000 -0.031133 -0.014995
2117000 -0.035365 -0.015005
2118000 -0.010503 -0.015002
2119000 -0.006387 -0.014998
2120000 0.008197 -0.014987
2121000 -0.005931 -0.014983
2122000 -0.000531 -0.014976
2123000 -0.017770 -0.014978
2124000 -0.020983 -0.014980
2125000 -0.034649 -0.014990
2126000 -0.019447 -0.014992
2127000 -0.035688 -0.015002
2128000 -0.041399 -0.015014
2129000 -0.040592 -0.015026
2130000 -0.023773 -0.015030
2131000 -0.035389 -0.015040
2132000 -0.020759 -0.015042
2133000 -0.004726 -0.015037
2134000 -0.020750 -0.015040
2135000 -0.029871 -0.015047
2136000 -0.044899 -0.015061
2137000 -0.023529 -0.015065
2138000 -0.030948 -0.015072
2139000 -0.006903 -0.015069
2140000 -0.018806 -0.015070
2141000 -0.017859 -0.015072
2142000 -0.019918 -0.015074
2143000 0.000081 -0.015067
2144000 0.019263 -0.015051
2145000 0.010736 -0.015039
2146000 0.021267 -0.015022
2147000 0.028837 -0.015002
2148000 0.038809 -0.014976
2149000 0.021097 -0.014960
2150000 0.043750 -0.014932
2151000 0.014949 -0.014918
2152000 0.011483 -0.014906
2153000 0.000384 -0.014899
2154000 0.007670 -0.014889
2155000 0.018985 -0.014873
2156000 0.013753 -0.014860
2157000 -0.001925 -0.014854
2158000 0.041571 -0.014827
2159000 0.054820 -0.014795
2160000 0.050273 -0.014765
2161000 0.031522 -0.014744
2162000 0.034092 -0.014721
2163000 0.021942 -0.014704
2164000 0.008112 -0.014694
2165000 0.010046 -0.014682
2166000 0.014948 -0.014668
2167000 0.033930 -0.014646
2168000 0.028134 -0.014626
2169000 0.004345 -0.014618
2170000 0.025221 -0.014599
2171000 0.024198 -0.014581
2172000 0.002044 -0.014574
2173000 -0.002135 -0.014568
2174000 0.003030 -0.014560
2175000 -0.000141 -0.014553
2176000 0.015386 -0.014539
2177000 0.016453 -0.014525
2178000 0.036369 -0.014502
2179000 0.036677 -0.014478
2180000 0.022641 -0.014461
2181000 0.017448 -0.014447
2182000 0.031504 -0.014426
2183000 0.017546 -0.014411
2184000 0.025068 -0.014393
2185000 0.006952 -0.014383
2186000 0.001864 -0.014376
2187000 -0.008052 -0.014373
2188000 -0.018151 -0.014375
2189000 -0.005328 -0.014370
2190000 -0.023559 -0.014375
2191000 -0.015871 -0.014375
2192000 -0.016852 -0.014376
2193000 -0.004116 -0.014372
2194000 -0.047295 -0.014387
2195000 -0.032815 -0.014395
2196000 -0.031836 -0.014403
2197000 -0.015641 -0.014404
2198000 -0.032826 -0.014412
2199000 -0.042143 -0.014425
2200000 -0.040358 -0.014436
2201000 -0.054638 -0.014455
2202000 -0.030405 -0.014462
2203000 -0.035045 -0.014471
2204000 -0.053886 -0.014489
2205000 -0.034602 -0.014498
2206000 -0.056336 -0.014517
2207000 -0.060129 -0.014538
2208000 -0.060309 -0.014559
2209000 -0.067451 -0.014583
2210000 -0.057899 -0.014602
2211000 -0.043260 -0.014615
2212000 -0.072698 -0.014641
2213000 -0.042457 -0.014654
2214000 -0.015993 -0.014655
2215000 -0.032294 -0.014663
2216000 -0.042075 -0.014675
2217000 -0.047078 -0.014690
2218000 -0.029532 -0.014696
2219000 -0.038615 -0.014707
2220000 -0.035904 -0.014717
2221000 -0.017476 -0.014718
2222000 -0.027454 -0.014724
2223000 -0.028903 -0.014730
2224000 -0.043273 -0.014743
2225000 -0.027910 -0.014749
2226000 -0.035253 -0.014758
2227000 -0.027125 -0.014763
2228000 -0.024582 -0.014768
2229000 -0.042053 -0.014780
2230000 -0.038223 -0.014791
2231000 -0.018608 -0.014792
2232000 -0.029209 -0.014799
2233000 -0.027695 -0.014805
2234000 -0.037309 -0.014815
2235000 -0.033931 -0.014823
2236000 -0.022452 -0.014827
2237000 -0.025298 -0.014831
2238000 -0.042280 -0.014844
2239000 -0.050795 -0.014860
2240000 -0.034902 -0.014869
2241000 -0.035814 -0.014878
2242000 -0.046829 -0.014892
2243000 -0.054781 -0.014910
2244000 -0.071345 -0.014935
2245000 -0.032012 -0.014943
2246000 -0.041379 -0.014954
2247000 -0.057301 -0.014973
2248000 -0.016166 -0.014974
2249000 -0.033458 -0.014982
2250000 -0.026189 -0.014987
2251000 -0.026751 -0.014992
2252000 -0.020438 -0.014995
2253000 -0.014557 -0.014995
2254000 -0.026285 -0.015000
2255000 -0.010580 -0.014998
2256000 -0.022789 -0.015001
2257000 -0.012703 -0.015000
2258000 -0.017617 -0.015001
2259000 -0.037558 -0.015011
2260000 -0.018461 -0.015013
2261000 -0.021973 -0.015016
2262000 -0.033535 -0.015024
2263000 -0.038768 -0.015034
2264000 -0.025664 -0.015039
2265000 -0.004197 -0.015034
2266000 -0.023110 -0.015038
2267000 -0.035656 -0.015047
2268000 -0.016953 -0.015048
2269000 -0.017580 -0.015049
2270000 -0.021151 -0.015052
2271000 -0.048836 -0.015067
2272000 -0.052846 -0.015083
2273000 -0.044007 -0.015096
2274000 -0.067823 -0.015119
2275000 -0.057352 -0.015138
2276000 -0.066822 -0.015160
2277000 -0.042359 -0.015172
2278000 -0.015208 -0.015172
2279000 -0.021673 -0.015175
2280000 -0.022498 -0.015178
2281000 -0.015666 -0.015179
2282000 -0.020341 -0.015181
2283000 -0.011361 -0.015179
2284000 -0.000029 -0.015173
2285000 -0.016246 -0.015173
2286000 -0.000910 -0.015167
2287000 -0.017021 -0.015168
2288000 -0.009660 -0.015165
2289000 -0.021957 -0.015168
2290000 -0.003896 -0.015163
2291000 -0.021395 -0.015166
2292000 -0.017586 -0.015167
2293000 -0.035361 -0.015176
2294000 -0.038199 -0.015186
2295000 -0.041455 -0.015197
2296000 -0.034385 -0.015206
2297000 -0.037863 -0.015215
2298000 -0.048531 -0.015230
2299000 -0.041077 -0.015241
2300000 -0.028731 -0.015247
2301000 -0.038679 -0.015257
2302000 -0.024903 -0.015261
2303000 -0.034786 -0.015270
2304000 -0.043106 -0.015282
2305000 -0.049836 -0.015297
2306000 -0.032804 -0.015305
2307000 -0.037332 -0.015314
2308000 -0.033833 -0.015322
2309000 -0.028242 -0.015328
2310000 -0.012773 -0.015327
2311000 -0.011843 -0.015325
2312000 -0.008835 -0.015322
2313000 -0.039175 -0.015333
2314000 -0.030519 -0.015339
2315000 -0.026699 -0.015344
2316000 -0.032855 -0.015352
2317000 -0.019148 -0.015353
2318000 -0.020336 -0.015355
2319000 0.004000 -0.015347
2320000 -0.020863 -0.015350
2321000 -0.003625 -0.015344
2322000 0.007394 -0.015335
2323000 -0.011396 -0.015333
2324000 -0.016002 -0.015333
2325000 -0.019785 -0.015335
2326000 -0.030246 -0.015342
2327000 -0.005710 -0.015337
2328000 0.005426 -0.015329
2329000 0.021543 -0.015313
2330000 -0.001173 -0.015307
2331000 0.012751 -0.015295
2332000 -0.006596 -0.015291
2333000 -0.002380 -0.015285
2334000 -0.022087 -0.015288
2335000 -0.012058 -0.015287
2336000 -0.007398 -0.015283
2337000 -0.005114 -0.015279
2338000 -0.027095 -0.015284
2339000 0.002054 -0.015277
2340000 -0.026055 -0.015281
2341000 -0.015616 -0.015282
2342000 -0.026160 -0.015286
2343000 -0.018668 -0.015288
2344000 -0.019435 -0.015289
2345000 0.006760 -0.015280
2346000 0.002149 -0.015273
2347000 -0.014291 -0.015272
2348000 -0.014765 -0.015272
2349000 0.000695 -0.015265
2350000 -0.018792 -0.015267
2351000 0.000224 -0.015260
2352000 -0.025540 -0.015264
2353000 -0.032318 -0.015272
2354000 -0.011818 -0.015270
2355000 -0.019416 -0.015272
2356000 -0.011211 -0.015270
2357000 -0.009220 -0.015268
2358000 0.001357 -0.015261
2359000 -0.004984 -0.015256
2360000 0.023290 -0.015240
2361000 -0.003518 -0.015235
2362000 -0.002776 -0.015230
2363000 0.012665 -0.015218
2364000 0.030610 -0.015198
2365000 0.000199 -0.015192
2366000 0.015157 -0.015179
2367000 0.000890 -0.015172
2368000 0.043540 -0.015148
2369000 0.049562 -0.015120
2370000 0.049213 -0.015093
2371000 0.030660 -0.015074
2372000 0.006320 -0.015065
2373000 0.005970 -0.015056
2374000 0.017413 -0.015042
2375000 0.021268 -0.015027
2376000 0.022701 -0.015011
2377000 0.019831 -0.014996
2378000 -0.012177 -0.014995
2379000 -0.004531 -0.014991
2380000 0.007428 -0.014981
2381000 -0.020500 -0.014984
2382000 -0.018061 -0.014985
2383000 -0.008664 -0.014982
2384000 0.013330 -0.014970
2385000 0.009021 -0.014960
2386000 0.008351 -0.014951
2387000 -0.003153 -0.014946
2388000 0.006137 -0.014937
2389000 0.002179 -0.014930
2390000 -0.003424 -0.014925
2391000 0.016449 -0.014912
2392000 -0.012195 -0.014911
2393000 -0.007795 -0.014908
2394000 0.001688 -0.014901
2395000 0.009712 -0.014890
2396000 -0.027287 -0.014896
2397000 -0.007054 -0.014892
2398000 -0.011428 -0.014891
2399000 -0.001134 -0.014885
2400000 0.006281 -0.014876
2401000 0.028122 -0.014858
2402000 0.023992 -0.014842
2403000 0.023241 -0.014826
2404000 -0.003159 -0.014822
2405000 -0.007607 -0.014819
2406000 0.025283 -0.014802
2407000 0.017002 -0.014789
2408000 0.030680 -0.014770
2409000 0.029420 -0.014751
2410000 0.027222 -0.014734
2411000 0.034031 -0.014714
2412000 0.025585 -0.014697
2413000 0.007377 -0.014688
2414000 0.009315 -0.014678
2415000 0.008529 -0.014668
2416000 0.010393 -0.014658
2417000 0.018456 -0.014644
2418000 -0.003760 -0.014640
2419000 0.008264 -0.014630
2420000 -0.000212 -0.014624
2421000 0.017970 -0.014611
2422000 0.013172 -0.014600
2423000 -0.017492 -0.014601
2424000 -0.009559 -0.014599
2425000 -0.026221 -0.014603
2426000 -0.038138 -0.014613
2427000 -0.027093 -0.014618
2428000 -0.022575 -0.014622
2429000 -0.028231 -0.014627
2430000 -0.017143 -0.014628
2431000 -0.015181 -0.014628
2432000 -0.025309 -0.014633
2433000 -0.034147 -0.014641
2434000 -0.011698 -0.014640
2435000 -0.028098 -0.014645
2436000 -0.015937 -0.014646
2437000 -0.028883 -0.014651
2438000 -0.037716 -0.014661
2439000 -0.065509 -0.014682
2440000 -0.039411 -0.014692
2441000 -0.032330 -0.014699
2442000 -0.059706 -0.014718
2443000 -0.052338 -0.014733
2444000 -0.028669 -0.014739
2445000 -0.033717 -0.014746
2446000 -0.057243 -0.014764
2447000 -0.029469 -0.014770
2448000 -0.053287 -0.014786
2449000 -0.035150 -0.014794
2450000 -0.039756 -0.014804
2451000 -0.054209 -0.014820
2452000 -0.057178 -0.014837
2453000 -0.043778 -0.014849
2454000 -0.046806 -0.014862
2455000 -0.053860 -0.014878
2456000 -0.054889 -0.014894
2457000 -0.049472 -0.014909
2458000 -0.054355 -0.014925
2459000 -0.039422 -0.014935
2460000 -0.043799 -0.014946
2461000 -0.045248 -0.014959
2462000 -0.048649 -0.014972
2463000 -0.048159 -0.014986
2464000 -0.022066 -0.014989
2465000 -0.025916 -0.014993
2466000 -0.024274 -0.014997
2467000 -0.056375 -0.015014
2468000 -0.045676 -0.015026
2469000 -0.047462 -0.015039
2470000 -0.052887 -0.015054
2471000 -0.054432 -0.015070
2472000 -0.055443 -0.015087
2473000 -0.046175 -0.015099
2474000 -0.064422 -0.015119
2475000 -0.055072 -0.015135
2476000 -0.052464 -0.015150
2477000 -0.075883 -0.015175
2478000 -0.069900 -0.015197
2479000 -0.082221 -0.015224
2480000 -0.089179 -0.015254
2481000 -0.072125 -0.015277
2482000 -0.055633 -0.015293
2483000 -0.031821 -0.015300
2484000 -0.064928 -0.015320
2485000 -0.057499 -0.015337
2486000 -0.037019 -0.015345
2487000 -0.032426 -0.015352
2488000 -0.020163 -0.015354
2489000 -0.045753 -0.015366
2490000 -0.054588 -0.015382
2491000 -0.034136 -0.015390
2492000 -0.048938 -0.015403
2493000 -0.066725 -0.015424
2494000 -0.039898 -0.015434
2495000 -0.059833 -0.015451
2496000 -0.029207 -0.015457
2497000 -0.011143 -0.015455
2498000 -0.022066 -0.015458
2499000 -0.028040 -0.015463
2500000 -0.061409 -0.015481
2501000 -0.022042 -0.015484
2502000 -0.041598 -0.015494
2503000 -0.045443 -0.015506
2504000 -0.052519 -0.015521
2505000 -0.056209 -0.015537
2506000 -0.046716 -0.015550
2507000 -0.058824 -0.015567
2508000 -0.064556 -0.015586
2509000 -0.071982 -0.015609
2510000 -0.054899 -0.015625
2511000 -0.071631 -0.015647
2512000 -0.082620 -0.015674
2513000 -0.072197 -0.015696
2514000 -0.060216 -0.015714
2515000 -0.066689 -0.015734
2516000 -0.064400 -0.015753
2517000 -0.057961 -0.015770
2518000 -0.066031 -0.015790
2519000 -0.079011 -0.015815
2520000 -0.077217 -0.015840
2521000 -0.072397 -0.015862
2522000 -0.066867 -0.015882
2523000 -0.061937 -0.015901
2524000 -0.049697 -0.015914
2525000 -0.065532 -0.015934
2526000 -0.056998 -0.015950
2527000 -0.049602 -0.015963
2528000 -0.044992 -0.015975
2529000 -0.046681 -0.015987
2530000 -0.044748 -0.015998
2531000 -0.021527 -0.016000
2532000 -0.021717 -0.016003
2533000 -0.044914 -0.016014
2534000 -0.019930 -0.016016
2535000 -0.021684 -0.016018
2536000 -0.021672 -0.016020
2537000 -0.042280 -0.016030
2538000 -0.050290 -0.016044
2539000 -0.042322 -0.016054
2540000 -0.052072 -0.016068
2541000 -0.031545 -0.016074
2542000 -0.001798 -0.016069
2543000 0.001913 -0.016062
2544000 -0.009208 -0.016059
2545000 -0.003799 -0.016054
2546000 -0.006660 -0.016051
2547000 0.012808 -0.016039
2548000 -0.012795 -0.016038
2549000 0.007613 -0.016029
2550000 -0.001356 -0.016023
2551000 -0.002149 -0.016017
2552000 -0.006328 -0.016014
2553000 0.002169 -0.016007
2554000 0.005439 -0.015998
2555000 0.005528 -0.015990
2556000 0.026293 -0.015973
2557000 0.018050 -0.015960
2558000 0.017884 -0.015947
2559000 -0.003258 -0.015942
2560000 -0.011530 -0.015940
2561000 0.000768 -0.015933
2562000 -0.001180 -0.015928
2563000 0.001282 -0.015921
2564000 -0.013284 -0.015920
2565000 -0.016331 -0.015920
2566000 0.006435 -0.015911
2567000 -0.014638 -0.015911
2568000 -0.020800 -0.015913
2569000 -0.009367 -0.015910
2570000 -0.013481 -0.015909
2571000 -0.000448 -0.015903
2572000 -0.007021 -0.015900
2573000 -0.014901 -0.015899
2574000 -0.021008 -0.015901
2575000 -0.023505 -0.015904
2576000 -0.028049 -0.015909
2577000 -0.014947 -0.015909
2578000 -0.012156 -0.015907
2579000 -0.020893 -0.015909
2580000 -0.019511 -0.015911
2581000 -0.018666 -0.015912
2582000 -0.037378 -0.015920
2583000 -0.031128 -0.015926
2584000 -0.031572 -0.015932
2585000 -0.049493 -0.015945
2586000 -0.044144 -0.015956
2587000 -0.042205 -0.015966
2588000 -0.056413 -0.015982
2589000 -0.051093 -0.015995
2590000 -0.037458 -0.016003
2591000 -0.049576 -0.016016
2592000 -0.040922 -0.016026
2593000 -0.050033 -0.016039
2594000 -0.014038 -0.016038
2595000 -0.030070 -0.016044
2596000 -0.025187 -0.016047
2597000 -0.052056 -0.016061
2598000 -0.043231 -0.016072
2599000 -0.048284 -0.016084
2600000 -0.050280 -0.016097
2601000 -0.054072 -0.016112
2602000 -0.056206 -0.016127
2603000 -0.038701 -0.016136
2604000 -0.057126 -0.016152
2605000 -0.068714 -0.016172
2606000 -0.024873 -0.016175
2607000 -0.045017 -0.016186
2608000 -0.039788 -0.016195
2609000 -0.051823 -0.016209
2610000 -0.043703 -0.016219
2611000 -0.056052 -0.016235
2612000 -0.059473 -0.016251
2613000 -0.056097 -0.016266
2614000 -0.029870 -0.016272
2615000 -0.047230 -0.016284
2616000 -0.062179 -0.016301
2617000 -0.062935 -0.016319
2618000 -0.048623 -0.016331
2619000 -0.034397 -0.016338
2620000 -0.031004 -0.016344
2621000 -0.058420 -0.016360
2622000 -0.028835 -0.016365
2623000 -0.050279 -0.016377
2624000 -0.044441 -0.016388
2625000 -0.045861 -0.016399
2626000 -0.056626 -0.016415
2627000 -0.058457 -0.016431
2628000 -0.050236 -0.016444
2629000 -0.038611 -0.016452
2630000 -0.049529 -0.016465
2631000 -0.040824 -0.016474
2632000 -0.073538 -0.016496
2633000 -0.063959 -0.016514
2634000 -0.081618 -0.016538
2635000 -0.078531 -0.016562
2636000 -0.086312 -0.016588
2637000 -0.074855 -0.016610
2638000 -0.053776 -0.016624
2639000 -0.068388 -0.016644
2640000 -0.067985 -0.016663
2641000 -0.056784 -0.016679
2642000 -0.056684 -0.016694
2643000 -0.033258 -0.016700
2644000 -0.027971 -0.016704
2645000 -0.027296 -0.016708
2646000 -0.023777 -0.016711
2647000 -0.031127 -0.016716
2648000 -0.017177 -0.016717
2649000 -0.021391 -0.016718
2650000 -0.021729 -0.016720
2651000 -0.043046 -0.016730
2652000 -0.024397 -0.016733
2653000 -0.034105 -0.016740
2654000 -0.024957 -0.016743
2655000 -0.023286 -0.016745
2656000 -0.027160 -0.016749
2657000 -0.052605 -0.016763
2658000 -0.018848 -0.016763
2659000 -0.033545 -0.016770
2660000 -0.009728 -0.016767
2661000 -0.031992 -0.016773
2662000 -0.035904 -0.016780
2663000 -0.004805 -0.016776
2664000 -0.006584 -0.016772
2665000 0.006027 -0.016763
2666000 0.007240 -0.016754
2667000 0.019794 -0.016740
2668000 0.034781 -0.016721
2669000 0.043573 -0.016699
2670000 0.013873 -0.016687
2671000 0.002726 -0.016680
2672000 0.008392 -0.016670
2673000 0.018827 -0.016657
2674000 0.024291 -0.016642
2675000 0.013798 -0.016630
2676000 0.021513 -0.016616
2677000 -0.004806 -0.016612
2678000 -0.002536 -0.016607
2679000 -0.003920 -0.016602
2680000 0.017694 -0.016589
2681000 0.007201 -0.016580
2682000 0.021644 -0.016566
2683000 0.001446 -0.016559
2684000 0.002481 -0.016552
2685000 0.006405 -0.016544
2686000 0.030617 -0.016526
2687000 0.007710 -0.016517
2688000 -0.002266 -0.016512
2689000 -0.007228 -0.016508
2690000 0.018742 -0.016495
2691000 0.004101 -0.016487
2692000 -0.004911 -0.016483
2693000 0.018268 -0.016470
2694000 0.007307 -0.016461
2695000 0.017955 -0.016449
2696000 0.024443 -0.016433
2697000 0.027737 -0.016417
2698000 0.044012 -0.016395
2699000 -0.003014 -0.016390
2700000 0.009253 -0.016380
2701000 -0.020831 -0.016382
2702000 -0.008598 -0.016379
2703000 -0.016863 -0.016379
2704000 -0.013279 -0.016378
2705000 -0.024188 -0.016381
2706000 -0.031973 -0.016387
2707000 -0.033993 -0.016393
2708000 -0.029543 -0.016398
2709000 -0.023568 -0.016401
2710000 -0.029201 -0.016405
2711000 -0.023616 -0.016408
2712000 -0.023480 -0.016411
2713000 -0.010711 -0.016409
2714000 0.019195 -0.016395
2715000 0.007877 -0.016387
2716000 -0.007289 -0.016383
2717000 0.002970 -0.016376
2718000 -0.006520 -0.016372
2719000 -0.010932 -0.016370
2720000 -0.007037 -0.016367
2721000 -0.025806 -0.016370
2722000 -0.023239 -0.016373
2723000 -0.005962 -0.016369
2724000 -0.016775 -0.016369
2725000 -0.021167 -0.016371
2726000 -0.023705 -0.016374
2727000 -0.022635 -0.016376
2728000 -0.003375 -0.016371
2729000 -0.026761 -0.016375
2730000 -0.007399 -0.016372
2731000 0.001648 -0.016365
2732000 0.005279 -0.016357
2733000 -0.012640 -0.016356
2734000 0.000006 -0.016350
2735000 0.011497 -0.016340
2736000 0.006814 -0.016331
2737000 -0.007271 -0.016328
2738000 0.012729 -0.016317
2739000 0.007725 -0.016309
2740000 -0.001922 -0.016303
2741000 -0.007961 -0.016300
2742000 -0.011591 -0.016299
2743000 -0.014423 -0.016298
2744000 0.001098 -0.016292
2745000 0.002249 -0.016285
2746000 -0.002953 -0.016280
2747000 0.012481 -0.016269
2748000 0.003079 -0.016262
2749000 0.017983 -0.016250
2750000 -0.012076 -0.016248
2751000 0.027714 -0.016232
2752000 0.007186 -0.016224
2753000 0.016030 -0.016212
2754000 0.008999 -0.016203
2755000 0.012508 -0.016193
2756000 0.003822 -0.016185
2757000 0.019597 -0.016172
2758000 0.024448 -0.016158
2759000 0.020925 -0.016144
2760000 0.039027 -0.016124
2761000 0.038481 -0.016104
2762000 0.026285 -0.016089
2763000 0.019270 -0.016076
2764000 0.032804 -0.016059
2765000 -0.009918 -0.016056
2766000 0.008198 -0.016048
2767000 0.020119 -0.016035
2768000 0.012497 -0.016024
2769000 0.011600 -0.016014
2770000 0.015394 -0.016003
2771000 0.025545 -0.015988
2772000 0.006805 -0.015980
2773000 0.015622 -0.015968
2774000 0.031961 -0.015951
2775000 0.046562 -0.015929
2776000 0.039182 -0.015909
2777000 0.023205 -0.015895
2778000 0.037926 -0.015875
2779000 0.004992 -0.015868
2780000 0.027511 -0.015852
2781000 0.012890 -0.015842
2782000 0.035286 -0.015823
2783000 0.018385 -0.015811
2784000 0.036116 -0.015792
2785000 0.027959 -0.015777
2786000 0.027266 -0.015761
2787000 0.033870 -0.015744
2788000 0.032015 -0.015726
2789000 0.034165 -0.015708
2790000 0.039804 -0.015689
2791000 0.029365 -0.015672
2792000 -0.005537 -0.015669
2793000 0.010965 -0.015659
2794000 0.014171 -0.015649
2795000 0.012539 -0.015639
2796000 -0.013054 -0.015638
2797000 0.001786 -0.015631
2798000 -0.010120 -0.015629
2799000 0.000309 -0.015624
2800000 0.001639 -0.015618
2801000 0.017838 -0.015606
2802000 0.011557 -0.015596
2803000 -0.005987 -0.015592
2804000 -0.004197 -0.015588
2805000 -0.017481 -0.015589
2806000 -0.027136 -0.015593
2807000 -0.053359 -0.015607
2808000 -0.014880 -0.015606
2809000 -0.004304 -0.015602
2810000 -0.021254 -0.015604
2811000 -0.007785 -0.015602
2812000 -0.008479 -0.015599
2813000 -0.026136 -0.015603
2814000 -0.006745 -0.015600
2815000 0.008054 -0.015591
2816000 -0.004970 -0.015587
2817000 0.013090 -0.015577
2818000 0.004347 -0.015570
2819000 0.031083 -0.015554
2820000 0.010746 -0.015544
2821000 0.011089 -0.015535
2822000 0.025435 -0.015520
2823000 0.001074 -0.015515
2824000 0.028982 -0.015499
2825000 0.012899 -0.015489
2826000 0.016560 -0.015477
2827000 0.018977 -0.015465
2828000 0.038492 -0.015446
2829000 0.036783 -0.015428
2830000 0.029516 -0.015412
2831000 0.030111 -0.015396
2832000 0.037255 -0.015377
2833000 0.027638 -0.015362
2834000 0.021732 -0.015349
2835000 0.005918 -0.015341
2836000 0.013718 -0.015331
2837000 0.012976 -0.015321
2838000 0.025252 -0.015307
2839000 -0.010965 -0.015305
2840000 0.022274 -0.015292
2841000 0.055307 -0.015267
2842000 0.018678 -0.015255
2843000 0.012194 -0.015246
2844000 0.021215 -0.015233
2845000 0.052920 -0.015209
2846000 0.021573 -0.015196
2847000 0.055468 -0.015171
2848000 0.035620 -0.015153
2849000 0.053530 -0.015129
2850000 0.059437 -0.015103
2851000 0.063901 -0.015075
2852000 0.041091 -0.015056
2853000 0.058946 -0.015030
2854000 0.078034 -0.014997
2855000 0.070535 -0.014967
2856000 0.057128 -0.014942
2857000 0.065656 -0.014914
2858000 0.073335 -0.014883
2859000 0.071560 -0.014852
2860000 0.084929 -0.014818
2861000 0.073085 -0.014787
2862000 0.084506 -0.014752
2863000 0.050881 -0.014729
2864000 0.069902 -0.014700
2865000 0.065208 -0.014672
2866000 0.055885 -0.014647
2867000 0.041235 -0.014628
2868000 0.043888 -0.014607
2869000 0.026326 -0.014593
2870000 0.025247 -0.014579
2871000 0.022409 -0.014566
2872000 0.044091 -0.014546
2873000 0.016463 -0.014535
2874000 0.032561 -0.014519
2875000 0.022066 -0.014506
2876000 0.040338 -0.014487
2877000 0.054004 -0.014463
2878000 0.068728 -0.014434
2879000 0.049971 -0.014412
2880000 0.027546 -0.014397
2881000 0.019270 -0.014386
2882000 0.008707 -0.014378
2883000 -0.008780 -0.014376
2884000 0.002120 -0.014370
2885000 -0.007332 -0.014367
2886000 0.002616 -0.014362
2887000 0.016105 -0.014351
2888000 0.028158 -0.014336
2889000 0.023009 -0.014323
2890000 0.005710 -0.014316
2891000 -0.001578 -0.014312
2892000 -0.009063 -0.014310
2893000 -0.014951 -0.014310
2894000 -0.011398 -0.014309
2895000 -0.011145 -0.014308
2896000 0.000220 -0.014303
2897000 0.011362 -0.014294
2898000 0.001011 -0.014289
2899000 -0.010886 -0.014288
2900000 0.001939 -0.014282
2901000 -0.020458 -0.014285
2902000 -0.012459 -0.014284
2903000 -0.016489 -0.014285
2904000 -0.039599 -0.014293
2905000 -0.049492 -0.014305
2906000 -0.041024 -0.014315
2907000 -0.042480 -0.014324
2908000 -0.060059 -0.014340
2909000 -0.057176 -0.014355
2910000 -0.062307 -0.014371
2911000 -0.052616 -0.014384
2912000 -0.059169 -0.014400
2913000 -0.032213 -0.014406
2914000 -0.040557 -0.014415
2915000 -0.047011 -0.014426
2916000 -0.037380 -0.014434
2917000 -0.031178 -0.014440
2918000 -0.015663 -0.014440
2919000 -0.033710 -0.014447
2920000 -0.034594 -0.014454
2921000 -0.018921 -0.014455
2922000 -0.028004 -0.014460
2923000 -0.039362 -0.014468
2924000 -0.018418 -0.014470
2925000 -0.039579 -0.014478
2926000 -0.033248 -0.014485
2927000 -0.005814 -0.014482
2928000 -0.028646 -0.014487
2929000 -0.020215 -0.014488
2930000 -0.011558 -0.014487
2931000 -0.007001 -0.014485
2932000 -0.024491 -0.014488
2933000 -0.005447 -0.014485
2934000 0.010276 -0.014477
2935000 -0.034474 -0.014484
2936000 -0.006850 -0.014481
2937000 -0.021371 -0.014483
2938000 -0.037674 -0.014491
2939000 -0.019248 -0.014493
2940000 -0.024962 -0.014496
2941000 -0.019071 -0.014498
2942000 -0.047088 -0.014509
2943000 -0.045735 -0.014520
2944000 -0.055463 -0.014534
2945000 -0.039237 -0.014542
2946000 -0.050179 -0.014554
2947000 -0.035413 -0.014561
2948000 -0.056240 -0.014575
2949000 -0.029860 -0.014580
2950000 -0.033416 -0.014587
2951000 -0.027703 -0.014591
2952000 -0.051371 -0.014604
2953000 -0.052250 -0.014617
2954000 -0.029755 -0.014622
2955000 -0.032441 -0.014628
2956000 -0.028048 -0.014632
2957000 -0.009508 -0.014630
2958000 -0.024378 -0.014634
2959000 -0.030051 -0.014639
2960000 0.001380 -0.014634
2961000 0.004282 -0.014627
2962000 0.013240 -0.014618
2963000 -0.006370 -0.014615
2964000 -0.011276 -0.014614
2965000 -0.016796 -0.014615
2966000 -0.011969 -0.014614
2967000 -0.011131 -0.014613
2968000 -0.028849 -0.014617
2969000 -0.027995 -0.014622
2970000 -0.021803 -0.014624
2971000 -0.013361 -0.014624
2972000 -0.019377 -0.014625
2973000 -0.018459 -0.014627
2974000 -0.038422 -0.014635
2975000 -0.051126 -0.014647
2976000 -0.018747 -0.014648
2977000 -0.016585 -0.014649
2978000 -0.008953 -0.014647
2979000 -0.018738 -0.014648
2980000 -0.037629 -0.014656
2981000 -0.019638 -0.014658
2982000 -0.032921 -0.014664
2983000 -0.044147 -0.014674
2984000 -0.026026 -0.014678
2985000 -0.038880 -0.014686
2986000 -0.028926 -0.014691
2987000 -0.026204 -0.014694
2988000 -0.042367 -0.014704
2989000 -0.031550 -0.014709
2990000 -0.039109 -0.014717
2991000 -0.021202 -0.014720
2992000 -0.045553 -0.014730
2993000 -0.047512 -0.014741
2994000 -0.045838 -0.014751
2995000 -0.053831 -0.014764
2996000 -0.058606 -0.014779
2997000 -0.050459 -0.014791
2998000 -0.052805 -0.014804
2999000 -0.058047 -0.014818
3000000 -0.048852 -0.014829
