1000 40.746876 40.746876
2000 40.407095 40.576986
3000 40.208505 40.454159
4000 40.605228 40.491926
5000 40.833225 40.560186
6000 40.936138 40.622845
7000 40.970062 40.672447
8000 41.072371 40.722438
9000 40.750396 40.725544
10000 40.731735 40.726163
11000 40.597389 40.714456
12000 40.778883 40.719825
13000 40.589564 40.709805
14000 40.571824 40.699949
15000 40.663027 40.697488
16000 40.557998 40.688770
17000 40.516554 40.678639
18000 40.548924 40.671433
19000 40.527618 40.663864
20000 40.533869 40.657364
21000 40.434273 40.646741
22000 40.447414 40.637680
23000 40.682265 40.639619
24000 40.524296 40.634814
25000 40.622359 40.634316
26000 40.567543 40.631747
27000 40.555878 40.628937
28000 40.418123 40.621408
29000 40.393959 40.613565
30000 41.031026 40.627481
31000 40.568371 40.625574
32000 40.582795 40.624237
33000 40.407789 40.617678
34000 40.463722 40.613150
35000 40.075780 40.597796
36000 40.282258 40.589031
37000 40.321318 40.581796
38000 40.061113 40.568094
39000 40.163956 40.557731
40000 40.224965 40.549412
41000 40.247140 40.542040
42000 40.119358 40.531976
43000 40.228134 40.524910
44000 40.362698 40.521223
45000 40.049005 40.510729
46000 40.249385 40.505048
47000 40.193299 40.498415
48000 40.358651 40.495503
49000 40.420012 40.493963
50000 40.435157 40.492787
51000 40.434216 40.491638
52000 40.288558 40.487733
53000 40.548683 40.488883
54000 40.617108 40.491257
55000 40.463379 40.490750
56000 40.561161 40.492008
57000 40.655624 40.494878
58000 40.521483 40.495337
59000 40.311993 40.492229
60000 40.074309 40.485264
61000 39.961269 40.476674
62000 40.136782 40.471192
63000 40.259001 40.467824
64000 39.975486 40.460131
65000 39.828764 40.450418
66000 39.802934 40.440607
67000 39.778976 40.430732
68000 39.698230 40.419960
69000 39.729192 40.409949
70000 39.841662 40.401831
71000 39.790970 40.393227
72000 39.451091 40.380142
73000 39.388135 40.366553
74000 39.439161 40.354020
75000 39.451596 40.341988
76000 39.593136 40.332135
77000 39.563131 40.322147
78000 39.628271 40.313252
79000 39.587418 40.304064
80000 39.748170 40.297115
81000 39.809909 40.291100
82000 39.517475 40.281666
83000 39.777751 40.275595
84000 39.576044 40.267267
85000 40.168817 40.266108
86000 39.940328 40.262320
87000 39.846702 40.257543
88000 40.229291 40.257222
89000 40.119932 40.255679
90000 39.962013 40.252416
91000 39.737544 40.246758
92000 39.682551 40.240626
93000 39.887572 40.236830
94000 39.767185 40.231833
95000 39.652860 40.225739
96000 39.679820 40.220052
97000 39.699406 40.214685
98000 39.410334 40.206477
99000 39.528334 40.199627
100000 39.809818 40.195729
101000 39.651103 40.190337
102000 39.878034 40.187275
103000 39.749201 40.183022
104000 39.541506 40.176853
105000 39.485844 40.170272
106000 39.811235 40.166885
107000 39.619095 40.161766
108000 39.599103 40.156556
109000 39.708941 40.152449
110000 39.840004 40.149609
111000 39.936406 40.147688
112000 39.806227 40.144639
113000 40.005824 40.143411
114000 39.775176 40.140181
115000 39.883519 40.137949
116000 39.851244 40.135477
117000 40.046837 40.134720
118000 40.002151 40.133596
119000 40.220591 40.134327
120000 39.974943 40.132999
121000 39.886492 40.130962
122000 39.873692 40.128853
123000 40.017005 40.127944
124000 40.112271 40.127817
125000 40.020449 40.126958
126000 40.105488 40.126788
127000 40.434449 40.129210
128000 40.356995 40.130990
129000 40.372932 40.132866
130000 40.345234 40.134499
131000 40.421674 40.136691
132000 40.515498 40.139561
133000 40.330182 40.140994
134000 40.183874 40.141314
135000 40.481570 40.143835
136000 40.558805 40.146886
137000 40.456980 40.149149
138000 40.273320 40.150049
139000 40.510634 40.152643
140000 40.371411 40.154206
141000 40.363863 40.155693
142000 40.263818 40.156454
143000 40.435091 40.158403
144000 40.300787 40.159392
145000 40.126426 40.159164
146000 39.829427 40.156906
147000 40.020387 40.155977
148000 39.876636 40.154090
149000 39.994771 40.153020
150000 40.054050 40.152361
151000 39.788910 40.149954
152000 39.988732 40.148893
153000 40.201083 40.149234
154000 39.883581 40.147509
155000 39.905292 40.145946
156000 40.050585 40.145335
157000 40.068994 40.144849
158000 40.267217 40.145623
159000 40.144886 40.145619
160000 40.216926 40.146064
161000 40.593709 40.148845
162000 40.586898 40.151549
163000 40.586919 40.154220
164000 40.963371 40.159154
165000 40.974635 40.164096
166000 41.094125 40.169699
167000 41.197581 40.175854
168000 41.246872 40.182229
169000 41.279464 40.188721
170000 40.991105 40.193441
171000 41.131927 40.198929
172000 41.094094 40.204134
173000 40.867137 40.207966
174000 41.066998 40.212903
175000 41.165822 40.218348
176000 40.995634 40.222765
177000 40.865549 40.226396
178000 40.852486 40.229914
179000 40.753508 40.232839
180000 41.034742 40.237294
181000 40.777882 40.240280
182000 40.669974 40.242641
183000 40.844484 40.245930
184000 40.619500 40.247960
185000 40.808242 40.250989
186000 40.786333 40.253867
187000 40.842385 40.257014
188000 40.914562 40.260512
189000 40.794148 40.263335
190000 40.791313 40.266114
191000 40.896970 40.269417
192000 40.926382 40.272839
193000 41.072436 40.276982
194000 41.303859 40.282275
195000 41.154320 40.286747
196000 41.237801 40.291599
197000 41.281870 40.296626
198000 41.034010 40.300350
199000 41.050641 40.304121
200000 40.761444 40.306407
201000 41.006976 40.309893
202000 40.813191 40.312384
203000 41.075588 40.316144
204000 41.073273 40.319855
205000 40.810314 40.322248
206000 41.113554 40.326089
207000 40.973001 40.329214
208000 40.979873 40.332342
209000 41.190721 40.336449
210000 41.111881 40.340142
211000 40.987782 40.343211
212000 41.012234 40.346367
213000 41.078791 40.349806
214000 41.084773 40.353240
215000 41.027310 40.356375
216000 40.917193 40.358972
217000 41.179510 40.362753
218000 41.139049 40.366314
219000 41.436038 40.371199
220000 41.282757 40.375342
221000 41.287433 40.379469
222000 41.223225 40.383270
223000 41.171978 40.386807
224000 41.303757 40.390900
225000 41.214954 40.394563
226000 41.183511 40.398054
227000 41.267904 40.401885
228000 41.316161 40.405895
229000 41.255442 40.409605
230000 41.293091 40.413446
231000 41.300608 40.417287
232000 41.449432 40.421736
233000 41.231371 40.425211
234000 41.320392 40.429036
235000 41.322484 40.432838
236000 41.285056 40.436449
237000 41.266395 40.439951
238000 41.351539 40.443781
239000 41.242560 40.447124
240000 41.481993 40.451436
241000 41.217456 40.454614
242000 41.307703 40.458139
243000 41.288355 40.461556
244000 41.151780 40.464385
245000 41.143531 40.467157
246000 41.171801 40.470021
247000 41.068601 40.472444
248000 40.877750 40.474079
249000 41.131025 40.476717
250000 40.797053 40.477998
251000 40.949036 40.479875
252000 40.879561 40.481461
253000 41.041585 40.483675
254000 40.909381 40.485351
255000 40.922803 40.487066
256000 40.976588 40.488979
257000 41.139454 40.491510
258000 41.080493 40.493793
259000 41.058002 40.495971
260000 41.117074 40.498360
261000 41.260326 40.501279
262000 41.037326 40.503325
263000 41.250099 40.506165
264000 41.177101 40.508706
265000 40.998815 40.510556
266000 41.195804 40.513132
267000 41.085116 40.515274
268000 41.224196 40.517919
269000 41.474778 40.521476
270000 41.099956 40.523619
271000 41.261233 40.526341
272000 41.290853 40.529151
273000 41.488763 40.532666
274000 41.147560 40.534911
275000 41.628957 40.538889
276000 41.539564 40.542515
277000 41.497515 40.545962
278000 41.414142 40.549085
279000 41.191757 40.551389
280000 41.048680 40.553165
281000 41.169608 40.555358
282000 41.238127 40.557780
283000 41.015671 40.559398
284000 41.046571 40.561113
285000 40.898903 40.562298
286000 40.873192 40.563385
287000 40.781056 40.564144
288000 40.698217 40.564609
289000 40.728580 40.565177
290000 40.909127 40.566363
291000 40.888768 40.567471
292000 40.954124 40.568795
293000 41.166660 40.570835
294000 41.180665 40.572909
295000 41.345524 40.575528
296000 41.195215 40.577622
297000 41.094781 40.579363
298000 40.874272 40.580353
299000 41.066144 40.581978
300000 40.804783 40.582720
301000 40.901081 40.583778
302000 41.239299 40.585949
303000 41.026365 40.587402
304000 40.880740 40.588367
305000 40.650947 40.588572
306000 40.854647 40.589442
307000 41.165604 40.591318
308000 40.865154 40.592208
309000 40.836743 40.592999
310000 41.015987 40.594363
311000 40.885109 40.595298
312000 40.875411 40.596196
313000 40.801424 40.596852
314000 40.939258 40.597942
315000 40.856898 40.598764
316000 40.993562 40.600014
317000 41.117501 40.601646
318000 41.262997 40.603726
319000 41.296015 40.605896
320000 41.070276 40.607347
321000 41.128204 40.608970
322000 41.231060 40.610902
323000 41.282794 40.612982
324000 41.300381 40.615104
325000 41.241346 40.617030
326000 41.351512 40.619283
327000 41.496183 40.621965
328000 41.232157 40.623825
329000 41.282141 40.625826
330000 41.254971 40.627733
331000 41.142069 40.629287
332000 41.091263 40.630678
333000 41.177643 40.632321
334000 41.106890 40.633742
335000 41.311068 40.635764
336000 41.316503 40.637790
337000 41.454251 40.640212
338000 41.338220 40.642277
339000 41.615684 40.645149
340000 41.614374 40.647999
341000 41.715333 40.651129
342000 41.691461 40.654171
343000 41.507179 40.656658
344000 41.553454 40.659265
345000 41.759743 40.662455
346000 41.831627 40.665834
347000 41.484542 40.668194
348000 41.687136 40.671122
349000 41.502292 40.673503
350000 41.459319 40.675748
351000 41.389843 40.677783
352000 41.878531 40.681194
353000 41.742262 40.684200
354000 41.854197 40.687505
355000 41.676124 40.690290
356000 42.004809 40.693982
357000 41.805758 40.697096
358000 41.621995 40.699680
359000 41.777668 40.702683
360000 41.588111 40.705142
361000 41.428145 40.707145
362000 41.379855 40.709003
363000 41.411755 40.710939
364000 40.879627 40.711403
365000 41.007193 40.712213
366000 41.020077 40.713054
367000 41.284277 40.714611
368000 41.178155 40.715870
369000 41.244059 40.717302
370000 41.007157 40.718085
371000 40.604258 40.717778
372000 40.899259 40.718266
373000 40.806367 40.718502
374000 40.788134 40.718689
375000 40.714504 40.718677
376000 40.733077 40.718716
377000 40.682571 40.718620
378000 40.543013 40.718155
379000 40.797219 40.718364
380000 40.776318 40.718516
381000 40.618849 40.718255
382000 40.705285 40.718221
383000 40.823242 40.718495
384000 40.680595 40.718396
385000 40.473824 40.717761
386000 40.334371 40.716768
387000 40.236513 40.715527
388000 40.004015 40.713693
389000 40.417104 40.712931
390000 40.328630 40.711945
391000 40.503011 40.711411
392000 40.614628 40.711164
393000 40.785833 40.711354
394000 40.605308 40.711085
395000 40.796350 40.711301
396000 40.804459 40.711536
397000 40.665913 40.711421
398000 40.695442 40.711381
399000 40.714372 40.711388
400000 40.634801 40.711197
401000 40.705934 40.711184
402000 40.780619 40.711357
403000 40.849233 40.711699
404000 40.846947 40.712033
405000 40.629804 40.711830
406000 40.552248 40.711437
407000 40.804469 40.711666
408000 40.844225 40.711991
409000 40.780881 40.712159
410000 40.741627 40.712231
411000 40.676677 40.712145
412000 41.004661 40.712855
413000 40.870653 40.713237
414000 41.183727 40.714373
415000 40.919622 40.714868
416000 40.892401 40.715294
417000 40.834750 40.715581
418000 40.689102 40.715518
419000 40.695370 40.715469
420000 40.537016 40.715045
421000 40.366105 40.714216
422000 40.323048 40.713289
423000 40.524943 40.712844
424000 40.473159 40.712278
425000 40.253582 40.711199
426000 40.265893 40.710154
427000 40.329180 40.709261
428000 40.306135 40.708320
429000 40.359560 40.707507
430000 40.243497 40.706428
431000 40.288180 40.705457
432000 40.221887 40.704338
433000 40.433007 40.703711
434000 40.599584 40.703471
435000 40.380010 40.702728
436000 40.561620 40.702404
437000 40.562551 40.702084
438000 40.336704 40.701250
439000 40.219958 40.700153
440000 40.156568 40.698918
441000 40.337264 40.698098
442000 40.641794 40.697970
443000 40.566884 40.697675
444000 40.684239 40.697644
445000 40.463159 40.697117
446000 40.333907 40.696303
447000 40.393395 40.695625
448000 40.225111 40.694575
449000 40.425080 40.693975
450000 40.760323 40.694122
451000 40.548501 40.693799
452000 40.588422 40.693566
453000 40.555908 40.693262
454000 40.789382 40.693474
455000 40.958576 40.694057
456000 41.076083 40.694895
457000 40.994908 40.695551
458000 40.984921 40.696183
459000 41.068292 40.696994
460000 40.971448 40.697590
461000 40.681032 40.697554
462000 40.843348 40.697870
463000 40.894375 40.698294
464000 41.271362 40.699529
465000 40.924288 40.700013
466000 40.993536 40.700643
467000 41.041541 40.701373
468000 40.979752 40.701967
469000 40.925974 40.702445
470000 41.103331 40.703298
471000 40.885846 40.703686
472000 41.046589 40.704412
473000 40.925958 40.704880
474000 40.920887 40.705336
475000 40.676644 40.705276
476000 40.785402 40.705444
477000 40.855108 40.705758
478000 40.816863 40.705990
479000 40.998595 40.706601
480000 41.129763 40.707483
481000 40.960749 40.708009
482000 40.891740 40.708390
483000 40.749943 40.708476
484000 40.982471 40.709043
485000 40.918497 40.709474
486000 41.248376 40.710583
487000 40.939733 40.711054
488000 40.995890 40.711637
489000 41.019567 40.712267
490000 41.147165 40.713155
491000 40.892732 40.713520
492000 41.027548 40.714159
493000 40.954912 40.714647
494000 41.080123 40.715387
495000 40.744068 40.715445
496000 40.855975 40.715728
497000 41.165308 40.716633
498000 41.079056 40.717361
499000 41.011196 40.717949
500000 40.902143 40.718318
501000 40.858881 40.718598
502000 41.229489 40.719616
503000 40.955498 40.720085
504000 41.332405 40.721300
505000 41.574294 40.722989
506000 41.402692 40.724332
507000 41.289225 40.725446
508000 41.099115 40.726182
509000 41.421694 40.727548
510000 41.726899 40.729508
511000 41.508292 40.731032
512000 41.640343 40.732808
513000 41.375757 40.734061
514000 41.314223 40.735190
515000 41.234513 40.736160
516000 41.547446 40.737732
517000 41.427575 40.739066
518000 41.339527 40.740225
519000 41.523414 40.741734
520000 41.145894 40.742512
521000 41.183518 40.743358
522000 41.062079 40.743969
523000 41.133308 40.744713
524000 41.085371 40.745363
525000 41.356483 40.746527
526000 40.950985 40.746916
527000 41.235805 40.747844
528000 41.272585 40.748837
529000 41.399921 40.750068
530000 41.183164 40.750885
531000 41.338388 40.751992
532000 41.457233 40.753317
533000 41.531802 40.754778
534000 41.219413 40.755648
535000 41.598621 40.757224
536000 41.229316 40.758105
537000 41.356925 40.759220
538000 41.053097 40.759766
539000 40.955224 40.760129
540000 41.258219 40.761051
541000 41.308857 40.762064
542000 41.245964 40.762956
543000 41.134533 40.763641
544000 41.301466 40.764629
545000 41.225802 40.765475
546000 41.091819 40.766073
547000 41.159354 40.766792
548000 41.068513 40.767343
549000 41.115784 40.767977
550000 41.285407 40.768918
551000 41.202865 40.769706
552000 41.302148 40.770670
553000 41.350265 40.771718
554000 41.463177 40.772967
555000 41.215357 40.773764
556000 41.026110 40.774218
557000 41.141325 40.774877
558000 41.487637 40.776154
559000 41.501188 40.777451
560000 41.239543 40.778276
561000 41.182955 40.778997
562000 41.072701 40.779520
563000 41.203765 40.780274
564000 41.213014 40.781041
565000 41.177378 40.781742
566000 41.367086 40.782777
567000 41.274649 40.783644
568000 41.158491 40.784304
569000 41.309932 40.785228
570000 41.251246 40.786045
571000 41.437932 40.787187
572000 41.195765 40.787901
573000 41.137254 40.788511
574000 41.331340 40.789457
575000 41.513112 40.790715
576000 41.442106 40.791846
577000 41.153648 40.792473
578000 41.175462 40.793136
579000 41.254345 40.793932
580000 41.036024 40.794350
581000 41.195219 40.795040
582000 41.250012 40.795821
583000 41.219082 40.796547
584000 41.250347 40.797324
585000 41.274753 40.798141
586000 41.187416 40.798805
587000 40.965542 40.799089
588000 41.019481 40.799464
589000 40.959379 40.799735
590000 41.210200 40.800431
591000 41.072495 40.800891
592000 41.169708 40.801514
593000 41.365450 40.802465
594000 41.507259 40.803652
595000 41.671468 40.805110
596000 41.266174 40.805884
597000 41.379370 40.806845
598000 41.420295 40.807870
599000 41.318932 40.808724
600000 41.239444 40.809441
601000 41.301178 40.810260
602000 41.183715 40.810880
603000 41.158403 40.811456
604000 41.294363 40.812256
605000 41.049780 40.812648
606000 41.445374 40.813693
607000 41.489311 40.814806
608000 41.343236 40.815675
609000 41.558796 40.816895
610000 41.551525 40.818099
611000 41.518492 40.819246
612000 41.625074 40.820562
613000 41.484246 40.821645
614000 41.634320 40.822969
615000 41.576616 40.824194
616000 41.462282 40.825230
617000 41.529076 40.826371
618000 41.673730 40.827742
619000 41.868950 40.829424
620000 41.437242 40.830404
621000 41.545179 40.831555
622000 41.583014 40.832763
623000 41.572716 40.833951
624000 41.677223 40.835302
625000 41.666123 40.836632
626000 41.457981 40.837624
627000 41.531430 40.838731
628000 41.885057 40.840397
629000 41.856625 40.842013
630000 41.425379 40.842939
631000 41.600724 40.844139
632000 41.661439 40.845433
633000 41.396495 40.846303
634000 41.852342 40.847890
635000 41.628921 40.849120
636000 41.706801 40.850469
637000 41.601145 40.851647
638000 41.492970 40.852652
639000 41.504709 40.853673
640000 41.503316 40.854688
641000 41.261533 40.855322
642000 41.559037 40.856419
643000 41.430571 40.857312
644000 41.225817 40.857884
645000 41.355451 40.858655
646000 41.777173 40.860077
647000 41.644876 40.861290
648000 41.404332 40.862128
649000 41.291723 40.862790
650000 41.657022 40.864012
651000 41.588255 40.865124
652000 41.683904 40.866380
653000 41.632269 40.867553
654000 41.493349 40.868510
655000 41.652047 40.869706
656000 41.737457 40.871029
657000 41.673094 40.872250
658000 41.565621 40.873303
659000 41.466277 40.874203
660000 41.574687 40.875265
661000 41.359618 40.875997
662000 41.236187 40.876541
663000 41.491272 40.877469
664000 41.510097 40.878421
665000 41.675684 40.879620
666000 41.803113 40.881007
667000 41.505661 40.881943
668000 41.574274 40.882980
669000 41.793559 40.884341
670000 41.675771 40.885522
671000 41.711567 40.886753
672000 41.757686 40.888049
673000 41.827294 40.889445
674000 41.561347 40.890442
675000 41.642495 40.891556
676000 41.854398 40.892980
677000 41.783248 40.894295
678000 41.676925 40.895450
679000 41.515815 40.896363
680000 41.571533 40.897356
681000 41.805712 40.898690
682000 41.816233 40.900035
683000 41.470062 40.900870
684000 41.550351 40.901820
685000 41.697787 40.902982
686000 41.533670 40.903901
687000 41.558186 40.904853
688000 41.699776 40.906009
689000 41.535112 40.906922
690000 41.544056 40.907845
691000 41.565663 40.908797
692000 41.578514 40.909765
693000 41.770536 40.911007
694000 41.576495 40.911966
695000 41.180716 40.912353
696000 41.159288 40.912707
697000 41.346151 40.913329
698000 41.232096 40.913786
699000 41.312786 40.914357
700000 41.269250 40.914864
701000 41.069772 40.915085
702000 40.875366 40.915028
703000 41.072086 40.915252
704000 41.094853 40.915507
705000 41.016196 40.915650
706000 41.005847 40.915777
707000 41.017035 40.915920
708000 41.105278 40.916188
709000 41.055460 40.916384
710000 41.071948 40.916603
711000 41.137619 40.916914
712000 40.989511 40.917016
713000 40.914347 40.917013
714000 41.147639 40.917336
715000 40.736376 40.917082
716000 40.620811 40.916669
717000 40.684559 40.916345
718000 41.046030 40.916526
719000 40.649736 40.916155
720000 40.611185 40.915731
721000 40.592097 40.915282
722000 40.790174 40.915109
723000 40.705448 40.914819
724000 40.911894 40.914815
725000 40.687121 40.914501
726000 40.494685 40.913922
727000 40.600338 40.913491
728000 40.605873 40.913069
729000 40.729354 40.912817
730000 40.656753 40.912466
731000 40.730395 40.912217
732000 40.681016 40.911901
733000 40.741646 40.911669
734000 40.797651 40.911513
735000 40.936329 40.911547
736000 40.630982 40.911166
737000 40.694304 40.910872
738000 40.624128 40.910483
739000 40.761431 40.910281
740000 40.885479 40.910248
741000 40.837170 40.910149
742000 40.666518 40.909821
743000 40.659905 40.909484
744000 40.494248 40.908926
745000 40.371667 40.908205
746000 40.773884 40.908025
747000 40.660097 40.907693
748000 40.657454 40.907359
749000 40.618798 40.906973
750000 40.842112 40.906887
751000 40.623361 40.906509
752000 40.747315 40.906298
753000 40.418078 40.905649
754000 40.582517 40.905221
755000 40.290763 40.904407
756000 40.446957 40.903802
757000 40.734862 40.903579
758000 40.889942 40.903561
759000 40.758864 40.903370
760000 40.529948 40.902879
761000 40.476203 40.902318
762000 40.401678 40.901661
763000 40.527443 40.901171
764000 40.359644 40.900462
765000 40.274139 40.899643
766000 40.150352 40.898665
767000 40.098121 40.897621
768000 40.093529 40.896574
769000 39.843806 40.895205
770000 40.021501 40.894070
771000 40.302450 40.893303
772000 40.175501 40.892373
773000 40.046643 40.891279
774000 40.137881 40.890306
775000 40.221902 40.889443
776000 40.192520 40.888545
777000 40.308330 40.887799
778000 40.007524 40.886667
779000 40.116590 40.885679
780000 40.045660 40.884602
781000 40.040858 40.883521
782000 40.367464 40.882861
783000 39.991010 40.881722
784000 40.004320 40.880603
785000 40.006219 40.879489
786000 40.242244 40.878679
787000 40.117962 40.877712
788000 40.124588 40.876756
789000 40.218319 40.875922
790000 40.442648 40.875373
791000 40.308609 40.874657
792000 40.062510 40.873631
793000 40.024553 40.872561
794000 40.133224 40.871629
795000 40.018081 40.870556
796000 39.963427 40.869416
797000 39.987679 40.868310
798000 40.119350 40.867371
799000 40.185815 40.866518
800000 39.886309 40.865293
801000 39.946242 40.864146
802000 39.909246 40.862955
803000 39.921799 40.861783
804000 39.689297 40.860325
805000 39.613891 40.858776
806000 39.982027 40.857689
807000 40.036779 40.856671
808000 39.805879 40.855371
809000 39.930301 40.854227
810000 39.883697 40.853029
811000 40.054577 40.852045
812000 39.963782 40.850951
813000 39.937809 40.849828
814000 39.618847 40.848315
815000 39.598527 40.846782
816000 39.528992 40.845167
817000 39.648238 40.843702
818000 39.666270 40.842262
819000 39.517631 40.840645
820000 39.535664 40.839054
821000 39.842177 40.837839
822000 39.685170 40.836437
823000 39.584438 40.834916
824000 39.457699 40.833244
825000 39.543690 40.831681
826000 39.735626 40.830354
827000 39.493013 40.828737
828000 39.692106 40.827365
829000 39.908330 40.826256
830000 40.044454 40.825314
831000 40.081044 40.824418
832000 40.011429 40.823441
833000 40.002811 40.822456
834000 40.102374 40.821593
835000 40.065901 40.820688
836000 39.695047 40.819341
837000 39.827882 40.818157
838000 39.851568 40.817003
839000 39.986730 40.816014
840000 39.595218 40.814560
841000 39.662104 40.813190
842000 39.732729 40.811907
843000 39.792664 40.810698
844000 39.643631 40.809315
845000 40.004934 40.808363
846000 40.215028 40.807662
847000 39.918456 40.806612
848000 39.966582 40.805621
849000 39.835849 40.804479
850000 39.650084 40.803121
851000 39.761577 40.801897
852000 39.867691 40.800800
853000 39.597478 40.799390
854000 39.588065 40.797971
855000 39.639714 40.796617
856000 39.827298 40.795484
857000 39.711674 40.794220
858000 39.578693 40.792803
859000 39.568235 40.791377
860000 39.628927 40.790026
861000 39.416599 40.788431
862000 39.566328 40.787013
863000 39.341336 40.785338
864000 39.399567 40.783734
865000 39.593110 40.782357
866000 39.604836 40.780998
867000 39.778173 40.779841
868000 39.738762 40.778641
869000 39.894405 40.777624
870000 40.061997 40.776801
871000 40.054203 40.775972
872000 39.751925 40.774797
873000 39.660374 40.773521
874000 39.656783 40.772243
875000 39.861938 40.771203
876000 39.617462 40.769886
877000 39.545339 40.768489
878000 39.424200 40.766958
879000 39.662481 40.765702
880000 39.882876 40.764699
881000 39.726412 40.763520
882000 39.825507 40.762457
883000 39.658604 40.761206
884000 39.662075 40.759963
885000 39.706846 40.758773
886000 39.782702 40.757671
887000 39.801254 40.756593
888000 39.595407 40.755286
889000 39.860157 40.754279
890000 40.219401 40.753678
891000 39.890198 40.752709
892000 40.052524 40.751924
893000 40.140451 40.751239
894000 40.370959 40.750813
895000 40.297812 40.750307
896000 40.178842 40.749670
897000 40.158320 40.749010
898000 40.212287 40.748413
899000 40.086308 40.747676
900000 40.079336 40.746934
901000 40.156107 40.746278
902000 39.811429 40.745241
903000 39.978728 40.744393
904000 39.953511 40.743518
905000 39.987249 40.742682
906000 40.252179 40.742141
907000 40.368780 40.741729
908000 40.292005 40.741234
909000 40.572021 40.741047
910000 40.094662 40.740337
911000 40.272328 40.739823
912000 40.137367 40.739163
913000 40.469497 40.738868
914000 40.174423 40.738250
915000 40.191963 40.737653
916000 40.300277 40.737175
917000 40.432644 40.736843
918000 40.351385 40.736423
919000 40.343679 40.735996
920000 40.445450 40.735680
921000 40.730961 40.735675
922000 40.550562 40.735474
923000 40.515511 40.735236
924000 40.318975 40.734786
925000 40.338626 40.734357
926000 40.337038 40.733928
927000 40.422965 40.733593
928000 40.754539 40.733615
929000 40.671560 40.733549
930000 40.552301 40.733354
931000 40.539050 40.733145
932000 40.489816 40.732884
933000 40.467479 40.732599
934000 40.584957 40.732441
935000 40.548779 40.732245
936000 40.521619 40.732020
937000 40.522602 40.731796
938000 40.749506 40.731815
939000 40.491999 40.731560
940000 40.752070 40.731582
941000 40.565504 40.731405
942000 40.583349 40.731248
943000 40.650426 40.731162
944000 40.558896 40.730980
945000 40.684220 40.730930
946000 40.741051 40.730941
947000 40.852428 40.731069
948000 40.462090 40.730786
949000 40.607497 40.730656
950000 40.353118 40.730258
951000 40.323137 40.729830
952000 40.445289 40.729531
953000 40.471166 40.729260
954000 40.268418 40.728777
955000 40.574965 40.728616
956000 40.592778 40.728474
957000 40.509785 40.728245
958000 40.371086 40.727873
959000 40.464204 40.727598
960000 40.462561 40.727322
961000 40.265028 40.726841
962000 40.239275 40.726334
963000 40.151132 40.725736
964000 40.182022 40.725172
965000 40.371702 40.724806
966000 40.203211 40.724266
967000 40.015829 40.723534
968000 39.972906 40.722758
969000 39.926874 40.721937
970000 40.182340 40.721380
971000 40.353346 40.721001
972000 40.066132 40.720328
973000 40.058124 40.719647
974000 39.932522 40.718839
975000 39.767431 40.717863
976000 39.865102 40.716989
977000 39.901161 40.716154
978000 39.688903 40.715104
979000 39.686717 40.714054
980000 39.519399 40.712835
981000 39.625632 40.711726
982000 39.711584 40.710708
983000 39.582636 40.709560
984000 39.917478 40.708755
985000 39.847689 40.707881
986000 39.706482 40.706866
987000 39.920822 40.706069
988000 40.208224 40.705565
989000 39.876003 40.704726
990000 39.721181 40.703733
991000 39.946342 40.702969
992000 39.773422 40.702032
993000 39.603734 40.700926
994000 39.373572 40.699590
995000 39.261899 40.698145
996000 39.492077 40.696934
997000 39.455962 40.695690
998000 39.489188 40.694481
999000 39.557454 40.693343
1000000 39.472479 40.692122
1001000 39.537898 40.690969
1002000 39.647509 40.689927
1003000 39.357805 40.688599
1004000 39.085921 40.687003
1005000 39.481981 40.685804
1006000 39.735053 40.684859
1007000 39.743511 40.683924
1008000 39.447883 40.682698
1009000 39.216448 40.681245
1010000 39.483294 40.680058
1011000 39.683028 40.679072
1012000 39.577718 40.677984
1013000 39.715574 40.677034
1014000 39.684100 40.676055
1015000 39.733626 40.675126
1016000 39.624996 40.674093
1017000 39.665902 40.673101
1018000 39.570283 40.672018
1019000 39.673380 40.671038
1020000 39.773024 40.670158
1021000 39.407544 40.668921
1022000 39.433783 40.667712
1023000 39.361062 40.666435
1024000 39.219292 40.665022
1025000 39.207526 40.663600
1026000 39.084483 40.662061
1027000 39.300192 40.660735
1028000 38.966567 40.659087
1029000 38.944472 40.657420
1030000 38.869110 40.655684
1031000 38.672903 40.653761
1032000 38.630856 40.651801
1033000 38.811502 40.650019
1034000 39.105523 40.648526
1035000 38.943190 40.646878
1036000 38.737854 40.645035
1037000 38.914979 40.643367
1038000 38.781486 40.641573
1039000 38.701492 40.639706
1040000 38.734310 40.637874
1041000 38.556388 40.635874
1042000 38.690654 40.634008
1043000 38.802957 40.632252
1044000 39.143254 40.630826
1045000 39.271928 40.629525
1046000 38.945075 40.627915
1047000 39.415422 40.626757
1048000 39.078509 40.625280
1049000 39.209758 40.623930
1050000 39.030878 40.622413
1051000 39.253212 40.621110
1052000 39.085057 40.619650
1053000 39.364744 40.618458
1054000 39.156548 40.617071
1055000 39.133902 40.615665
1056000 39.132204 40.614261
1057000 39.077932 40.612807
1058000 39.150090 40.611425
1059000 38.938471 40.609845
1060000 38.982323 40.608310
1061000 38.818507 40.606623
1062000 38.874298 40.604991
1063000 38.761683 40.603257
1064000 38.802836 40.601565
1065000 38.703180 40.599783
1066000 39.063441 40.598342
1067000 39.090354 40.596928
1068000 39.316821 40.595730
1069000 39.201656 40.594426
1070000 39.379129 40.593290
1071000 39.443496 40.592216
1072000 39.185619 40.590904
1073000 39.075417 40.589492
1074000 39.160781 40.588161
1075000 39.080323 40.586759
1076000 39.226861 40.585495
1077000 39.228566 40.584235
1078000 39.194408 40.582946
1079000 39.076843 40.581550
1080000 38.924357 40.580015
1081000 38.765628 40.578337
1082000 38.920033 40.576804
1083000 38.731351 40.575100
1084000 38.861968 40.573520
1085000 38.753390 40.571842
1086000 38.960092 40.570358
1087000 39.428215 40.569308
1088000 38.963679 40.567832
1089000 38.972397 40.566367
1090000 39.124444 40.565044
1091000 39.068850 40.563673
1092000 39.403548 40.562610
1093000 39.365790 40.561515
1094000 39.334778 40.560394
1095000 38.989113 40.558959
1096000 39.001716 40.557538
1097000 39.362318 40.556448
1098000 38.923535 40.554961
1099000 39.130655 40.553665
1100000 38.968025 40.552224
1101000 39.265637 40.551055
1102000 39.168741 40.549801
1103000 39.115921 40.548501
1104000 39.518788 40.547568
1105000 39.721187 40.546820
1106000 39.889321 40.546226
1107000 40.073787 40.545799
1108000 39.985677 40.545294
1109000 40.061139 40.544857
1110000 39.838131 40.544220
1111000 40.166407 40.543880
1112000 39.857767 40.543263
1113000 39.775242 40.542573
1114000 39.860097 40.541961
1115000 39.888839 40.541375
1116000 39.697688 40.540619
1117000 39.519954 40.539705
1118000 39.708571 40.538962
1119000 39.714045 40.538224
1120000 39.503579 40.537301
1121000 39.631589 40.536493
1122000 39.411872 40.535490
1123000 39.606074 40.534663
1124000 39.775680 40.533988
1125000 39.708954 40.533254
1126000 39.824570 40.532625
1127000 39.727437 40.531910
1128000 40.158628 40.531579
1129000 40.070179 40.531171
1130000 40.097870 40.530787
1131000 40.122302 40.530426
1132000 40.031572 40.529985
1133000 40.188942 40.529684
1134000 40.076026 40.529284
1135000 39.965341 40.528787
1136000 39.814592 40.528159
1137000 39.902429 40.527608
1138000 39.904125 40.527061
1139000 40.081779 40.526670
1140000 40.135731 40.526327
1141000 40.141130 40.525989
1142000 40.011838 40.525539
1143000 40.266838 40.525313
1144000 40.227406 40.525052
1145000 40.219891 40.524786
1146000 40.131592 40.524443
1147000 40.179183 40.524142
1148000 40.078053 40.523753
1149000 40.110510 40.523393
1150000 40.116994 40.523040
1151000 40.270288 40.522820
1152000 40.292055 40.522620
1153000 40.315949 40.522441
1154000 40.380136 40.522317
1155000 40.593575 40.522379
1156000 40.266617 40.522158
1157000 40.233026 40.521908
1158000 40.557778 40.521939
1159000 40.318469 40.521763
1160000 40.307076 40.521578
1161000 40.189119 40.521292
1162000 40.018327 40.520859
1163000 39.997225 40.520409
1164000 40.023725 40.519982
1165000 40.083840 40.519608
1166000 40.165012 40.519304
1167000 40.050823 40.518902
1168000 39.892395 40.518366
1169000 40.064321 40.517977
1170000 39.945749 40.517488
1171000 40.275346 40.517282
1172000 40.019775 40.516857
1173000 40.065639 40.516472
1174000 39.971676 40.516008
1175000 40.133424 40.515683
1176000 39.914564 40.515172
1177000 40.092381 40.514812
1178000 40.118307 40.514476
1179000 39.986679 40.514028
1180000 40.087895 40.513667
1181000 40.119356 40.513333
1182000 40.293678 40.513147
1183000 40.464562 40.513106
1184000 40.118807 40.512773
1185000 40.361875 40.512646
1186000 40.109409 40.512306
1187000 40.249696 40.512085
1188000 40.179884 40.511805
1189000 40.320489 40.511644
1190000 40.099840 40.511298
1191000 40.460377 40.511255
1192000 40.299939 40.511078
1193000 40.660563 40.511203
1194000 40.306451 40.511032
1195000 40.485245 40.511010
1196000 40.494308 40.510996
1197000 40.374058 40.510882
1198000 40.332377 40.510733
1199000 40.195001 40.510470
1200000 40.553295 40.510505
1201000 40.269341 40.510304
1202000 40.364546 40.510183
1203000 40.712209 40.510351
1204000 40.555871 40.510389
1205000 40.681223 40.510531
1206000 40.587400 40.510594
1207000 40.587464 40.510658
1208000 40.331856 40.510510
1209000 40.620021 40.510601
1210000 40.452916 40.510553
1211000 40.199890 40.510296
1212000 40.473698 40.510266
1213000 40.350119 40.510134
1214000 40.316374 40.509975
1215000 40.329983 40.509826
1216000 40.447092 40.509775
1217000 40.377242 40.509666
1218000 40.547956 40.509697
1219000 40.260379 40.509493
1220000 40.314131 40.509333
1221000 40.426103 40.509265
1222000 40.620302 40.509355
1223000 40.824275 40.509613
1224000 40.848637 40.509890
1225000 40.997286 40.510288
1226000 40.915577 40.510618
1227000 40.803105 40.510857
1228000 40.490769 40.510840
1229000 40.856833 40.511122
1230000 40.888710 40.511429
1231000 40.926546 40.511766
1232000 40.941195 40.512115
1233000 41.084840 40.512579
1234000 41.016036 40.512987
1235000 41.194338 40.513539
1236000 41.137934 40.514044
1237000 41.268449 40.514654
1238000 41.441286 40.515402
1239000 41.508749 40.516204
1240000 41.422182 40.516935
1241000 41.634630 40.517835
1242000 41.511014 40.518635
1243000 41.515722 40.519437
1244000 41.225881 40.520005
1245000 41.190269 40.520543
1246000 41.441303 40.521282
1247000 41.528124 40.522090
1248000 41.555798 40.522918
1249000 41.764462 40.523912
1250000 41.922149 40.525031
1251000 41.656685 40.525935
1252000 41.648624 40.526832
1253000 41.304677 40.527453
1254000 41.361675 40.528118
1255000 41.586079 40.528961
1256000 41.491574 40.529728
1257000 41.772867 40.530717
1258000 41.904860 40.531809
1259000 42.179017 40.533117
1260000 42.077839 40.534343
1261000 41.989729 40.535497
1262000 42.052029 40.536699
1263000 41.915336 40.537791
1264000 41.937387 40.538898
1265000 41.838929 40.539926
1266000 41.787458 40.540911
1267000 41.642850 40.541781
1268000 41.733737 40.542721
1269000 41.776185 40.543693
1270000 41.615105 40.544536
1271000 41.704458 40.545449
1272000 41.477627 40.546182
1273000 41.234621 40.546723
1274000 41.486850 40.547461
1275000 41.445231 40.548165
1276000 41.293301 40.548749
1277000 41.309209 40.549344
1278000 41.172510 40.549832
1279000 41.304944 40.550422
1280000 41.448969 40.551124
1281000 41.435655 40.551815
1282000 41.197149 40.552318
1283000 41.183978 40.552810
1284000 41.724272 40.553723
1285000 41.702802 40.554617
1286000 41.622985 40.555448
1287000 41.715683 40.556349
1288000 42.003254 40.557473
1289000 41.764984 40.558409
1290000 41.798114 40.559370
1291000 41.641489 40.560209
1292000 41.557380 40.560980
1293000 41.516169 40.561719
1294000 41.724819 40.562618
1295000 41.998427 40.563727
1296000 41.997258 40.564833
1297000 41.780606 40.565770
1298000 41.460752 40.566460
1299000 41.558220 40.567223
1300000 41.444454 40.567898
1301000 41.467948 40.568590
1302000 41.168923 40.569051
1303000 41.234869 40.569562
1304000 41.267222 40.570097
1305000 41.263072 40.570628
1306000 41.050277 40.570995
1307000 41.161788 40.571447
1308000 40.986597 40.571765
1309000 41.064962 40.572141
1310000 40.964588 40.572441
1311000 40.784377 40.572603
1312000 41.139663 40.573035
1313000 40.865185 40.573257
1314000 40.896966 40.573504
1315000 41.101645 40.573905
1316000 40.747376 40.574037
1317000 40.808746 40.574215
1318000 40.746765 40.574346
1319000 40.649036 40.574403
1320000 40.834842 40.574600
1321000 40.963508 40.574895
1322000 40.789916 40.575057
1323000 40.941602 40.575334
1324000 40.662545 40.575400
1325000 40.848420 40.575606
1326000 40.918473 40.575865
1327000 40.810573 40.576042
1328000 40.775456 40.576192
1329000 40.833978 40.576386
1330000 41.027977 40.576725
1331000 40.958828 40.577012
1332000 40.824082 40.577198
1333000 41.090995 40.577583
1334000 41.544996 40.578308
1335000 41.303361 40.578852
1336000 40.896216 40.579089
1337000 40.834981 40.579281
1338000 41.076143 40.579652
1339000 41.223723 40.580133
1340000 40.953329 40.580411
1341000 41.135181 40.580825
1342000 40.999097 40.581137
1343000 40.850905 40.581338
1344000 40.939008 40.581604
1345000 41.022469 40.581932
1346000 41.097706 40.582315
1347000 41.135487 40.582725
1348000 41.342173 40.583289
1349000 41.110182 40.583679
1350000 41.043942 40.584020
1351000 41.120651 40.584418
1352000 41.083428 40.584787
1353000 40.864646 40.584993
1354000 40.974650 40.585281
1355000 40.834843 40.585465
1356000 40.832375 40.585647
1357000 40.761403 40.585777
1358000 41.260204 40.586274
1359000 41.328620 40.586820
1360000 41.353467 40.587384
1361000 41.322726 40.587924
1362000 41.230677 40.588396
1363000 41.204275 40.588848
1364000 41.201308 40.589297
1365000 41.049756 40.589634
1366000 41.137990 40.590035
1367000 40.766914 40.590165
1368000 40.940549 40.590421
1369000 40.982908 40.590708
1370000 40.501899 40.590643
1371000 40.750248 40.590759
1372000 40.952020 40.591023
1373000 40.918805 40.591261
1374000 40.752535 40.591379
1375000 40.640160 40.591414
1376000 40.874469 40.591620
1377000 40.982223 40.591904
1378000 40.825614 40.592073
1379000 41.117474 40.592454
1380000 40.956647 40.592718
1381000 41.008412 40.593019
1382000 40.939772 40.593270
1383000 40.808710 40.593426
1384000 40.851775 40.593612
1385000 41.019640 40.593920
1386000 40.992696 40.594208
1387000 41.117608 40.594585
1388000 41.105986 40.594954
1389000 40.995398 40.595242
1390000 40.835435 40.595415
1391000 40.787029 40.595552
1392000 40.943520 40.595802
1393000 40.665054 40.595852
1394000 40.855556 40.596038
1395000 41.017958 40.596341
1396000 40.926359 40.596577
1397000 40.774018 40.596704
1398000 40.866082 40.596897
1399000 40.948844 40.597148
1400000 41.013017 40.597446
1401000 41.289554 40.597940
1402000 41.294012 40.598436
1403000 41.321542 40.598951
1404000 41.207897 40.599385
1405000 41.247547 40.599846
1406000 41.090124 40.600195
1407000 41.154117 40.600589
1408000 41.218580 40.601028
1409000 41.057403 40.601352
1410000 41.050221 40.601670
1411000 41.072117 40.602003
1412000 41.389495 40.602561
1413000 41.118773 40.602926
1414000 41.183518 40.603337
1415000 40.987426 40.603609
1416000 41.019190 40.603902
1417000 41.011961 40.604190
1418000 41.098870 40.604539
1419000 40.864713 40.604722
1420000 40.926685 40.604949
1421000 41.039784 40.605255
1422000 40.908143 40.605468
1423000 40.800385 40.605605
1424000 40.582082 40.605588
1425000 40.681914 40.605642
1426000 40.880643 40.605835
1427000 40.935271 40.606066
1428000 40.883214 40.606260
1429000 40.894211 40.606461
1430000 40.846497 40.606629
1431000 41.054597 40.606942
1432000 40.756409 40.607047
1433000 41.001963 40.607322
1434000 40.846951 40.607489
1435000 40.825849 40.607641
1436000 41.033987 40.607938
1437000 41.056951 40.608251
1438000 41.163805 40.608637
1439000 40.941813 40.608869
1440000 40.848460 40.609035
1441000 40.866302 40.609214
1442000 41.020671 40.609499
1443000 41.157037 40.609878
1444000 41.341874 40.610385
1445000 41.133669 40.610747
1446000 41.254599 40.611193
1447000 41.025369 40.611479
1448000 41.133513 40.611839
1449000 41.163292 40.612220
1450000 41.156237 40.612595
1451000 40.969331 40.612841
1452000 40.647103 40.612865
1453000 40.925063 40.613079
1454000 40.863192 40.613251
1455000 40.970651 40.613497
1456000 41.183380 40.613889
1457000 41.136399 40.614247
1458000 40.997142 40.614510
1459000 41.344545 40.615010
1460000 41.449996 40.615582
1461000 41.422888 40.616135
1462000 41.563100 40.616782
1463000 41.526598 40.617404
1464000 41.324462 40.617887
1465000 41.347900 40.618385
1466000 41.666362 40.619100
1467000 41.539651 40.619728
1468000 41.647738 40.620428
1469000 41.711654 40.621171
1470000 41.445380 40.621732
1471000 41.615577 40.622407
1472000 41.456792 40.622974
1473000 41.654353 40.623674
1474000 41.672623 40.624386
1475000 41.492140 40.624974
1476000 41.440155 40.625527
1477000 41.386721 40.626042
1478000 41.653549 40.626737
1479000 41.594416 40.627391
1480000 41.338771 40.627872
1481000 41.719024 40.628609
1482000 41.582979 40.629253
1483000 41.640756 40.629935
1484000 41.223512 40.630335
1485000 41.417600 40.630865
1486000 41.128175 40.631200
1487000 41.387069 40.631708
1488000 41.215561 40.632100
1489000 41.348358 40.632581
1490000 41.349978 40.633063
1491000 41.539556 40.633671
1492000 41.707052 40.634390
1493000 41.605292 40.635041
1494000 41.626915 40.635704
1495000 41.382064 40.636204
1496000 41.476815 40.636766
1497000 41.434638 40.637299
1498000 41.426565 40.637825
1499000 41.651386 40.638502
1500000 41.749754 40.639242
1501000 41.777969 40.640001
1502000 41.736570 40.640731
1503000 41.530202 40.641323
1504000 41.654165 40.641996
1505000 41.408934 40.642506
1506000 41.451339 40.643043
1507000 41.365740 40.643523
1508000 41.644086 40.644186
1509000 41.626956 40.644837
1510000 41.362771 40.645313
1511000 41.647287 40.645976
1512000 41.639229 40.646633
1513000 41.376712 40.647115
1514000 41.461974 40.647654
1515000 41.755699 40.648385
1516000 41.496408 40.648944
1517000 41.588211 40.649564
1518000 41.710287 40.650262
1519000 41.259833 40.650664
1520000 41.152030 40.650993
1521000 41.110058 40.651295
1522000 41.135233 40.651613
1523000 40.913784 40.651785
1524000 41.136209 40.652103
1525000 41.023675 40.652347
1526000 41.147253 40.652671
1527000 41.103510 40.652966
1528000 40.877538 40.653113
1529000 41.055874 40.653377
1530000 41.092112 40.653664
1531000 41.139686 40.653981
1532000 41.047694 40.654238
1533000 41.056463 40.654500
1534000 41.089032 40.654784
1535000 41.115707 40.655084
1536000 41.012751 40.655317
1537000 41.167815 40.655650
1538000 41.331896 40.656090
1539000 41.189152 40.656436
1540000 41.293390 40.656850
1541000 41.227655 40.657220
1542000 41.244316 40.657601
1543000 41.047992 40.657854
1544000 40.828673 40.657965
1545000 41.042051 40.658213
1546000 40.875107 40.658354
1547000 40.749898 40.658413
1548000 40.928348 40.658587
1549000 40.748299 40.658645
1550000 40.679223 40.658658
1551000 40.783529 40.658739
1552000 40.727268 40.658783
1553000 40.839761 40.658900
1554000 40.593172 40.658857
1555000 40.741472 40.658910
1556000 40.714485 40.658946
1557000 40.821830 40.659051
1558000 40.782988 40.659130
1559000 41.062614 40.659389
1560000 41.164153 40.659713
1561000 40.936287 40.659890
1562000 41.060955 40.660147
1563000 40.896475 40.660298
1564000 40.886567 40.660442
1565000 41.011804 40.660667
1566000 40.836533 40.660779
1567000 40.676426 40.660789
1568000 40.857107 40.660914
1569000 40.909278 40.661073
1570000 40.844366 40.661190
1571000 40.952337 40.661375
1572000 40.993592 40.661586
1573000 41.022907 40.661816
1574000 41.373891 40.662268
1575000 41.262016 40.662649
1576000 41.275395 40.663038
1577000 41.031661 40.663272
1578000 41.058707 40.663522
1579000 40.874744 40.663656
1580000 40.635171 40.663638
1581000 40.658300 40.663635
1582000 40.719255 40.663670
1583000 40.805309 40.663759
1584000 40.797541 40.663844
1585000 40.709386 40.663872
1586000 41.075201 40.664132
1587000 40.514110 40.664037
1588000 40.886080 40.664177
1589000 40.929664 40.664344
1590000 41.075628 40.664603
1591000 40.838133 40.664712
1592000 40.917807 40.664871
1593000 40.760056 40.664931
1594000 40.885192 40.665069
1595000 40.895760 40.665213
1596000 41.104087 40.665488
1597000 40.964413 40.665676
1598000 40.910139 40.665829
1599000 40.689722 40.665843
1600000 40.725296 40.665881
1601000 40.851695 40.665997
1602000 40.897369 40.666141
1603000 40.725243 40.666178
1604000 40.846142 40.666290
1605000 41.411191 40.666754
1606000 41.313347 40.667157
1607000 41.154225 40.667460
1608000 41.211442 40.667798
1609000 41.631964 40.668398
1610000 41.612214 40.668984
1611000 41.290668 40.669370
1612000 41.281886 40.669750
1613000 41.285525 40.670131
1614000 41.412208 40.670591
1615000 41.204395 40.670922
1616000 41.446914 40.671402
1617000 41.652325 40.672009
1618000 41.668085 40.672624
1619000 41.613180 40.673205
1620000 42.047499 40.674053
1621000 41.572185 40.674607
1622000 41.481713 40.675105
1623000 41.424096 40.675567
1624000 41.844860 40.676287
1625000 41.412418 40.676740
1626000 41.336686 40.677145
1627000 41.289123 40.677522
1628000 41.144334 40.677808
1629000 41.117608 40.678078
1630000 41.047992 40.678305
1631000 40.972803 40.678486
1632000 41.204684 40.678808
1633000 40.976829 40.678991
1634000 41.449357 40.679462
1635000 41.269026 40.679823
1636000 41.215914 40.680150
1637000 40.967640 40.680326
1638000 41.150265 40.680613
1639000 41.227883 40.680947
1640000 41.075701 40.681188
1641000 41.176296 40.681489
1642000 41.078425 40.681731
1643000 41.081742 40.681975
1644000 41.238162 40.682313
1645000 41.121561 40.682580
1646000 41.301463 40.682956
1647000 41.372240 40.683374
1648000 41.397338 40.683808
1649000 41.192928 40.684116
1650000 41.440941 40.684575
1651000 41.347774 40.684977
1652000 41.419448 40.685421
1653000 41.258075 40.685768
1654000 41.221718 40.686092
1655000 41.151617 40.686373
1656000 41.197334 40.686682
1657000 41.373600 40.687096
1658000 41.391993 40.687521
1659000 41.036630 40.687732
1660000 41.712971 40.688349
1661000 41.650161 40.688928
1662000 41.475674 40.689402
1663000 41.455540 40.689862
1664000 41.455184 40.690322
1665000 41.610139 40.690875
1666000 41.763571 40.691519
1667000 41.958825 40.692279
1668000 41.967504 40.693043
1669000 41.723259 40.693661
1670000 41.882489 40.694373
1671000 41.850023 40.695064
1672000 42.001930 40.695846
1673000 41.912253 40.696573
1674000 42.057416 40.697386
1675000 41.948965 40.698133
1676000 41.915236 40.698859
1677000 41.973098 40.699619
1678000 41.566431 40.700136
1679000 41.549890 40.700642
1680000 41.690239 40.701231
1681000 41.754333 40.701857
1682000 41.965412 40.702608
1683000 42.061216 40.703416
1684000 41.966091 40.704166
1685000 42.281829 40.705102
1686000 41.947667 40.705839
1687000 41.948767 40.706576
1688000 41.868441 40.707264
1689000 41.732098 40.707871
1690000 41.777150 40.708503
1691000 41.575000 40.709016
1692000 41.687901 40.709594
1693000 41.668723 40.710161
1694000 41.856125 40.710837
1695000 41.680975 40.711410
1696000 41.381763 40.711805
1697000 41.363145 40.712189
1698000 41.432074 40.712613
1699000 41.321419 40.712971
1700000 41.409535 40.713381
1701000 41.254180 40.713699
1702000 41.471616 40.714144
1703000 41.103517 40.714373
1704000 41.119970 40.714611
1705000 41.208075 40.714900
1706000 41.169438 40.715167
1707000 41.268582 40.715491
1708000 41.289295 40.715827
1709000 41.179537 40.716098
1710000 41.578516 40.716602
1711000 40.973544 40.716753
1712000 41.126811 40.716992
1713000 40.835747 40.717061
1714000 40.777993 40.717097
1715000 41.034343 40.717282
1716000 40.982395 40.717436
1717000 40.969452 40.717583
1718000 41.351567 40.717952
1719000 41.246526 40.718260
1720000 41.122828 40.718495
1721000 41.197854 40.718774
1722000 41.342897 40.719136
1723000 41.066399 40.719337
1724000 41.050324 40.719529
1725000 41.048828 40.719720
1726000 40.906892 40.719829
1727000 40.856735 40.719908
1728000 40.918252 40.720023
1729000 40.856095 40.720102
1730000 40.640106 40.720055
1731000 40.855151 40.720133
1732000 40.854207 40.720211
1733000 40.932259 40.720333
1734000 40.880650 40.720426
1735000 40.954008 40.720560
1736000 41.081591 40.720768
1737000 41.094579 40.720983
1738000 41.078392 40.721189
1739000 40.964366 40.721329
1740000 40.759052 40.721351
1741000 41.135993 40.721589
1742000 40.867570 40.721673
1743000 40.893772 40.721771
1744000 40.648462 40.721729
1745000 40.649703 40.721688
1746000 40.985300 40.721839
1747000 40.748338 40.721854
1748000 40.596776 40.721783
1749000 40.775683 40.721813
1750000 40.896272 40.721913
1751000 40.685158 40.721892
1752000 40.770785 40.721920
1753000 41.037349 40.722100
1754000 40.804309 40.722147
1755000 40.866166 40.722229
1756000 40.841304 40.722297
1757000 40.884336 40.722389
1758000 40.912489 40.722497
1759000 40.971509 40.722639
1760000 40.736975 40.722647
1761000 40.698716 40.722633
1762000 40.824672 40.722691
1763000 40.753595 40.722709
1764000 40.852024 40.722782
1765000 40.848480 40.722853
1766000 40.689004 40.722834
1767000 40.807941 40.722882
1768000 41.106952 40.723099
1769000 40.763378 40.723122
1770000 40.812652 40.723173
1771000 40.732830 40.723178
1772000 40.945963 40.723304
1773000 41.228994 40.723589
1774000 41.407806 40.723975
1775000 41.678676 40.724513
1776000 41.339274 40.724859
1777000 41.288933 40.725176
1778000 41.623525 40.725681
1779000 41.304388 40.726007
1780000 41.254045 40.726303
1781000 41.678966 40.726838
1782000 41.386749 40.727209
1783000 41.373043 40.727571
1784000 41.326523 40.727907
1785000 41.392853 40.728279
1786000 41.610634 40.728773
1787000 41.571450 40.729245
1788000 41.743547 40.729812
1789000 41.197616 40.730073
1790000 41.473192 40.730489
1791000 41.490366 40.730913
1792000 41.333399 40.731249
1793000 41.220055 40.731522
1794000 41.245576 40.731808
1795000 41.374035 40.732166
1796000 41.414376 40.732546
1797000 41.195089 40.732803
1798000 41.172897 40.733048
1799000 41.340239 40.733386
1800000 41.634777 40.733886
1801000 41.413753 40.734264
1802000 41.436805 40.734654
1803000 41.722998 40.735202
1804000 41.495261 40.735623
1805000 41.339900 40.735958
1806000 40.966784 40.736086
1807000 41.108086 40.736292
1808000 40.954505 40.736412
1809000 41.224706 40.736682
1810000 41.259517 40.736971
1811000 41.048923 40.737143
1812000 41.175900 40.737386
1813000 41.148028 40.737612
1814000 41.452588 40.738006
1815000 41.020248 40.738162
1816000 41.087292 40.738354
1817000 40.884224 40.738434
1818000 41.401452 40.738799
1819000 41.649365 40.739300
1820000 41.380645 40.739652
1821000 41.233306 40.739923
1822000 41.292402 40.740226
1823000 41.517189 40.740652
1824000 41.526720 40.741083
1825000 41.395155 40.741442
1826000 41.359410 40.741780
1827000 41.175075 40.742017
1828000 41.260520 40.742301
1829000 41.469765 40.742699
1830000 41.499863 40.743112
1831000 41.499659 40.743526
1832000 41.240758 40.743797
1833000 41.078932 40.743980
1834000 41.275247 40.744270
1835000 41.314819 40.744581
1836000 41.369241 40.744921
1837000 41.519936 40.745343
1838000 41.013615 40.745489
1839000 41.001939 40.745628
1840000 40.939700 40.745734
1841000 41.152107 40.745954
1842000 41.114361 40.746154
1843000 41.080323 40.746336
1844000 40.980750 40.746463
1845000 41.307606 40.746767
1846000 41.220773 40.747024
1847000 40.965443 40.747142
1848000 41.179076 40.747376
1849000 41.216374 40.747629
1850000 41.102059 40.747821
1851000 40.991607 40.747953
1852000 40.943221 40.748058
1853000 40.991409 40.748189
1854000 41.010089 40.748331
1855000 41.053978 40.748495
1856000 40.992955 40.748627
1857000 40.857700 40.748686
1858000 40.692845 40.748656
1859000 40.776964 40.748671
1860000 40.739645 40.748666
1861000 40.829508 40.748710
1862000 40.588647 40.748624
1863000 40.511270 40.748496
1864000 40.744413 40.748494
1865000 40.555993 40.748391
1866000 40.155377 40.748073
1867000 40.236743 40.747799
1868000 40.176494 40.747493
1869000 40.184309 40.747192
1870000 39.898504 40.746738
1871000 39.562994 40.746105
1872000 39.942106 40.745676
1873000 39.775840 40.745158
1874000 39.608116 40.744551
1875000 39.872825 40.744086
1876000 39.843802 40.743607
1877000 39.647666 40.743023
1878000 39.504592 40.742363
1879000 39.799629 40.741862
1880000 39.824119 40.741373
1881000 39.769770 40.740857
1882000 39.884081 40.740402
1883000 40.043488 40.740031
1884000 39.951451 40.739613
1885000 39.868580 40.739151
1886000 40.073639 40.738798
1887000 39.915860 40.738362
1888000 39.966730 40.737953
1889000 40.006776 40.737566
1890000 40.006322 40.737179
1891000 39.944089 40.736760
1892000 40.001605 40.736371
1893000 40.263373 40.736121
1894000 40.062585 40.735766
1895000 40.030652 40.735394
1896000 40.399017 40.735216
1897000 40.402066 40.735041
1898000 40.281007 40.734801
1899000 40.260907 40.734552
1900000 40.017055 40.734174
1901000 40.289441 40.733940
1902000 40.424986 40.733778
1903000 40.539930 40.733676
1904000 40.605427 40.733609
1905000 40.702805 40.733592
1906000 40.472297 40.733455
1907000 40.938510 40.733563
1908000 40.878109 40.733639
1909000 40.886066 40.733718
1910000 41.170635 40.733947
1911000 41.200747 40.734191
1912000 41.187206 40.734428
1913000 41.311799 40.734730
1914000 41.365360 40.735060
1915000 41.445115 40.735430
1916000 41.411282 40.735783
1917000 41.508439 40.736186
1918000 41.535939 40.736603
1919000 41.551389 40.737028
1920000 41.699302 40.737529
1921000 41.694997 40.738027
1922000 41.707093 40.738532
1923000 41.560837 40.738959
1924000 41.561797 40.739387
1925000 41.558822 40.739813
1926000 41.578782 40.740248
1927000 41.233150 40.740504
1928000 41.330133 40.740810
1929000 41.449400 40.741177
1930000 41.738746 40.741694
1931000 41.291475 40.741979
1932000 41.435011 40.742337
1933000 41.398972 40.742677
1934000 41.325994 40.742979
1935000 41.221015 40.743226
1936000 41.184835 40.743454
1937000 41.411462 40.743799
1938000 41.312655 40.744092
1939000 41.482943 40.744473
1940000 41.092268 40.744653
1941000 41.349841 40.744964
1942000 41.231677 40.745215
1943000 41.364315 40.745534
1944000 41.220509 40.745778
1945000 41.286001 40.746056
1946000 41.257597 40.746319
1947000 41.515402 40.746714
1948000 41.151441 40.746921
1949000 41.191474 40.747150
1950000 41.289360 40.747428
1951000 41.377258 40.747750
1952000 41.519584 40.748146
1953000 41.483003 40.748522
1954000 41.422351 40.748867
1955000 41.336736 40.749168
1956000 41.177940 40.749387
1957000 41.031484 40.749531
1958000 40.970805 40.749644
1959000 40.688336 40.749613
1960000 40.850753 40.749664
1961000 41.157987 40.749873
1962000 40.782178 40.749889
1963000 41.257031 40.750147
1964000 41.071850 40.750311
1965000 40.957037 40.750416
1966000 40.982615 40.750534
1967000 40.840659 40.750580
1968000 40.880657 40.750646
1969000 40.751325 40.750647
1970000 40.573005 40.750557
1971000 40.580358 40.750470
1972000 40.862418 40.750527
1973000 41.105261 40.750707
1974000 40.795418 40.750729
1975000 40.470834 40.750588
1976000 40.632309 40.750528
1977000 40.522488 40.750412
1978000 40.593202 40.750333
1979000 40.451500 40.750182
1980000 40.787850 40.750201
1981000 40.818994 40.750236
1982000 40.988520 40.750356
1983000 41.045625 40.750505
1984000 41.039523 40.750651
1985000 40.962798 40.750757
1986000 40.938880 40.750852
1987000 40.995293 40.750975
1988000 40.817385 40.751009
1989000 41.208241 40.751238
1990000 41.109838 40.751419
1991000 40.929448 40.751508
1992000 41.238805 40.751753
1993000 41.102843 40.751929
1994000 41.094072 40.752100
1995000 41.079248 40.752264
1996000 41.316343 40.752547
1997000 40.934239 40.752638
1998000 41.268718 40.752896
1999000 41.076349 40.753058
2000000 41.217842 40.753290
2001000 41.280354 40.753554
2002000 41.076771 40.753715
2003000 41.527436 40.754102
2004000 41.516574 40.754482
2005000 41.334809 40.754772
2006000 41.601108 40.755193
2007000 41.536766 40.755583
2008000 41.480999 40.755944
2009000 41.921986 40.756525
2010000 41.390264 40.756840
2011000 41.397042 40.757158
2012000 41.513301 40.757534
2013000 41.423101 40.757865
2014000 41.415762 40.758191
2015000 41.530806 40.758575
2016000 41.443477 40.758914
2017000 41.393856 40.759229
2018000 41.543593 40.759618
2019000 41.446624 40.759958
2020000 41.346567 40.760249
2021000 41.728962 40.760728
2022000 41.649920 40.761168
2023000 41.948649 40.761755
2024000 41.683892 40.762210
2025000 41.723758 40.762685
2026000 41.652159 40.763124
2027000 41.869872 40.763670
2028000 41.685345 40.764125
2029000 41.687312 40.764580
2030000 41.584587 40.764984
2031000 41.702220 40.765445
2032000 41.668261 40.765889
2033000 41.566868 40.766283
2034000 41.424638 40.766607
2035000 41.594775 40.767014
2036000 41.691880 40.767468
2037000 41.592794 40.767873
2038000 41.887241 40.768423
2039000 41.545458 40.768804
2040000 41.557455 40.769190
2041000 41.533872 40.769565
2042000 41.704718 40.770023
2043000 41.742731 40.770499
2044000 41.471568 40.770842
2045000 41.375727 40.771138
2046000 41.250529 40.771372
2047000 41.568811 40.771762
2048000 41.738189 40.772234
2049000 41.401038 40.772540
2050000 41.679867 40.772983
2051000 41.455284 40.773316
2052000 41.301517 40.773573
2053000 41.609891 40.773981
2054000 41.280039 40.774227
2055000 41.705510 40.774680
2056000 41.484289 40.775025
2057000 41.445129 40.775351
2058000 41.528662 40.775717
2059000 41.501597 40.776070
2060000 41.579372 40.776460
2061000 41.582474 40.776851
2062000 41.583872 40.777242
2063000 41.400495 40.777544
2064000 41.782917 40.778031
2065000 41.697680 40.778477
2066000 41.543508 40.778847
2067000 41.683170 40.779284
2068000 41.641180 40.779701
2069000 41.605871 40.780100
2070000 41.634940 40.780513
2071000 41.756144 40.780984
2072000 41.947111 40.781547
2073000 42.107695 40.782187
2074000 41.750062 40.782654
2075000 42.052356 40.783266
2076000 41.796568 40.783754
2077000 42.004315 40.784341
2078000 41.824783 40.784842
2079000 41.858706 40.785359
2080000 41.743478 40.785819
2081000 41.571145 40.786197
2082000 41.750745 40.786660
2083000 41.625971 40.787063
2084000 41.446689 40.787379
2085000 41.663430 40.787799
2086000 41.631749 40.788204
2087000 41.517976 40.788554
2088000 41.208373 40.788755
2089000 41.384136 40.789040
2090000 41.410042 40.789337
2091000 41.267818 40.789566
2092000 41.277085 40.789799
2093000 41.464499 40.790121
2094000 42.027033 40.790712
2095000 41.714143 40.791153
2096000 41.668400 40.791571
2097000 41.485529 40.791902
2098000 41.657107 40.792314
2099000 41.276602 40.792545
2100000 41.489199 40.792877
2101000 41.375350 40.793154
2102000 41.258325 40.793375
2103000 41.436589 40.793681
2104000 41.575560 40.794053
2105000 41.810771 40.794536
2106000 41.721331 40.794976
2107000 41.362181 40.795245
2108000 41.383638 40.795524
2109000 41.407273 40.795814
2110000 41.330391 40.796068
2111000 41.236941 40.796277
2112000 41.488884 40.796605
2113000 41.540552 40.796957
2114000 41.692861 40.797380
2115000 41.594731 40.797757
2116000 41.292706 40.797991
2117000 41.080161 40.798125
2118000 41.152427 40.798292
2119000 41.293768 40.798526
2120000 41.477449 40.798846
2121000 41.462952 40.799159
2122000 41.582331 40.799528
2123000 41.551074 40.799882
2124000 41.793179 40.800350
2125000 41.902923 40.800869
2126000 41.795670 40.801337
2127000 41.919233 40.801862
2128000 41.649160 40.802260
2129000 41.633514 40.802651
2130000 41.834176 40.803135
2131000 42.024114 40.803708
2132000 41.973568 40.804257
2133000 41.896679 40.804769
2134000 41.882609 40.805274
2135000 41.873738 40.805774
2136000 41.856380 40.806266
2137000 41.823575 40.806742
2138000 41.825663 40.807219
2139000 41.760485 40.807665
2140000 42.154686 40.808294
2141000 41.909983 40.808809
2142000 42.076091 40.809400
2143000 41.883673 40.809902
2144000 41.648856 40.810293
2145000 41.915705 40.810808
2146000 41.843254 40.811289
2147000 41.765207 40.811734
2148000 41.679309 40.812137
2149000 41.614059 40.812511
2150000 41.750096 40.812947
2151000 41.831654 40.813420
2152000 42.061478 40.814000
2153000 42.305219 40.814693
2154000 42.345708 40.815404
2155000 42.171991 40.816033
2156000 41.987711 40.816577
2157000 41.665585 40.816970
2158000 41.418226 40.817249
2159000 41.378291 40.817509
2160000 41.525167 40.817836
2161000 41.184475 40.818006
2162000 41.258047 40.818210
2163000 41.293951 40.818429
2164000 41.463326 40.818727
2165000 41.312686 40.818956
2166000 41.209855 40.819136
2167000 40.870141 40.819160
2168000 40.883159 40.819189
2169000 41.370374 40.819443
2170000 41.281529 40.819656
2171000 41.268217 40.819863
2172000 41.381049 40.820121
2173000 41.150377 40.820273
2174000 41.187025 40.820442
2175000 41.412855 40.820714
2176000 41.544403 40.821047
2177000 41.410519 40.821318
2178000 41.480544 40.821620
2179000 41.291479 40.821836
2180000 41.506353 40.822150
2181000 41.671551 40.822539
2182000 41.419153 40.822813
2183000 41.300128 40.823031
2184000 41.280437 40.823241
2185000 41.410092 40.823509
2186000 41.290675 40.823723
2187000 41.367336 40.823972
2188000 41.323362 40.824200
2189000 41.439301 40.824481
2190000 41.314431 40.824705
2191000 41.583845 40.825051
2192000 41.850000 40.825519
2193000 41.373367 40.825769
2194000 41.150575 40.825917
2195000 41.372775 40.826166
2196000 41.107884 40.826294
2197000 41.307447 40.826513
2198000 41.316319 40.826736
2199000 41.470473 40.827029
2200000 41.555454 40.827360
2201000 41.208002 40.827533
2202000 41.283420 40.827740
2203000 41.290874 40.827950
2204000 41.349118 40.828186
2205000 41.179598 40.828346
2206000 40.917626 40.828386
2207000 41.571727 40.828723
2208000 41.351996 40.828960
2209000 41.315762 40.829180
2210000 41.289229 40.829389
2211000 41.280361 40.829593
2212000 41.132002 40.829729
2213000 41.451547 40.830010
2214000 41.080015 40.830123
2215000 41.059104 40.830227
2216000 40.906181 40.830261
2217000 41.062138 40.830365
2218000 41.094699 40.830485
2219000 41.182266 40.830643
2220000 41.217171 40.830817
2221000 41.219010 40.830992
2222000 41.024349 40.831079
2223000 40.995787 40.831153
2224000 41.365923 40.831394
2225000 41.207562 40.831563
2226000 41.115207 40.831690
2227000 41.425460 40.831957
2228000 41.316417 40.832174
2229000 41.365557 40.832413
2230000 41.513055 40.832719
2231000 41.009974 40.832798
2232000 41.179237 40.832953
2233000 41.126478 40.833085
2234000 41.021648 40.833169
2235000 41.200777 40.833334
2236000 41.080440 40.833444
2237000 40.867488 40.833459
2238000 40.973185 40.833522
2239000 41.030774 40.833610
2240000 40.839634 40.833613
2241000 41.009625 40.833691
2242000 40.997738 40.833764
2243000 40.978137 40.833829
2244000 40.986587 40.833897
2245000 41.287315 40.834099
2246000 40.955514 40.834153
2247000 40.762864 40.834121
2248000 40.942174 40.834169
2249000 40.869841 40.834185
2250000 41.175098 40.834336
2251000 41.331427 40.834557
2252000 41.224520 40.834730
2253000 40.744492 40.834690
2254000 40.607473 40.834590
2255000 40.732872 40.834545
2256000 40.854408 40.834553
2257000 40.872677 40.834570
2258000 40.850081 40.834577
2259000 40.749632 40.834539
2260000 40.580661 40.834427
2261000 40.555890 40.834304
2262000 40.697760 40.834244
2263000 40.648798 40.834162
2264000 40.662975 40.834086
2265000 40.358221 40.833876
2266000 40.255394 40.833621
2267000 40.378148 40.833420
2268000 40.114963 40.833103
2269000 40.144018 40.832799
2270000 40.399813 40.832609
2271000 40.366304 40.832403
2272000 40.196172 40.832123
2273000 40.170748 40.831832
2274000 40.289834 40.831594
2275000 40.467608 40.831434
2276000 40.376999 40.831234
2277000 40.544516 40.831108
2278000 40.306575 40.830878
2279000 40.096109 40.830556
2280000 40.218534 40.830287
2281000 40.288559 40.830050
2282000 40.227169 40.829785
2283000 40.274784 40.829542
2284000 40.488306 40.829393
2285000 40.388193 40.829200
2286000 40.630877 40.829113
2287000 40.559568 40.828995
2288000 40.437978 40.828824
2289000 40.643045 40.828743
2290000 40.551151 40.828622
2291000 40.560502 40.828505
2292000 40.642700 40.828424
2293000 40.569107 40.828311
2294000 40.635187 40.828227
2295000 40.769621 40.828201
2296000 40.971200 40.828263
2297000 41.040179 40.828356
2298000 41.092118 40.828470
2299000 41.196455 40.828630
2300000 40.636486 40.828547
2301000 40.995869 40.828620
2302000 41.120819 40.828747
2303000 40.759567 40.828717
2304000 40.867846 40.828734
2305000 41.146937 40.828872
2306000 41.177200 40.829023
2307000 40.989780 40.829092
2308000 40.980496 40.829158
2309000 41.032352 40.829246
2310000 41.296463 40.829448
2311000 41.255762 40.829633
2312000 41.355745 40.829860
2313000 41.414364 40.830113
2314000 41.246465 40.830293
2315000 41.380522 40.830530
2316000 41.228536 40.830702
2317000 41.176693 40.830852
2318000 40.957037 40.830906
2319000 41.052097 40.831001
2320000 41.018374 40.831082
2321000 40.951129 40.831134
2322000 41.155974 40.831274
2323000 41.501016 40.831562
2324000 41.165936 40.831706
2325000 41.304929 40.831910
2326000 41.219165 40.832076
2327000 41.303457 40.832279
2328000 41.234617 40.832451
2329000 41.244367 40.832628
2330000 41.284371 40.832822
2331000 41.356046 40.833047
2332000 41.460983 40.833316
2333000 41.277242 40.833506
2334000 41.227246 40.833675
2335000 41.226441 40.833843
2336000 41.121456 40.833966
2337000 41.196583 40.834121
2338000 41.074191 40.834224
2339000 40.987695 40.834290
2340000 40.930424 40.834331
2341000 41.133205 40.834458
2342000 41.140998 40.834589
2343000 41.256233 40.834769
2344000 41.297391 40.834967
2345000 41.162700 40.835106
2346000 41.261835 40.835288
2347000 41.389275 40.835524
2348000 41.172488 40.835668
2349000 41.339306 40.835882
2350000 41.260082 40.836063
2351000 41.168950 40.836204
2352000 41.193996 40.836357
2353000 41.334394 40.836568
2354000 41.042202 40.836656
2355000 41.171026 40.836798
2356000 41.262704 40.836978
2357000 41.416599 40.837224
2358000 41.136675 40.837351
2359000 41.314206 40.837553
2360000 41.264423 40.837734
2361000 41.255325 40.837911
2362000 41.357771 40.838131
2363000 41.111833 40.838247
2364000 41.119804 40.838366
2365000 41.082881 40.838470
2366000 41.241337 40.838640
2367000 41.291859 40.838831
2368000 41.221276 40.838993
2369000 41.056834 40.839085
2370000 41.141350 40.839212
2371000 41.172067 40.839353
2372000 41.108520 40.839466
2373000 41.061353 40.839560
2374000 41.260029 40.839737
2375000 41.015672 40.839811
2376000 41.116233 40.839927
2377000 41.263843 40.840105
2378000 41.386790 40.840335
2379000 41.412422 40.840576
2380000 41.237361 40.840743
2381000 41.005015 40.840812
2382000 41.091892 40.840917
2383000 41.270862 40.841097
2384000 41.346360 40.841309
2385000 41.042442 40.841394
2386000 41.273766 40.841575
2387000 41.284886 40.841761
2388000 41.184519 40.841904
2389000 41.057677 40.841994
2390000 40.821728 40.841986
2391000 41.162865 40.842120
2392000 41.175439 40.842260
2393000 40.835455 40.842257
2394000 41.192537 40.842403
2395000 41.110378 40.842515
2396000 40.940877 40.842556
2397000 40.843407 40.842556
2398000 40.991846 40.842619
2399000 41.123031 40.842735
2400000 41.180341 40.842876
2401000 41.107857 40.842986
2402000 41.154386 40.843116
2403000 41.066673 40.843209
2404000 40.878756 40.843224
2405000 40.834950 40.843220
2406000 40.964596 40.843271
2407000 40.770978 40.843241
2408000 40.779585 40.843214
2409000 41.102878 40.843322
2410000 40.364245 40.843123
2411000 40.651275 40.843044
2412000 40.556011 40.842925
2413000 40.859784 40.842932
2414000 40.832114 40.842927
2415000 40.855953 40.842933
2416000 40.946927 40.842976
2417000 40.956982 40.843023
2418000 40.907293 40.843050
2419000 40.495475 40.842906
2420000 40.536542 40.842779
2421000 40.497915 40.842637
2422000 40.447523 40.842474
2423000 40.399425 40.842291
2424000 40.421277 40.842117
2425000 40.597499 40.842016
2426000 40.631669 40.841930
2427000 40.856870 40.841936
2428000 40.883764 40.841953
2429000 40.783916 40.841929
2430000 40.848029 40.841932
2431000 40.396120 40.841748
2432000 40.533976 40.841622
2433000 40.533145 40.841495
2434000 40.285798 40.841267
2435000 40.388052 40.841080
2436000 40.339645 40.840875
2437000 40.331912 40.840666
2438000 40.458302 40.840509
2439000 40.163890 40.840232
2440000 40.318192 40.840018
2441000 40.302823 40.839797
2442000 40.486480 40.839653
2443000 40.437685 40.839488
2444000 40.413900 40.839314
2445000 40.286989 40.839088
2446000 40.373898 40.838898
2447000 40.484662 40.838753
2448000 40.539014 40.838631
2449000 40.290959 40.838407
2450000 40.292956 40.838185
2451000 40.390864 40.838002
2452000 40.416326 40.837830
2453000 40.484722 40.837686
2454000 40.440576 40.837524
2455000 40.553648 40.837409
2456000 40.815293 40.837400
2457000 40.631489 40.837316
2458000 40.643521 40.837237
2459000 40.548410 40.837120
2460000 40.694891 40.837062
2461000 40.679570 40.836998
2462000 40.757737 40.836966
2463000 40.450186 40.836809
2464000 40.509146 40.836676
2465000 40.528089 40.836550
2466000 40.598376 40.836454
2467000 40.575993 40.836348
2468000 40.499692 40.836212
2469000 40.288103 40.835990
2470000 40.762469 40.835960
2471000 41.013174 40.836032
2472000 40.863961 40.836043
2473000 40.612710 40.835953
2474000 40.604171 40.835859
2475000 40.328979 40.835654
2476000 40.561937 40.835544
2477000 40.502971 40.835409
2478000 40.832749 40.835408
2479000 40.631864 40.835326
2480000 40.727567 40.835283
2481000 40.791348 40.835265
2482000 40.448751 40.835109
2483000 40.518241 40.834982
2484000 40.423769 40.834816
2485000 40.366912 40.834628
2486000 40.240748 40.834389
2487000 40.370333 40.834202
2488000 40.315785 40.833994
2489000 40.254175 40.833761
2490000 40.101280 40.833467
2491000 40.237823 40.833228
2492000 40.203198 40.832975
2493000 40.401957 40.832802
2494000 40.065978 40.832495
2495000 40.086503 40.832196
2496000 40.083598 40.831896
2497000 40.198792 40.831642
2498000 40.347184 40.831448
2499000 40.166435 40.831182
2500000 40.244058 40.830947
2501000 40.178058 40.830686
2502000 40.104985 40.830396
2503000 40.301705 40.830185
2504000 39.996665 40.829852
2505000 40.215963 40.829607
2506000 40.246660 40.829374
2507000 40.456727 40.829226
2508000 40.213420 40.828980
2509000 40.132317 40.828703
2510000 40.361969 40.828517
2511000 40.156526 40.828249
2512000 40.518285 40.828126
2513000 40.488058 40.827990
2514000 40.385814 40.827814
2515000 40.223399 40.827574
2516000 40.267962 40.827352
2517000 40.490737 40.827218
2518000 40.334230 40.827022
2519000 40.045820 40.826712
2520000 40.491691 40.826579
2521000 40.612825 40.826494
2522000 40.170787 40.826234
2523000 40.339544 40.826041
2524000 40.055155 40.825736
2525000 40.081600 40.825441
2526000 40.175358 40.825184
2527000 40.369456 40.825004
2528000 40.305251 40.824798
2529000 40.452666 40.824651
2530000 40.702076 40.824602
2531000 40.189568 40.824351
2532000 40.214496 40.824111
2533000 40.155900 40.823847
2534000 40.246810 40.823619
2535000 39.923841 40.823264
2536000 40.358984 40.823081
2537000 40.572097 40.822982
2538000 40.355104 40.822798
2539000 40.326075 40.822602
2540000 40.479439 40.822467
2541000 40.308142 40.822265
2542000 40.518787 40.822145
2543000 40.303884 40.821941
2544000 40.506027 40.821817
2545000 40.544127 40.821708
2546000 40.441991 40.821559
2547000 40.599092 40.821472
2548000 40.577148 40.821376
2549000 40.794868 40.821365
2550000 40.702791 40.821319
2551000 40.802265 40.821311
2552000 40.715289 40.821270
2553000 40.629843 40.821195
2554000 40.552747 40.821090
2555000 40.363679 40.820911
2556000 40.444837 40.820764
2557000 40.193766 40.820518
2558000 40.258718 40.820299
2559000 40.566440 40.820200
2560000 40.107338 40.819921
2561000 40.289869 40.819714
2562000 40.047681 40.819413
2563000 40.428338 40.819260
2564000 40.430259 40.819109
2565000 40.364259 40.818931
2566000 40.238682 40.818705
2567000 40.166102 40.818451
2568000 40.203826 40.818211
2569000 40.415031 40.818055
2570000 40.301749 40.817854
2571000 40.283836 40.817646
2572000 39.978215 40.817320
2573000 40.105497 40.817043
2574000 40.032512 40.816738
2575000 40.024889 40.816431
2576000 40.199316 40.816191
2577000 40.062700 40.815899
2578000 40.134025 40.815634
2579000 40.131279 40.815369
2580000 40.016572 40.815059
2581000 40.225693 40.814831
2582000 40.257929 40.814615
2583000 39.888910 40.814257
2584000 40.027552 40.813952
2585000 40.010898 40.813642
2586000 40.061027 40.813351
2587000 40.230194 40.813125
2588000 40.327471 40.812938
2589000 40.523370 40.812826
2590000 40.272053 40.812617
2591000 40.484605 40.812490
2592000 40.341313 40.812309
2593000 40.067766 40.812021
2594000 40.332843 40.811837
2595000 39.696415 40.811407
2596000 39.759889 40.811002
2597000 39.580420 40.810528
2598000 39.642265 40.810078
2599000 39.556316 40.809596
2600000 39.674960 40.809159
2601000 39.706877 40.808736
2602000 39.906510 40.808389
2603000 39.486313 40.807881
2604000 39.651094 40.807437
2605000 39.653019 40.806994
2606000 39.730737 40.806581
2607000 39.885059 40.806227
2608000 39.866949 40.805867
2609000 39.734069 40.805456
2610000 39.398606 40.804917
2611000 39.396919 40.804378
2612000 39.339013 40.803817
2613000 39.163641 40.803189
2614000 39.276944 40.802605
2615000 39.277958 40.802022
2616000 39.341522 40.801464
2617000 39.355870 40.800912
2618000 39.400897 40.800377
2619000 39.389364 40.799838
2620000 39.310963 40.799270
2621000 39.401095 40.798736
2622000 39.434934 40.798216
2623000 39.332562 40.797657
2624000 39.214400 40.797054
2625000 39.344783 40.796501
2626000 39.441874 40.795985
2627000 39.141742 40.795355
2628000 39.034266 40.794685
2629000 38.918784 40.793972
2630000 39.051867 40.793309
2631000 39.124471 40.792675
2632000 39.083211 40.792025
2633000 39.183580 40.791415
2634000 39.031651 40.790746
2635000 39.001937 40.790068
2636000 38.850126 40.789332
2637000 38.734411 40.788552
2638000 38.772086 40.787788
2639000 39.030189 40.787122
2640000 39.129793 40.786494
2641000 38.893222 40.785777
2642000 39.325902 40.785225
2643000 39.145189 40.784604
2644000 39.226059 40.784015
2645000 39.238022 40.783430
2646000 39.268761 40.782858
2647000 39.021348 40.782192
2648000 38.998352 40.781519
2649000 39.071385 40.780873
2650000 39.019466 40.780208
2651000 39.108341 40.779578
2652000 39.255429 40.779003
2653000 39.297498 40.778445
2654000 39.237537 40.777864
2655000 39.010372 40.777198
2656000 38.823939 40.776463
2657000 39.259467 40.775892
2658000 38.932171 40.775198
2659000 39.265558 40.774631
2660000 39.240797 40.774054
2661000 39.163605 40.773449
2662000 39.279013 40.772887
2663000 39.381130 40.772365
2664000 39.164970 40.771761
2665000 39.001576 40.771097
2666000 38.979048 40.770425
2667000 38.765391 40.769673
2668000 39.115094 40.769053
2669000 38.971634 40.768380
2670000 38.940877 40.767695
2671000 39.055592 40.767054
2672000 39.047510 40.766411
2673000 39.208199 40.765828
2674000 39.200905 40.765242
2675000 38.998027 40.764582
2676000 39.024467 40.763931
2677000 39.271319 40.763374
2678000 39.232069 40.762802
2679000 39.434850 40.762306
2680000 39.602941 40.761874
2681000 39.630264 40.761452
2682000 39.603025 40.761020
2683000 39.575175 40.760578
2684000 39.727082 40.760193
2685000 39.395388 40.759684
2686000 39.506574 40.759218
2687000 39.455206 40.758733
2688000 39.406954 40.758230
2689000 39.630982 40.757810
2690000 39.359011 40.757290
2691000 39.600226 40.756860
2692000 39.463674 40.756380
2693000 39.324527 40.755848
2694000 39.475482 40.755373
2695000 39.368106 40.754858
2696000 39.451629 40.754375
2697000 39.562224 40.753933
2698000 39.728633 40.753553
2699000 39.664995 40.753150
2700000 39.551759 40.752705
2701000 39.596046 40.752276
2702000 39.322661 40.751747
2703000 39.330485 40.751222
2704000 39.033810 40.750586
2705000 38.986775 40.749934
2706000 39.033033 40.749300
2707000 39.280694 40.748757
2708000 39.135014 40.748161
2709000 39.135773 40.747566
2710000 39.156813 40.746979
2711000 39.275362 40.746436
2712000 39.108319 40.745832
2713000 39.274401 40.745290
2714000 39.341142 40.744773
2715000 39.151140 40.744186
2716000 39.235150 40.743630
2717000 39.051511 40.743007
2718000 39.071904 40.742392
2719000 39.152394 40.741808
2720000 39.448553 40.741332
2721000 39.234366 40.740778
2722000 39.303957 40.740251
2723000 39.361059 40.739744
2724000 39.344595 40.739232
2725000 39.413892 40.738745
2726000 39.167571 40.738169
2727000 39.254820 40.737625
2728000 39.331780 40.737110
2729000 39.246310 40.736564
2730000 39.240703 40.736016
2731000 39.309270 40.735493
2732000 39.532551 40.735053
2733000 39.266105 40.734515
2734000 39.276384 40.733982
2735000 39.180500 40.733414
2736000 39.347194 40.732907
2737000 39.266475 40.732372
2738000 39.705817 40.731997
2739000 39.455953 40.731531
2740000 39.375937 40.731036
2741000 39.410801 40.730554
2742000 39.465472 40.730093
2743000 39.295011 40.729570
2744000 39.346145 40.729066
2745000 39.477928 40.728610
2746000 39.346575 40.728107
2747000 39.392802 40.727621
2748000 39.632831 40.727222
2749000 39.496768 40.726775
2750000 39.626876 40.726375
2751000 39.727685 40.726012
2752000 39.606158 40.725605
2753000 39.628232 40.725206
2754000 40.027895 40.724953
2755000 40.105111 40.724728
2756000 40.272328 40.724564
2757000 40.352303 40.724429
2758000 40.141159 40.724217
2759000 40.122816 40.723999
2760000 39.791958 40.723661
2761000 39.756743 40.723311
2762000 39.633457 40.722917
2763000 39.602856 40.722511
2764000 39.782212 40.722171
2765000 39.878812 40.721866
2766000 39.917560 40.721575
2767000 39.989495 40.721311
2768000 40.026942 40.721060
2769000 39.922851 40.720772
2770000 39.928591 40.720486
2771000 39.986823 40.720221
2772000 39.817369 40.719895
2773000 39.842276 40.719579
2774000 39.862893 40.719270
2775000 39.970504 40.719000
2776000 40.027230 40.718751
2777000 40.002041 40.718493
2778000 40.307781 40.718345
2779000 40.257010 40.718179
2780000 40.127524 40.717966
2781000 40.080854 40.717737
2782000 40.146816 40.717532
2783000 40.041092 40.717289
2784000 39.973153 40.717022
2785000 40.015402 40.716770
2786000 39.974295 40.716503
2787000 40.021664 40.716254
2788000 39.977271 40.715989
2789000 39.940455 40.715711
2790000 40.027829 40.715464
2791000 40.236895 40.715293
2792000 40.130942 40.715084
2793000 40.329147 40.714945
2794000 40.417197 40.714839
2795000 40.492465 40.714759
2796000 40.723971 40.714763
2797000 40.556424 40.714706
2798000 40.390384 40.714590
2799000 40.238054 40.714420
2800000 40.342418 40.714287
2801000 40.395300 40.714173
2802000 40.470391 40.714086
2803000 40.668163 40.714070
2804000 40.737629 40.714078
2805000 40.419744 40.713973
2806000 40.131193 40.713765
2807000 40.115027 40.713552
2808000 40.170233 40.713359
2809000 40.167443 40.713164
2810000 40.195525 40.712980
2811000 40.167297 40.712786
2812000 40.152593 40.712587
2813000 40.164092 40.712392
2814000 40.042163 40.712154
2815000 39.919824 40.711872
2816000 40.105105 40.711657
2817000 40.260222 40.711496
2818000 40.162508 40.711302
2819000 40.154000 40.711104
2820000 40.094476 40.710885
2821000 40.230568 40.710715
2822000 40.276293 40.710561
2823000 40.081969 40.710338
2824000 40.108128 40.710125
2825000 39.954076 40.709857
2826000 40.037205 40.709619
2827000 40.062393 40.709390
2828000 39.979801 40.709133
2829000 40.111728 40.708921
2830000 39.629296 40.708540
2831000 39.787370 40.708214
2832000 39.768955 40.707883
2833000 39.472478 40.707447
2834000 39.745920 40.707107
2835000 39.543039 40.706697
2836000 39.489197 40.706268
2837000 39.600872 40.705878
2838000 39.631917 40.705499
2839000 39.769351 40.705170
2840000 39.598946 40.704780
2841000 39.753717 40.704445
2842000 39.616222 40.704063
2843000 39.638901 40.703688
2844000 39.751805 40.703353
2845000 39.879004 40.703063
2846000 39.730529 40.702722
2847000 39.574087 40.702325
2848000 39.356195 40.701853
2849000 39.218539 40.701332
2850000 38.977958 40.700727
2851000 39.213472 40.700206
2852000 38.995069 40.699608
2853000 39.232678 40.699094
2854000 39.474961 40.698665
2855000 39.344316 40.698190
2856000 39.278889 40.697693
2857000 39.281700 40.697198
2858000 39.000055 40.696604
2859000 38.725504 40.695914
2860000 38.894258 40.695285
2861000 38.723662 40.694595
2862000 38.893367 40.693966
2863000 39.104814 40.693411
2864000 39.148676 40.692872
2865000 39.070372 40.692305
2866000 39.192295 40.691782
2867000 39.008921 40.691195
2868000 38.899139 40.690570
2869000 38.990738 40.689978
2870000 39.085213 40.689418
2871000 39.291351 40.688931
2872000 39.296948 40.688447
2873000 39.387985 40.687994
2874000 39.231604 40.687487
2875000 39.176741 40.686962
2876000 38.918116 40.686347
2877000 38.891758 40.685723
2878000 39.017199 40.685143
2879000 39.189685 40.684624
2880000 38.921766 40.684012
2881000 39.077733 40.683454
2882000 38.901406 40.682836
2883000 38.839386 40.682197
2884000 38.776120 40.681536
2885000 38.593103 40.680812
2886000 38.549566 40.680073
2887000 38.651562 40.679371
2888000 38.315706 40.678552
2889000 38.513783 40.677803
2890000 38.245269 40.676961
2891000 38.145156 40.676085
2892000 38.135971 40.675207
2893000 38.182885 40.674346
2894000 38.131169 40.673467
2895000 38.004874 40.672545
2896000 38.118126 40.671663
2897000 38.182402 40.670804
2898000 38.048845 40.669899
2899000 38.019441 40.668985
2900000 38.171883 40.668124
2901000 38.068134 40.667227
2902000 38.623457 40.666523
2903000 38.347409 40.665724
2904000 38.301523 40.664910
2905000 38.518971 40.664171
2906000 38.614469 40.663466
2907000 38.618783 40.662763
2908000 38.037743 40.661860
2909000 38.329646 40.661058
2910000 38.568281 40.660339
2911000 38.312472 40.659533
2912000 38.427219 40.658766
2913000 38.508396 40.658028
2914000 38.355980 40.657238
2915000 38.490674 40.656495
2916000 38.465761 40.655743
2917000 38.489023 40.655000
2918000 38.240817 40.654173
2919000 38.415865 40.653406
2920000 38.393801 40.652632
2921000 38.331537 40.651838
2922000 38.510753 40.651105
2923000 38.364695 40.650323
2924000 38.647365 40.649638
2925000 38.601383 40.648938
2926000 38.408322 40.648172
2927000 38.737056 40.647519
2928000 38.950239 40.646939
2929000 38.804394 40.646310
2930000 38.726211 40.645655
2931000 38.946000 40.645075
2932000 38.688454 40.644408
2933000 38.531718 40.643687
2934000 38.845553 40.643074
2935000 38.695114 40.642411
2936000 38.681257 40.641743
2937000 38.506030 40.641016
2938000 38.914704 40.640428
2939000 38.896393 40.639835
2940000 39.013349 40.639281
2941000 39.166040 40.638780
2942000 38.920065 40.638196
2943000 38.913967 40.637610
2944000 39.038658 40.637067
2945000 38.964164 40.636499
2946000 39.014702 40.635949
2947000 38.758352 40.635312
2948000 38.967768 40.634746
2949000 38.851958 40.634141
2950000 39.044244 40.633602
2951000 38.983908 40.633043
2952000 39.047055 40.632506
2953000 38.731221 40.631862
2954000 38.598184 40.631174
2955000 38.701672 40.630521
2956000 38.830736 40.629912
2957000 38.687460 40.629255
2958000 38.758115 40.628623
2959000 38.556949 40.627922
2960000 38.645102 40.627253
2961000 38.983261 40.626697
2962000 38.882350 40.626108
2963000 38.820123 40.625499
2964000 39.031371 40.624961
2965000 39.023169 40.624421
2966000 39.047365 40.623889
2967000 38.938079 40.623321
2968000 38.795946 40.622705
2969000 38.507810 40.621993
2970000 38.340797 40.621225
2971000 38.409171 40.620480
2972000 38.512420 40.619771
2973000 38.451412 40.619042
2974000 38.387765 40.618291
2975000 38.236209 40.617491
2976000 38.288615 40.616708
2977000 38.360853 40.615950
2978000 38.462849 40.615227
2979000 38.546001 40.614533
2980000 38.638983 40.613870
2981000 38.315940 40.613099
2982000 38.597451 40.612423
2983000 38.647897 40.611765
2984000 38.929739 40.611201
2985000 38.924880 40.610636
2986000 38.830375 40.610040
2987000 38.877257 40.609460
2988000 38.964516 40.608909
2989000 38.931165 40.608348
2990000 38.615514 40.607681
2991000 38.713691 40.607048
2992000 38.525348 40.606352
2993000 38.458312 40.605635
2994000 38.538235 40.604944
2995000 38.304004 40.604176
2996000 38.657047 40.603526
2997000 38.493508 40.602822
2998000 38.576590 40.602146
2999000 38.336495 40.601391
3000000 38.448037 40.600673
