# 3.677989298078147e-07 2191873 0
 17.57138837352079
 18.34688131112729
 18.39776075619854
 18.39663046128843
 18.38015614848205
  18.3774735829877
  18.3771784067648
 18.35142280866039
 18.41272866115257
 18.40607489768982
 18.38609807806599
 18.38216727732778
 18.37743300594733
 18.39281827146933
 18.39564678141431
 18.38258138769491
 18.38573939106322
 18.36992048989577
 18.37967589869796
 18.35229879760926
 18.35422133542978
 18.32591652314418
 18.32054317002283
  18.3055898653855
 18.27108942225139
 18.29400325368533
 18.29871912676475
 18.31085017924433
 18.30000263011887
 18.27764834703094
 18.26675754598644
 18.27163296724025
 18.26534061571853
 18.22394231128173
  18.2171228630145
 18.20870533482512
 18.17590327235893
 18.13676719594292
 18.11463904970416
 18.08351292268057
 17.98764096446229
 17.87174359813382
 17.72331064428809
 17.49294202645853
 17.23987909063363
 16.90458458269188
 16.51352824725909
 16.01469039082659
 15.53053611242449
 15.10418562013917
 14.68125092642961
  14.3792524062746
 14.00405047801043
 13.64711177452794
 13.23131489708818
 12.68454202041614
 12.00286599307809
 11.31750910927241
  10.4177320116986
 9.531457138183793
 8.577859983328695
 7.628516401044696
 6.702696391349347
 5.724249718127068
 4.694766247428356
 3.655175532176164
 2.626997183955771
 1.696944488864146
0.9045136640863798
0.3048630598128566
                 0
0.1499527851573624
0.5396954768625546
 1.226744279562512
 2.204607815552455
 3.271578230795392
 4.384441267575474
 5.508477455642676
  6.60838596210714
 7.610552789968111
 8.646193289451164
 9.666751478233165
 10.59224911014537
 11.40030315643842
 12.16305735785401
 12.81008008518681
 13.33982179179971
 13.81669511305375
 14.25073477851224
 14.56511447892615
 14.85786387701703
     15.1534199815
 15.49599606310304
 15.94204127726469
 16.32434685900412
 16.77608594057565
 17.09352248046665
 17.38074657820574
 17.66216238047231
  17.8145432973955
 17.96623099816667
 18.04270827438935
 18.08673748492963
 18.12486638414191
 18.18663368415587
 18.21717419481007
 18.24055828012665
 18.26690749255941
  18.2715866114202
 18.28225174739555
 18.30816478274459
 18.31717573647429
 18.34995224492672
 18.33809761665473
 18.35715676065625
 18.37194050634998
 18.36543467386694
 18.38545255810937
 18.38429462974802
 18.39930861175778
 18.39906666127683
 18.41012218439135
 18.39115986458796
 18.40584200538569
 18.40929257269732
 18.39086067025456
 18.44063932240439
 18.43084264971769
  18.4029126510798
 18.42342436033821
 18.40204886228612
  18.4286247958614
 18.41802621469885
 18.41254239698784
 18.43413339031314
 18.42526204163631
 18.45015603101738
 18.44612559806891
 18.41656867338265
 18.39803352010736
 17.63903471992169
