# r N rho/M
0 0.0006666666666666666 5.535133679843772
0.2 0.002333333333333334 15.41651800187745
0.4 0.008 26.42831657464707
0.6 0.008 17.61887771643138
0.8 0.007666666666666666 12.66356835868505
1 0.01533333333333333 20.26170937389608
1.2 0.01133333333333333 12.48003838247223
1.4 0.02833333333333333 26.74293939101191
1.6 0.02433333333333333 20.09653239530454
1.8 0.02533333333333333 18.59770425623312
2 0.02433333333333333 16.07722591624363
2.2 0.03166666666666667 19.02037935296569
2.4 0.02966666666666667 16.33416788294159
2.6 0.032 16.26357943055204
2.8 0.03466666666666667 16.36038645097199
3 0.047 20.70218131680687
3.2 0.048 19.8212374309853
3.4 0.03766666666666667 14.63921457321137
3.6 0.04466666666666667 16.3953445416792
3.8 0.049 17.03930937049613
4 0.05466666666666667 18.05934965934216
4.2 0.05933333333333334 18.66762043764753
4.4 0.06266666666666666 18.82016483346079
4.6 0.06766666666666667 19.43821835019332
4.8 0.06033333333333334 16.60946284726083
5 0.08266666666666667 21.84740836837491
5.2 0.08 20.32947428819005
5.4 0.078 19.08711752613399
5.6 0.08833333333333333 20.84376158417105
5.8 0.08233333333333333 18.75802929292478
6 0.08333333333333333 18.35299762128269
6.2 0.08466666666666667 18.0451408869902
6.4 0.1003333333333333 20.71594606502283
6.6 0.1003333333333333 20.0881901236585
6.8 0.1103333333333333 21.44061957403966
7 0.09433333333333334 17.80765140625029
7.2 0.1086666666666667 19.94359074846052
7.4 0.114 20.35694655074166
7.6 0.1106666666666667 19.24166908505006
7.8 0.1203333333333333 20.38594505010169
8 0.125 20.64712232394302
8.199999999999999 0.135 21.75501669254485
8.4 0.1436666666666667 22.60040564220811
8.6 0.1453333333333333 22.33090315222116
8.800000000000001 0.1463333333333333 21.973543515663
9 0.169 24.81325278397419
9.199999999999999 0.1556666666666667 22.35873884123222
9.4 0.1836666666666667 25.81915324934492
9.6 0.1753333333333333 24.13419187198673
9.800000000000001 0.1853333333333333 24.99004084269348
10 0.1933333333333333 25.5473726888255
10.2 0.2113333333333333 27.3783540985723
10.4 0.2106666666666667 26.7671411461169
10.6 0.232 28.92155398734962
10.8 0.2343333333333333 28.67146072835939
11 0.2383333333333333 28.63067628920099
11.2 0.261 30.79370815170931
11.4 0.2706666666666667 31.37396645996114
11.6 0.2853333333333333 32.50379164927858
11.8 0.2856666666666667 31.9902080571646
12 0.3073333333333333 33.84292761364527
12.2 0.3126666666666666 33.86579364346851
12.4 0.3276666666666667 34.91805805494364
12.6 0.3486666666666667 36.56616287973656
12.8 0.3583333333333333 36.99276083039791
13 0.368 37.40623269026968
13.2 0.3753333333333334 37.57359149375328
13.4 0.414 40.82583232053689
13.6 0.4353333333333333 42.29826157657975
13.8 0.4276666666666666 40.95112338800988
14 0.4483333333333333 42.3167688010718
14.2 0.489 45.50509438381133
14.4 0.494 45.33190412456823
14.6 0.511 46.24955400563237
14.8 0.5046666666666667 45.05908929506268
15 0.55 48.4519137201863
15.2 0.5706666666666667 49.61105041205677
15.4 0.581 49.85341535672059
15.6 0.6236666666666667 52.82839776833831
15.8 0.62 51.85302619076322
16 0.6506666666666666 53.7375770351157
16.2 0.6706666666666666 54.7055277244752
16.4 0.7063333333333334 56.91219798950929
16.6 0.68 54.13028696012049
16.8 0.7306666666666667 57.47110112264521
17 0.7426666666666667 57.72773463560164
17.2 0.784 60.23197730966075
17.4 0.7856666666666666 59.66622812877695
17.6 0.8393333333333334 63.01752001416791
17.8 0.8326666666666667 61.81454569613144
18 0.866 63.57478376012322
18.2 0.8553333333333333 62.10170359939961
18.4 0.8893333333333333 63.86843172206375
18.6 0.889 63.1579931044657
18.8 0.913 64.17301338471482
19 0.9536666666666667 66.32580150882917
19.2 0.9783333333333334 67.33256002308086
19.4 0.9843333333333333 67.04709522760548
19.6 1.006 67.8236899849361
19.8 0.9966666666666667 66.51571259107301
20 1.072333333333333 70.84991201719969
20.2 1.047666666666667 68.53481765191067
20.4 1.049 67.94927472256072
20.6 1.118666666666667 71.75843885478604
20.8 1.105666666666667 70.24256897283999
21 1.114 70.09796348608769
21.2 1.169 72.86486338623214
21.4 1.201 74.15983225736245
21.6 1.195333333333333 73.1264994110219
21.8 1.211333333333333 73.42546057512801
22 1.222 73.39864285049708
22.2 1.224333333333333 72.87628136537438
22.4 1.278333333333333 75.41115629744903
22.6 1.265333333333333 73.9836944818291
22.8 1.326 76.85076267101317
23 1.288 73.99928640901179
23.2 1.343666666666667 76.53200008074879
23.4 1.324333333333333 74.78611235831396
23.6 1.332 74.58160524879214
23.8 1.364 75.73156262146765
24 1.375666666666667 75.74282118303364
24.2 1.359333333333333 74.22498277645367
24.4 1.4 75.81894099283996
24.6 1.439666666666667 77.33326509884868
24.8 1.484333333333333 79.08957910410173
25 1.443333333333333 76.28974051214786
25.2 1.401333333333333 73.48190666654516
25.4 1.453 75.59122831291769
25.6 1.505333333333333 77.70200367910557
25.8 1.461 74.82901262705303
26 1.476 75.01576012342127
26.2 1.451 73.18222776681851
26.4 1.474 73.77905043755638
26.6 1.494333333333333 74.23442556650551
26.8 1.497333333333333 73.82835699832999
27 1.475666666666667 72.22108486170529
27.2 1.499666666666667 72.85600261601542
27.4 1.492666666666667 71.98661899103989
27.6 1.539 73.68329566735839
27.8 1.438333333333333 68.36821703813074
28 1.418333333333333 66.93600418162099
28.2 1.468666666666667 68.81983618669915
28.4 1.415333333333333 65.85365738025321
28.6 1.470333333333333 67.93432657970175
28.8 1.430666666666667 65.64255482545441
29 1.432333333333333 65.26579098922899
29.2 1.443666666666667 65.33164331323998
29.4 1.404 63.1043477394634
29.6 1.414 63.12439127795768
29.8 1.385333333333333 61.4295770046047
30 1.382333333333333 60.88790490836744
30.2 1.327 58.06353658039182
30.4 1.369666666666667 59.5361583361978
30.6 1.333333333333333 57.57803175304372
30.8 1.345666666666667 57.73328680294924
31 1.316666666666667 56.12465079024512
31.2 1.304 55.22840514958297
31.4 1.221666666666667 51.4117729543957
31.6 1.236 51.68575836434141
31.8 1.221333333333333 50.75123266745642
32 1.205 49.75956480070268
32.2 1.198666666666667 49.19059337599941
32.4 1.160666666666667 47.33713904985653
32.6 1.184333333333333 48.0060372135588
32.8 1.14 45.92725746203912
33 1.107666666666667 44.35418988765262
33.2 1.069666666666667 42.57453207231045
33.4 1.057333333333333 41.83164679380263
33.6 1.056 41.53021176015968
33.8 1.035333333333333 40.47650457635789
34 0.952 36.99964320450589
34.2 0.956 36.93782258093946
34.4 0.9056666666666666 34.78960083978492
34.6 0.86 32.84443967369433
34.8 0.8246666666666667 31.31401111382991
35 0.8056666666666666 30.41773388615331
35.2 0.802 30.10725837054964
35.4 0.739 27.58548862805676
35.6 0.7256666666666667 26.93560167743758
35.8 0.675 24.91496325123851
36 0.66 24.22595686009315
36.2 0.6133333333333333 22.38862914242661
36.4 0.6143333333333333 22.30191732924659
36.6 0.5523333333333333 19.94158495637076
36.8 0.5256666666666666 18.87565907528008
37 0.4766666666666667 17.02364536114654
37.2 0.4506666666666667 16.00855018320916
37.4 0.4473333333333334 15.8051697162105
37.6 0.411 14.44419961726056
37.8 0.3643333333333333 12.73639771432506
38 0.355 12.34480576842067
38.2 0.3373333333333333 11.66904728339565
38.4 0.301 10.35797303251141
38.6 0.2833333333333333 9.699511696221936
38.8 0.2493333333333333 8.491572507661514
39 0.225 7.623552858071269
39.2 0.1986666666666667 6.696971376908865
39.4 0.1936666666666667 6.495284234293547
39.6 0.179 5.97306649856291
39.8 0.16 5.312224437114989
40 0.1436666666666667 4.746085184863703
40.2 0.1283333333333333 4.218450199518706
40.4 0.117 3.826872573309044
40.6 0.109 3.54764348107947
40.8 0.09333333333333334 3.022846667034796
41 0.08766666666666667 2.825466365500886
41.2 0.08033333333333334 2.576547044696579
41.4 0.06466666666666666 2.064047268712371
41.6 0.05766666666666666 1.831770339508791
41.8 0.058 1.833543494413313
42 0.046 1.447264955278292
42.2 0.03633333333333334 1.137711890456765
42.4 0.03966666666666667 1.236230217131683
42.6 0.029 0.8995553763670948
42.8 0.03266666666666666 1.008557252459273
43 0.022 0.6760732147002738
43.2 0.022 0.6729432461136984
43.4 0.02133333333333333 0.6495438789467788
43.6 0.02066666666666667 0.6263591848731338
43.8 0.016 0.4827089785323666
44 0.012 0.3603861351088237
44.2 0.013 0.388651714333045
44.4 0.009333333333333334 0.2777750991329271
44.6 0.01133333333333333 0.3357857860754859
44.8 0.006666666666666667 0.1966392602280288
45 0.007333333333333333 0.2153418387563835
45.2 0.01133333333333333 0.331328452632006
45.4 0.007 0.2037425286591734
45.6 0.006 0.1738705037805728
45.8 0.006 0.1731112439387363
46 0.004666666666666667 0.1340566782771953
46.2 0.005 0.14301037107493
46.4 0.003333333333333334 0.09492929804111734
46.6 0.004 0.1134262513933351
46.8 0.002666666666666667 0.07529434921551871
47 0.002333333333333334 0.06560220426330833
47.2 0.001666666666666667 0.04666016344393903
47.4 0.001 0.02787797107030281
47.6 0.002666666666666667 0.07402889796819906
47.8 0.002333333333333334 0.06450425942208141
48 0.0003333333333333333 0.009176498810641342
48.2 0.001666666666666667 0.04569211026045482
48.4 0.001333333333333333 0.03640263990998218
48.6 0 0
48.8 0.0003333333333333333 0.009026064403909519
49 0.001666666666666667 0.04494611662354944
49.2 0 0
49.4 0.0003333333333333333 0.008916436091311425
49.6 0 0
49.8 0.0003333333333333333 0.008844818130738643
50 0 0
50.2 0 0
50.4 0 0
50.6 0 0
50.8 0.0003333333333333333 0.008670707537613866
