# r N rho/M
0 0.007333333333333333 60.8864704782815
0.2 0.02833333333333333 187.2005757370834
0.4 0.04066666666666666 134.3439425877893
0.6 0.05966666666666667 131.407462968384
0.8 0.06900000000000001 113.9721152281655
1 0.08599999999999999 113.6417612709824
1.2 0.092 101.3085468694804
1.4 0.11 103.8255294003992
1.6 0.1163333333333333 96.07794254741485
1.8 0.1323333333333333 97.14853407532301
2 0.1413333333333333 93.3800518970863
2.2 0.146 87.69395954314707
2.4 0.1426666666666667 78.55082981908988
2.6 0.157 79.79318658114596
2.8 0.164 77.39721282575212
3 0.178 78.40400583811963
3.2 0.186 76.80729504506803
3.4 0.209 81.22820829560644
3.6 0.203 74.5131703424077
3.8 0.2213333333333333 76.96667634020022
4 0.2073333333333333 68.49338712262698
4.2 0.2333333333333333 73.41199048513074
4.4 0.2486666666666667 74.68001577532844
4.6 0.258 74.1141921332494
4.8 0.2576666666666667 70.93433580625758
5 0.268 70.82788842005415
5.2 0.2873333333333333 73.01669515174927
5.4 0.2823333333333333 69.0888399343397
5.6 0.3196666666666667 75.43082022347183
5.8 0.31 70.6273977425913
6 0.3416666666666667 75.247290247259
6.2 0.351 74.80918643307355
6.4 0.359 74.12316914295545
6.6 0.3716666666666666 74.41306308265523
6.8 0.4063333333333333 78.96107329533034
7 0.4156666666666667 78.46693040139262
7.2 0.4283333333333333 78.61200647782749
7.4 0.4633333333333333 82.73729738459329
7.6 0.4763333333333333 82.82031663414617
7.8 0.4803333333333333 81.37436791467184
8 0.5023333333333333 82.97390224581902
8.199999999999999 0.5123333333333333 82.56163125047266
8.4 0.526 82.7458007039545
8.6 0.538 82.66531579744257
8.800000000000001 0.5153333333333333 77.38291178864462
9 0.535 78.5508298190899
9.199999999999999 0.5436666666666666 78.08801509646625
9.4 0.58 81.53416815582605
9.6 0.5629999999999999 77.49553245586613
9.800000000000001 0.5843333333333334 78.79054244108215
10 0.57 75.32070223774414
10.2 0.576 74.62112915194466
10.4 0.6 76.23552858071268
10.6 0.587 73.17651806281995
10.8 0.597 73.04493053270508
11 0.622 74.72005867922944
11.2 0.6346666666666667 74.88023029483335
11.4 0.662 76.73484900182613
11.6 0.6476666666666666 73.77905043755638
11.8 0.677 75.81343356371214
12 0.6766666666666666 74.5131703424077
12.2 0.6836666666666666 74.04983236967368
12.4 0.7073333333333334 75.37753732715198
12.6 0.7183333333333334 75.33468547402703
12.8 0.7486666666666667 77.28906123262671
13 0.7626666666666667 77.52306195229805
13.2 0.7783333333333333 77.91681717399103
13.4 0.8149999999999999 80.3696940609603
13.6 0.857 83.26862979585492
13.8 0.8326666666666667 79.73180531819851
14 0.8403333333333334 79.31641200557769
14.2 0.887 82.54196056940827
14.4 0.9086666666666666 83.383785859361
14.6 0.911 82.45272739555986
14.8 0.888 79.2849497239412
15 0.9173333333333333 80.81191912603192
15.2 0.9203333333333333 80.00941015636025
15.4 0.958 82.20236129386976
15.6 0.977 82.75790158150699
15.8 0.9183333333333333 76.80381029868425
16 0.9736666666666667 80.4136590776501
16.2 0.9763333333333334 79.63841486331407
16.4 0.9553333333333334 76.97515782818954
16.6 0.9816666666666667 78.14396818507591
16.8 0.988 77.71183564211697
17 0.9543333333333334 74.18065720903387
17.2 0.9963333333333333 76.54480449769387
17.4 1.015333333333333 77.10790448886492
17.6 0.99 74.32964036619487
17.8 1.012333333333333 75.15243205730631
18 1.004666666666667 73.75457977406136
18.2 1.029333333333333 74.73501976420344
18.4 1.032 74.1141921332494
18.6 1.020333333333333 72.48842028225329
18.8 1.024666666666667 72.02184853764635
19 1.023666666666667 71.19417561468522
19.2 1.054666666666667 72.58610559217301
19.4 1.022666666666667 69.65814025001478
19.6 1.060333333333333 71.48679848975537
19.8 1.064333333333333 71.03166230879469
20 1.062333333333333 70.1892041028335
20.2 1.087666666666667 71.15148265930146
20.4 1.117666666666667 72.39717767548335
20.6 1.128666666666667 72.39990284931631
20.8 1.165 74.0119923304419
21 1.206333333333333 75.90799816162517
21.2 1.218666666666667 75.96063317367113
21.4 1.202 74.22158066057425
21.6 1.229666666666667 75.22689802767981
21.8 1.228 74.43571732492339
22 1.245666666666667 74.8201659389819
22.2 1.256666666666667 74.80086598079538
22.4 1.28 75.50947592756305
22.6 1.294666666666667 75.69880647192419
22.8 1.304 75.57571230995563
23 1.292333333333333 74.24824881152658
23.2 1.329 75.69662225798696
23.4 1.327333333333333 74.95552464404888
23.6 1.319 73.85370669906669
23.8 1.347666666666667 74.8247086213572
24 1.319 72.62281158741558
24.2 1.358 74.15217749663371
24.4 1.397 75.65647183356958
24.6 1.415333333333333 76.02617356094269
24.8 1.445 76.99378518218752
25 1.415666666666667 74.82737366168405
25.2 1.419666666666667 74.44325416099329
25.4 1.467 76.31956774607727
25.6 1.446666666666667 74.67375907159392
25.8 1.483 75.95580131822017
26 1.506333333333333 76.55741192360902
26.2 1.537666666666667 77.55332338349042
26.4 1.499333333333333 75.04707572775411
26.6 1.535666666666667 76.28775342067608
26.8 1.514666666666667 74.68300405173898
27 1.537666666666667 75.25544713509071
27.2 1.557333333333333 75.65753372349944
27.4 1.591 76.7289264055903
27.6 1.586666666666667 75.96545102374398
27.8 1.583333333333333 75.26049384267
28 1.611666666666667 76.06006585620153
28.2 1.687333333333333 79.06627570973016
28.4 1.671333333333333 77.76501132938991
28.6 1.674333333333333 77.35981011331714
28.8 1.694333333333333 77.74023909081657
29 1.715333333333333 78.16098683513438
29.2 1.707666666666667 77.27869053191606
29.4 1.704666666666667 76.61814680427729
29.6 1.740666666666667 77.70758398243636
29.8 1.739 77.11215188475043
30 1.748666666666667 77.02386041699917
30.2 1.793 78.45359539460628
30.4 1.751666666666667 76.14079144724251
30.6 1.790333333333333 77.31290213639944
30.8 1.777333333333333 76.25312985715267
31 1.761666666666667 75.09336188011278
31.2 1.811666666666667 76.72964774743953
31.4 1.816 76.42328487190936
31.6 1.827666666666667 76.42745768923515
31.8 1.821 75.66975547552249
32 1.847 76.27046986464552
32.2 1.835 75.30428713428162
32.4 1.882333333333333 76.76990930917285
32.6 1.942666666666667 78.74449335227152
32.8 1.949333333333333 78.53292445555695
33 1.958333333333333 78.41735347275328
33.2 1.961333333333333 78.06436482189926
33.4 1.946 76.99027553033412
33.6 1.959666666666667 77.06948072537207
33.8 1.988333333333333 77.73417572375234
34 1.999 77.69147769517571
34.2 1.990333333333333 76.90227985731852
34.4 1.986333333333333 76.30152057573733
34.6 2.001333333333333 76.43333945769795
34.8 2.043333333333333 77.58887959893991
35 2.063333333333333 77.90060933193588
35.2 2.124333333333333 79.74794580029628
35.4 2.121333333333333 79.18540804192747
35.6 2.025 75.16480486469145
35.8 2.102666666666666 77.61164848830246
36 2.133 78.29388785239195
36.2 2.138 78.04384093452406
36.4 2.120666666666667 76.98578298896734
36.6 2.174333333333333 78.5026908089357
36.8 2.114 75.90959407446182
37 2.175333333333333 77.6897270117778
37.2 2.106 74.80918643307353
37.4 2.106333333333333 74.42091463243975
37.6 2.139 75.17309727815169
37.8 2.159666666666667 75.49782323066064
38 2.207 76.74644036874484
38.2 2.163 74.82257689916439
38.4 2.190333333333333 75.37346710590532
38.6 2.137333333333333 73.16855176020596
38.8 2.172333333333333 73.98339309148407
39 2.193 74.30422852333464
39.2 2.234 75.30721840275707
39.4 2.245333333333333 75.3050509504326
39.6 2.29 76.41520827770427
39.8 2.352666666666666 78.1118334940783
40 2.349666666666667 77.622168139453
40.2 2.372 77.97010810331197
40.4 2.311333333333333 75.59981317186583
40.6 2.396 77.98306220794871
40.8 2.396 77.60079229516468
41 2.399666666666667 77.34042724426189
41.2 2.425 77.77750933679505
41.4 2.419666666666667 77.23154187413971
41.6 2.367 75.1872900627279
41.8 2.429333333333333 76.79807463956452
42 2.435666666666667 76.63163063926432
42.2 2.398333333333333 75.09942249391217
42.4 2.354 73.36351086877264
42.6 2.342666666666667 72.66753086330969
42.8 2.295 70.85629268553156
43 2.248666666666667 69.10287736921285
43.2 2.218333333333333 67.85511064979792
43.4 2.193666666666667 66.79137917732425
43.6 2.086666666666666 63.2420725371906
43.8 2.044333333333333 61.67612844456259
44 1.898 57.0010737030456
44.2 1.788666666666667 53.47448972079793
44.4 1.669333333333333 49.68206058777497
44.6 1.582333333333333 46.88162136765681
44.8 1.498 44.18484177323806
45 1.377333333333333 40.44511262460802
45.2 1.318666666666667 38.55103995918281
45.4 1.180333333333333 34.35487114200634
45.6 1.114333333333333 32.29161634102527
45.8 1.068333333333333 30.82341871242498
46 1.003 28.81261035257718
46.2 0.9263333333333333 26.49505474781537
46.4 0.8793333333333333 25.04234882324675
46.6 0.7843333333333333 22.24099746070978
46.8 0.755 21.31771262164374
47 0.727 20.43977249975363
47.2 0.6526666666666666 18.27212000464652
47.4 0.6266666666666667 17.47019520405643
47.6 0.5723333333333334 15.88845222642473
47.8 0.526 14.54110305257778
48 0.4976666666666666 13.70051272428753
48.2 0.4523333333333333 12.40083872468744
48.4 0.3993333333333333 10.90259065303967
48.6 0.3533333333333333 9.60700122398007
48.8 0.306 8.285927122788937
49 0.2776666666666667 7.488023029483336
49.2 0.2463333333333333 6.616031825428245
49.4 0.1826666666666667 4.886206978038661
49.6 0.1666666666666667 4.440241359987746
49.8 0.1473333333333333 3.909409613786481
50 0.1306666666666667 3.453300032420549
50.2 0.09066666666666667 2.386620885891103
50.4 0.075 1.966392602280288
50.6 0.05066666666666667 1.323156824554135
50.8 0.03666666666666667 0.9537778291375254
51 0.02266666666666667 0.5872959238810459
51.2 0.016 0.4129424464788604
51.4 0.012 0.3085017498986039
51.6 0.004 0.1024353355606476
51.8 0.001 0.02550995808363616
52 0.001666666666666667 0.04235307143372927
52.2 0.001 0.02531447947763129
