1000 -0.013811 -0.013811
2000 -0.026123 -0.019967
3000 -0.023930 -0.021288
4000 -0.009503 -0.018342
5000 -0.000467 -0.014767
6000 0.015372 -0.009744
7000 -0.002791 -0.008750
8000 0.010965 -0.006286
9000 0.016045 -0.003805
10000 0.010045 -0.002420
11000 -0.012719 -0.003356
12000 -0.002183 -0.003258
13000 -0.012457 -0.003966
14000 -0.024259 -0.005415
15000 -0.016984 -0.006187
16000 -0.015850 -0.006791
17000 -0.007637 -0.006840
18000 -0.010943 -0.007068
19000 -0.001190 -0.006759
20000 0.029258 -0.004958
21000 0.008877 -0.004299
22000 0.006750 -0.003797
23000 0.026929 -0.002461
24000 0.013184 -0.001809
25000 0.025165 -0.000730
26000 0.003047 -0.000585
27000 0.007720 -0.000277
28000 0.002858 -0.000165
29000 0.000150 -0.000155
30000 0.008582 0.000137
31000 -0.013672 -0.000309
32000 -0.023458 -0.001032
33000 -0.012701 -0.001386
34000 -0.024929 -0.002078
35000 -0.009901 -0.002302
36000 -0.011230 -0.002550
37000 -0.016961 -0.002939
38000 -0.026568 -0.003561
39000 -0.017293 -0.003913
40000 0.012787 -0.003496
41000 -0.004308 -0.003515
42000 -0.004931 -0.003549
43000 -0.018096 -0.003887
44000 -0.019512 -0.004243
45000 -0.010421 -0.004380
46000 -0.022137 -0.004766
47000 -0.001304 -0.004692
48000 0.008878 -0.004409
49000 0.009029 -0.004135
50000 -0.013910 -0.004331
51000 -0.021060 -0.004659
52000 -0.029753 -0.005141
53000 0.003089 -0.004986
54000 -0.024081 -0.005340
55000 -0.002545 -0.005289
56000 -0.018633 -0.005527
57000 -0.016629 -0.005722
58000 -0.007148 -0.005746
59000 -0.013608 -0.005880
60000 0.000341 -0.005776
61000 -0.041182 -0.006356
62000 -0.033636 -0.006796
63000 -0.023968 -0.007069
64000 -0.018646 -0.007250
65000 -0.030412 -0.007606
66000 -0.029604 -0.007940
67000 -0.004353 -0.007886
68000 -0.025001 -0.008138
69000 -0.027380 -0.008417
70000 -0.010913 -0.008452
71000 -0.015528 -0.008552
72000 -0.025183 -0.008783
73000 -0.022397 -0.008969
74000 -0.018102 -0.009093
75000 -0.007281 -0.009069
76000 -0.007507 -0.009048
77000 -0.018779 -0.009174
78000 -0.028180 -0.009418
79000 -0.035949 -0.009754
80000 -0.042955 -0.010169
81000 -0.032333 -0.010443
82000 -0.035628 -0.010750
83000 -0.056156 -0.011297
84000 -0.031296 -0.011535
85000 -0.046027 -0.011941
86000 -0.056527 -0.012459
87000 -0.033653 -0.012703
88000 -0.054038 -0.013172
89000 -0.057328 -0.013669
90000 -0.072028 -0.014317
91000 -0.074787 -0.014982
92000 -0.085791 -0.015751
93000 -0.093270 -0.016585
94000 -0.084985 -0.017312
95000 -0.084624 -0.018021
96000 -0.107804 -0.018956
97000 -0.101234 -0.019804
98000 -0.075270 -0.020370
99000 -0.106048 -0.021236
100000 -0.107598 -0.022099
101000 -0.071175 -0.022585
102000 -0.084159 -0.023189
103000 -0.086738 -0.023806
104000 -0.090956 -0.024452
105000 -0.077359 -0.024956
106000 -0.094609 -0.025613
107000 -0.097214 -0.026282
108000 -0.081266 -0.026791
109000 -0.083459 -0.027311
110000 -0.083552 -0.027822
111000 -0.078493 -0.028279
112000 -0.085755 -0.028792
113000 -0.097820 -0.029403
114000 -0.079259 -0.029840
115000 -0.080669 -0.030282
116000 -0.077494 -0.030689
117000 -0.090498 -0.031200
118000 -0.099630 -0.031780
119000 -0.102487 -0.032374
120000 -0.075636 -0.032735
121000 -0.081008 -0.033134
122000 -0.070785 -0.033442
123000 -0.051963 -0.033593
124000 -0.086920 -0.034023
125000 -0.067383 -0.034290
126000 -0.080390 -0.034656
127000 -0.074930 -0.034973
128000 -0.080171 -0.035326
129000 -0.071275 -0.035605
130000 -0.061753 -0.035806
131000 -0.070264 -0.036069
132000 -0.090344 -0.036480
133000 -0.076068 -0.036778
134000 -0.064646 -0.036986
135000 -0.088730 -0.037369
136000 -0.073822 -0.037637
137000 -0.084034 -0.037976
138000 -0.088411 -0.038341
139000 -0.086913 -0.038691
140000 -0.055495 -0.038811
141000 -0.072258 -0.039048
142000 -0.077717 -0.039320
143000 -0.070247 -0.039536
144000 -0.099129 -0.039950
145000 -0.102593 -0.040382
146000 -0.101764 -0.040803
147000 -0.083952 -0.041096
148000 -0.092387 -0.041443
149000 -0.065168 -0.041602
150000 -0.092012 -0.041938
151000 -0.099996 -0.042323
152000 -0.089007 -0.042630
153000 -0.093369 -0.042961
154000 -0.110895 -0.043402
155000 -0.088146 -0.043691
156000 -0.072496 -0.043876
157000 -0.050259 -0.043916
158000 -0.091967 -0.044221
159000 -0.085210 -0.044478
160000 -0.080137 -0.044701
161000 -0.075902 -0.044895
162000 -0.088733 -0.045166
163000 -0.079004 -0.045373
164000 -0.054565 -0.045429
165000 -0.064163 -0.045543
166000 -0.079528 -0.045747
167000 -0.074616 -0.045920
168000 -0.055922 -0.045980
169000 -0.066738 -0.046103
170000 -0.069850 -0.046242
171000 -0.097393 -0.046542
172000 -0.089444 -0.046791
173000 -0.091348 -0.047049
174000 -0.084803 -0.047265
175000 -0.088698 -0.047502
176000 -0.078668 -0.047679
177000 -0.085714 -0.047894
178000 -0.103514 -0.048207
179000 -0.073068 -0.048346
180000 -0.065282 -0.048440
181000 -0.068075 -0.048548
182000 -0.079316 -0.048717
183000 -0.082888 -0.048904
184000 -0.103716 -0.049202
185000 -0.078345 -0.049359
186000 -0.087512 -0.049564
187000 -0.097222 -0.049819
188000 -0.095844 -0.050064
189000 -0.093144 -0.050292
190000 -0.078067 -0.050438
191000 -0.085597 -0.050622
192000 -0.064572 -0.050695
193000 -0.083604 -0.050866
194000 -0.084772 -0.051040
195000 -0.065035 -0.051112
196000 -0.081220 -0.051266
197000 -0.079503 -0.051409
198000 -0.068415 -0.051495
199000 -0.089507 -0.051686
200000 -0.096502 -0.051910
201000 -0.086875 -0.052084
202000 -0.095045 -0.052297
203000 -0.077399 -0.052420
204000 -0.057394 -0.052445
205000 -0.075381 -0.052557
206000 -0.074828 -0.052665
207000 -0.065091 -0.052725
208000 -0.070481 -0.052810
209000 -0.058011 -0.052835
210000 -0.051501 -0.052829
211000 -0.034286 -0.052741
212000 -0.045542 -0.052707
213000 -0.062697 -0.052754
214000 -0.069226 -0.052831
215000 -0.070776 -0.052914
216000 -0.058432 -0.052940
217000 -0.077194 -0.053051
218000 -0.068142 -0.053121
219000 -0.043556 -0.053077
220000 -0.063605 -0.053125
221000 -0.054752 -0.053132
222000 -0.046334 -0.053102
223000 -0.060959 -0.053137
224000 -0.058543 -0.053161
225000 -0.098029 -0.053360
226000 -0.080187 -0.053479
227000 -0.080186 -0.053597
228000 -0.071944 -0.053677
229000 -0.082049 -0.053801
230000 -0.071778 -0.053879
231000 -0.037745 -0.053809
232000 -0.062384 -0.053846
233000 -0.064909 -0.053894
234000 -0.052800 -0.053889
235000 -0.057087 -0.053903
236000 -0.050417 -0.053888
237000 -0.066404 -0.053941
238000 -0.061735 -0.053974
239000 -0.062879 -0.054011
240000 -0.044621 -0.053972
241000 -0.064520 -0.054015
242000 -0.072233 -0.054091
243000 -0.084800 -0.054217
244000 -0.079414 -0.054320
245000 -0.077361 -0.054414
246000 -0.066097 -0.054462
247000 -0.071929 -0.054533
248000 -0.071358 -0.054600
249000 -0.057982 -0.054614
250000 -0.056228 -0.054620
251000 -0.083732 -0.054736
252000 -0.075172 -0.054818
253000 -0.103009 -0.055008
254000 -0.063849 -0.055043
255000 -0.061283 -0.055067
256000 -0.074142 -0.055142
257000 -0.058257 -0.055154
258000 -0.071501 -0.055217
259000 -0.045459 -0.055180
260000 -0.055111 -0.055179
261000 -0.055040 -0.055179
262000 -0.054031 -0.055174
263000 -0.052490 -0.055164
264000 -0.062746 -0.055193
265000 -0.059873 -0.055211
266000 -0.061759 -0.055235
267000 -0.073372 -0.055303
268000 -0.064725 -0.055338
269000 -0.067717 -0.055384
270000 -0.062479 -0.055411
271000 -0.053557 -0.055404
272000 -0.034132 -0.055326
273000 -0.044553 -0.055286
274000 -0.036919 -0.055219
275000 -0.030625 -0.055130
276000 -0.046168 -0.055097
277000 -0.019805 -0.054970
278000 -0.013710 -0.054821
279000 -0.047109 -0.054794
280000 -0.038430 -0.054735
281000 -0.039221 -0.054680
282000 -0.049359 -0.054661
283000 -0.046272 -0.054632
284000 -0.042380 -0.054588
285000 -0.038120 -0.054531
286000 -0.054695 -0.054531
287000 -0.054081 -0.054530
288000 -0.043486 -0.054491
289000 -0.054944 -0.054493
290000 -0.053391 -0.054489
291000 -0.043206 -0.054450
292000 -0.030560 -0.054368
293000 -0.035126 -0.054303
294000 -0.057484 -0.054314
295000 -0.055119 -0.054316
296000 -0.057187 -0.054326
297000 -0.060584 -0.054347
298000 -0.057548 -0.054358
299000 -0.066668 -0.054399
300000 -0.062735 -0.054427
301000 -0.049272 -0.054410
302000 -0.033222 -0.054340
303000 -0.048596 -0.054321
304000 -0.052893 -0.054316
305000 -0.060948 -0.054338
306000 -0.042865 -0.054300
307000 -0.037136 -0.054244
308000 -0.023681 -0.054145
309000 -0.036256 -0.054087
310000 -0.024836 -0.053993
311000 -0.017209 -0.053874
312000 -0.030584 -0.053800
313000 -0.013933 -0.053672
314000 -0.006145 -0.053521
315000 -0.030923 -0.053449
316000 -0.053233 -0.053449
317000 -0.040019 -0.053406
318000 -0.039504 -0.053363
319000 -0.031351 -0.053294
320000 -0.035775 -0.053239
321000 -0.031754 -0.053172
322000 -0.028252 -0.053095
323000 -0.023773 -0.053004
324000 -0.006344 -0.052860
325000 -0.007968 -0.052722
326000 -0.009387 -0.052589
327000 -0.012338 -0.052466
328000 -0.000647 -0.052308
329000 -0.019999 -0.052209
330000 -0.019241 -0.052109
331000 -0.013903 -0.051994
332000 0.000651 -0.051835
333000 -0.000382 -0.051681
334000 -0.017503 -0.051579
335000 -0.035989 -0.051532
336000 -0.041511 -0.051502
337000 -0.017623 -0.051402
338000 -0.016786 -0.051299
339000 -0.012512 -0.051185
340000 -0.025929 -0.051111
341000 -0.009137 -0.050988
342000 -0.020597 -0.050899
343000 -0.006915 -0.050770
344000 -0.000855 -0.050625
345000 0.004392 -0.050466
346000 0.003431 -0.050310
347000 -0.011515 -0.050198
348000 0.013565 -0.050015
349000 0.005867 -0.049855
350000 0.014533 -0.049671
351000 -0.009486 -0.049557
352000 -0.023149 -0.049481
353000 -0.016702 -0.049389
354000 -0.022429 -0.049312
355000 -0.006235 -0.049191
356000 -0.029993 -0.049137
357000 -0.031837 -0.049089
358000 -0.044020 -0.049075
359000 -0.011767 -0.048971
360000 -0.027949 -0.048912
361000 -0.011415 -0.048808
362000 -0.044455 -0.048796
363000 -0.011198 -0.048693
364000 -0.006027 -0.048576
365000 -0.012585 -0.048477
366000 -0.015832 -0.048388
367000 -0.005592 -0.048271
368000 -0.013773 -0.048177
369000 -0.025087 -0.048115
370000 -0.022984 -0.048047
371000 -0.028689 -0.047995
372000 -0.031135 -0.047949
373000 -0.041809 -0.047933
374000 -0.025892 -0.047874
375000 -0.036578 -0.047844
376000 -0.020245 -0.047771
377000 -0.035060 -0.047737
378000 -0.032157 -0.047696
379000 -0.018408 -0.047618
380000 -0.006763 -0.047511
381000 -0.019310 -0.047437
382000 -0.014295 -0.047350
383000 0.000555 -0.047225
384000 -0.005277 -0.047116
385000 -0.005748 -0.047008
386000 0.004305 -0.046875
387000 0.013063 -0.046720
388000 -0.027064 -0.046670
389000 -0.021121 -0.046604
390000 -0.039077 -0.046585
391000 -0.033236 -0.046551
392000 -0.046428 -0.046550
393000 -0.043339 -0.046542
394000 -0.049403 -0.046549
395000 -0.054168 -0.046569
396000 -0.055913 -0.046592
397000 -0.028807 -0.046548
398000 -0.069230 -0.046605
399000 -0.023044 -0.046545
400000 -0.037895 -0.046524
401000 -0.025636 -0.046472
402000 -0.021547 -0.046410
403000 -0.049082 -0.046416
404000 -0.070604 -0.046476
405000 -0.058117 -0.046505
406000 -0.059749 -0.046538
407000 -0.035399 -0.046510
408000 -0.043674 -0.046503
409000 -0.059913 -0.046536
410000 -0.042204 -0.046526
411000 -0.031591 -0.046489
412000 -0.028798 -0.046446
413000 -0.044733 -0.046442
414000 -0.044424 -0.046437
415000 -0.021294 -0.046377
416000 -0.025503 -0.046326
417000 -0.022351 -0.046269
418000 -0.025098 -0.046218
419000 -0.007975 -0.046127
420000 -0.048163 -0.046132
421000 -0.027261 -0.046087
422000 -0.045175 -0.046085
423000 -0.034815 -0.046058
424000 -0.004129 -0.045959
425000 0.005474 -0.045838
426000 -0.028498 -0.045798
427000 -0.041819 -0.045788
428000 -0.034989 -0.045763
429000 -0.037496 -0.045744
430000 -0.029781 -0.045707
431000 -0.037476 -0.045688
432000 -0.062895 -0.045727
433000 -0.050673 -0.045739
434000 -0.044780 -0.045737
435000 -0.061400 -0.045773
436000 -0.056159 -0.045796
437000 -0.052636 -0.045812
438000 -0.051008 -0.045824
439000 -0.048444 -0.045830
440000 -0.064549 -0.045872
441000 -0.068803 -0.045924
442000 -0.068300 -0.045975
443000 -0.063224 -0.046014
444000 -0.066457 -0.046060
445000 -0.057477 -0.046086
446000 -0.036690 -0.046065
447000 -0.053579 -0.046081
448000 -0.072756 -0.046141
449000 -0.043655 -0.046135
450000 -0.047296 -0.046138
451000 -0.053149 -0.046154
452000 -0.061445 -0.046187
453000 -0.066329 -0.046232
454000 -0.068475 -0.046281
455000 -0.073395 -0.046340
456000 -0.049763 -0.046348
457000 -0.062992 -0.046384
458000 -0.057292 -0.046408
459000 -0.045387 -0.046406
460000 -0.060667 -0.046437
461000 -0.039791 -0.046423
462000 -0.030826 -0.046389
463000 -0.041411 -0.046378
464000 -0.040176 -0.046365
465000 -0.053577 -0.046380
466000 -0.051358 -0.046391
467000 -0.036325 -0.046369
468000 -0.037747 -0.046351
469000 -0.048230 -0.046355
470000 -0.032059 -0.046325
471000 -0.040897 -0.046313
472000 -0.040102 -0.046300
473000 -0.048692 -0.046305
474000 -0.040262 -0.046292
475000 -0.054788 -0.046310
476000 -0.042534 -0.046302
477000 -0.027560 -0.046263
478000 -0.008894 -0.046185
479000 -0.046788 -0.046186
480000 -0.041214 -0.046176
481000 -0.047585 -0.046178
482000 -0.040599 -0.046167
483000 -0.040632 -0.046155
484000 -0.036760 -0.046136
485000 -0.043899 -0.046131
486000 -0.006995 -0.046051
487000 -0.025613 -0.046009
488000 -0.055061 -0.046027
489000 -0.042910 -0.046021
490000 -0.042312 -0.046014
491000 -0.032713 -0.045986
492000 -0.030142 -0.045954
493000 -0.040259 -0.045943
494000 -0.051324 -0.045954
495000 -0.061280 -0.045985
496000 -0.042699 -0.045978
497000 -0.059948 -0.046006
498000 -0.081787 -0.046078
499000 -0.060667 -0.046107
500000 -0.048191 -0.046111
501000 -0.077675 -0.046174
502000 -0.068454 -0.046219
503000 -0.078032 -0.046282
504000 -0.078719 -0.046346
505000 -0.083320 -0.046419
506000 -0.106403 -0.046538
507000 -0.092768 -0.046629
508000 -0.101470 -0.046737
509000 -0.108592 -0.046859
510000 -0.103090 -0.046969
511000 -0.111700 -0.047096
512000 -0.079943 -0.047160
513000 -0.120203 -0.047302
514000 -0.120992 -0.047446
515000 -0.130547 -0.047607
516000 -0.124761 -0.047756
517000 -0.107996 -0.047873
518000 -0.127366 -0.048026
519000 -0.113820 -0.048153
520000 -0.105665 -0.048264
521000 -0.101605 -0.048366
522000 -0.082844 -0.048432
523000 -0.109212 -0.048548
524000 -0.107486 -0.048661
525000 -0.103814 -0.048766
526000 -0.103557 -0.048870
527000 -0.083711 -0.048936
528000 -0.081207 -0.048997
529000 -0.102400 -0.049098
530000 -0.091011 -0.049177
531000 -0.100986 -0.049275
532000 -0.087353 -0.049346
533000 -0.060193 -0.049367
534000 -0.098705 -0.049459
535000 -0.093462 -0.049541
536000 -0.075934 -0.049591
537000 -0.065468 -0.049620
538000 -0.082316 -0.049681
539000 -0.085213 -0.049747
540000 -0.094031 -0.049829
541000 -0.084437 -0.049893
542000 -0.104233 -0.049993
543000 -0.093271 -0.050073
544000 -0.086175 -0.050139
545000 -0.092361 -0.050217
546000 -0.100606 -0.050309
547000 -0.098376 -0.050397
548000 -0.093756 -0.050476
549000 -0.096677 -0.050560
550000 -0.101893 -0.050654
551000 -0.105642 -0.050753
552000 -0.108878 -0.050859
553000 -0.097807 -0.050944
554000 -0.100696 -0.051033
555000 -0.090294 -0.051104
556000 -0.117294 -0.051223
557000 -0.102418 -0.051315
558000 -0.114801 -0.051429
559000 -0.089615 -0.051497
560000 -0.093342 -0.051572
561000 -0.096820 -0.051652
562000 -0.098180 -0.051735
563000 -0.113754 -0.051845
564000 -0.108832 -0.051946
565000 -0.124446 -0.052075
566000 -0.113624 -0.052184
567000 -0.122745 -0.052308
568000 -0.110694 -0.052411
569000 -0.077895 -0.052456
570000 -0.099774 -0.052539
571000 -0.098787 -0.052620
572000 -0.082050 -0.052671
573000 -0.097370 -0.052749
574000 -0.088932 -0.052812
575000 -0.091569 -0.052879
576000 -0.075398 -0.052919
577000 -0.064745 -0.052939
578000 -0.064109 -0.052958
579000 -0.059222 -0.052969
580000 -0.078376 -0.053013
581000 -0.065399 -0.053034
582000 -0.077070 -0.053076
583000 -0.077983 -0.053118
584000 -0.058270 -0.053127
585000 -0.087323 -0.053186
586000 -0.075829 -0.053224
587000 -0.081128 -0.053272
588000 -0.073619 -0.053306
589000 -0.085913 -0.053362
590000 -0.086398 -0.053418
591000 -0.078025 -0.053459
592000 -0.081524 -0.053507
593000 -0.065918 -0.053528
594000 -0.072781 -0.053560
595000 -0.054781 -0.053562
596000 -0.067494 -0.053586
597000 -0.050213 -0.053580
598000 -0.051433 -0.053576
599000 -0.059124 -0.053586
600000 -0.067011 -0.053608
601000 -0.057749 -0.053615
602000 -0.080550 -0.053660
603000 -0.064838 -0.053678
604000 -0.047421 -0.053668
605000 -0.065219 -0.053687
606000 -0.082322 -0.053734
607000 -0.055752 -0.053737
608000 -0.081007 -0.053782
609000 -0.086808 -0.053837
610000 -0.070918 -0.053865
611000 -0.077562 -0.053903
612000 -0.078521 -0.053944
613000 -0.088596 -0.054000
614000 -0.083549 -0.054048
615000 -0.090829 -0.054108
616000 -0.071610 -0.054136
617000 -0.077088 -0.054174
618000 -0.071153 -0.054201
619000 -0.062713 -0.054215
620000 -0.076944 -0.054251
621000 -0.071042 -0.054279
622000 -0.061298 -0.054290
623000 -0.043700 -0.054273
624000 -0.056192 -0.054276
625000 -0.069548 -0.054300
626000 -0.064206 -0.054316
627000 -0.056695 -0.054320
628000 -0.062162 -0.054332
629000 -0.059714 -0.054341
630000 -0.063855 -0.054356
631000 -0.058303 -0.054362
632000 -0.075109 -0.054395
633000 -0.062110 -0.054407
634000 -0.058159 -0.054413
635000 -0.066035 -0.054432
636000 -0.069279 -0.054455
637000 -0.089506 -0.054510
638000 -0.082180 -0.054553
639000 -0.042252 -0.054534
640000 -0.058635 -0.054540
641000 -0.072621 -0.054569
642000 -0.073649 -0.054598
643000 -0.063919 -0.054613
644000 -0.071069 -0.054638
645000 -0.076499 -0.054672
646000 -0.055374 -0.054673
647000 -0.071465 -0.054699
648000 -0.063535 -0.054713
649000 -0.049099 -0.054704
650000 -0.056789 -0.054708
651000 -0.090183 -0.054762
652000 -0.074353 -0.054792
653000 -0.071488 -0.054818
654000 -0.078908 -0.054855
655000 -0.090477 -0.054909
656000 -0.082561 -0.054951
657000 -0.080904 -0.054991
658000 -0.067444 -0.055009
659000 -0.100616 -0.055079
660000 -0.085467 -0.055125
661000 -0.095147 -0.055185
662000 -0.084968 -0.055230
663000 -0.098929 -0.055296
664000 -0.085105 -0.055341
665000 -0.090677 -0.055394
666000 -0.094051 -0.055452
667000 -0.086204 -0.055498
668000 -0.088196 -0.055547
669000 -0.087488 -0.055595
670000 -0.076304 -0.055626
671000 -0.106841 -0.055702
672000 -0.082353 -0.055742
673000 -0.112810 -0.055827
674000 -0.105251 -0.055900
675000 -0.100762 -0.055967
676000 -0.098622 -0.056030
677000 -0.110443 -0.056110
678000 -0.107739 -0.056186
679000 -0.077924 -0.056218
680000 -0.085324 -0.056261
681000 -0.068768 -0.056279
682000 -0.081005 -0.056316
683000 -0.068810 -0.056334
684000 -0.082198 -0.056372
685000 -0.049785 -0.056362
686000 -0.061580 -0.056370
687000 -0.057552 -0.056371
688000 -0.061867 -0.056379
689000 -0.066564 -0.056394
690000 -0.077446 -0.056425
691000 -0.070098 -0.056444
692000 -0.070246 -0.056464
693000 -0.092611 -0.056517
694000 -0.070202 -0.056536
695000 -0.061924 -0.056544
696000 -0.083302 -0.056582
697000 -0.085089 -0.056623
698000 -0.066195 -0.056637
699000 -0.045621 -0.056621
700000 -0.075293 -0.056648
701000 -0.053520 -0.056644
702000 -0.066457 -0.056658
703000 -0.043533 -0.056639
704000 -0.063303 -0.056648
705000 -0.045077 -0.056632
706000 -0.057939 -0.056634
707000 -0.046210 -0.056619
708000 -0.032250 -0.056585
709000 -0.057720 -0.056586
710000 -0.064587 -0.056597
711000 -0.047185 -0.056584
712000 -0.033229 -0.056551
713000 -0.042279 -0.056531
714000 -0.038643 -0.056506
715000 -0.057783 -0.056508
716000 -0.033365 -0.056476
717000 -0.039430 -0.056452
718000 -0.045659 -0.056437
719000 -0.025696 -0.056394
720000 -0.044462 -0.056378
721000 -0.046782 -0.056364
722000 -0.046052 -0.056350
723000 -0.036230 -0.056322
724000 -0.055692 -0.056321
725000 -0.036191 -0.056294
726000 -0.056768 -0.056294
727000 -0.047606 -0.056282
728000 -0.055312 -0.056281
729000 -0.073844 -0.056305
730000 -0.050796 -0.056298
731000 -0.060552 -0.056303
732000 -0.079591 -0.056335
733000 -0.081288 -0.056369
734000 -0.081598 -0.056404
735000 -0.062062 -0.056411
736000 -0.071174 -0.056431
737000 -0.080909 -0.056465
738000 -0.070957 -0.056484
739000 -0.058447 -0.056487
740000 -0.042767 -0.056468
741000 -0.071260 -0.056488
742000 -0.042890 -0.056470
743000 -0.045100 -0.056455
744000 -0.050175 -0.056446
745000 -0.077544 -0.056475
746000 -0.042712 -0.056456
747000 -0.027526 -0.056417
748000 -0.038034 -0.056393
749000 -0.030937 -0.056359
750000 -0.029985 -0.056324
751000 -0.027051 -0.056285
752000 -0.016197 -0.056231
753000 -0.026092 -0.056191
754000 -0.016692 -0.056139
755000 -0.000921 -0.056066
756000 -0.014372 -0.056011
757000 -0.019135 -0.055962
758000 -0.020428 -0.055915
759000 -0.037144 -0.055890
760000 -0.061028 -0.055897
761000 -0.052717 -0.055893
762000 -0.054296 -0.055891
763000 -0.066375 -0.055905
764000 -0.052932 -0.055901
765000 -0.084576 -0.055938
766000 -0.069583 -0.055956
767000 -0.058604 -0.055959
768000 -0.064449 -0.055970
769000 -0.078517 -0.056000
770000 -0.074900 -0.056024
771000 -0.069803 -0.056042
772000 -0.076863 -0.056069
773000 -0.069931 -0.056087
774000 -0.056825 -0.056088
775000 -0.059740 -0.056093
776000 -0.057691 -0.056095
777000 -0.047756 -0.056084
778000 -0.059187 -0.056088
779000 -0.081307 -0.056120
780000 -0.043427 -0.056104
781000 -0.047391 -0.056093
782000 -0.045765 -0.056080
783000 -0.076769 -0.056106
784000 -0.062356 -0.056114
785000 -0.053178 -0.056110
786000 -0.062733 -0.056119
787000 -0.049731 -0.056111
788000 -0.088300 -0.056152
789000 -0.075244 -0.056176
790000 -0.096269 -0.056227
791000 -0.089746 -0.056269
792000 -0.076865 -0.056295
793000 -0.074409 -0.056318
794000 -0.077435 -0.056344
795000 -0.078041 -0.056372
796000 -0.098179 -0.056424
797000 -0.093218 -0.056470
798000 -0.082991 -0.056504
799000 -0.088569 -0.056544
800000 -0.103214 -0.056602
801000 -0.092051 -0.056646
802000 -0.077067 -0.056672
803000 -0.082437 -0.056704
804000 -0.068946 -0.056719
805000 -0.083028 -0.056752
806000 -0.090442 -0.056794
807000 -0.074542 -0.056816
808000 -0.078585 -0.056843
809000 -0.106003 -0.056903
810000 -0.098811 -0.056955
811000 -0.103309 -0.057012
812000 -0.093056 -0.057057
813000 -0.076319 -0.057080
814000 -0.074188 -0.057101
815000 -0.077070 -0.057126
816000 -0.055993 -0.057124
817000 -0.071244 -0.057142
818000 -0.070972 -0.057159
819000 -0.075592 -0.057181
820000 -0.080300 -0.057209
821000 -0.061212 -0.057214
822000 -0.051909 -0.057208
823000 -0.072462 -0.057226
824000 -0.067778 -0.057239
825000 -0.062414 -0.057245
826000 -0.056762 -0.057245
827000 -0.055797 -0.057243
828000 -0.079516 -0.057270
829000 -0.056850 -0.057269
830000 -0.072971 -0.057288
831000 -0.081362 -0.057317
832000 -0.070682 -0.057333
833000 -0.050400 -0.057325
834000 -0.050258 -0.057317
835000 -0.073551 -0.057336
836000 -0.056658 -0.057335
837000 -0.073649 -0.057355
838000 -0.067640 -0.057367
839000 -0.070199 -0.057382
840000 -0.075838 -0.057404
841000 -0.059070 -0.057406
842000 -0.083849 -0.057438
843000 -0.079684 -0.057464
844000 -0.079456 -0.057490
845000 -0.073688 -0.057509
846000 -0.082447 -0.057539
847000 -0.067477 -0.057550
848000 -0.087426 -0.057586
849000 -0.080954 -0.057613
850000 -0.074159 -0.057633
851000 -0.075514 -0.057654
852000 -0.072180 -0.057671
853000 -0.069042 -0.057684
854000 -0.071413 -0.057700
855000 -0.091636 -0.057740
856000 -0.084024 -0.057771
857000 -0.084314 -0.057801
858000 -0.077891 -0.057825
859000 -0.063213 -0.057831
860000 -0.067979 -0.057843
861000 -0.079049 -0.057868
862000 -0.075195 -0.057888
863000 -0.080033 -0.057913
864000 -0.067858 -0.057925
865000 -0.078643 -0.057949
866000 -0.077681 -0.057972
867000 -0.068201 -0.057983
868000 -0.067415 -0.057994
869000 -0.065031 -0.058002
870000 -0.051548 -0.057995
871000 -0.053351 -0.057990
872000 -0.066504 -0.057999
873000 -0.067197 -0.058010
874000 -0.084699 -0.058040
875000 -0.094960 -0.058083
876000 -0.103928 -0.058135
877000 -0.096222 -0.058178
878000 -0.084985 -0.058209
879000 -0.089444 -0.058244
880000 -0.093007 -0.058284
881000 -0.098389 -0.058329
882000 -0.104163 -0.058381
883000 -0.108741 -0.058438
884000 -0.088888 -0.058473
885000 -0.079999 -0.058497
886000 -0.078579 -0.058520
887000 -0.091245 -0.058557
888000 -0.096900 -0.058600
889000 -0.091436 -0.058637
890000 -0.085612 -0.058667
891000 -0.085555 -0.058697
892000 -0.080612 -0.058722
893000 -0.103884 -0.058773
894000 -0.081032 -0.058797
895000 -0.084728 -0.058826
896000 -0.099713 -0.058872
897000 -0.062580 -0.058876
898000 -0.048053 -0.058864
899000 -0.039013 -0.058842
900000 -0.071001 -0.058856
901000 -0.040800 -0.058836
902000 -0.074871 -0.058853
903000 -0.054148 -0.058848
904000 -0.050949 -0.058839
905000 -0.060632 -0.058841
906000 -0.060843 -0.058844
907000 -0.066256 -0.058852
908000 -0.069643 -0.058864
909000 -0.071689 -0.058878
910000 -0.046093 -0.058864
911000 -0.052889 -0.058857
912000 -0.040445 -0.058837
913000 -0.056520 -0.058834
914000 -0.078217 -0.058856
915000 -0.072734 -0.058871
916000 -0.071198 -0.058884
917000 -0.083234 -0.058911
918000 -0.080686 -0.058934
919000 -0.098264 -0.058977
920000 -0.101868 -0.059024
921000 -0.098527 -0.059067
922000 -0.092598 -0.059103
923000 -0.103422 -0.059151
924000 -0.093079 -0.059188
925000 -0.093156 -0.059225
926000 -0.097600 -0.059266
927000 -0.111574 -0.059322
928000 -0.119087 -0.059387
929000 -0.105955 -0.059437
930000 -0.084623 -0.059464
931000 -0.070539 -0.059476
932000 -0.076647 -0.059494
933000 -0.074185 -0.059510
934000 -0.086087 -0.059539
935000 -0.090005 -0.059571
936000 -0.094375 -0.059608
937000 -0.084374 -0.059635
938000 -0.093179 -0.059671
939000 -0.100971 -0.059715
940000 -0.092256 -0.059749
941000 -0.105546 -0.059798
942000 -0.106113 -0.059847
943000 -0.102327 -0.059892
944000 -0.119572 -0.059955
945000 -0.125003 -0.060024
946000 -0.139588 -0.060108
947000 -0.134130 -0.060186
948000 -0.108036 -0.060237
949000 -0.115863 -0.060295
950000 -0.099758 -0.060337
951000 -0.109550 -0.060389
952000 -0.111977 -0.060443
953000 -0.106137 -0.060491
954000 -0.106763 -0.060539
955000 -0.118763 -0.060600
956000 -0.118670 -0.060661
957000 -0.103650 -0.060706
958000 -0.107326 -0.060755
959000 -0.096970 -0.060792
960000 -0.092026 -0.060825
961000 -0.080916 -0.060846
962000 -0.091385 -0.060878
963000 -0.056594 -0.060873
964000 -0.075974 -0.060889
965000 -0.098011 -0.060927
966000 -0.082977 -0.060950
967000 -0.085096 -0.060975
968000 -0.068477 -0.060983
969000 -0.081099 -0.061004
970000 -0.091968 -0.061036
971000 -0.095079 -0.061071
972000 -0.086718 -0.061097
973000 -0.110769 -0.061148
974000 -0.080536 -0.061168
975000 -0.098493 -0.061206
976000 -0.098901 -0.061245
977000 -0.106091 -0.061291
978000 -0.115569 -0.061346
979000 -0.108334 -0.061394
980000 -0.094189 -0.061428
981000 -0.123005 -0.061491
982000 -0.126948 -0.061557
983000 -0.124067 -0.061621
984000 -0.112814 -0.061673
985000 -0.085000 -0.061696
986000 -0.092435 -0.061728
987000 -0.091560 -0.061758
988000 -0.086603 -0.061783
989000 -0.093637 -0.061815
990000 -0.091276 -0.061845
991000 -0.092310 -0.061876
992000 -0.101639 -0.061916
993000 -0.110923 -0.061965
994000 -0.099916 -0.062003
995000 -0.096364 -0.062038
996000 -0.084045 -0.062060
997000 -0.089065 -0.062087
998000 -0.093228 -0.062118
999000 -0.081997 -0.062138
1000000 -0.073872 -0.062150
1001000 -0.073676 -0.062161
1002000 -0.071442 -0.062171
1003000 -0.067583 -0.062176
1004000 -0.068022 -0.062182
1005000 -0.080280 -0.062200
1006000 -0.079291 -0.062217
1007000 -0.068911 -0.062224
1008000 -0.065504 -0.062227
1009000 -0.055325 -0.062220
1010000 -0.051107 -0.062209
1011000 -0.052047 -0.062199
1012000 -0.052593 -0.062189
1013000 -0.070848 -0.062198
1014000 -0.069136 -0.062205
1015000 -0.065600 -0.062208
1016000 -0.060406 -0.062206
1017000 -0.081808 -0.062226
1018000 -0.063555 -0.062227
1019000 -0.065629 -0.062230
1020000 -0.065336 -0.062233
1021000 -0.061213 -0.062232
1022000 -0.049309 -0.062220
1023000 -0.061365 -0.062219
1024000 -0.049110 -0.062206
1025000 -0.049555 -0.062194
1026000 -0.059713 -0.062191
1027000 -0.063028 -0.062192
1028000 -0.059239 -0.062189
1029000 -0.077245 -0.062204
1030000 -0.077853 -0.062219
1031000 -0.066366 -0.062223
1032000 -0.080642 -0.062241
1033000 -0.071523 -0.062250
1034000 -0.059622 -0.062247
1035000 -0.072256 -0.062257
1036000 -0.061209 -0.062256
1037000 -0.074353 -0.062268
1038000 -0.071520 -0.062277
1039000 -0.078797 -0.062292
1040000 -0.070608 -0.062300
1041000 -0.059692 -0.062298
1042000 -0.073445 -0.062309
1043000 -0.050668 -0.062298
1044000 -0.039921 -0.062276
1045000 -0.060660 -0.062275
1046000 -0.079201 -0.062291
1047000 -0.087305 -0.062315
1048000 -0.098342 -0.062349
1049000 -0.072201 -0.062358
1050000 -0.104216 -0.062398
1051000 -0.080224 -0.062415
1052000 -0.066330 -0.062419
1053000 -0.091741 -0.062447
1054000 -0.092690 -0.062475
1055000 -0.074649 -0.062487
1056000 -0.069966 -0.062494
1057000 -0.066093 -0.062497
1058000 -0.080989 -0.062515
1059000 -0.061216 -0.062514
1060000 -0.048443 -0.062500
1061000 -0.072265 -0.062510
1062000 -0.076206 -0.062523
1063000 -0.083141 -0.062542
1064000 -0.086562 -0.062565
1065000 -0.120701 -0.062619
1066000 -0.091384 -0.062646
1067000 -0.082216 -0.062664
1068000 -0.111761 -0.062710
1069000 -0.101783 -0.062747
1070000 -0.087097 -0.062770
1071000 -0.089759 -0.062795
1072000 -0.073705 -0.062805
1073000 -0.075317 -0.062817
1074000 -0.049294 -0.062804
1075000 -0.048369 -0.062791
1076000 -0.069177 -0.062797
1077000 -0.084478 -0.062817
1078000 -0.089620 -0.062842
1079000 -0.073693 -0.062852
1080000 -0.068844 -0.062857
1081000 -0.086713 -0.062879
1082000 -0.077107 -0.062893
1083000 -0.060548 -0.062890
1084000 -0.084839 -0.062911
1085000 -0.065345 -0.062913
1086000 -0.073155 -0.062922
1087000 -0.082824 -0.062941
1088000 -0.078818 -0.062955
1089000 -0.054225 -0.062947
1090000 -0.051503 -0.062937
1091000 -0.073991 -0.062947
1092000 -0.080992 -0.062963
1093000 -0.048292 -0.062950
1094000 -0.057600 -0.062945
1095000 -0.075476 -0.062956
1096000 -0.105541 -0.062995
1097000 -0.085905 -0.063016
1098000 -0.093613 -0.063044
1099000 -0.076399 -0.063056
1100000 -0.063379 -0.063056
1101000 -0.057563 -0.063052
1102000 -0.067318 -0.063055
1103000 -0.055890 -0.063049
1104000 -0.067132 -0.063053
1105000 -0.035558 -0.063028
1106000 -0.058121 -0.063023
1107000 -0.045176 -0.063007
1108000 -0.068653 -0.063012
1109000 -0.065535 -0.063015
1110000 -0.048263 -0.063001
1111000 -0.070394 -0.063008
1112000 -0.071152 -0.063015
1113000 -0.061847 -0.063014
1114000 -0.064190 -0.063015
1115000 -0.059229 -0.063012
1116000 -0.060447 -0.063010
1117000 -0.050794 -0.062999
1118000 -0.031448 -0.062970
1119000 -0.011784 -0.062925
1120000 -0.046686 -0.062910
1121000 -0.033437 -0.062884
1122000 -0.044858 -0.062868
1123000 -0.034318 -0.062842
1124000 -0.029042 -0.062812
1125000 -0.034322 -0.062787
1126000 -0.045896 -0.062772
1127000 -0.039637 -0.062751
1128000 -0.038490 -0.062730
1129000 -0.038930 -0.062709
1130000 -0.047981 -0.062696
1131000 -0.043349 -0.062679
1132000 -0.041172 -0.062660
1133000 -0.037763 -0.062638
1134000 -0.035835 -0.062614
1135000 -0.033871 -0.062589
1136000 -0.029817 -0.062560
1137000 -0.008144 -0.062512
1138000 -0.012489 -0.062468
1139000 0.000238 -0.062413
1140000 -0.008733 -0.062366
1141000 -0.018042 -0.062327
1142000 -0.017782 -0.062288
1143000 -0.034161 -0.062263
1144000 -0.018249 -0.062225
1145000 -0.025432 -0.062193
1146000 -0.018046 -0.062154
1147000 -0.035542 -0.062131
1148000 -0.028188 -0.062102
1149000 -0.013402 -0.062059
1150000 -0.005191 -0.062010
1151000 -0.005296 -0.061960
1152000 -0.011095 -0.061916
1153000 -0.018016 -0.061878
1154000 -0.010411 -0.061834
1155000 -0.001480 -0.061781
1156000 -0.011074 -0.061738
1157000 -0.003669 -0.061687
1158000 -0.003382 -0.061637
1159000 -0.019445 -0.061601
1160000 0.010150 -0.061539
1161000 0.009387 -0.061478
1162000 0.006136 -0.061419
1163000 0.004182 -0.061363
1164000 0.001051 -0.061309
1165000 -0.006931 -0.061263
1166000 0.007831 -0.061203
1167000 0.017696 -0.061136
1168000 0.004345 -0.061080
1169000 -0.011292 -0.061037
1170000 -0.015097 -0.060998
1171000 -0.011509 -0.060956
1172000 -0.034454 -0.060933
1173000 -0.026746 -0.060904
1174000 0.001629 -0.060851
1175000 -0.023230 -0.060819
1176000 -0.020772 -0.060785
1177000 -0.026145 -0.060755
1178000 -0.008262 -0.060711
1179000 -0.017564 -0.060674
1180000 -0.006359 -0.060628
1181000 0.004673 -0.060573
1182000 -0.008408 -0.060529
1183000 -0.035293 -0.060507
1184000 -0.021006 -0.060474
1185000 -0.033429 -0.060451
1186000 -0.037575 -0.060432
1187000 -0.037123 -0.060412
1188000 -0.021369 -0.060379
1189000 -0.032292 -0.060356
1190000 -0.011553 -0.060315
1191000 -0.015285 -0.060277
1192000 -0.002006 -0.060228
1193000 -0.007082 -0.060183
1194000 -0.000384 -0.060133
1195000 -0.020582 -0.060100
1196000 -0.034731 -0.060079
1197000 -0.037106 -0.060060
1198000 -0.042618 -0.060045
1199000 -0.022192 -0.060014
1200000 -0.003580 -0.059967
1201000 -0.015346 -0.059929
1202000 -0.018862 -0.059895
1203000 0.001501 -0.059844
1204000 -0.038468 -0.059827
1205000 -0.036572 -0.059807
1206000 -0.028589 -0.059781
1207000 -0.030493 -0.059757
1208000 -0.048409 -0.059748
1209000 -0.026572 -0.059720
1210000 -0.050628 -0.059713
1211000 -0.051146 -0.059706
1212000 -0.030035 -0.059681
1213000 -0.012782 -0.059643
1214000 -0.026053 -0.059615
1215000 -0.041260 -0.059600
1216000 -0.023404 -0.059570
1217000 -0.015600 -0.059534
1218000 -0.027331 -0.059507
1219000 -0.018624 -0.059474
1220000 -0.038440 -0.059457
1221000 -0.010555 -0.059417
1222000 -0.037857 -0.059399
1223000 -0.033606 -0.059378
1224000 -0.039276 -0.059361
1225000 -0.041936 -0.059347
1226000 -0.057832 -0.059346
1227000 -0.046172 -0.059335
1228000 -0.055500 -0.059332
1229000 -0.050543 -0.059325
1230000 -0.048306 -0.059316
1231000 -0.057617 -0.059315
1232000 -0.031731 -0.059292
1233000 -0.043098 -0.059279
1234000 -0.031966 -0.059257
1235000 -0.022345 -0.059227
1236000 -0.015004 -0.059191
1237000 -0.038022 -0.059174
1238000 -0.019790 -0.059142
1239000 -0.014855 -0.059107
1240000 -0.017432 -0.059073
1241000 -0.024767 -0.059045
1242000 -0.029658 -0.059022
1243000 -0.039454 -0.059006
1244000 -0.019725 -0.058974
1245000 -0.034168 -0.058954
1246000 -0.040512 -0.058940
1247000 -0.024647 -0.058912
1248000 -0.031446 -0.058890
1249000 -0.022298 -0.058861
1250000 -0.025042 -0.058834
1251000 -0.019581 -0.058802
1252000 -0.040403 -0.058788
1253000 -0.028890 -0.058764
1254000 -0.020571 -0.058733
1255000 -0.045260 -0.058723
1256000 -0.043867 -0.058711
1257000 -0.047718 -0.058702
1258000 -0.050659 -0.058696
1259000 -0.051128 -0.058690
1260000 -0.015373 -0.058655
1261000 -0.026739 -0.058630
1262000 -0.040069 -0.058615
1263000 -0.055273 -0.058613
1264000 -0.056668 -0.058611
1265000 -0.045043 -0.058600
1266000 -0.037921 -0.058584
1267000 -0.046515 -0.058575
1268000 -0.041166 -0.058561
1269000 -0.021374 -0.058531
1270000 -0.035288 -0.058513
1271000 -0.034381 -0.058494
1272000 -0.030955 -0.058473
1273000 -0.037310 -0.058456
1274000 -0.029512 -0.058433
1275000 -0.037281 -0.058417
1276000 -0.041089 -0.058403
1277000 -0.017608 -0.058371
1278000 -0.053371 -0.058367
1279000 -0.045737 -0.058357
1280000 -0.030245 -0.058335
1281000 -0.047732 -0.058327
1282000 -0.063947 -0.058331
1283000 -0.033304 -0.058312
1284000 -0.030872 -0.058291
1285000 -0.041669 -0.058278
1286000 -0.042919 -0.058266
1287000 -0.019512 -0.058236
1288000 -0.016749 -0.058203
1289000 -0.030094 -0.058182
1290000 -0.032009 -0.058161
1291000 -0.011356 -0.058125
1292000 -0.022303 -0.058097
1293000 -0.008136 -0.058059
1294000 -0.021488 -0.058030
1295000 -0.023726 -0.058004
1296000 -0.031873 -0.057984
1297000 -0.031426 -0.057963
1298000 -0.023667 -0.057937
1299000 -0.035967 -0.057920
1300000 -0.050384 -0.057914
1301000 -0.049670 -0.057908
1302000 -0.054996 -0.057906
1303000 -0.069061 -0.057914
1304000 -0.059137 -0.057915
1305000 -0.041687 -0.057903
1306000 -0.045607 -0.057893
1307000 -0.013269 -0.057859
1308000 -0.020164 -0.057830
1309000 -0.038105 -0.057815
1310000 -0.019240 -0.057786
1311000 -0.018554 -0.057756
1312000 -0.030080 -0.057735
1313000 -0.038817 -0.057720
1314000 -0.066107 -0.057727
1315000 -0.030355 -0.057706
1316000 -0.037482 -0.057690
1317000 -0.029016 -0.057669
1318000 -0.045832 -0.057660
1319000 -0.056155 -0.057659
1320000 -0.060095 -0.057660
1321000 -0.062570 -0.057664
1322000 -0.034837 -0.057647
1323000 -0.046723 -0.057639
1324000 -0.029378 -0.057617
1325000 -0.047404 -0.057610
1326000 -0.061526 -0.057613
1327000 -0.061254 -0.057615
1328000 -0.040155 -0.057602
1329000 -0.038868 -0.057588
1330000 -0.070777 -0.057598
1331000 -0.065615 -0.057604
1332000 -0.072380 -0.057615
1333000 -0.058225 -0.057616
1334000 -0.077104 -0.057630
1335000 -0.078779 -0.057646
1336000 -0.080390 -0.057663
1337000 -0.076048 -0.057677
1338000 -0.078538 -0.057692
1339000 -0.079226 -0.057708
1340000 -0.063714 -0.057713
1341000 -0.078818 -0.057729
1342000 -0.089401 -0.057752
1343000 -0.089278 -0.057776
1344000 -0.088036 -0.057798
1345000 -0.097541 -0.057828
1346000 -0.087362 -0.057850
1347000 -0.093975 -0.057877
1348000 -0.098742 -0.057907
1349000 -0.081597 -0.057924
1350000 -0.088143 -0.057947
1351000 -0.088618 -0.057970
1352000 -0.090481 -0.057994
1353000 -0.093170 -0.058020
1354000 -0.071612 -0.058030
1355000 -0.103544 -0.058063
1356000 -0.092963 -0.058089
1357000 -0.091187 -0.058113
1358000 -0.076198 -0.058127
1359000 -0.092684 -0.058152
1360000 -0.081646 -0.058169
1361000 -0.073650 -0.058181
1362000 -0.065487 -0.058186
1363000 -0.085316 -0.058206
1364000 -0.085409 -0.058226
1365000 -0.099955 -0.058256
1366000 -0.092762 -0.058282
1367000 -0.094024 -0.058308
1368000 -0.079133 -0.058323
1369000 -0.090769 -0.058347
1370000 -0.091747 -0.058371
1371000 -0.084049 -0.058390
1372000 -0.072875 -0.058400
1373000 -0.074905 -0.058413
1374000 -0.074750 -0.058424
1375000 -0.064618 -0.058429
1376000 -0.068896 -0.058437
1377000 -0.091525 -0.058461
1378000 -0.107739 -0.058496
1379000 -0.088186 -0.058518
1380000 -0.074800 -0.058530
1381000 -0.074489 -0.058541
1382000 -0.090439 -0.058564
1383000 -0.077938 -0.058578
1384000 -0.095573 -0.058605
1385000 -0.076699 -0.058618
1386000 -0.099387 -0.058647
1387000 -0.077429 -0.058661
1388000 -0.114126 -0.058701
1389000 -0.115629 -0.058742
1390000 -0.102764 -0.058774
1391000 -0.098146 -0.058802
1392000 -0.079719 -0.058817
1393000 -0.090519 -0.058840
1394000 -0.088658 -0.058861
1395000 -0.104217 -0.058894
1396000 -0.085818 -0.058913
1397000 -0.086864 -0.058933
1398000 -0.090222 -0.058955
1399000 -0.075963 -0.058967
1400000 -0.095509 -0.058994
1401000 -0.082280 -0.059010
1402000 -0.089391 -0.059032
1403000 -0.081918 -0.059048
1404000 -0.081393 -0.059064
1405000 -0.100537 -0.059094
1406000 -0.105977 -0.059127
1407000 -0.107962 -0.059162
1408000 -0.087638 -0.059182
1409000 -0.109730 -0.059218
1410000 -0.085246 -0.059236
1411000 -0.097407 -0.059263
1412000 -0.088439 -0.059284
1413000 -0.067757 -0.059290
1414000 -0.057281 -0.059289
1415000 -0.049093 -0.059281
1416000 -0.035807 -0.059265
1417000 -0.060073 -0.059265
1418000 -0.061112 -0.059267
1419000 -0.062296 -0.059269
1420000 -0.067784 -0.059275
1421000 -0.051391 -0.059269
1422000 -0.051144 -0.059263
1423000 -0.038220 -0.059249
1424000 -0.052120 -0.059244
1425000 -0.047721 -0.059236
1426000 -0.040556 -0.059222
1427000 -0.045186 -0.059213
1428000 -0.057486 -0.059211
1429000 -0.048364 -0.059204
1430000 -0.045534 -0.059194
1431000 -0.061677 -0.059196
1432000 -0.072525 -0.059205
1433000 -0.061405 -0.059207
1434000 -0.058066 -0.059206
1435000 -0.048528 -0.059199
1436000 -0.039280 -0.059185
1437000 -0.046524 -0.059176
1438000 -0.060415 -0.059177
1439000 -0.059285 -0.059177
1440000 -0.047930 -0.059169
1441000 -0.045113 -0.059159
1442000 -0.057947 -0.059158
1443000 -0.053693 -0.059155
1444000 -0.063341 -0.059158
1445000 -0.049688 -0.059151
1446000 -0.048921 -0.059144
1447000 -0.041997 -0.059132
1448000 -0.057211 -0.059131
1449000 -0.048960 -0.059124
1450000 -0.059055 -0.059124
1451000 -0.053202 -0.059120
1452000 -0.047199 -0.059111
1453000 -0.039934 -0.059098
1454000 -0.049616 -0.059092
1455000 -0.046942 -0.059083
1456000 -0.055238 -0.059081
1457000 -0.064892 -0.059085
1458000 -0.060415 -0.059086
1459000 -0.038268 -0.059071
1460000 -0.048681 -0.059064
1461000 -0.058819 -0.059064
1462000 -0.059419 -0.059064
1463000 -0.057753 -0.059063
1464000 -0.054201 -0.059060
1465000 -0.060255 -0.059061
1466000 -0.056823 -0.059059
1467000 -0.078685 -0.059073
1468000 -0.070073 -0.059080
1469000 -0.075514 -0.059091
1470000 -0.043730 -0.059081
1471000 -0.062162 -0.059083
1472000 -0.077115 -0.059095
1473000 -0.068422 -0.059102
1474000 -0.055911 -0.059100
1475000 -0.051060 -0.059094
1476000 -0.062106 -0.059096
1477000 -0.055834 -0.059094
1478000 -0.080976 -0.059109
1479000 -0.069185 -0.059116
1480000 -0.073190 -0.059125
1481000 -0.062292 -0.059127
1482000 -0.059075 -0.059127
1483000 -0.069744 -0.059134
1484000 -0.062393 -0.059136
1485000 -0.057933 -0.059136
1486000 -0.079039 -0.059149
1487000 -0.070968 -0.059157
1488000 -0.091095 -0.059178
1489000 -0.068828 -0.059185
1490000 -0.068202 -0.059191
1491000 -0.060457 -0.059192
1492000 -0.062771 -0.059194
1493000 -0.071375 -0.059202
1494000 -0.055752 -0.059200
1495000 -0.058522 -0.059200
1496000 -0.076542 -0.059211
1497000 -0.079726 -0.059225
1498000 -0.087456 -0.059244
1499000 -0.084267 -0.059260
1500000 -0.086192 -0.059278
1501000 -0.076483 -0.059290
1502000 -0.082950 -0.059306
1503000 -0.089056 -0.059325
1504000 -0.096366 -0.059350
1505000 -0.092445 -0.059372
1506000 -0.093953 -0.059395
1507000 -0.120443 -0.059436
1508000 -0.120218 -0.059476
1509000 -0.109501 -0.059509
1510000 -0.100649 -0.059536
1511000 -0.098773 -0.059562
1512000 -0.109725 -0.059595
1513000 -0.126858 -0.059640
1514000 -0.092933 -0.059662
1515000 -0.104848 -0.059692
1516000 -0.100162 -0.059718
1517000 -0.095436 -0.059742
1518000 -0.108737 -0.059774
1519000 -0.106030 -0.059805
1520000 -0.119835 -0.059844
1521000 -0.126835 -0.059888
1522000 -0.108183 -0.059920
1523000 -0.116942 -0.059957
1524000 -0.121232 -0.059998
1525000 -0.127593 -0.060042
1526000 -0.130867 -0.060088
1527000 -0.112240 -0.060122
1528000 -0.123387 -0.060164
1529000 -0.121978 -0.060204
1530000 -0.119917 -0.060243
1531000 -0.102764 -0.060271
1532000 -0.128531 -0.060316
1533000 -0.113029 -0.060350
1534000 -0.124447 -0.060392
1535000 -0.119580 -0.060430
1536000 -0.116543 -0.060467
1537000 -0.116310 -0.060503
1538000 -0.106705 -0.060533
1539000 -0.107949 -0.060564
1540000 -0.111055 -0.060597
1541000 -0.126173 -0.060639
1542000 -0.145822 -0.060695
1543000 -0.116291 -0.060731
1544000 -0.119887 -0.060769
1545000 -0.125841 -0.060811
1546000 -0.120747 -0.060850
1547000 -0.110672 -0.060882
1548000 -0.095373 -0.060904
1549000 -0.108421 -0.060935
1550000 -0.108826 -0.060966
1551000 -0.112058 -0.060999
1552000 -0.131972 -0.061045
1553000 -0.101868 -0.061071
1554000 -0.105434 -0.061099
1555000 -0.096088 -0.061122
1556000 -0.113277 -0.061155
1557000 -0.114952 -0.061190
1558000 -0.108973 -0.061221
1559000 -0.112418 -0.061254
1560000 -0.099977 -0.061278
1561000 -0.099196 -0.061303
1562000 -0.090833 -0.061322
1563000 -0.105107 -0.061350
1564000 -0.092079 -0.061369
1565000 -0.081418 -0.061382
1566000 -0.088959 -0.061400
1567000 -0.086421 -0.061416
1568000 -0.088878 -0.061433
1569000 -0.063515 -0.061434
1570000 -0.065552 -0.061437
1571000 -0.101556 -0.061463
1572000 -0.081709 -0.061475
1573000 -0.103623 -0.061502
1574000 -0.090668 -0.061521
1575000 -0.113335 -0.061554
1576000 -0.110400 -0.061585
1577000 -0.113693 -0.061618
1578000 -0.116940 -0.061653
1579000 -0.120335 -0.061690
1580000 -0.113936 -0.061723
1581000 -0.101265 -0.061748
1582000 -0.109270 -0.061778
1583000 -0.111037 -0.061809
1584000 -0.097586 -0.061832
1585000 -0.105868 -0.061860
1586000 -0.102859 -0.061885
1587000 -0.094553 -0.061906
1588000 -0.085660 -0.061921
1589000 -0.073573 -0.061928
1590000 -0.077884 -0.061938
1591000 -0.077786 -0.061948
1592000 -0.095258 -0.061969
1593000 -0.075822 -0.061978
1594000 -0.087288 -0.061994
1595000 -0.072322 -0.062000
1596000 -0.080622 -0.062012
1597000 -0.093778 -0.062032
1598000 -0.076668 -0.062041
1599000 -0.078518 -0.062051
1600000 -0.086603 -0.062067
1601000 -0.077185 -0.062076
1602000 -0.083959 -0.062090
1603000 -0.093773 -0.062109
1604000 -0.082715 -0.062122
1605000 -0.070492 -0.062128
1606000 -0.096798 -0.062149
1607000 -0.084808 -0.062163
1608000 -0.073528 -0.062170
1609000 -0.075580 -0.062179
1610000 -0.073500 -0.062186
1611000 -0.080245 -0.062197
1612000 -0.089982 -0.062214
1613000 -0.092447 -0.062233
1614000 -0.087884 -0.062249
1615000 -0.083231 -0.062262
1616000 -0.057976 -0.062259
1617000 -0.074281 -0.062267
1618000 -0.088368 -0.062283
1619000 -0.073685 -0.062290
1620000 -0.086626 -0.062305
1621000 -0.090938 -0.062322
1622000 -0.071127 -0.062328
1623000 -0.075671 -0.062336
1624000 -0.048134 -0.062327
1625000 -0.071472 -0.062333
1626000 -0.073558 -0.062340
1627000 -0.062434 -0.062340
1628000 -0.080759 -0.062351
1629000 -0.055903 -0.062347
1630000 -0.052902 -0.062341
1631000 -0.068338 -0.062345
1632000 -0.054717 -0.062340
1633000 -0.056642 -0.062337
1634000 -0.048790 -0.062329
1635000 -0.023529 -0.062305
1636000 -0.058363 -0.062303
1637000 -0.036113 -0.062287
1638000 -0.039689 -0.062273
1639000 -0.050166 -0.062265
1640000 -0.035575 -0.062249
1641000 -0.065361 -0.062251
1642000 -0.054553 -0.062246
1643000 -0.054703 -0.062242
1644000 -0.065298 -0.062244
1645000 -0.048115 -0.062235
1646000 -0.059634 -0.062233
1647000 -0.047705 -0.062225
1648000 -0.050375 -0.062217
1649000 -0.080830 -0.062229
1650000 -0.067090 -0.062232
1651000 -0.065593 -0.062234
1652000 -0.057356 -0.062231
1653000 -0.072084 -0.062237
1654000 -0.049007 -0.062229
1655000 -0.052407 -0.062223
1656000 -0.057738 -0.062220
1657000 -0.065273 -0.062222
1658000 -0.050641 -0.062215
1659000 -0.056444 -0.062211
1660000 -0.062644 -0.062212
1661000 -0.083102 -0.062224
1662000 -0.069015 -0.062228
1663000 -0.083935 -0.062241
1664000 -0.089031 -0.062257
1665000 -0.093411 -0.062276
1666000 -0.080906 -0.062287
1667000 -0.089026 -0.062303
1668000 -0.063096 -0.062304
1669000 -0.063846 -0.062305
1670000 -0.083599 -0.062318
1671000 -0.076784 -0.062326
1672000 -0.085867 -0.062340
1673000 -0.073895 -0.062347
1674000 -0.082517 -0.062359
1675000 -0.084686 -0.062373
1676000 -0.100370 -0.062395
1677000 -0.071258 -0.062401
1678000 -0.103785 -0.062425
1679000 -0.094191 -0.062444
1680000 -0.084571 -0.062457
1681000 -0.081258 -0.062468
1682000 -0.075364 -0.062476
1683000 -0.087768 -0.062491
1684000 -0.097560 -0.062512
1685000 -0.071491 -0.062517
1686000 -0.077196 -0.062526
1687000 -0.065059 -0.062528
1688000 -0.073355 -0.062534
1689000 -0.062373 -0.062534
1690000 -0.056557 -0.062530
1691000 -0.077253 -0.062539
1692000 -0.095252 -0.062558
1693000 -0.090197 -0.062575
1694000 -0.082582 -0.062586
1695000 -0.060034 -0.062585
1696000 -0.061321 -0.062584
1697000 -0.073958 -0.062591
1698000 -0.069298 -0.062595
1699000 -0.051623 -0.062588
1700000 -0.065205 -0.062590
1701000 -0.074602 -0.062597
1702000 -0.088755 -0.062612
1703000 -0.059674 -0.062611
1704000 -0.038930 -0.062597
1705000 -0.058538 -0.062594
1706000 -0.047921 -0.062586
1707000 -0.052780 -0.062580
1708000 -0.037176 -0.062565
1709000 -0.028240 -0.062545
1710000 -0.027233 -0.062524
1711000 -0.031888 -0.062507
1712000 -0.023105 -0.062484
1713000 -0.029060 -0.062464
1714000 -0.021642 -0.062440
1715000 -0.013067 -0.062411
1716000 -0.000552 -0.062375
1717000 -0.001918 -0.062340
1718000 -0.014043 -0.062312
1719000 -0.018954 -0.062287
1720000 -0.015226 -0.062259
1721000 -0.019559 -0.062235
1722000 -0.016237 -0.062208
1723000 -0.015389 -0.062181
1724000 -0.028443 -0.062161
1725000 -0.045562 -0.062152
1726000 -0.039207 -0.062138
1727000 -0.045692 -0.062129
1728000 -0.045864 -0.062119
1729000 -0.049884 -0.062112
1730000 -0.047267 -0.062104
1731000 -0.033747 -0.062087
1732000 -0.046323 -0.062078
1733000 -0.034781 -0.062062
1734000 -0.054800 -0.062058
1735000 -0.073201 -0.062065
1736000 -0.071292 -0.062070
1737000 -0.056698 -0.062067
1738000 -0.057559 -0.062064
1739000 -0.052150 -0.062059
1740000 -0.059190 -0.062057
1741000 -0.067306 -0.062060
1742000 -0.067294 -0.062063
1743000 -0.066334 -0.062065
1744000 -0.061577 -0.062065
1745000 -0.065139 -0.062067
1746000 -0.060749 -0.062066
1747000 -0.058080 -0.062064
1748000 -0.028847 -0.062045
1749000 -0.026362 -0.062024
1750000 -0.024193 -0.062003
1751000 -0.052978 -0.061998
1752000 -0.047244 -0.061989
1753000 -0.028962 -0.061970
1754000 -0.038330 -0.061957
1755000 -0.048116 -0.061949
1756000 -0.029366 -0.061930
1757000 -0.051293 -0.061924
1758000 -0.035500 -0.061909
1759000 -0.055095 -0.061906
1760000 -0.054598 -0.061901
1761000 -0.061355 -0.061901
1762000 -0.045330 -0.061892
1763000 -0.059017 -0.061890
1764000 -0.049717 -0.061883
1765000 -0.050547 -0.061877
1766000 -0.051028 -0.061871
1767000 -0.040524 -0.061858
1768000 -0.038042 -0.061845
1769000 -0.035612 -0.061830
1770000 -0.036360 -0.061816
1771000 -0.012640 -0.061788
1772000 -0.024566 -0.061767
1773000 -0.022183 -0.061745
1774000 -0.018773 -0.061720
1775000 -0.028111 -0.061702
1776000 -0.001690 -0.061668
1777000 -0.009830 -0.061639
1778000 -0.016026 -0.061613
1779000 -0.032276 -0.061596
1780000 -0.049113 -0.061589
1781000 -0.043643 -0.061579
1782000 -0.043785 -0.061569
1783000 -0.044092 -0.061560
1784000 -0.047212 -0.061552
1785000 -0.020436 -0.061528
1786000 -0.023618 -0.061507
1787000 -0.041936 -0.061496
1788000 -0.029985 -0.061479
1789000 -0.038607 -0.061466
1790000 -0.036684 -0.061452
1791000 -0.043897 -0.061442
1792000 -0.036090 -0.061428
1793000 -0.031365 -0.061411
1794000 -0.026429 -0.061392
1795000 -0.047095 -0.061384
1796000 -0.044645 -0.061375
1797000 -0.045238 -0.061366
1798000 -0.031754 -0.061349
1799000 -0.038219 -0.061336
1800000 -0.022987 -0.061315
1801000 -0.024807 -0.061295
1802000 -0.025580 -0.061275
1803000 -0.009935 -0.061246
1804000 -0.006063 -0.061216
1805000 0.017968 -0.061172
1806000 -0.013571 -0.061146
1807000 -0.006189 -0.061115
1808000 -0.010783 -0.061087
1809000 -0.001961 -0.061055
1810000 0.004714 -0.061018
1811000 -0.018196 -0.060995
1812000 -0.018550 -0.060971
1813000 -0.024540 -0.060951
1814000 -0.027208 -0.060933
1815000 0.005059 -0.060896
1816000 -0.003747 -0.060865
1817000 -0.010233 -0.060837
1818000 -0.007625 -0.060808
1819000 -0.013009 -0.060781
1820000 -0.014510 -0.060756
1821000 -0.020277 -0.060734
1822000 -0.013145 -0.060708
1823000 -0.001572 -0.060675
1824000 -0.003911 -0.060644
1825000 0.001120 -0.060610
1826000 -0.001139 -0.060578
1827000 -0.005934 -0.060548
1828000 -0.011834 -0.060521
1829000 0.003473 -0.060486
1830000 -0.002984 -0.060455
1831000 0.002939 -0.060420
1832000 0.016486 -0.060378
1833000 0.026338 -0.060331
1834000 0.004876 -0.060295
1835000 0.021435 -0.060251
1836000 0.006009 -0.060214
1837000 0.000284 -0.060182
1838000 0.013773 -0.060141
1839000 -0.006195 -0.060112
1840000 -0.004003 -0.060081
1841000 0.006080 -0.060046
1842000 0.001979 -0.060012
1843000 -0.014628 -0.059987
1844000 0.007961 -0.059950
1845000 -0.007793 -0.059922
1846000 -0.006396 -0.059893
1847000 -0.008411 -0.059865
1848000 -0.015078 -0.059841
1849000 -0.024900 -0.059822
1850000 -0.026464 -0.059804
1851000 -0.018890 -0.059782
1852000 -0.016557 -0.059759
1853000 -0.006349 -0.059730
1854000 -0.018766 -0.059708
1855000 -0.002032 -0.059677
1856000 -0.017959 -0.059654
1857000 -0.031497 -0.059639
1858000 -0.019497 -0.059617
1859000 -0.023184 -0.059598
1860000 -0.034098 -0.059584
1861000 -0.029681 -0.059568
1862000 -0.028565 -0.059551
1863000 -0.025427 -0.059533
1864000 -0.020149 -0.059512
1865000 -0.030157 -0.059496
1866000 -0.024831 -0.059478
1867000 -0.020585 -0.059457
1868000 -0.013914 -0.059432
1869000 -0.004627 -0.059403
1870000 -0.019230 -0.059382
1871000 -0.027281 -0.059364
1872000 -0.029734 -0.059349
1873000 -0.024249 -0.059330
1874000 -0.022131 -0.059310
1875000 -0.038434 -0.059299
1876000 -0.035730 -0.059286
1877000 -0.033453 -0.059273
1878000 -0.029628 -0.059257
1879000 -0.033776 -0.059243
1880000 -0.041140 -0.059234
1881000 -0.028116 -0.059217
1882000 -0.019289 -0.059196
1883000 -0.018664 -0.059174
1884000 -0.033852 -0.059161
1885000 -0.026811 -0.059144
1886000 -0.041843 -0.059135
1887000 -0.053849 -0.059132
1888000 -0.031941 -0.059117
1889000 -0.030364 -0.059102
1890000 -0.035887 -0.059090
1891000 -0.039496 -0.059079
1892000 -0.032555 -0.059065
1893000 -0.032660 -0.059051
1894000 -0.043847 -0.059043
1895000 -0.051807 -0.059040
1896000 -0.035457 -0.059027
1897000 -0.024097 -0.059009
1898000 -0.039517 -0.058999
1899000 -0.024426 -0.058980
1900000 -0.034177 -0.058967
1901000 -0.027215 -0.058951
1902000 -0.018097 -0.058929
1903000 -0.028588 -0.058913
1904000 -0.053588 -0.058910
1905000 -0.061324 -0.058912
1906000 -0.064244 -0.058914
1907000 -0.024914 -0.058897
1908000 -0.014590 -0.058873
1909000 -0.007721 -0.058847
1910000 -0.018497 -0.058825
1911000 -0.010351 -0.058800
1912000 -0.012566 -0.058776
1913000 -0.014005 -0.058752
1914000 -0.014196 -0.058729
1915000 -0.009214 -0.058703
1916000 -0.009052 -0.058677
1917000 0.008044 -0.058643
1918000 0.007998 -0.058608
1919000 -0.013533 -0.058584
1920000 -0.002808 -0.058555
1921000 -0.004043 -0.058527
1922000 0.020540 -0.058486
1923000 -0.015633 -0.058464
1924000 -0.018362 -0.058443
1925000 -0.000246 -0.058412
1926000 -0.000457 -0.058382
1927000 -0.002800 -0.058354
1928000 -0.006930 -0.058327
1929000 -0.003924 -0.058299
1930000 0.013732 -0.058261
1931000 0.011184 -0.058225
1932000 0.023402 -0.058183
1933000 0.012649 -0.058146
1934000 0.007303 -0.058113
1935000 0.010204 -0.058077
1936000 0.005842 -0.058044
1937000 -0.004040 -0.058016
1938000 -0.015276 -0.057994
1939000 -0.012362 -0.057971
1940000 -0.006901 -0.057945
1941000 0.018512 -0.057905
1942000 0.008120 -0.057871
1943000 0.004954 -0.057839
1944000 -0.013969 -0.057816
1945000 0.000034 -0.057786
1946000 0.036162 -0.057738
1947000 0.006399 -0.057705
1948000 0.028556 -0.057661
1949000 0.010719 -0.057626
1950000 0.000020 -0.057596
1951000 0.019014 -0.057557
1952000 0.020713 -0.057517
1953000 0.020595 -0.057477
1954000 0.000853 -0.057447
1955000 0.033840 -0.057400
1956000 0.028985 -0.057356
1957000 0.024408 -0.057314
1958000 0.030535 -0.057270
1959000 0.026476 -0.057227
1960000 0.028292 -0.057183
1961000 0.022094 -0.057143
1962000 0.046639 -0.057090
1963000 0.037556 -0.057042
1964000 0.022256 -0.057001
1965000 0.009772 -0.056967
1966000 0.022452 -0.056927
1967000 0.022988 -0.056886
1968000 0.011153 -0.056852
1969000 0.025767 -0.056810
1970000 0.028940 -0.056766
1971000 0.007239 -0.056734
1972000 0.007583 -0.056701
1973000 0.005773 -0.056669
1974000 0.014339 -0.056634
1975000 0.026641 -0.056591
1976000 0.030126 -0.056547
1977000 0.036399 -0.056500
1978000 0.030385 -0.056457
1979000 0.017364 -0.056419
1980000 0.019547 -0.056381
1981000 0.012211 -0.056346
1982000 -0.013858 -0.056325
1983000 0.001257 -0.056296
1984000 -0.015845 -0.056275
1985000 -0.003580 -0.056249
1986000 0.002680 -0.056219
1987000 -0.001343 -0.056192
1988000 -0.013645 -0.056170
1989000 -0.006743 -0.056145
1990000 0.010394 -0.056112
1991000 -0.005758 -0.056087
1992000 -0.000775 -0.056059
1993000 -0.002778 -0.056032
1994000 0.011953 -0.055998
1995000 0.018750 -0.055960
1996000 0.003230 -0.055931
1997000 -0.022003 -0.055914
1998000 -0.016121 -0.055894
1999000 -0.017991 -0.055875
2000000 -0.016639 -0.055855
2001000 -0.018319 -0.055837
2002000 -0.013075 -0.055815
2003000 -0.001752 -0.055788
2004000 0.008577 -0.055756
2005000 0.010965 -0.055723
2006000 -0.000264 -0.055695
2007000 -0.008405 -0.055672
2008000 -0.004804 -0.055646
2009000 -0.001688 -0.055619
2010000 -0.010638 -0.055597
2011000 -0.007053 -0.055573
2012000 0.005195 -0.055543
2013000 -0.012293 -0.055521
2014000 -0.009981 -0.055499
2015000 -0.016499 -0.055479
2016000 -0.023292 -0.055463
2017000 0.001047 -0.055435
2018000 -0.001285 -0.055408
2019000 -0.004689 -0.055383
2020000 -0.006689 -0.055359
2021000 0.003159 -0.055330
2022000 -0.010085 -0.055308
2023000 0.002381 -0.055279
2024000 -0.009738 -0.055257
2025000 0.003507 -0.055228
2026000 0.009988 -0.055196
2027000 0.019848 -0.055159
2028000 0.009015 -0.055127
2029000 0.033144 -0.055084
2030000 0.018022 -0.055047
2031000 0.015647 -0.055013
2032000 0.019451 -0.054976
2033000 0.014473 -0.054942
2034000 0.011564 -0.054909
2035000 0.023632 -0.054871
2036000 0.013707 -0.054837
2037000 0.026429 -0.054797
2038000 -0.001667 -0.054771
2039000 -0.004231 -0.054746
2040000 -0.005272 -0.054722
2041000 -0.006317 -0.054698
2042000 0.015735 -0.054664
2043000 0.001749 -0.054636
2044000 -0.011828 -0.054615
2045000 0.017327 -0.054580
2046000 -0.003378 -0.054555
2047000 0.010675 -0.054523
2048000 -0.004129 -0.054498
2049000 -0.001959 -0.054473
2050000 0.000769 -0.054446
2051000 0.001630 -0.054419
2052000 -0.002717 -0.054393
2053000 -0.036378 -0.054385
2054000 -0.016272 -0.054366
2055000 -0.014476 -0.054347
2056000 -0.019686 -0.054330
2057000 -0.017736 -0.054312
2058000 -0.019649 -0.054295
2059000 -0.018108 -0.054278
2060000 -0.010650 -0.054256
2061000 -0.031269 -0.054245
2062000 -0.014788 -0.054226
2063000 -0.030416 -0.054215
2064000 -0.047077 -0.054211
2065000 -0.015840 -0.054192
2066000 -0.023829 -0.054178
2067000 -0.025410 -0.054164
2068000 -0.027195 -0.054151
2069000 -0.006912 -0.054128
2070000 -0.008075 -0.054106
2071000 -0.004712 -0.054082
2072000 -0.032965 -0.054072
2073000 -0.031841 -0.054061
2074000 -0.025963 -0.054047
2075000 -0.028481 -0.054035
2076000 -0.038505 -0.054028
2077000 -0.035875 -0.054019
2078000 -0.029747 -0.054007
2079000 -0.043884 -0.054002
2080000 -0.028640 -0.053990
2081000 -0.042797 -0.053985
2082000 -0.050683 -0.053983
2083000 -0.053839 -0.053983
2084000 -0.051731 -0.053982
2085000 -0.025872 -0.053969
2086000 -0.027949 -0.053956
2087000 -0.050831 -0.053955
2088000 -0.054179 -0.053955
2089000 -0.052729 -0.053954
2090000 -0.057469 -0.053956
2091000 -0.054555 -0.053956
2092000 -0.051398 -0.053955
2093000 -0.058476 -0.053957
2094000 -0.054548 -0.053957
2095000 -0.042649 -0.053952
2096000 -0.031508 -0.053941
2097000 -0.038246 -0.053934
2098000 -0.025917 -0.053920
2099000 -0.022566 -0.053905
2100000 -0.022732 -0.053891
2101000 -0.046249 -0.053887
2102000 -0.046749 -0.053884
2103000 -0.034719 -0.053874
2104000 -0.048906 -0.053872
2105000 -0.049295 -0.053870
2106000 -0.046878 -0.053867
2107000 -0.039470 -0.053860
2108000 -0.043197 -0.053855
2109000 -0.064488 -0.053860
2110000 -0.033550 -0.053850
2111000 -0.050627 -0.053849
2112000 -0.041666 -0.053843
2113000 -0.040158 -0.053836
2114000 -0.023999 -0.053822
2115000 -0.027420 -0.053810
2116000 -0.010987 -0.053789
2117000 -0.022693 -0.053775
2118000 -0.038934 -0.053768
2119000 -0.044141 -0.053763
2120000 -0.032638 -0.053753
2121000 -0.058697 -0.053756
2122000 -0.048559 -0.053753
2123000 -0.072435 -0.053762
2124000 -0.055618 -0.053763
2125000 -0.032500 -0.053753
2126000 -0.065587 -0.053758
2127000 -0.064215 -0.053763
2128000 -0.046402 -0.053760
2129000 -0.042580 -0.053755
2130000 -0.053981 -0.053755
2131000 -0.055667 -0.053756
2132000 -0.043171 -0.053751
2133000 -0.053606 -0.053751
2134000 -0.051488 -0.053750
2135000 -0.043369 -0.053745
2136000 -0.030816 -0.053734
2137000 -0.041652 -0.053728
2138000 -0.021628 -0.053713
2139000 -0.039678 -0.053707
2140000 -0.045836 -0.053703
2141000 -0.015926 -0.053685
2142000 -0.024659 -0.053672
2143000 -0.024765 -0.053658
2144000 0.002617 -0.053632
2145000 -0.006108 -0.053610
2146000 -0.020418 -0.053594
2147000 -0.012528 -0.053575
2148000 0.021681 -0.053540
2149000 0.013596 -0.053509
2150000 0.019040 -0.053475
2151000 0.026211 -0.053438
2152000 0.029776 -0.053400
2153000 0.039708 -0.053356
2154000 0.017657 -0.053323
2155000 0.022698 -0.053288
2156000 0.044174 -0.053243
2157000 0.047851 -0.053196
2158000 0.030464 -0.053157
2159000 0.030699 -0.053118
2160000 0.028472 -0.053081
2161000 0.021163 -0.053046
2162000 0.029678 -0.053008
2163000 0.035510 -0.052967
2164000 0.022721 -0.052932
2165000 0.019348 -0.052899
2166000 0.033156 -0.052859
2167000 0.030967 -0.052820
2168000 0.028170 -0.052783
2169000 0.039829 -0.052740
2170000 0.031179 -0.052702
2171000 0.031595 -0.052663
2172000 0.028523 -0.052625
2173000 0.025410 -0.052589
2174000 0.032480 -0.052550
2175000 0.033069 -0.052511
2176000 0.036317 -0.052470
2177000 0.020421 -0.052437
2178000 0.024357 -0.052401
2179000 0.037330 -0.052360
2180000 0.033538 -0.052321
2181000 0.030552 -0.052283
2182000 0.024762 -0.052248
2183000 0.035905 -0.052207
2184000 0.030521 -0.052169
2185000 0.043669 -0.052125
2186000 0.037844 -0.052084
2187000 0.029890 -0.052047
2188000 0.052762 -0.051999
2189000 0.036841 -0.051958
2190000 0.043292 -0.051915
2191000 0.030486 -0.051877
2192000 0.023406 -0.051843
2193000 0.029420 -0.051806
2194000 0.045184 -0.051762
2195000 0.043989 -0.051718
2196000 0.044372 -0.051674
2197000 0.047123 -0.051629
2198000 0.025719 -0.051594
2199000 0.034296 -0.051555
2200000 0.041603 -0.051513
2201000 0.037201 -0.051472
2202000 0.052294 -0.051425
2203000 0.037031 -0.051385
2204000 0.037404 -0.051345
2205000 0.042740 -0.051302
2206000 0.045444 -0.051258
2207000 0.038212 -0.051218
2208000 0.032541 -0.051180
2209000 0.036678 -0.051140
2210000 0.039483 -0.051099
2211000 0.050510 -0.051053
2212000 0.051969 -0.051006
2213000 0.046776 -0.050962
2214000 0.036625 -0.050923
2215000 0.031287 -0.050886
2216000 0.030985 -0.050849
2217000 0.037629 -0.050809
2218000 0.033836 -0.050771
2219000 0.040392 -0.050729
2220000 0.035593 -0.050691
2221000 0.023850 -0.050657
2222000 0.032864 -0.050619
2223000 0.040518 -0.050578
2224000 0.034340 -0.050540
2225000 0.035021 -0.050502
2226000 0.035232 -0.050463
2227000 0.053032 -0.050417
2228000 0.054190 -0.050370
2229000 0.046667 -0.050326
2230000 0.030134 -0.050290
2231000 0.021506 -0.050258
2232000 0.033755 -0.050220
2233000 0.023601 -0.050187
2234000 0.031851 -0.050151
2235000 0.022854 -0.050118
2236000 0.044525 -0.050076
2237000 0.043277 -0.050034
2238000 0.042131 -0.049993
2239000 0.035438 -0.049955
2240000 0.032411 -0.049918
2241000 0.038745 -0.049878
2242000 0.043964 -0.049836
2243000 0.028534 -0.049801
2244000 0.028663 -0.049767
2245000 0.031775 -0.049730
2246000 0.049562 -0.049686
2247000 0.028465 -0.049651
2248000 0.040826 -0.049611
2249000 0.024434 -0.049578
2250000 0.019458 -0.049547
2251000 0.004370 -0.049523
2252000 0.002562 -0.049500
2253000 0.007334 -0.049475
2254000 0.018802 -0.049445
2255000 0.022193 -0.049413
2256000 0.026264 -0.049379
2257000 0.027506 -0.049345
2258000 0.032992 -0.049309
2259000 0.039892 -0.049269
2260000 0.026990 -0.049236
2261000 0.026815 -0.049202
2262000 0.012597 -0.049175
2263000 0.009173 -0.049149
2264000 0.008134 -0.049124
2265000 0.014437 -0.049096
2266000 0.008406 -0.049070
2267000 0.016460 -0.049041
2268000 0.005098 -0.049017
2269000 0.016095 -0.048989
2270000 0.009532 -0.048963
2271000 0.019467 -0.048933
2272000 0.023660 -0.048901
2273000 0.018273 -0.048871
2274000 -0.002030 -0.048851
2275000 0.003778 -0.048828
2276000 -0.000145 -0.048806
2277000 -0.003157 -0.048786
2278000 0.002996 -0.048763
2279000 -0.006566 -0.048745
2280000 -0.009663 -0.048728
2281000 -0.023213 -0.048717
2282000 -0.001995 -0.048696
2283000 -0.006723 -0.048678
2284000 -0.006839 -0.048659
2285000 0.013503 -0.048632
2286000 0.031183 -0.048597
2287000 0.013044 -0.048570
2288000 0.022747 -0.048539
2289000 0.014381 -0.048512
2290000 0.008815 -0.048487
2291000 -0.003626 -0.048467
2292000 -0.000273 -0.048446
2293000 0.003372 -0.048423
2294000 0.015868 -0.048395
2295000 0.002907 -0.048373
2296000 0.019438 -0.048344
2297000 0.017986 -0.048315
2298000 0.022196 -0.048284
2299000 0.015679 -0.048256
2300000 0.016765 -0.048228
2301000 -0.006878 -0.048210
2302000 -0.005673 -0.048191
2303000 -0.007536 -0.048174
2304000 0.006927 -0.048150
2305000 -0.007753 -0.048132
2306000 -0.001665 -0.048112
2307000 -0.001184 -0.048092
2308000 0.002626 -0.048070
2309000 -0.007235 -0.048052
2310000 -0.010509 -0.048036
2311000 -0.001903 -0.048016
2312000 -0.012061 -0.048000
2313000 0.015491 -0.047973
2314000 -0.003406 -0.047954
2315000 -0.006237 -0.047936
2316000 -0.020621 -0.047924
2317000 -0.041726 -0.047921
2318000 -0.038929 -0.047917
2319000 -0.007249 -0.047900
2320000 -0.000279 -0.047879
2321000 0.004070 -0.047857
2322000 -0.014437 -0.047842
2323000 0.005845 -0.047819
2324000 0.004776 -0.047797
2325000 0.000811 -0.047776
2326000 0.002761 -0.047754
2327000 0.012245 -0.047728
2328000 -0.005182 -0.047710
2329000 0.011043 -0.047685
2330000 0.008807 -0.047661
2331000 0.007910 -0.047637
2332000 0.006999 -0.047613
2333000 -0.010935 -0.047598
2334000 0.014829 -0.047571
2335000 -0.022845 -0.047560
2336000 0.009794 -0.047536
2337000 -0.003204 -0.047517
2338000 -0.008250 -0.047500
2339000 -0.012250 -0.047485
2340000 -0.018517 -0.047472
2341000 0.000503 -0.047452
2342000 0.007966 -0.047428
2343000 0.012402 -0.047403
2344000 -0.002956 -0.047384
2345000 0.009567 -0.047360
2346000 0.004456 -0.047337
2347000 0.027010 -0.047306
2348000 0.024040 -0.047275
2349000 -0.001692 -0.047256
2350000 -0.005181 -0.047238
2351000 -0.006311 -0.047221
2352000 0.015561 -0.047194
2353000 0.023972 -0.047164
2354000 0.028463 -0.047132
2355000 0.023288 -0.047102
2356000 0.001449 -0.047081
2357000 0.020392 -0.047052
2358000 0.031561 -0.047019
2359000 0.013258 -0.046994
2360000 0.027393 -0.046962
2361000 0.017765 -0.046935
2362000 0.000765 -0.046914
2363000 0.003145 -0.046893
2364000 0.001874 -0.046873
2365000 0.000869 -0.046852
2366000 0.022467 -0.046823
2367000 0.012008 -0.046798
2368000 -0.004229 -0.046780
2369000 0.006938 -0.046758
2370000 -0.007176 -0.046741
2371000 0.003205 -0.046720
2372000 0.010839 -0.046696
2373000 0.010014 -0.046672
2374000 0.007392 -0.046649
2375000 0.014906 -0.046623
2376000 -0.012836 -0.046609
2377000 0.004319 -0.046587
2378000 -0.009764 -0.046572
2379000 -0.012337 -0.046557
2380000 -0.006843 -0.046541
2381000 0.012318 -0.046516
2382000 -0.000257 -0.046497
2383000 0.008024 -0.046474
2384000 -0.006736 -0.046457
2385000 -0.001364 -0.046438
2386000 0.000267 -0.046419
2387000 0.018500 -0.046391
2388000 -0.005388 -0.046374
2389000 -0.005524 -0.046357
2390000 -0.012617 -0.046343
2391000 -0.013995 -0.046330
2392000 -0.015721 -0.046317
2393000 -0.005834 -0.046300
2394000 -0.012216 -0.046286
2395000 0.008671 -0.046263
2396000 -0.002993 -0.046245
2397000 -0.022653 -0.046235
2398000 -0.023537 -0.046225
2399000 -0.006871 -0.046209
2400000 -0.012195 -0.046195
2401000 -0.025537 -0.046186
2402000 -0.021161 -0.046176
2403000 -0.023137 -0.046166
2404000 -0.041774 -0.046164
2405000 -0.030757 -0.046158
2406000 -0.029727 -0.046151
2407000 -0.023550 -0.046142
2408000 -0.013165 -0.046128
2409000 -0.022329 -0.046118
2410000 -0.040414 -0.046116
2411000 -0.027398 -0.046108
2412000 -0.029555 -0.046101
2413000 -0.013165 -0.046087
2414000 -0.021938 -0.046077
2415000 -0.038479 -0.046074
2416000 -0.017380 -0.046062
2417000 -0.031545 -0.046056
2418000 -0.007394 -0.046040
2419000 -0.025784 -0.046032
2420000 -0.025791 -0.046024
2421000 -0.028265 -0.046016
2422000 -0.042275 -0.046015
2423000 -0.021689 -0.046005
2424000 -0.040374 -0.046002
2425000 -0.038863 -0.045999
2426000 -0.026710 -0.045992
2427000 -0.022273 -0.045982
2428000 -0.033593 -0.045977
2429000 -0.014485 -0.045964
2430000 -0.023393 -0.045954
2431000 -0.009760 -0.045939
2432000 -0.014262 -0.045926
2433000 -0.043410 -0.045925
2434000 -0.051214 -0.045928
2435000 -0.032868 -0.045922
2436000 -0.029539 -0.045916
2437000 0.012864 -0.045891
2438000 0.000345 -0.045872
2439000 -0.004891 -0.045856
2440000 -0.015161 -0.045843
2441000 0.016050 -0.045818
2442000 -0.017540 -0.045806
2443000 -0.029153 -0.045799
2444000 -0.022776 -0.045790
2445000 -0.019698 -0.045779
2446000 -0.013838 -0.045766
2447000 -0.014333 -0.045753
2448000 -0.049048 -0.045755
2449000 -0.039269 -0.045752
2450000 -0.032279 -0.045747
2451000 -0.011265 -0.045732
2452000 -0.025861 -0.045724
2453000 -0.032985 -0.045719
2454000 -0.021929 -0.045709
2455000 -0.035636 -0.045705
2456000 -0.037266 -0.045702
2457000 -0.019550 -0.045691
2458000 -0.045120 -0.045691
2459000 -0.032452 -0.045686
2460000 -0.015522 -0.045673
2461000 -0.002628 -0.045656
2462000 -0.004561 -0.045639
2463000 -0.011060 -0.045625
2464000 -0.022785 -0.045616
2465000 -0.032704 -0.045611
2466000 -0.019801 -0.045600
2467000 -0.035147 -0.045596
2468000 -0.033414 -0.045591
2469000 -0.021815 -0.045581
2470000 0.009501 -0.045559
2471000 -0.003801 -0.045542
2472000 -0.009583 -0.045528
2473000 -0.022939 -0.045518
2474000 0.000015 -0.045500
2475000 -0.001044 -0.045482
2476000 0.008743 -0.045460
2477000 0.006478 -0.045439
2478000 -0.003205 -0.045422
2479000 -0.007551 -0.045407
2480000 -0.000125 -0.045389
2481000 0.002057 -0.045370
2482000 0.013253 -0.045346
2483000 -0.005247 -0.045330
2484000 -0.012988 -0.045317
2485000 -0.024849 -0.045309
2486000 -0.019445 -0.045298
2487000 -0.021187 -0.045288
2488000 -0.012479 -0.045275
2489000 -0.025921 -0.045267
2490000 -0.026534 -0.045260
2491000 -0.023242 -0.045251
2492000 -0.017532 -0.045240
2493000 0.000294 -0.045222
2494000 -0.023398 -0.045213
2495000 -0.024435 -0.045205
2496000 -0.006136 -0.045189
2497000 0.016924 -0.045164
2498000 0.014849 -0.045140
2499000 -0.010244 -0.045126
2500000 -0.022901 -0.045117
2501000 -0.001266 -0.045100
2502000 0.009558 -0.045078
2503000 -0.006727 -0.045063
2504000 0.010747 -0.045040
2505000 0.014968 -0.045016
2506000 0.009066 -0.044995
2507000 0.000956 -0.044976
2508000 -0.016097 -0.044965
2509000 -0.008257 -0.044950
2510000 0.010081 -0.044928
2511000 -0.004067 -0.044912
2512000 -0.002466 -0.044895
2513000 -0.011036 -0.044882
2514000 -0.034556 -0.044878
2515000 -0.048507 -0.044879
2516000 -0.023794 -0.044871
2517000 -0.047531 -0.044872
2518000 -0.052035 -0.044875
2519000 -0.054186 -0.044878
2520000 -0.056598 -0.044883
2521000 -0.054726 -0.044887
2522000 -0.065274 -0.044895
2523000 -0.069344 -0.044905
2524000 -0.055950 -0.044909
2525000 -0.051287 -0.044911
2526000 -0.029579 -0.044905
2527000 -0.034488 -0.044901
2528000 -0.039101 -0.044899
2529000 -0.036070 -0.044895
2530000 -0.052799 -0.044899
2531000 -0.058129 -0.044904
2532000 -0.051003 -0.044906
2533000 -0.070478 -0.044916
2534000 -0.065363 -0.044924
2535000 -0.061277 -0.044931
2536000 -0.032414 -0.044926
2537000 -0.057534 -0.044931
2538000 -0.054578 -0.044935
2539000 -0.061290 -0.044941
2540000 -0.041888 -0.044940
2541000 -0.055804 -0.044944
2542000 -0.045717 -0.044945
2543000 -0.037510 -0.044942
2544000 -0.017048 -0.044931
2545000 -0.013523 -0.044918
2546000 -0.031085 -0.044913
2547000 -0.044888 -0.044913
2548000 -0.035224 -0.044909
2549000 -0.038149 -0.044906
2550000 -0.039547 -0.044904
2551000 -0.042541 -0.044903
2552000 -0.043788 -0.044903
2553000 -0.029402 -0.044897
2554000 -0.016506 -0.044886
2555000 -0.001001 -0.044869
2556000 -0.004265 -0.044853
2557000 -0.032045 -0.044848
2558000 -0.011935 -0.044835
2559000 -0.009594 -0.044821
2560000 -0.012578 -0.044808
2561000 -0.026051 -0.044801
2562000 -0.029886 -0.044795
2563000 -0.029980 -0.044790
2564000 -0.050339 -0.044792
2565000 -0.060677 -0.044798
2566000 -0.061712 -0.044804
2567000 -0.031250 -0.044799
2568000 -0.030005 -0.044793
2569000 -0.025234 -0.044786
2570000 -0.017676 -0.044775
2571000 -0.015724 -0.044764
2572000 -0.015740 -0.044753
2573000 0.011881 -0.044731
2574000 -0.013531 -0.044719
2575000 -0.019573 -0.044709
2576000 -0.011047 -0.044696
2577000 -0.009977 -0.044682
2578000 -0.005107 -0.044667
2579000 -0.015061 -0.044655
2580000 -0.020864 -0.044646
2581000 -0.037315 -0.044643
2582000 -0.035897 -0.044640
2583000 -0.053709 -0.044643
2584000 -0.055749 -0.044648
2585000 -0.052501 -0.044651
2586000 -0.063122 -0.044658
2587000 -0.065734 -0.044666
2588000 -0.033569 -0.044662
2589000 -0.056263 -0.044666
2590000 -0.055357 -0.044670
2591000 -0.041011 -0.044669
2592000 -0.039676 -0.044667
2593000 -0.038793 -0.044665
2594000 -0.032958 -0.044660
2595000 -0.084419 -0.044676
2596000 -0.043869 -0.044675
2597000 -0.029645 -0.044670
2598000 -0.032514 -0.044665
2599000 -0.043190 -0.044664
2600000 -0.040058 -0.044662
2601000 -0.053459 -0.044666
2602000 -0.073002 -0.044677
2603000 -0.059735 -0.044683
2604000 -0.069424 -0.044692
2605000 -0.051541 -0.044695
2606000 -0.074956 -0.044706
2607000 -0.060524 -0.044712
2608000 -0.063105 -0.044719
2609000 -0.046270 -0.044720
2610000 -0.031056 -0.044715
2611000 -0.032627 -0.044710
2612000 -0.010840 -0.044697
2613000 -0.024182 -0.044689
2614000 -0.035610 -0.044686
2615000 -0.047125 -0.044687
2616000 -0.054716 -0.044691
2617000 -0.060485 -0.044697
2618000 -0.036464 -0.044694
2619000 -0.043117 -0.044693
2620000 -0.045806 -0.044693
2621000 -0.010776 -0.044680
2622000 -0.013608 -0.044669
2623000 -0.019381 -0.044659
2624000 0.014790 -0.044636
2625000 -0.013517 -0.044624
2626000 -0.015904 -0.044613
2627000 -0.037844 -0.044611
2628000 -0.013226 -0.044599
2629000 -0.011141 -0.044586
2630000 -0.032858 -0.044582
2631000 -0.021851 -0.044573
2632000 -0.019483 -0.044564
2633000 -0.020750 -0.044555
2634000 -0.020572 -0.044545
2635000 -0.048741 -0.044547
2636000 -0.050504 -0.044549
2637000 -0.035923 -0.044546
2638000 -0.035185 -0.044542
2639000 -0.029911 -0.044537
2640000 -0.025050 -0.044530
2641000 -0.040034 -0.044528
2642000 -0.040094 -0.044526
2643000 -0.019187 -0.044517
2644000 -0.029260 -0.044511
2645000 -0.010249 -0.044498
2646000 -0.032620 -0.044493
2647000 -0.052841 -0.044497
2648000 -0.042004 -0.044496
2649000 -0.040950 -0.044494
2650000 -0.058581 -0.044500
2651000 -0.045784 -0.044500
2652000 -0.047921 -0.044501
2653000 -0.044684 -0.044501
2654000 -0.034972 -0.044498
2655000 -0.054155 -0.044501
2656000 -0.061523 -0.044508
2657000 -0.063191 -0.044515
2658000 -0.061063 -0.044521
2659000 -0.039439 -0.044519
2660000 -0.038812 -0.044517
2661000 -0.042143 -0.044516
2662000 -0.019596 -0.044507
2663000 -0.021018 -0.044498
2664000 -0.015486 -0.044487
2665000 -0.018628 -0.044477
2666000 -0.011728 -0.044465
2667000 -0.009463 -0.044452
2668000 -0.011193 -0.044439
2669000 -0.007224 -0.044426
2670000 -0.012198 -0.044413
2671000 -0.005337 -0.044399
2672000 0.005571 -0.044380
2673000 0.021945 -0.044355
2674000 0.010807 -0.044335
2675000 0.002119 -0.044317
2676000 0.002380 -0.044300
2677000 0.013209 -0.044278
2678000 -0.014340 -0.044267
2679000 0.008671 -0.044247
2680000 0.015008 -0.044225
2681000 -0.006220 -0.044211
2682000 -0.018776 -0.044202
2683000 -0.012675 -0.044190
2684000 0.014752 -0.044168
2685000 -0.003534 -0.044153
2686000 -0.013579 -0.044141
2687000 -0.024327 -0.044134
2688000 -0.003710 -0.044119
2689000 -0.014478 -0.044108
2690000 -0.016051 -0.044098
2691000 -0.026969 -0.044091
2692000 -0.016453 -0.044081
2693000 -0.019139 -0.044072
2694000 -0.021050 -0.044063
2695000 -0.011070 -0.044051
2696000 -0.017448 -0.044041
2697000 -0.020573 -0.044032
2698000 -0.027208 -0.044026
2699000 -0.002095 -0.044011
2700000 -0.004495 -0.043996
2701000 -0.012577 -0.043984
2702000 -0.002578 -0.043969
2703000 -0.011434 -0.043957
2704000 -0.018366 -0.043947
2705000 0.008477 -0.043928
2706000 -0.008405 -0.043915
2707000 -0.015579 -0.043905
2708000 -0.014223 -0.043894
2709000 -0.019250 -0.043884
2710000 -0.003979 -0.043870
2711000 -0.000212 -0.043854
2712000 0.005047 -0.043836
2713000 -0.003375 -0.043821
2714000 -0.015674 -0.043810
2715000 0.004199 -0.043793
2716000 0.000853 -0.043776
2717000 -0.010996 -0.043764
2718000 -0.000581 -0.043748
2719000 -0.015899 -0.043738
2720000 0.000369 -0.043722
2721000 -0.000366 -0.043706
2722000 -0.007644 -0.043693
2723000 0.005913 -0.043674
2724000 0.004179 -0.043657
2725000 0.016871 -0.043635
2726000 0.002166 -0.043618
2727000 0.021887 -0.043594
2728000 0.008389 -0.043575
2729000 0.036398 -0.043545
2730000 0.019198 -0.043522
2731000 0.009519 -0.043503
2732000 0.004987 -0.043485
2733000 0.025538 -0.043460
2734000 -0.003400 -0.043445
2735000 0.019398 -0.043422
2736000 0.015343 -0.043401
2737000 -0.005489 -0.043387
2738000 -0.016277 -0.043377
2739000 0.011909 -0.043357
2740000 0.003164 -0.043340
2741000 0.009972 -0.043321
2742000 -0.012138 -0.043309
2743000 0.014096 -0.043288
2744000 -0.005336 -0.043274
2745000 0.010782 -0.043255
2746000 0.014200 -0.043234
2747000 0.000353 -0.043218
2748000 0.005115 -0.043200
2749000 -0.004584 -0.043186
2750000 -0.018339 -0.043177
2751000 -0.018106 -0.043168
2752000 -0.009772 -0.043156
2753000 -0.010648 -0.043144
2754000 -0.014046 -0.043134
2755000 0.008114 -0.043115
2756000 -0.005033 -0.043101
2757000 -0.003358 -0.043087
2758000 -0.004845 -0.043073
2759000 0.002070 -0.043057
2760000 0.003925 -0.043040
2761000 -0.001932 -0.043025
2762000 -0.002218 -0.043010
2763000 -0.016345 -0.043000
2764000 -0.009157 -0.042988
2765000 -0.008770 -0.042976
2766000 -0.023411 -0.042969
2767000 -0.003610 -0.042954
2768000 0.009465 -0.042935
2769000 0.012063 -0.042916
2770000 0.009583 -0.042897
2771000 -0.008182 -0.042884
2772000 0.009033 -0.042865
2773000 0.020571 -0.042842
2774000 0.023198 -0.042819
2775000 0.018044 -0.042797
2776000 0.015412 -0.042776
2777000 0.016379 -0.042754
2778000 0.003817 -0.042738
2779000 0.019633 -0.042715
2780000 0.035077 -0.042687
2781000 0.026934 -0.042662
2782000 0.040171 -0.042632
2783000 0.022291 -0.042609
2784000 0.025252 -0.042585
2785000 0.014601 -0.042564
2786000 0.035180 -0.042536
2787000 -0.011679 -0.042525
2788000 0.000270 -0.042510
2789000 -0.009885 -0.042498
2790000 -0.012493 -0.042487
2791000 -0.006032 -0.042474
2792000 -0.010954 -0.042463
2793000 0.014502 -0.042443
2794000 0.000624 -0.042427
2795000 -0.014154 -0.042417
2796000 0.000882 -0.042402
2797000 -0.013737 -0.042391
2798000 -0.004860 -0.042378
2799000 -0.025579 -0.042372
2800000 -0.009890 -0.042360
2801000 -0.018772 -0.042352
2802000 -0.028264 -0.042347
2803000 -0.009585 -0.042335
2804000 -0.001631 -0.042321
2805000 0.013551 -0.042301
2806000 0.015048 -0.042280
2807000 0.006530 -0.042263
2808000 0.015766 -0.042242
2809000 -0.001050 -0.042228
2810000 0.004361 -0.042211
2811000 0.020879 -0.042189
2812000 0.004070 -0.042172
2813000 -0.009269 -0.042160
2814000 0.003156 -0.042144
2815000 0.006791 -0.042127
2816000 0.009632 -0.042109
2817000 0.008591 -0.042091
2818000 0.016923 -0.042070
2819000 0.014003 -0.042050
2820000 -0.003039 -0.042036
2821000 -0.005451 -0.042023
2822000 -0.010609 -0.042012
2823000 0.037615 -0.041984
2824000 0.036570 -0.041956
2825000 0.003730 -0.041940
2826000 0.018931 -0.041918
2827000 0.016642 -0.041897
2828000 0.001845 -0.041882
2829000 0.001275 -0.041867
2830000 -0.006934 -0.041854
2831000 0.010440 -0.041836
2832000 0.007977 -0.041818
2833000 0.037085 -0.041790
2834000 0.011870 -0.041771
2835000 0.028230 -0.041747
2836000 0.021270 -0.041725
2837000 0.022934 -0.041702
2838000 0.015037 -0.041682
2839000 0.022679 -0.041659
2840000 0.027630 -0.041635
2841000 0.018717 -0.041613
2842000 0.009786 -0.041595
2843000 0.013338 -0.041576
2844000 0.005154 -0.041560
2845000 0.004482 -0.041543
2846000 -0.011199 -0.041533
2847000 -0.005855 -0.041520
2848000 -0.019297 -0.041512
2849000 -0.013253 -0.041503
2850000 0.005221 -0.041486
2851000 -0.001608 -0.041472
2852000 0.021185 -0.041450
2853000 -0.001249 -0.041436
2854000 0.006968 -0.041419
2855000 0.014945 -0.041399
2856000 0.012597 -0.041380
2857000 0.031138 -0.041355
2858000 0.020939 -0.041333
2859000 0.027125 -0.041309
2860000 0.030065 -0.041284
2861000 0.034473 -0.041258
2862000 0.009552 -0.041240
2863000 0.032793 -0.041214
2864000 0.022395 -0.041192
2865000 0.027672 -0.041168
2866000 0.004848 -0.041152
2867000 0.014516 -0.041133
2868000 0.011061 -0.041114
2869000 0.017476 -0.041094
2870000 0.020506 -0.041073
2871000 0.027062 -0.041049
2872000 0.001613 -0.041034
2873000 0.013133 -0.041015
2874000 0.006359 -0.040999
2875000 0.031633 -0.040973
2876000 0.037953 -0.040946
2877000 0.039693 -0.040918
2878000 0.031752 -0.040893
2879000 0.024487 -0.040870
2880000 0.014962 -0.040851
2881000 0.037837 -0.040823
2882000 0.036483 -0.040796
2883000 0.004770 -0.040781
2884000 0.011014 -0.040763
2885000 0.003672 -0.040747
2886000 0.021402 -0.040726
2887000 0.014816 -0.040706
2888000 0.035521 -0.040680
2889000 0.026406 -0.040657
2890000 0.009579 -0.040639
2891000 0.027031 -0.040616
2892000 0.034272 -0.040590
2893000 0.035883 -0.040564
2894000 0.028099 -0.040540
2895000 0.034084 -0.040514
2896000 0.028864 -0.040490
2897000 0.031248 -0.040465
2898000 0.038746 -0.040438
2899000 0.051288 -0.040406
2900000 0.022079 -0.040385
2901000 0.037757 -0.040358
2902000 0.057070 -0.040324
2903000 0.037148 -0.040298
2904000 0.034538 -0.040272
2905000 0.003342 -0.040257
2906000 0.017819 -0.040237
2907000 -0.001334 -0.040224
2908000 0.041898 -0.040195
2909000 0.046446 -0.040166
2910000 0.064787 -0.040130
2911000 0.037078 -0.040103
2912000 0.016910 -0.040083
2913000 0.004048 -0.040068
2914000 0.028947 -0.040045
2915000 0.028853 -0.040021
2916000 0.039458 -0.039994
2917000 0.027197 -0.039971
2918000 0.049112 -0.039940
2919000 0.040920 -0.039912
2920000 0.051677 -0.039881
2921000 0.053666 -0.039849
2922000 0.055541 -0.039816
2923000 0.047449 -0.039787
2924000 0.017051 -0.039767
2925000 0.002309 -0.039753
2926000 0.020927 -0.039732
2927000 0.030144 -0.039708
2928000 0.014214 -0.039690
2929000 0.007023 -0.039674
2930000 0.021461 -0.039653
2931000 0.036495 -0.039627
2932000 0.034669 -0.039602
2933000 0.022124 -0.039581
2934000 0.012148 -0.039563
2935000 0.008167 -0.039547
2936000 0.022092 -0.039526
2937000 0.009325 -0.039509
2938000 0.013814 -0.039491
2939000 0.014316 -0.039473
2940000 0.015786 -0.039454
2941000 0.007658 -0.039438
2942000 -0.002490 -0.039425
2943000 -0.001166 -0.039412
2944000 0.005652 -0.039397
2945000 0.016673 -0.039378
2946000 0.042453 -0.039350
2947000 0.049757 -0.039320
2948000 0.022640 -0.039299
2949000 0.040154 -0.039272
2950000 0.027364 -0.039249
2951000 0.029343 -0.039226
2952000 0.031887 -0.039202
2953000 0.031197 -0.039178
2954000 0.040144 -0.039151
2955000 0.037474 -0.039125
2956000 0.047436 -0.039096
2957000 0.006908 -0.039080
2958000 0.021356 -0.039060
2959000 0.018075 -0.039041
2960000 0.005738 -0.039026
2961000 -0.004993 -0.039014
2962000 0.021148 -0.038994
2963000 0.016639 -0.038975
2964000 -0.009845 -0.038965
2965000 0.002712 -0.038951
2966000 0.004784 -0.038936
2967000 -0.004315 -0.038925
2968000 0.011806 -0.038908
2969000 0.002883 -0.038894
2970000 -0.025851 -0.038889
2971000 -0.016867 -0.038882
2972000 -0.021701 -0.038876
2973000 0.007845 -0.038860
2974000 -0.022296 -0.038855
2975000 -0.014348 -0.038846
2976000 -0.013426 -0.038838
2977000 0.008807 -0.038822
2978000 0.002792 -0.038808
2979000 -0.003811 -0.038796
2980000 0.003974 -0.038782
2981000 0.004547 -0.038767
2982000 -0.014140 -0.038759
2983000 0.005878 -0.038744
2984000 0.012636 -0.038727
2985000 0.010251 -0.038710
2986000 0.000995 -0.038697
2987000 0.000775 -0.038684
2988000 -0.001480 -0.038671
2989000 0.005134 -0.038657
2990000 0.022625 -0.038636
2991000 0.019789 -0.038617
2992000 -0.001363 -0.038604
2993000 -0.004052 -0.038593
2994000 0.007761 -0.038577
2995000 -0.010377 -0.038568
2996000 0.017451 -0.038549
2997000 0.025827 -0.038528
2998000 0.024373 -0.038507
2999000 0.009242 -0.038491
3000000 0.036847 -0.038466
