# 2.942391438462517e-07 2739842 0
 18.50914616334562
 19.21018124839094
 19.18879341715563
 19.19182706531412
 19.16696183829876
 19.17490977281504
 19.20929943841557
 19.18891472108109
 19.18097025441379
 19.17663844733413
  19.1792425741992
  19.1738855195479
 19.18822000549919
 19.18225335231086
  19.1692393200815
 19.16851522804045
 19.15430023177413
 19.16085394925067
 19.16014759693666
 19.15516872024547
 19.15971644751368
 19.13113290520259
 19.12759996289882
 19.11593503135669
 19.11021979231607
 19.11903078350996
 19.10377245030322
 19.09591165145534
 19.09603493294226
 19.09778794033338
 19.02337882913111
 19.03387027644451
 19.02349674150284
  18.9884059328915
 18.99006744269859
 18.94010256644197
 18.90390214857319
 18.86554614931357
 18.82954831098086
 18.75539701107344
 18.64624979325298
 18.52954211504752
 18.33944366694513
 18.10671338589253
 17.83621677691551
 17.44953689415259
 17.02441761102444
 16.53469634372635
  16.0103834495592
 15.54855027715419
 15.11947543039385
 14.83227549127577
 14.50784169530999
 14.12664340041592
 13.74886402755515
 13.12922075210834
 12.57461114546206
 11.85451650992422
 11.05080450399189
 10.11261489918764
 9.046432830607895
  8.03511364059888
 6.983877186298908
 5.956424605110037
 4.942638646515197
 3.860415355102924
 2.849357043134065
 1.897626469223708
 1.022444114665631
0.3622065999123656
                 0
0.1151127223114404
0.5535334481014055
 1.335028734456408
 2.393533378930629
 3.449478227829935
 4.624105955161089
 5.697290159040861
 6.823725765055945
  7.95997261527985
 9.034277084806238
   10.171337603412
 11.17211444483564
 12.08582755591641
 12.90949148154167
 13.62295500503704
 14.17455319517903
 14.64804880989494
 14.96396840316875
 15.27522941958693
 15.59359232790176
 15.95894017294091
 16.41724639353998
 16.95514153443719
 17.42283545848013
 17.91246561634515
 18.25535622046785
 18.58696913541865
 18.82810833094457
 19.02778077229406
   19.176119991539
 19.28681625656538
 19.32664099833947
 19.38180141904275
 19.42108252797299
 19.44132572309091
  19.4661487277237
 19.47854460396821
 19.48864382758381
 19.52043833865782
 19.50650854849743
 19.50616112208778
 19.54483577703126
 19.55381508231341
 19.57548417048296
 19.56574812251781
 19.56279575557095
 19.56717557077979
 19.56836726970537
 19.55758870146284
 19.58967404849443
 19.59553935878266
  19.5727927702455
 19.61517307286739
 19.59875593774079
 19.62296841300112
 19.62729712196183
  19.6062663146993
 19.63518364316355
 19.60362824713864
 19.64076014999633
 19.63635506179967
 19.61556204854882
 19.62372034057573
 19.61909923376229
 19.63072442206899
 19.62004227446492
 19.62928102664803
 19.63849305391889
 19.62735350054622
 18.95257807102542
